1624337971.23	750	4	0.191	447032	108	-0.8162999999999999	0	0	0	0
1624337971.4	300	8	0.0	222343	54	-0.15000000000000002	0	0	0	0
1624337971.52	300	12	0.0	202601	40	0.3	0	0	0	0
1624337971.64	300	16	0.0	231442	42	0.3	0	0	0	0
1624337971.78	300	20	0.0	223916	44	0.3	0	0	0	0
1624337971.92	300	23.917609	0.0	227288	46	0.3	0	0	0	0
1624337972.06	300	27.790851	0.0	210296	41	0.3	0	0	0	0
1624337972.19	300	31.669894	0.0	232710	51	0.3	0	0	0	0
1624337972.33	300	35.508721	0.0	230934	47	0.3	0	0	0	0
1624337972.46	300	39.387678	0.0	230466	44	0.3	0	0	0	0
1624337972.62	300	43.266784	0.0	222766	53	0.3	0	0	0	0
1624337972.78	300	47.064476	0.0	215843	59	0.3	0	0	0	0
1624337972.92	300	50.943663	0.0	240996	49	0.3	0	0	0	0
1624337973.07	300	54.782391	0.0	241376	47	0.3	0	0	0	0
1624337973.22	300	58.620399	0.0	215448	43	0.3	0	0	0	0
1624337976.42	300	59.464335	0.0	224191	50	0.3	4.653	0	83	0
1624337980.07	300	59.819094	0.0	201147	42	0.3	8.651	0	203	30.015007503751875
1624337984.24	300	59.843454	0.0	208138	48	0.3	12.651	0	323	30
1624337988.44	300	59.596533	0.0	237703	49	0.3	16.652	0	443	29.992501874531357
1624337992.15	300	59.912198	0.0	221939	51	0.3	20.651	0	563	30.007501875468876
1624337996.33	300	59.653557	0.0	216091	44	0.3	24.652	0	683	29.992501874531357
1624338000.0	300	59.966667	0.0	221930	47	0.3	28.652	0	803	30
1624338004.18	300	59.748248	0.0	244209	46	0.3	32.652	0	923	30
1624338008.34	300	59.782404	0.0	201448	37	0.3	36.653	0	1043	29.992501874531385
1624338012.32	300	59.810072	0.0	216871	264	0.3	40.653	0	1163	30
1624338016.47	300	59.589672	0.0	226875	40	0.3	44.653	0	1283	30
1624338020.19	300	59.938854	0.0	215302	34	0.3	48.663	0	1403	29.925187032418968
1624338024.37	300	59.71687	0.0	231664	61	0.3	52.663	0	1523	30
1624338028.09	300	59.778703	0.0	233190	82	0.3	56.664	0	1643	29.99250187453133
1624338032.29	300	59.8	0.0	245887	45	0.3	60.667	0	1763	29.977516862353234
1624338036.51	300	59.534941	0.0	205585	68	0.3	64.667	0	1883	30
1624338040.23	300	59.84512	0.0	248259	58	0.3	68.667	0	2003	30
1624338044.42	300	59.583601	0.0	221496	43	0.3	72.667	0	2123	30
1624338048.24	300	59.655441	0.0	238596	79	0.3	76.667	0	2243	30
1624338051.93	300	59.969899	0.0	239547	60	0.3	80.667	0	2363	30
1624338056.15	300	59.751079	0.0	210306	53	0.3	84.668	0	2483	29.99250187453133
1624338060.33	300	59.772226	0.0	223809	50	0.3	88.668	0	2603	30
1624338064.49	300	59.513296	0.0	233162	57	0.3	92.668	0	2723	30
1624338068.16	300	59.822788	0.0	211150	41	0.3	96.668	0	2843	30
1624338072.35	300	59.559575	0.0	227487	48	0.3	100.669	0	2963	29.99250187453144
1624338076.02	300	59.902813	0.0	218501	47	0.3	104.669	0	3083	30
1624338080.19	300	59.932575	0.0	223461	41	0.3	108.669	0	3203	30
1624338084.36	300	59.675926	0.0	223191	44	0.3	112.669	0	3323	30
1624338088.53	300	59.449239	0.0	228365	66	0.3	116.67	0	3443	29.99250187453133
1624338092.23	300	59.766667	0.0	223247	71	0.3	120.67	0	3563	30
