1624311006.88	750	4	0.207	446149	56	-0.8850999999999999	0	0	0	0
1624311007.43	1200	8	0.0	1737810	297	0.75	0	0	0	0
1624311007.82	1200	12	0.0	1497975	245	1.2	0	0	0	0
1624311008.26	1200	16	0.0	1711143	269	1.2	0	0	0	0
1624311008.68	1200	20	0.0	1733770	289	1.2	0	0	0	0
1624311009.14	1200	23.59477	0.0	1749315	279	1.2	0	0	0	0
1624311009.54	1200	27.190189	0.0	1603603	254	1.2	0	0	0	0
1624311009.96	1200	30.743678	0.0	1702216	280	1.2	0	0	0	0
1624311010.37	1200	34.339801	0.0	1641950	264	1.2	5.215	1	82	0
1624311010.77	1200	37.976952	0.0	1559808	238	1.2	5.215	1	82	0
1624311011.17	1200	41.533334	0.0	1622647	260	1.2	5.215	1	82	0
1624311011.58	1200	45.133334	0.0	1630019	256	1.2	5.215	1	82	0
1624311011.97	1200	48.724852	0.0	1658562	269	1.2	5.215	1	82	0
1624311012.43	1200	52.316667	0.0	1669221	265	1.2	5.215	1	82	0
1624311012.84	1200	55.876209	0.0	1636310	262	1.2	5.215	1	82	0
1624311013.25	1200	59.471462	0.0	1732283	277	1.2	5.215	1	82	0
1624311017.19	1200	59.776846	0.0	1511913	243	1.2	9.215	6	322	58.75
1624311021.16	1200	59.557678	0.0	1593050	275	1.2	13.218	7	562	59.70522108418686
1624311025.15	1200	59.588229	0.0	1818927	289	1.2	17.219	7	802	59.98500374906271
1624311029.12	1200	59.612342	0.0	1667234	271	1.2	21.22	7	1042	59.98500374906277
1624311033.07	1200	59.6382	0.0	1633180	254	1.2	25.219	8	1282	59.76494123530879
1624311037.06	1200	59.958344	0.0	1663787	286	1.2	29.22	8	1522	59.98500374906277
1624311041.47	1200	59.705294	0.0	1674035	300	1.2	33.22	8	1762	60
