1624351554.33	750	4	0.287	447032	50	-1.2290999999999999	0	0	0	0
1624351554.72	1200	8	0.0	1081855	215	0.75	0	0	0	0
1624351555.14	1200	12	0.0	909590	237	1.2	0	0	0	0
1624351555.52	1200	16	0.0	1064785	221	1.2	0	0	0	0
1624351555.85	1200	20	0.0	1068330	224	1.2	0	0	0	0
1624351556.15	1200	24	0.0	1091906	186	1.2	0	0	0	0
1624351556.43	1200	28	0.0	989621	176	1.2	0	0	0	0
1624351556.83	1200	32	0.0	1120373	233	1.2	0	0	0	0
1624351559.77	1200	33.101093	0.0	1096122	268	1.2	6.649	0	7	0
1624351560.14	1200	36.696941	0.0	1088831	211	1.2	6.649	0	7	0
1624351560.5	1200	40.331485	0.0	1080940	199	1.2	6.649	0	7	0
1624351560.87	1200	44	0.0	1075422	228	1.2	6.649	0	7	0
1624351561.23	1200	47.603024	0.0	1146374	182	1.2	10.649	1	127	29.750000000000007
1624351561.65	1200	51.200418	0.0	1146930	258	1.2	10.649	1	127	29.750000000000007
1624351562.03	1200	54.836362	0.0	1066542	232	1.2	10.649	1	127	29.750000000000007
1624351562.37	1200	58.471944	0.0	1056887	199	1.2	10.649	1	127	29.750000000000007
1624351565.25	1200	59.758225	0.0	990369	190	1.2	14.656	1	247	29.947591714499616
1624351569.13	1200	59.791321	0.0	1015471	220	1.2	18.656	1	367	30.000000000000014
1624351573.04	1200	59.824742	0.0	1173982	257	1.2	18.656	1	367	30.000000000000014
1624351577.45	1200	59.574089	0.0	1058624	202	1.2	26.693	1	608	30
1624351581.34	1200	59.607322	0.0	1046861	202	1.2	30.694	1	728	29.992501874531385
1624351585.28	1200	59.643405	0.0	1048437	248	1.2	34.694	1	848	29.999999999999975
1624351589.2	1200	59.681506	0.0	1152505	248	1.2	38.695	1	968	29.992501874531385
1624351593.57	1200	59.434382	0.0	877099	175	1.2	42.694	1	1088	30.00750187546885
1624351597.41	1200	59.49706	0.0	968042	153	1.2	46.694	1	1208	30
1624351601.29	1200	59.814039	0.0	1064114	207	1.2	50.695	1	1328	29.992501874531385
1624351605.18	1200	59.853017	0.0	1005764	249	1.2	54.696	1	1448	29.992501874531385
1624351609.13	1200	59.881375	0.0	1078959	255	1.2	58.696	1	1568	30
1624351613.05	1200	59.909383	0.0	1074526	258	1.2	58.696	1	1568	30
1624351616.95	1200	59.931344	0.0	1231303	240	1.2	62.696	1	1688	30
1624351621.35	1200	59.668686	0.0	960890	243	1.2	70.696	1	1928	30.007501875468904
1624351625.3	1200	59.734335	0.0	1183904	266	1.2	74.696	1	2048	30
1624351629.19	1200	59.760353	0.0	1065257	231	1.2	78.697	1	2168	29.99250187453133
1624351633.09	1200	59.793919	0.0	1108615	212	1.2	78.697	1	2168	29.99250187453133
1624351637.0	1200	59.861289	0.0	1113738	229	1.2	82.743	1	2290	30.15323776569457
1624351641.43	1200	59.595934	0.0	981548	255	1.2	90.743	1	2530	29.99250187453144
1624351645.28	1200	59.657355	0.0	1067644	202	1.2	94.743	1	2650	30
1624351649.18	1200	59.966811	0.0	1068520	201	1.2	94.743	1	2650	30
1624351653.04	1200	59.996907	0.0	946116	210	1.2	98.821	1	2772	29.916625796959273
1624351657.42	1200	59.462483	0.0	1041444	209	1.2	106.822	1	3012	29.99250187453133
1624351661.3	1200	59.769273	0.0	1033147	207	1.2	110.822	1	3132	30
1624351665.15	1200	59.796733	0.0	1043384	191	1.2	110.822	1	3132	30
1624351669.49	1200	59.548904	0.0	1047354	193	1.2	118.823	1	3372	29.99250187453144
1624351673.37	1200	59.5779	0.0	1058093	208	1.2	122.823	1	3492	30
1624351677.2	1200	59.896808	0.0	1038662	230	1.2	122.823	1	3492	30
