1624287500.49	750	4	0.169	446149	83	-0.7216999999999999	0	0	0	0
1624287501.27	1850	7.833334	0.0	3302713	554	0.75	0	0	0	0
1624287501.91	1850	11.166667	0.0	2780269	460	1.85	0	0	0	0
1624287502.69	1850	14.383334	0.0	3138830	608	1.85	0	0	0	0
1624287503.5	1850	17.6	0.0	3252745	585	1.85	0	0	0	0
1624287504.27	1850	20.85	0.0	3175667	534	1.85	4.628	11	176	0
1624287504.92	1850	24.166667	0.0	2962628	451	1.85	4.628	11	176	0
1624287505.67	1850	27.45	0.0	3242545	516	1.85	4.628	11	176	0
1624287506.35	1850	30.75	0.0	2999470	480	1.85	4.628	11	176	0
1624287507.04	1850	34.083334	0.0	2926075	460	1.85	4.628	11	176	0
1624287507.71	1850	37.383334	0.0	3029009	478	1.85	4.628	11	176	0
1624287508.4	1850	40.683334	0.0	3113599	492	1.85	8.628	34	416	54.25
1624287509.08	1850	44	0.0	3116790	505	1.85	8.628	34	416	54.25
1624287509.8	1850	47.3	0.0	3132453	517	1.85	8.628	34	416	54.25
1624287510.48	1850	50.633334	0.0	2994095	463	1.85	8.628	34	416	54.25
1624287511.19	1850	53.933334	0.0	3154088	476	1.85	8.628	34	416	54.25
1624287511.84	1850	57.266667	0.0	2803553	434	1.85	8.628	34	416	54.25
1624287513.6	1850	59.541624	0.0	3039477	473	1.85	12.629	55	656	54.73631592101975
1624287517.39	1850	59.886364	0.0	3356332	534	1.85	16.629	61	896	58.49999999999997
1624287521.14	1850	59.922871	0.0	3105690	491	1.85	20.629	67	1136	58.5
1624287525.36	1850	59.95	0.0	3008856	464	1.85	24.629	69	1376	59.5
1624287529.58	1850	59.760759	0.0	3066869	503	1.85	28.629	71	1616	59.5
1624287533.38	1850	59.793961	0.0	3178549	499	1.85	32.63	82	1856	57.235691077230676
1624287537.5	1850	59.823909	0.0	2577778	387	1.85	36.63	83	2096	59.75
1624287541.61	1850	59.610983	0.0	2819145	422	1.85	40.63	84	2336	59.75
1624287545.34	1850	59.92847	0.0	3037564	499	1.85	44.63	86	2576	59.5
1624287549.56	1850	59.677568	0.0	2852411	458	1.85	48.63	88	2816	59.5
1624287553.24	1850	59.993461	0.0	3004818	435	1.85	52.631	89	3056	59.73506623344167
1624287557.43	1850	59.737775	0.0	2930516	415	1.85	56.632	91	3296	59.48512871782058
1624287561.69	1850	59.483334	0.0	3381885	527	1.85	60.632	93	3536	59.5
1624287565.34	1850	59.804475	0.0	2812661	441	1.85	64.632	94	3776	59.74999999999989
1624287569.67	1850	59.553145	0.0	3529340	555	1.85	68.633	98	4016	58.985253686578496
1624287573.45	1850	59.629644	0.0	3274615	538	1.85	72.632	100	4256	59.51487871967978
1624287577.15	1850	59.946234	0.0	3020205	454	1.85	76.636	102	4497	59.69030969030983
1624287581.36	1850	59.976779	0.0	3084353	442	1.85	80.637	104	4736	59.23519120219938
1624287585.5	1850	59.763073	0.0	2743535	417	1.85	84.637	106	4977	59.75
1624287589.68	1850	59.514429	0.0	3049078	453	1.85	88.638	108	5217	59.48512871782047
1624287593.32	1850	59.824038	0.0	2866070	438	1.85	92.638	109	5457	59.75
1624287597.44	1850	59.857439	0.0	2786310	417	1.85	96.64	110	5697	59.72013993003505
1624287601.17	1850	59.891191	0.0	2886749	461	1.85	100.64	112	5937	59.5
1624287605.34	1850	59.924451	0.0	2928463	465	1.85	104.64	113	6177	59.75
1624287609.08	1850	59.99434	0.0	3115560	471	1.85	108.64	117	6417	59
1624287613.78	1850	59.458146	0.0	3008634	474	1.85	112.641	118	6657	59.73506623344157
1624287617.48	1850	59.812168	0.0	3111850	473	1.85	116.641	120	6897	59.5
1624287621.65	1850	59.5548	0.0	2982399	453	1.85	120.641	121	7137	59.75
