1624276403.7	750	4	0.207	446149	74	-0.8850999999999999	0	0	0	0
1624276405.08	2850	8	0.0	5338027	988	0.75	0	0	0	0
1624276406.08	2850	11.383334	0.0	4485847	747	2.85	0	0	0	0
1624276407.38	2850	14.1	0.0	5004689	1040	2.85	5.27	4	94	0
1624276408.61	2850	16.916667	0.0	5182650	856	2.85	5.27	4	94	0
1624276409.82	2850	19.65	0.0	5173280	957	2.85	5.27	4	94	0
1624276411.21	2850	22.233334	0.0	4880493	910	2.85	9.27	33	334	52.75
1624276412.44	2850	25.033334	0.0	5406574	989	2.85	9.27	33	334	52.75
1624276413.53	2850	27.95	0.0	4844720	804	2.85	9.27	33	334	52.75
1624276414.57	2850	30.9	0.0	4832207	749	2.85	9.27	33	334	52.75
1624276415.72	2850	33.783334	0.0	4887638	864	2.85	13.27	66	574	51.75
1624276416.96	2850	36.6	0.0	4995664	904	2.85	13.27	66	574	51.75
1624276418.2	2850	39.366667	0.0	5320325	890	2.85	13.27	66	574	51.75
1624276419.31	2850	42.166667	0.0	5320224	819	2.85	17.271	104	814	50.48737815546112
