1624331748.58	750	4	0.157	446149	80	-0.6701	0	0	0	0
1624331748.76	300	8	0.0	458211	4	-0.15000000000000002	0	0	0	0
1624331748.92	300	12	0.0	390124	71	0.3	0	0	0	0
1624331749.12	300	15.958222	0.0	474461	95	0.3	0	0	0	0
1624331749.28	300	19.796595	0.0	444309	71	0.3	0	0	0	0
1624331749.45	300	23.63386	0.0	443120	72	0.3	0	0	0	0
1624331749.61	300	27.472816	0.0	416509	69	0.3	0	0	0	0
1624331749.79	300	31.27089	0.0	451355	79	0.3	0	0	0	0
1624331749.97	300	35.10993	0.0	417757	86	0.3	0	0	0	0
1624331750.13	300	38.947823	0.0	415350	64	0.3	0	0	0	0
1624331750.31	300	42.746557	0.0	433531	78	0.3	0	0	0	0
1624331750.52	300	46.544758	0.0	422916	84	0.3	0	0	0	0
1624331750.74	300	50.343513	0.0	459414	85	0.3	0	0	0	0
1624331750.97	300	54.10009	0.0	450936	77	0.3	0	0	0	0
1624331751.16	300	57.898616	0.0	439746	74	0.3	0	0	0	0
1624331753.36	300	59.99647	0.0	432189	72	0.3	4.647	0	175	0
1624331757.58	300	59.733334	0.0	396094	71	0.3	8.647	0	415	60
1624331761.79	300	59.477614	0.0	420942	73	0.3	12.647	0	655	60
1624331765.53	300	59.790934	0.0	477686	75	0.3	16.647	0	895	60.00000000000003
1624331769.24	300	59.859985	0.0	429484	85	0.3	20.648	0	1135	59.98500374906271
1624331773.47	300	59.640533	0.0	428693	71	0.3	24.648	0	1375	60
1624331777.19	300	59.951419	0.0	445526	88	0.3	28.651	0	1615	59.95503372470647
1624331781.41	300	59.693167	0.0	459785	79	0.3	32.652	0	1855	59.98500374906271
1624331785.62	300	59.719294	0.0	395717	54	0.3	36.652	0	2095	60
1624331789.82	300	59.458689	0.0	421854	83	0.3	40.651	0	2335	60.0150037509377
1624331793.56	300	59.510782	0.0	464457	82	0.3	44.651	0	2575	60
1624331797.26	300	59.815272	0.0	430202	83	0.3	48.652	0	2815	59.98500374906277
1624331801.46	300	59.841011	0.0	445549	72	0.3	52.652	0	3055	60
1624331805.67	300	59.582106	0.0	449734	79	0.3	56.652	0	3295	60
1624331809.41	300	59.895015	0.0	478634	112	0.3	60.652	0	3535	60
1624331813.61	300	59.633334	0.0	421756	81	0.3	64.653	0	3775	59.98500374906266
1624331817.35	300	59.950612	0.0	500580	86	0.3	68.653	0	4015	60
1624331821.58	300	59.68416	0.0	471259	92	0.3	72.654	0	4255	59.98500374906288
1624331825.35	300	59.995464	0.0	447061	91	0.3	76.653	0	4495	60.015003750937595
1624331829.57	300	59.783334	0.0	414676	86	0.3	80.654	0	4735	59.98500374906288
1624331833.26	300	59.830257	0.0	407398	73	0.3	84.654	0	4975	60
1624331837.5	300	59.572285	0.0	438602	71	0.3	88.654	0	5215	60
1624331841.24	300	59.880441	0.0	421192	76	0.3	92.654	0	5455	60
1624331845.46	300	59.617847	0.0	414269	94	0.3	96.654	0	5695	60
1624331849.17	300	59.918469	0.0	427172	84	0.3	100.655	0	5935	59.98500374906266
1624331853.37	300	59.951978	0.0	435036	74	0.3	104.656	0	6175	59.98500374906266
1624331857.58	300	59.692728	0.0	454750	84	0.3	108.657	0	6415	59.98500374906288
1624331861.28	300	59.989731	0.0	436843	83	0.3	112.657	0	6655	60
1624331865.53	300	59.766791	0.0	455439	113	0.3	116.657	0	6895	60
1624331869.73	300	59.514314	0.0	439643	80	0.3	120.657	0	7135	60
