1624335704.12	750	4	0.176	446149	93	-0.7517999999999999	0	0	0	0
1624335704.31	300	8	0.0	458211	85	-0.15000000000000002	0	0	0	0
1624335704.54	300	12	0.0	390124	77	0.3	0	0	0	0
1624335704.74	300	16	0.0	474461	107	0.3	0	0	0	0
1624335704.94	300	20	0.0	444309	86	0.3	0	0	0	0
1624335705.1	300	24	0.0	443120	67	0.3	0	0	0	0
1624335705.28	300	28	0.0	416509	84	0.3	0	0	0	0
1624335705.48	300	32	0.0	451355	94	0.3	0	0	0	0
1624335705.67	300	35.836128	0.0	417757	97	0.3	0	0	0	0
1624335705.85	300	39.675032	0.0	415350	86	0.3	0	0	0	0
1624335706.02	300	43.513969	0.0	433531	79	0.3	0	0	0	0
1624335706.21	300	47.312799	0.0	422916	87	0.3	0	0	0	0
1624335706.42	300	51.110598	0.0	459414	93	0.3	0	0	0	0
1624335706.61	300	54.907288	0.0	450936	90	0.3	0	0	0	0
1624335706.82	300	58.705796	0.0	439746	82	0.3	0	0	0	0
1624335710.02	300	59.750133	0.0	432189	77	0.3	5.185	0	113	0
1624335713.75	300	59.867117	0.0	396094	82	0.3	9.186	0	353	59.98500374906273
1624335718.01	300	59.609962	0.0	420942	89	0.3	13.185	0	593	60.01500375093772
1624335721.77	300	59.919183	0.0	477686	90	0.3	17.185	0	833	60.00000000000003
1624335726.02	300	59.662228	0.0	429484	103	0.3	21.186	0	1073	59.98500374906271
1624335729.73	300	59.978112	0.0	428693	90	0.3	25.186	0	1313	60
1624335734.01	300	59.719636	0.0	445526	100	0.3	29.187	0	1553	59.98500374906271
1624335737.78	300	59.74863	0.0	459785	105	0.3	33.186	0	1794	60.26506626656666
1624335741.99	300	59.777903	0.0	395717	72	0.3	37.186	0	2034	60
1624335745.8	300	59.803422	0.0	421854	147	0.3	41.186	0	2274	60
1624335750.05	300	59.543229	0.0	464457	108	0.3	45.186	0	2514	60
1624335753.84	300	59.845713	0.0	430202	111	0.3	49.19	0	2754	59.940059940059975
1624335758.06	300	59.590415	0.0	445549	94	0.3	53.193	0	2994	59.95503372470647
1624335761.86	300	59.905939	0.0	449734	114	0.3	57.193	0	3234	60
1624335765.72	300	59.936075	0.0	478634	209	0.3	61.194	0	3474	59.98500374906266
1624335769.94	300	59.669587	0.0	421756	97	0.3	65.194	0	3714	60
1624335774.2	300	59.438495	0.0	500580	116	0.3	69.194	0	3954	60
1624335777.95	300	59.750246	0.0	471259	116	0.3	73.194	0	4194	60
1624335782.25	300	59.489799	0.0	447061	86	0.3	77.195	0	4434	59.98500374906288
1624335786.02	300	59.550275	0.0	414676	92	0.3	81.246	0	4677	59.98518884226114
1624335789.76	300	59.861686	0.0	407398	83	0.3	85.246	0	4917	60
1624335793.99	300	59.607298	0.0	438602	96	0.3	89.246	0	5157	60
1624335797.71	300	59.923144	0.0	421192	95	0.3	93.246	0	5397	60
1624335801.92	300	59.701712	0.0	414269	85	0.3	97.247	0	5637	59.98500374906266
1624335806.17	300	59.444795	0.0	427172	106	0.3	101.247	0	5877	60
1624335809.91	300	59.760396	0.0	435036	96	0.3	105.247	0	6117	60
1624335814.21	300	59.544321	0.0	454750	108	0.3	109.248	0	6357	59.98500374906266
1624335817.95	300	59.617775	0.0	436843	106	0.3	113.247	0	6597	60.01500375093781
1624335821.67	300	59.920106	0.0	455439	93	0.3	117.248	0	6837	59.98500374906266
1624335825.88	300	59.667244	0.0	439643	112	0.3	121.248	0	7077	60
