1624347695.9	750	4	0.584	446149	372	-2.5061999999999998	0	0	0	0
1624347696.08	300	8	0.0	458211	94	-0.15000000000000002	0	0	0	0
1624347696.25	300	12	0.0	390124	84	0.3	0	0	0	0
1624347696.45	300	16	0.0	474461	102	0.3	0	0	0	0
1624347696.63	300	19.834767	0.0	444309	89	0.3	0	0	0	0
1624347696.84	300	23.633334	0.0	443120	91	0.3	0	0	0	0
1624347697.02	300	27.471895	0.0	416509	78	0.3	0	0	0	0
1624347697.24	300	31.229732	0.0	451355	101	0.3	0	0	0	0
1624347697.46	300	35.027551	0.0	417757	62	0.3	0	0	0	0
1624347697.67	300	38.82588	0.0	415350	80	0.3	0	0	0	0
1624347697.93	300	42.580252	0.0	433531	70	0.3	0	0	0	0
1624347698.14	300	46.336348	0.0	422916	73	0.3	0	0	0	0
1624347698.31	300	50.174858	0.0	459414	80	0.3	0	0	0	0
1624347698.48	300	54.012758	0.0	450936	90	0.3	0	0	0	0
1624347698.64	300	57.810601	0.0	439746	73	0.3	0	0	0	0
1624347700.88	300	59.740921	0.0	432189	98	0.3	4.643	0	146	0
1624347705.19	300	59.490897	0.0	396094	139	0.3	8.643	0	386	59.999999999999986
1624347708.93	300	59.803517	0.0	420942	101	0.3	12.643	0	626	60
1624347712.68	300	59.828912	0.0	477686	95	0.3	16.643	0	866	60
1624347716.91	300	59.856857	0.0	429484	67	0.3	20.643	0	1106	60
1624347720.66	300	59.88602	0.0	428693	117	0.3	24.644	0	1346	59.98500374906277
1624347724.9	300	59.629989	0.0	445526	62	0.3	28.644	0	1587	60.25
1624347728.72	300	59.94366	0.0	459785	93	0.3	32.645	0	1827	59.98500374906266
1624347732.57	300	59.976722	0.0	395717	179	0.3	36.644	0	2067	60.01500375093781
1624347736.9	300	59.726159	0.0	421854	174	0.3	40.644	0	2307	60
1624347741.15	300	59.472805	0.0	464457	129	0.3	44.645	0	2547	59.98500374906266
1624347744.88	300	59.780877	0.0	430202	94	0.3	48.645	0	2787	60
1624347749.14	300	59.522154	0.0	445549	119	0.3	52.646	0	3027	59.98500374906277
1624347752.84	300	59.838643	0.0	449734	80	0.3	56.646	0	3267	60
1624347756.63	300	59.870225	0.0	478634	143	0.3	60.646	0	3507	60
1624347760.97	300	59.610385	0.0	421756	188	0.3	64.647	0	3747	59.98500374906266
1624347764.72	300	59.962651	0.0	500580	79	0.3	68.647	0	3987	60
1624347768.95	300	59.707628	0.0	471259	80	0.3	72.647	0	4227	60
1624347772.73	300	59.746743	0.0	447061	105	0.3	76.649	0	4467	59.97001499250382
1624347777.01	300	59.490056	0.0	414676	79	0.3	80.651	0	4707	59.97001499250382
1624347780.85	300	59.79813	0.0	407398	145	0.3	84.65	0	4947	60.015003750937595
1624347785.09	300	59.547244	0.0	438602	59	0.3	88.651	0	5187	59.98500374906288
1624347788.92	300	59.860862	0.0	421192	96	0.3	92.651	0	5427	60
1624347792.82	300	59.890058	0.0	414269	245	0.3	96.651	0	5667	60
1624347796.59	300	59.917609	0.0	427172	120	0.3	100.652	0	5907	59.98500374906266
1624347800.85	300	59.659258	0.0	435036	114	0.3	104.652	0	6147	60
1624347804.58	300	59.974082	0.0	454750	82	0.3	108.652	0	6387	60
1624347808.77	300	59.717237	0.0	436843	67	0.3	112.653	0	6627	59.98500374906266
1624347813.01	300	59.739867	0.0	455439	89	0.3	116.652	0	6867	60.01500375093781
1624347817.23	300	59.479636	0.0	439643	59	0.3	120.653	0	7107	59.98500374906266
