1624270736.09	750	4	0.175	447032	77	-0.7474999999999999	0	0	0	0
1624270736.88	2850	8	0.0	3731877	553	0.75	0	0	0	0
1624270737.56	2850	12	0.0	2988743	472	2.85	0	0	0	0
1624270738.26	2850	15.348407	0.0	3344033	480	2.85	0	0	0	0
1624270739.27	2850	18.340202	0.0	3588671	797	2.85	0	0	0	0
1624270740.08	2850	21.566667	0.0	3516436	567	2.85	5.09	0	53	0
1624270740.92	2850	24.682707	0.0	3520561	639	2.85	5.09	0	53	0
1624270741.75	2850	28	0.0	3787958	560	2.85	5.09	0	53	0
1624270742.5	2850	31.149566	0.0	3482140	467	2.85	5.09	0	53	0
1624270743.51	2850	34.101183	0.0	3620909	804	2.85	9.09	7	173	28.25
1624270744.25	2850	37.372415	0.0	3578596	516	2.85	9.09	7	173	28.25
1624270745.01	2850	40.633334	0.0	3430213	500	2.85	9.09	7	173	28.25
1624270745.79	2850	43.840863	0.0	3873343	580	2.85	9.09	7	173	28.25
1624270746.87	2850	46.793091	0.0	4055051	798	2.85	9.09	7	173	28.25
1624270747.78	2850	49.833334	0.0	3383484	600	2.85	13.091	8	293	29.742564358910276
1624270748.6	2850	53.014669	0.0	3439708	637	2.85	13.091	8	293	29.742564358910276
1624270749.29	2850	56.329339	0.0	3270011	508	2.85	13.091	8	293	29.742564358910276
1624270749.99	2850	59.639159	0.0	3397053	474	2.85	13.091	8	293	29.742564358910276
1624270753.83	2850	59.834624	0.0	3855639	600	2.85	17.09	8	413	30.00750187546886
1624270758.16	2850	59.626271	0.0	3553518	553	2.85	21.091	8	533	29.992501874531357
1624270761.74	2850	59.938087	0.0	3560530	819	2.85	25.097	8	653	29.955067398901647
1624270766.05	2850	59.684577	0.0	3529545	559	2.85	29.096	8	773	30.007501875468876
1624270770.74	2850	59.7265	0.0	3944215	553	2.85	33.098	8	893	29.98500749625188
1624270774.28	2850	59.763206	0.0	2874206	545	2.85	37.108	8	1014	30.17456359102246
