1624286692.87	750	4	0.221	446149	93	-0.9452999999999999	0	0	0	0
1624286694.07	2850	8	0.0	5338027	834	0.75	0	0	0	0
1624286695.1	2850	11.4	0.0	4485847	798	2.85	0	0	0	0
1624286696.43	2850	14.066667	0.0	5004689	1097	2.85	5.264	4	100	0
1624286697.58	2850	16.95	0.0	5182650	879	2.85	5.264	4	100	0
1624286698.71	2850	20	0.0	5173280	879	2.85	5.264	4	100	0
1624286699.91	2850	22.616667	0.0	4880493	925	2.85	5.264	4	100	0
1624286701.21	2850	25.416667	0.0	5406574	940	2.85	9.263	65	340	44.761190297574394
1624286702.49	2850	28.033334	0.0	4844720	998	2.85	9.263	65	340	44.761190297574394
1624286703.77	2850	30.783334	0.0	4832207	985	2.85	9.263	65	340	44.761190297574394
1624286705.13	2850	33.383334	0.0	4887638	1046	2.85	13.264	101	580	50.987253186703335
1624286706.4	2850	36.116667	0.0	4995664	990	2.85	13.264	101	580	50.987253186703335
