1624278513.43	750	4	0.195	447032	86	-0.8335	0	0	0	0
1624278514.05	1850	8	0.0	2254830	313	0.75	0	0	0	0
1624278514.45	1850	12	0.0	1837501	260	1.85	0	0	0	0
1624278514.9	1850	16	0.0	2108748	290	1.85	0	0	0	0
1624278515.41	1850	19.836074	0.0	2229492	330	1.85	0	0	0	0
1624278515.9	1850	23.352614	0.0	2078237	300	1.85	0	0	0	0
1624278516.32	1850	26.948926	0.0	2030644	291	1.85	0	0	0	0
1624278516.93	1850	30.343913	0.0	2298831	444	1.85	5.45	0	43	0
1624278517.45	1850	33.819325	0.0	2164964	339	1.85	5.45	0	43	0
1624278517.94	1850	37.335702	0.0	2175479	311	1.85	5.45	0	43	0
1624278518.46	1850	40.810084	0.0	2156805	367	1.85	5.45	0	43	0
1624278518.92	1850	44.366667	0.0	2101523	312	1.85	5.45	0	43	0
1624278519.47	1850	47.802331	0.0	2344608	366	1.85	5.45	0	43	0
1624278520.0	1850	51.276186	0.0	2334646	353	1.85	5.45	0	43	0
1624278520.5	1850	54.751684	0.0	2109579	319	1.85	5.45	0	43	0
1624278521.0	1850	58.268634	0.0	2097243	306	1.85	9.449	0	163	30.00750187546887
1624278523.52	1850	59.795878	0.0	2054074	311	1.85	9.449	0	163	30.00750187546887
1624278527.57	1850	59.835094	0.0	2079344	303	1.85	13.45	0	283	29.99250187453137
1624278531.65	1850	59.869103	0.0	2353718	346	1.85	17.45	0	403	30
1624278536.35	1850	59.619398	0.0	2119053	343	1.85	21.452	0	523	29.985007496251857
1624278539.44	1850	59.940657	0.0	2145449	288	1.85	25.544	0	645	29.81427174975563
1624278544.06	1850	59.447336	0.0	2087310	326	1.85	29.538	0	765	30.045067601402106
1624278548.25	1850	59.76025	0.0	2348666	346	1.85	33.541	0	885	29.977516862353262
1624278551.49	1850	59.955584	0.0	1801794	228	1.85	37.571	0	1006	30.02481389578163
1624278555.93	1850	59.994504	0.0	1864524	264	1.85	41.569	0	1126	30.015007503751843
