1624267369.84	750	4	0.197	447032	96	-0.8421	0	0	0	0
1624267370.97	2850	8	0.0	3731877	847	0.75	0	0	0	0
1624267372.41	2850	10.98458	0.0	2988743	1209	2.85	0	0	0	0
1624267373.38	2850	14.01701	0.0	3344033	696	2.85	5.179	0	49	0
1624267374.59	2850	16.766812	0.0	3588671	954	2.85	5.179	0	49	0
1624267375.56	2850	19.933334	0.0	3516436	725	2.85	5.179	0	49	0
1624267376.8	2850	22.589281	0.0	3520561	999	2.85	5.179	0	49	0
1624267378.11	2850	25.333334	0.0	3787958	942	2.85	9.179	11	169	27.25
1624267379.12	2850	28.24071	0.0	3482140	729	2.85	9.179	11	169	27.25
1624267380.21	2850	31.149112	0.0	3620909	842	2.85	9.179	11	169	27.25
1624267381.2	2850	34.180777	0.0	3578596	769	2.85	13.179	12	289	29.75
1624267382.26	2850	37.090974	0.0	3430213	835	2.85	13.179	12	289	29.75
1624267383.72	2850	39.638498	0.0	3873343	1194	2.85	13.179	12	289	29.75
1624267384.82	2850	42.547117	0.0	4055051	870	2.85	13.179	12	289	29.75
1624267385.87	2850	45.5	0.0	3383484	777	2.85	17.18	12	409	29.99250187453137
1624267386.77	2850	48.60803	0.0	3439708	675	2.85	17.18	12	409	29.99250187453137
1624267387.65	2850	51.719994	0.0	3270011	661	2.85	17.18	12	409	29.99250187453137
1624267388.65	2850	54.709692	0.0	3397053	815	2.85	17.18	12	409	29.99250187453137
1624267389.58	2850	57.781812	0.0	3855639	713	2.85	21.179	12	529	30.007501875468876
1624267392.05	2850	59.440499	0.0	3553518	654	2.85	21.179	12	529	30.007501875468876
