1624320693.64	750	4	0.217	447032	104	-0.9280999999999999	0	0	0	0
1624320693.8	300	8	0.0	222343	47	-0.15000000000000002	0	0	0	0
1624320693.94	300	12	0.0	202601	3	0.3	0	0	0	0
1624320694.06	300	16	0.0	231442	41	0.3	0	0	0	0
1624320694.2	300	20	0.0	223916	37	0.3	0	0	0	0
1624320694.39	300	24	0.0	227288	87	0.3	0	0	0	0
1624320694.52	300	28	0.0	210296	40	0.3	0	0	0	0
1624320694.63	300	32	0.0	232710	36	0.3	0	0	0	0
1624320694.76	300	36	0.0	230934	36	0.3	0	0	0	0
1624320694.9	300	40	0.0	230466	3	0.3	0	0	0	0
1624320695.03	300	44	0.0	222766	27	0.3	0	0	0	0
1624320695.14	300	48	0.0	215843	28	0.3	0	0	0	0
1624320695.28	300	52	0.0	240996	45	0.3	0	0	0	0
1624320695.41	300	56	0.0	241376	35	0.3	0	0	0	0
1624320696.03	300	59.713084	0.0	215448	35	0.3	0	0	0	0
1624320700.22	300	59.46443	0.0	224191	34	0.3	5.494	0	32	0
1624320703.91	300	59.772119	0.0	201147	40	0.3	9.494	0	152	30
1624320708.09	300	59.801953	0.0	208138	34	0.3	13.501	0	272	29.947591714499627
1624320712.27	300	59.549413	0.0	237703	44	0.3	17.501	0	392	29.999999999999986
1624320715.95	300	59.859762	0.0	221939	28	0.3	21.501	0	512	30
1624320720.12	300	59.612519	0.0	216091	36	0.3	25.501	0	632	30
1624320723.81	300	59.925284	0.0	221930	49	0.3	29.502	0	752	29.992501874531385
1624320728.01	300	59.671276	0.0	244209	37	0.3	33.501	0	872	30.007501875468876
1624320731.83	300	59.971056	0.0	201448	2	0.3	37.502	0	992	29.99250187453133
1624320736.03	300	59.71564	0.0	216871	44	0.3	41.502	0	1112	30
1624320740.25	300	59.457102	0.0	226875	47	0.3	45.503	0	1232	29.992501874531385
1624320743.91	300	59.803375	0.0	215302	34	0.3	49.503	0	1352	30
1624320748.11	300	59.544241	0.0	231664	42	0.3	53.504	0	1472	29.992501874531385
1624320751.81	300	59.857534	0.0	233190	37	0.3	57.504	0	1592	30
1624320755.97	300	59.910587	0.0	245887	41	0.3	61.504	0	1712	30
1624320760.13	300	59.655988	0.0	205585	42	0.3	65.504	0	1832	29.999999999999947
1624320763.86	300	59.966667	0.0	248259	41	0.3	69.505	0	1952	29.99250187453144
1624320768.03	300	59.743028	0.0	221496	37	0.3	73.505	0	2072	30
1624320772.24	300	59.488169	0.0	238596	44	0.3	77.505	0	2192	30
1624320775.95	300	59.79424	0.0	239547	34	0.3	81.509	0	2312	29.970029970029934
1624320780.12	300	59.536563	0.0	210306	37	0.3	85.51	0	2432	29.99250187453133
1624320783.82	300	59.84156	0.0	223809	32	0.3	89.509	0	2552	30.007501875468904
1624320787.98	300	59.867259	0.0	233162	42	0.3	93.509	0	2672	30
1624320792.21	300	59.604929	0.0	211150	33	0.3	97.51	0	2792	29.99250187453133
1624320795.88	300	59.909162	0.0	227487	39	0.3	101.51	0	2912	30
1624320800.07	300	59.683236	0.0	218501	41	0.3	105.511	0	3032	29.99250187453144
1624320803.73	300	59.996816	0.0	223461	32	0.3	109.511	0	3152	30
1624320808.38	300	59.447871	0.0	223191	41	0.3	113.51	0	3272	30.007501875468797
1624320812.1	300	59.752372	0.0	228365	49	0.3	117.511	0	3393	30.242439390152533
1624320816.25	300	59.5	0.0	223247	12	0.3	121.511	0	3513	30
