1624288985.81	750	4	0.192	446149	103	-0.8205999999999999	0	0	0	0
1624288986.91	2850	8	0.0	5338027	753	0.75	0	0	0	0
1624288988.09	2850	11.383334	0.0	4485847	922	2.85	0	0	0	0
1624288989.39	2850	14.266667	0.0	5004689	877	2.85	5.189	4	103	0
1624288990.62	2850	16.966667	0.0	5182650	862	2.85	5.189	4	103	0
1624288991.83	2850	19.683334	0.0	5173280	933	2.85	5.189	4	103	0
1624288992.88	2850	22.65	0.0	4880493	724	2.85	5.189	4	103	0
1624288994.05	2850	25.483334	0.0	5406574	814	2.85	9.189	55	343	47.25
1624288995.19	2850	28.35	0.0	4844720	774	2.85	9.189	55	343	47.25
1624288996.26	2850	31.233334	0.0	4832207	745	2.85	9.189	55	343	47.25
1624288997.37	2850	34.166667	0.0	4887638	767	2.85	13.189	91	583	51
1624288998.46	2850	37.05	0.0	4995664	769	2.85	13.189	91	583	51
