1624289656.13	750	4	0.225	446149	76	-0.9625	0	0	0	0
1624289656.92	1850	7.866667	0.0	3302713	557	0.75	0	0	0	0
1624289657.58	1850	11.186648	0.0	2780269	491	1.85	0	0	0	0
1624289658.56	1850	14.283334	0.0	3138830	716	1.85	0	0	0	0
1624289659.57	1850	17.233334	0.0	3252745	784	1.85	4.64	9	153	0
1624289660.49	1850	20.3	0.0	3175667	701	1.85	4.64	9	153	0
1624289661.25	1850	23.55	0.0	2962628	536	1.85	4.64	9	153	0
1624289662.2	1850	26.6	0.0	3242545	727	1.85	4.64	9	153	0
1624289663.23	1850	29.583334	0.0	2999470	774	1.85	4.64	9	153	0
1624289664.17	1850	32.65	0.0	2926075	691	1.85	8.645	31	393	54.43196004993758
1624289664.86	1850	35.916667	0.0	3029009	503	1.85	8.645	31	393	54.43196004993758
1624289665.85	1850	38.95	0.0	3113599	781	1.85	8.645	31	393	54.43196004993758
1624289666.84	1850	41.966667	0.0	3116790	768	1.85	8.645	31	393	54.43196004993758
1624289667.69	1850	45.083334	0.0	3132453	607	1.85	12.646	47	634	56.235941014746295
1624289668.45	1850	48.333334	0.0	2994095	549	1.85	12.646	47	634	56.235941014746295
1624289669.3	1850	51.533334	0.0	3154088	607	1.85	12.646	47	634	56.235941014746295
1624289670.07	1850	54.7	0.0	2803553	600	1.85	12.646	47	634	56.235941014746295
1624289670.94	1850	57.85	0.0	3039477	682	1.85	12.646	47	634	56.235941014746295
1624289673.06	1850	59.808644	0.0	3356332	875	1.85	16.646	63	874	56
1624289677.3	1850	59.558163	0.0	3105690	523	1.85	20.646	69	1114	58.5
1624289681.22	1850	59.592704	0.0	3008856	664	1.85	24.647	71	1354	59.48512871782058
1624289685.08	1850	59.909763	0.0	3066869	542	1.85	28.648	77	1594	58.48537865533615
1624289688.93	1850	59.946045	0.0	3178549	587	1.85	32.647	86	1834	57.76444111027759
1624289693.09	1850	59.69346	0.0	2577778	437	1.85	36.647	89	2074	59.25
1624289697.29	1850	59.726408	0.0	2819145	433	1.85	40.648	107	2314	55.48612846788296
1624289701.23	1850	59.708302	0.0	3037564	668	1.85	44.648	115	2554	58
1624289705.4	1850	59.453737	0.0	2852411	428	1.85	48.649	116	2794	59.73506623344167
1624289709.2	1850	59.715691	0.0	3004818	522	1.85	52.65	121	3034	58.7353161709573
1624289713.4	1850	59.504769	0.0	2930516	440	1.85	56.65	123	3274	59.5
1624289717.2	1850	59.601025	0.0	3381885	532	1.85	60.65	127	3514	59
1624289720.88	1850	59.916667	0.0	2812661	489	1.85	64.651	128	3754	59.73506623344167
1624289725.27	1850	59.668585	0.0	3529340	606	1.85	68.652	139	3994	57.235691077230626
1624289729.17	1850	59.705852	0.0	3274615	606	1.85	72.652	141	4234	59.5
1624289733.45	1850	59.493216	0.0	3020205	510	1.85	76.652	146	4474	58.75
1624289737.27	1850	59.518566	0.0	3084353	501	1.85	80.652	149	4714	59.25
1624289740.95	1850	59.90672	0.0	2743535	450	1.85	84.652	151	4954	59.5
1624289745.22	1850	59.692274	0.0	3049078	480	1.85	88.652	162	5194	57.25
1624289749.44	1850	59.438696	0.0	2866070	480	1.85	92.653	164	5434	59.48512871782047
1624289753.19	1850	59.74807	0.0	2786310	481	1.85	96.654	168	5674	58.985253686578496
1624289757.48	1850	59.497895	0.0	2886749	433	1.85	100.656	172	5914	58.970514742628545
1624289761.26	1850	59.5694	0.0	2928463	578	1.85	104.655	173	6154	59.764941235308896
1624289765.01	1850	59.881623	0.0	3115560	483	1.85	108.655	179	6394	58.5
1624289769.24	1850	59.632618	0.0	3008634	505	1.85	112.655	184	6634	58.75
1624289772.93	1850	59.947204	0.0	3111850	476	1.85	116.656	188	6874	58.98525368657828
1624289777.15	1850	59.7	0.0	2982399	535	1.85	120.658	190	7114	59.470264867566286
