1624308201.71	750	4	0.167	447032	79	-0.7131000000000001	0	0	0	0
1624308201.95	750	8	0.0	437784	43	0.75	0	0	0	0
1624308202.1	750	12	0.0	358478	63	0.75	0	0	0	0
1624308202.28	750	16	0.0	433110	64	0.75	0	0	0	0
1624308202.44	750	20	0.0	425284	73	0.75	0	0	0	0
1624308202.6	750	24	0.0	428114	72	0.75	0	0	0	0
1624308202.76	750	28	0.0	387287	80	0.75	0	0	0	0
1624308202.92	750	32	0.0	435324	73	0.75	0	0	0	0
1624308203.08	750	36	0.0	447048	71	0.75	0	0	0	0
1624308203.25	750	40	0.0	446405	77	0.75	0	0	0	0
1624308203.42	750	44	0.0	423631	39	0.75	0	0	0	0
1624308203.58	750	48	0.0	416730	63	0.75	0	0	0	0
1624308203.78	750	51.951186	0.0	471953	94	0.75	0	0	0	0
1624308203.93	750	55.790072	0.0	453536	68	0.75	0	0	0	0
1624308204.09	750	59.628614	0.0	420588	68	0.75	0	0	0	0
1624308207.79	750	59.9845	0.0	420917	72	0.75	5.497	0	38	0
1624308212.01	750	59.769796	0.0	392428	67	0.75	9.497	0	158	30
1624308216.2	750	59.512705	0.0	400748	57	0.75	13.497	0	278	30
1624308219.92	750	59.852722	0.0	471072	81	0.75	17.498	0	398	29.992501874531357
1624308224.11	750	59.58881	0.0	425923	74	0.75	21.498	0	518	30
1624308228.3	750	59.615568	0.0	419792	76	0.75	25.508	0	638	29.925187032418968
1624308232.03	750	59.920054	0.0	429429	84	0.75	29.508	0	758	30
1624308236.23	750	59.681166	0.0	461232	74	0.75	33.508	0	878	29.999999999999975
1624308239.98	750	59.985046	0.0	382848	107	0.75	37.509	0	998	29.992501874531385
1624308244.15	750	59.72268	0.0	375227	61	0.75	41.509	0	1118	30
1624308248.36	750	59.467675	0.0	437258	81	0.75	45.509	0	1238	30
1624308252.08	750	59.783561	0.0	419071	69	0.75	49.509	0	1358	30
1624308256.3	750	59.520048	0.0	449162	91	0.75	53.509	0	1478	30
1624308260.01	750	59.872406	0.0	447732	78	0.75	57.509	0	1598	30
1624308264.22	750	59.611546	0.0	488806	81	0.75	61.51	0	1718	29.992501874531385
1624308267.98	750	59.930072	0.0	389747	70	0.75	65.51	0	1838	29.999999999999947
1624308272.26	750	59.677849	0.0	485582	96	0.75	69.511	0	1958	29.99250187453144
1624308275.98	750	59.989128	0.0	430276	78	0.75	73.51	0	2078	30.007501875468797
1624308280.22	750	59.72989	0.0	435590	71	0.75	77.51	0	2198	30
1624308284.44	750	59.470405	0.0	459331	65	0.75	81.511	0	2318	29.99250187453144
1624308288.14	750	59.824409	0.0	381587	57	0.75	85.511	0	2438	30
1624308291.89	750	59.852546	0.0	424399	73	0.75	89.511	0	2558	30
1624308296.09	750	59.875033	0.0	436743	79	0.75	93.512	0	2678	29.99250187453133
1624308300.28	750	59.619748	0.0	385692	51	0.75	97.511	0	2798	30.007501875468904
1624308303.97	750	59.938702	0.0	424746	74	0.75	101.512	0	2918	29.99250187453133
1624308308.14	750	59.718841	0.0	407135	71	0.75	105.512	0	3038	30
1624308312.34	750	59.513498	0.0	427720	73	0.75	109.513	0	3158	29.99250187453133
1624308316.03	750	59.819953	0.0	427353	72	0.75	113.513	0	3278	30
1624308320.2	750	59.557339	0.0	418534	76	0.75	117.513	0	3398	30
1624308323.88	750	59.872422	0.0	421343	77	0.75	121.513	0	3518	30
