1624328239.86	750	4	0.169	446149	93	-0.7216999999999999	0	0	0	0
1624328240.1	750	8	0.0	657276	115	0.75	0	0	0	0
1624328240.27	750	12	0.0	531142	88	0.75	0	0	0	0
1624328240.48	750	15.959322	0.0	641782	103	0.75	0	0	0	0
1624328240.68	750	19.757713	0.0	655328	99	0.75	0	0	0	0
1624328240.91	750	23.516667	0.0	643029	119	0.75	0	0	0	0
1624328241.1	750	27.313779	0.0	586466	94	0.75	0	0	0	0
1624328241.32	750	31.112187	0.0	640646	110	0.75	0	0	0	0
1624328241.51	750	34.910318	0.0	603976	94	0.75	0	0	0	0
1624328241.69	750	38.708984	0.0	579575	88	0.75	0	0	0	0
1624328241.91	750	42.507737	0.0	622523	100	0.75	0	0	0	0
1624328242.12	750	46.306098	0.0	590406	89	0.75	0	0	0	0
1624328242.34	750	50.062868	0.0	636852	97	0.75	0	0	0	0
1624328242.53	750	53.860967	0.0	619167	93	0.75	0	0	0	0
1624328242.73	750	57.699242	0.0	636453	104	0.75	0	0	0	0
1624328244.98	750	59.472581	0.0	637789	100	0.75	4.614	0	173	0
1624328248.71	750	59.790228	0.0	574537	88	0.75	8.614	0	413	59.999999999999986
1624328252.96	750	59.566667	0.0	595492	109	0.75	12.615	0	653	59.98500374906274
1624328256.73	750	59.87653	0.0	662075	112	0.75	16.615	0	893	60.00000000000003
1624328260.96	750	59.616667	0.0	622438	111	0.75	20.616	0	1133	59.98500374906271
1624328264.7	750	59.931398	0.0	607166	106	0.75	24.616	0	1373	60
1624328268.94	750	59.667597	0.0	615645	95	0.75	28.617	0	1613	59.98500374906271
1624328272.71	750	59.983334	0.0	651954	102	0.75	32.635	0	1854	59.98008959681438
1624328276.92	750	59.75	0.0	550774	99	0.75	36.635	0	2094	60
1624328280.66	750	59.784093	0.0	594579	93	0.75	40.636	0	2334	59.98500374906266
1624328284.89	750	59.806131	0.0	632394	102	0.75	44.637	0	2574	59.98500374906277
1624328288.64	750	59.830555	0.0	575968	97	0.75	48.637	0	2814	60
1624328292.92	750	59.571414	0.0	632851	104	0.75	52.637	0	3054	60
1624328296.64	750	59.882008	0.0	604086	97	0.75	56.637	0	3294	60
1624328300.89	750	59.623378	0.0	712976	114	0.75	60.637	0	3534	60
1624328304.62	750	59.933334	0.0	581323	104	0.75	64.638	0	3774	59.98500374906266
1624328308.88	750	59.673869	0.0	729373	128	0.75	68.639	0	4014	59.98500374906288
1624328312.62	750	59.992077	0.0	670981	107	0.75	72.64	0	4254	59.98500374906266
1624328316.85	750	59.741757	0.0	621207	95	0.75	76.64	0	4494	60
1624328321.14	750	59.479984	0.0	579598	103	0.75	80.64	0	4734	60
1624328324.87	750	59.793645	0.0	558064	76	0.75	84.64	0	4974	60
1624328328.61	750	59.819529	0.0	609656	107	0.75	88.64	0	5214	60
1624328332.89	750	59.56008	0.0	599153	98	0.75	92.64	0	5454	60
1624328336.61	750	59.872024	0.0	574452	92	0.75	96.641	0	5694	59.98500374906266
1624328340.84	750	59.614389	0.0	605550	96	0.75	100.642	0	5934	59.98500374906288
1624328344.57	750	59.923665	0.0	601791	82	0.75	104.642	0	6174	60
1624328348.79	750	59.659607	0.0	627361	103	0.75	108.641	0	6414	60.015003750937595
1624328352.56	750	59.976871	0.0	623214	105	0.75	112.65	0	6655	60.11474183088051
1624328356.8	750	59.72222	0.0	648266	97	0.75	116.652	0	6895	59.97001499250382
1624328361.04	750	59.466975	0.0	606947	94	0.75	120.651	0	7135	60.01500375093781
