1624339845.29	750	4	0.432	446149	344	-1.8525999999999998	0	0	0	0
1624339845.58	300	8	0.0	458211	200	-0.15000000000000002	0	0	0	0
1624339845.81	300	12	0.0	390124	126	0.3	0	0	0	0
1624339846.31	300	16	0.0	474461	377	0.3	0	0	0	0
1624339846.95	300	19.389997	0.0	444309	471	0.3	0	0	0	0
1624339847.33	300	23.023861	0.0	443120	265	0.3	0	0	0	0
1624339847.61	300	26.741372	0.0	416509	143	0.3	0	0	0	0
1624339848.17	300	30.176567	0.0	451355	371	0.3	0	0	0	0
1624339848.62	300	33.731706	0.0	417757	322	0.3	5.167	0	120	0
1624339848.98	300	37.369198	0.0	415350	245	0.3	5.167	0	120	0
1624339849.27	300	41.087089	0.0	433531	171	0.3	5.167	0	120	0
1624339849.7	300	44.643074	0.0	422916	307	0.3	5.167	0	120	0
1624339850.0	300	48.360608	0.0	459414	186	0.3	5.167	0	120	0
1624339850.31	300	52.038079	0.0	450936	193	0.3	5.167	0	120	0
1624339850.64	300	55.715027	0.0	439746	205	0.3	5.167	0	120	0
1624339850.96	300	59.389654	0.0	432189	163	0.3	5.167	0	120	0
1624339854.93	300	59.503994	0.0	396094	262	0.3	9.167	0	360	60
1624339858.75	300	59.817229	0.0	420942	157	0.3	13.166	0	600	60.01500375093772
1624339862.53	300	59.878519	0.0	477686	142	0.3	17.166	0	840	60
1624339866.5	300	59.90647	0.0	429484	317	0.3	21.167	0	1080	59.98500374906271
1624339870.87	300	59.646671	0.0	428693	190	0.3	25.168	0	1320	59.98500374906277
1624339874.38	300	59.960171	0.0	445526	322	0.3	29.167	0	1560	60.0150037509377
1624339878.8	300	59.707282	0.0	459785	260	0.3	33.168	0	1800	59.98500374906277
1624339883.01	300	59.450191	0.0	395717	83	0.3	37.168	0	2040	60
1624339886.75	300	59.764243	0.0	421854	87	0.3	41.168	0	2280	60
1624339890.97	300	59.509343	0.0	464457	98	0.3	45.169	0	2520	59.98500374906277
1624339894.69	300	59.827862	0.0	430202	74	0.3	49.168	0	2760	60.0150037509377
1624339898.94	300	59.583334	0.0	445549	52	0.3	53.169	0	3000	59.98500374906277
1624339902.72	300	59.615788	0.0	449734	120	0.3	57.169	0	3241	60.25
1624339906.65	300	59.931738	0.0	478634	299	0.3	61.169	0	3481	60
1624339910.45	300	59.961108	0.0	421756	163	0.3	65.17	0	3721	59.98500374906266
1624339914.72	300	59.703304	0.0	500580	98	0.3	69.17	0	3961	60
1624339919.01	300	59.448337	0.0	471259	85	0.3	73.171	0	4201	59.98500374906266
1624339922.73	300	59.770877	0.0	447061	102	0.3	77.171	0	4441	60
1624339926.99	300	59.522195	0.0	414676	117	0.3	81.171	0	4681	60
1624339930.76	300	59.836685	0.0	407398	79	0.3	85.171	0	4921	60
1624339934.95	300	59.580409	0.0	438602	82	0.3	89.172	0	5161	59.98500374906288
1624339938.71	300	59.89362	0.0	421192	137	0.3	93.172	0	5401	60
1624339942.42	300	59.919534	0.0	414269	72	0.3	97.173	0	5641	59.98500374906266
1624339946.66	300	59.713095	0.0	427172	104	0.3	101.173	0	5881	60
1624339950.92	300	59.464992	0.0	435036	94	0.3	105.173	0	6121	60
1624339954.75	300	59.781852	0.0	454750	177	0.3	109.174	0	6361	59.98500374906266
1624339958.53	300	59.814282	0.0	436843	174	0.3	113.174	0	6601	60
1624339962.92	300	59.546983	0.0	455439	238	0.3	117.174	0	6841	60
1624339966.51	300	59.856432	0.0	439643	459	0.3	121.174	0	7081	60
