1624286075.0	750	4	0.156	447032	69	-0.6658	0	0	0	0
1624286075.56	1850	8	0.0	2254830	351	0.75	0	0	0	0
1624286075.97	1850	12	0.0	1837501	281	1.85	0	0	0	0
1624286076.5	1850	16	0.0	2108748	378	1.85	0	0	0	0
1624286077.11	1850	20	0.0	2229492	314	1.85	0	0	0	0
1624286077.62	1850	23.592746	0.0	2078237	349	1.85	0	0	0	0
1624286078.11	1850	27.10866	0.0	2030644	341	1.85	0	0	0	0
1624286078.66	1850	30.54368	0.0	2298831	367	1.85	5.278	0	33	0
1624286079.21	1850	34.019864	0.0	2164964	374	1.85	5.278	0	33	0
1624286079.89	1850	37.333334	0.0	2175479	505	1.85	5.278	0	33	0
1624286080.7	1850	40.526314	0.0	2156805	648	1.85	5.278	0	33	0
1624286081.48	1850	43.719729	0.0	2101523	597	1.85	5.278	0	33	0
1624286082.37	1850	46.831753	0.0	2344608	694	1.85	9.278	1	153	29.749999999999993
1624286083.21	1850	50.025655	0.0	2334646	634	1.85	9.278	1	153	29.749999999999993
1624286084.03	1850	53.218715	0.0	2109579	619	1.85	9.278	1	153	29.749999999999993
1624286084.73	1850	56.493205	0.0	2097243	497	1.85	9.278	1	153	29.749999999999993
1624286085.5	1850	59.726609	0.0	2054074	574	1.85	9.278	1	153	29.749999999999993
1624286089.77	1850	59.635987	0.0	2079344	567	1.85	13.278	1	273	30
1624286093.29	1850	59.962027	0.0	2353718	780	1.85	17.278	1	393	30.000000000000014
1624286097.55	1850	59.710069	0.0	2119053	585	1.85	21.278	1	513	30
1624286101.69	1850	59.737909	0.0	2145449	445	1.85	25.278	1	633	30
1624286105.92	1850	59.493381	0.0	2087310	356	1.85	29.278	1	753	30
