1624331046.24	750	4	0.146	447032	72	-0.6227999999999999	0	0	0	0
1624331046.57	1200	8	0.0	1081855	183	0.75	0	0	0	0
1624331046.85	1200	11.878289	0.0	909590	159	1.2	0	0	0	0
1624331047.13	1200	15.596227	0.0	1064785	179	1.2	0	0	0	0
1624331047.43	1200	19.314377	0.0	1068330	189	1.2	0	0	0	0
1624331047.77	1200	22.991327	0.0	1091906	191	1.2	0	0	0	0
1624331048.09	1200	26.667651	0.0	989621	172	1.2	0	0	0	0
1624331048.42	1200	30.344912	0.0	1120373	191	1.2	0	0	0	0
1624331048.75	1200	33.980856	0.0	1096122	183	1.2	0	0	0	0
1624331049.04	1200	37.698214	0.0	1088831	175	1.2	0	0	0	0
1624331049.36	1200	41.375073	0.0	1080940	190	1.2	0	0	0	0
1624331049.69	1200	45.052216	0.0	1075422	178	1.2	0	0	0	0
1624331050.04	1200	48.688925	0.0	1146374	192	1.2	4.694	0	91	0
1624331050.39	1200	52.366667	0.0	1146930	176	1.2	4.694	0	91	0
1624331050.7	1200	56.044054	0.0	1066542	181	1.2	4.694	0	91	0
1624331051.03	1200	59.721657	0.0	1056887	156	1.2	4.694	0	91	0
1624331055.37	1200	59.501069	0.0	990369	162	1.2	8.69	0	210	29.779779779779783
1624331059.22	1200	59.533886	0.0	1015471	201	1.2	12.691	0	330	29.992501874531357
1624331063.18	1200	59.596126	0.0	1173982	214	1.2	16.692	0	450	29.99250187453137
1624331067.06	1200	59.909131	0.0	1058624	220	1.2	20.692	0	570	30
1624331070.91	1200	59.928894	0.0	1046861	208	1.2	24.691	0	690	30.007501875468876
1624331075.22	1200	59.716864	0.0	1048437	178	1.2	28.692	0	811	30.24243939015245
1624331079.05	1200	59.745412	0.0	1152505	178	1.2	32.692	0	930	29.75
1624331083.37	1200	59.490851	0.0	877099	143	1.2	36.692	0	1050	30
1624331087.2	1200	59.802119	0.0	968042	150	1.2	40.692	0	1171	30.25
1624331091.08	1200	59.866731	0.0	1064114	186	1.2	44.694	0	1291	29.985007496251857
1624331094.93	1200	59.886854	0.0	1005764	169	1.2	48.697	0	1411	29.977516862353234
1624331098.79	1200	59.949361	0.0	1078959	160	1.2	52.697	0	1531	30
1624331103.11	1200	59.69627	0.0	1074526	180	1.2	56.698	0	1651	29.992501874531385
1624331107.21	1200	59.727533	0.0	1231303	226	1.2	60.698	0	1771	30
1624331111.04	1200	59.760847	0.0	960890	181	1.2	64.698	0	1891	30.000000000000053
1624331115.47	1200	59.504628	0.0	1183904	214	1.2	68.698	0	2011	30
1624331119.33	1200	59.536668	0.0	1065257	179	1.2	72.699	0	2131	29.99250187453133
1624331123.2	1200	59.564065	0.0	1108615	204	1.2	76.717	0	2251	29.86560477849676
1624331127.28	1200	59.593106	0.0	1113738	359	1.2	80.717	0	2371	30
1624331131.1	1200	59.650082	0.0	981548	184	1.2	84.718	0	2491	29.99250187453133
1624331135.09	1200	59.679984	0.0	1067644	292	1.2	88.718	0	2611	30
1624331139.04	1200	59.997272	0.0	1068520	199	1.2	92.718	0	2731	30
1624331142.91	1200	59.993457	0.0	946116	185	1.2	96.718	0	2851	30
1624331147.38	1200	59.50277	0.0	1041444	260	1.2	100.719	0	2971	29.99250187453144
1624331151.37	1200	59.527274	0.0	1033147	307	1.2	104.725	0	3092	30.20469296055916
1624331155.24	1200	59.553127	0.0	1043384	189	1.2	108.726	0	3212	29.99250187453133
1624331159.08	1200	59.867497	0.0	1047354	190	1.2	112.726	0	3331	29.75
1624331162.93	1200	59.89817	0.0	1058093	192	1.2	116.727	0	3452	30.242439390152427
1624331166.92	1200	59.921048	0.0	1038662	248	1.2	120.729	0	3572	29.98500749625191
