1624351318.57	750	4	0.233	447032	149	-0.9969	0	0	0	0
1624351318.77	750	8	0.0	437784	90	0.75	0	0	0	0
1624351318.91	750	12	0.0	358478	73	0.75	0	0	0	0
1624351319.12	750	16	0.0	433110	112	0.75	0	0	0	0
1624351319.29	750	19.917617	0.0	425284	51	0.75	0	0	0	0
1624351319.47	750	23.756116	0.0	428114	79	0.75	0	0	0	0
1624351319.64	750	27.554785	0.0	387287	73	0.75	0	0	0	0
1624351319.81	750	31.393823	0.0	435324	84	0.75	0	0	0	0
1624351320.02	750	35.192432	0.0	447048	98	0.75	0	0	0	0
1624351320.22	750	38.990146	0.0	446405	85	0.75	0	0	0	0
1624351320.42	750	42.788749	0.0	423631	94	0.75	0	0	0	0
1624351320.64	750	46.587302	0.0	416730	81	0.75	0	0	0	0
1624351320.89	750	50.344338	0.0	471953	108	0.75	0	0	0	0
1624351321.11	750	54.100304	0.0	453536	95	0.75	0	0	0	0
1624351321.31	750	57.898716	0.0	420588	97	0.75	0	0	0	0
1624351323.55	750	59.746974	0.0	420917	107	0.75	4.676	0	79	0
1624351336.01	750	59.489606	0.0	392428	144	0.75	8.676	0	199	30
1624351340.16	750	51.047725	0.0	400748	137	0.75	22.513	0	614	29.9920502999205
1624351348.16	750	54.725081	0.0	471072	223	0.75	22.513	0	614	29.9920502999205
1624351357.22	750	41.993619	0.0	425923	80	0.75	39.835	0	1134	30.019628218450528
1624351361.1	750	45.791499	0.0	419792	86	0.75	39.835	0	1134	30.019628218450528
1624351378.75	750	28.455482	0.0	429429	8431	0.75	60.136	0	1743	30
1624351379.41	750	31.809186	0.0	461232	539	0.75	60.136	0	1743	30
1624351379.58	750	35.647725	0.0	382848	68	0.75	60.136	0	1743	30
1624351379.76	750	39.444067	0.0	375227	70	0.75	60.136	0	1743	30
1624351379.95	750	43.282672	0.0	437258	91	0.75	60.136	0	1743	30
1624351380.19	750	47.040191	0.0	419071	151	0.75	60.136	0	1743	30
1624351380.5	750	50.798519	0.0	449162	107	0.75	60.136	0	1743	30
1624351380.8	750	54.433334	0.0	447732	123	0.75	60.136	0	1743	30
1624351381.05	750	58.189968	0.0	488806	138	0.75	60.136	0	1743	30
1624351383.77	750	59.598305	0.0	389747	119	0.75	64.136	0	1863	30.000000000000053
1624351387.52	750	59.910663	0.0	485582	113	0.75	68.136	0	1983	30
1624351391.74	750	59.6548	0.0	430276	82	0.75	72.137	0	2103	29.99250187453133
1624351395.97	750	59.436	0.0	435590	80	0.75	76.137	0	2223	30
1624351399.71	750	59.739978	0.0	459331	71	0.75	80.137	0	2343	30
1624351403.94	750	59.485995	0.0	381587	85	0.75	84.138	0	2463	29.99250187453133
1624351407.69	750	59.800762	0.0	424399	90	0.75	88.138	0	2583	30
1624351411.45	750	59.820881	0.0	436743	143	0.75	92.138	0	2703	30
1624351415.68	750	59.560738	0.0	385692	66	0.75	96.138	0	2823	30
1624351419.4	750	59.858325	0.0	424746	106	0.75	100.138	0	2943	30
1624351423.63	750	59.883884	0.0	407135	73	0.75	104.139	0	3063	29.99250187453144
1624351427.37	750	59.954271	0.0	427720	64	0.75	108.139	0	3183	30
1624351431.6	750	59.691086	0.0	427353	115	0.75	112.139	0	3303	30
1624351435.8	750	59.435066	0.0	418534	66	0.75	116.139	0	3423	30
1624351439.54	750	59.787936	0.0	421343	129	0.75	120.14	0	3543	29.99250187453133
