1624270114.66	750	4	0.183	446149	86	-0.7818999999999999	0	0	0	0
1624270115.42	1850	8	0.0	3302713	511	0.75	0	0	0	0
1624270116.02	1850	11.45	0.0	2780269	421	1.85	0	0	0	0
1624270116.8	1850	14.7	0.0	3138830	566	1.85	0	0	0	0
1624270117.56	1850	17.916667	0.0	3252745	565	1.85	0	0	0	0
1624270118.36	1850	21.133334	0.0	3175667	598	1.85	4.679	7	160	0
1624270119.11	1850	24.416667	0.0	2962628	501	1.85	4.679	7	160	0
1624270119.91	1850	27.583334	0.0	3242545	588	1.85	4.679	7	160	0
1624270120.72	1850	30.766667	0.0	2999470	594	1.85	4.679	7	160	0
1624270121.4	1850	34.066667	0.0	2926075	486	1.85	4.679	7	160	0
1624270122.33	1850	37.183334	0.0	3029009	704	1.85	8.679	22	400	56.25
1624270123.38	1850	40.116667	0.0	3113599	830	1.85	8.679	22	400	56.25
1624270124.15	1850	43.316667	0.0	3116790	567	1.85	8.679	22	400	56.25
1624270124.88	1850	46.6	0.0	3132453	525	1.85	8.679	22	400	56.25
1624270125.92	1850	49.566667	0.0	2994095	816	1.85	8.679	22	400	56.25
1624270126.74	1850	52.75	0.0	3154088	615	1.85	12.68	36	640	56.485878530367415
1624270127.39	1850	56.083334	0.0	2803553	460	1.85	12.68	36	640	56.485878530367415
1624270128.02	1850	59.433334	0.0	3039477	458	1.85	12.68	36	640	56.485878530367415
1624270131.79	1850	59.826094	0.0	3356332	552	1.85	16.679	45	880	57.76444111027759
1624270135.98	1850	59.614982	0.0	3105690	491	1.85	20.68	46	1120	59.73506623344162
1624270139.72	1850	59.971667	0.0	3008856	518	1.85	24.68	48	1360	59.5
1624270143.98	1850	59.709098	0.0	3066869	521	1.85	28.681	50	1600	59.48512871782053
1624270147.75	1850	59.736373	0.0	3178549	530	1.85	32.681	52	1840	59.50000000000005
1624270151.88	1850	59.759832	0.0	2577778	406	1.85	36.681	52	2080	60
1624270156.05	1850	59.540517	0.0	2819145	432	1.85	40.681	53	2320	59.75
1624270159.79	1850	59.896636	0.0	3037564	504	1.85	44.681	55	2560	59.5
1624270164.0	1850	59.645369	0.0	2852411	490	1.85	48.681	56	2800	59.75
1624270167.8	1850	59.675806	0.0	3004818	530	1.85	52.681	60	3040	59
1624270171.52	1850	59.986546	0.0	2930516	483	1.85	56.681	62	3280	59.5
1624270175.73	1850	59.730755	0.0	3381885	496	1.85	60.682	64	3520	59.48512871782047
1624270179.94	1850	59.758291	0.0	2812661	483	1.85	64.682	66	3760	59.5
1624270183.69	1850	59.795294	0.0	3529340	520	1.85	68.682	68	4000	59.5
1624270188.01	1850	59.545547	0.0	3274615	549	1.85	72.682	70	4240	59.5
1624270191.8	1850	59.857661	0.0	3020205	552	1.85	76.683	73	4480	59.23519120219938
1624270195.56	1850	59.89046	0.0	3084353	486	1.85	80.684	75	4720	59.485128717820686
1624270200.01	1850	59.638545	0.0	2743535	741	1.85	84.684	76	4960	59.75
1624270203.75	1850	59.955091	0.0	3049078	484	1.85	88.684	78	5200	59.5
1624270207.92	1850	59.745632	0.0	2866070	452	1.85	92.685	80	5440	59.48512871782047
1624270212.08	1850	59.520834	0.0	2786310	424	1.85	96.684	82	5680	59.51487871967999
1624270215.72	1850	59.831911	0.0	2886749	426	1.85	100.685	83	5920	59.73506623344157
1624270219.93	1850	59.576809	0.0	2928463	479	1.85	104.685	84	6160	59.75
1624270223.64	1850	59.887319	0.0	3115560	458	1.85	108.686	86	6400	59.48512871782047
1624270227.82	1850	59.91332	0.0	3008634	443	1.85	112.685	92	6640	58.51462865716436
1624270231.5	1850	59.94543	0.0	3111850	465	1.85	116.685	95	6880	59.25
1624270235.67	1850	59.973351	0.0	2982399	454	1.85	120.686	99	7120	58.98525368657828
