1624325667.79	750	4	0.227	447032	115	-0.9710999999999999	0	0	0	0
1624325667.99	750	8	0.0	437784	98	0.75	0	0	0	0
1624325668.14	750	12	0.0	358478	61	0.75	0	0	0	0
1624325668.29	750	16	0.0	433110	73	0.75	0	0	0	0
1624325668.47	750	20	0.0	425284	72	0.75	0	0	0	0
1624325668.64	750	24	0.0	428114	77	0.75	0	0	0	0
1624325668.79	750	28	0.0	387287	68	0.75	0	0	0	0
1624325668.95	750	32	0.0	435324	67	0.75	0	0	0	0
1624325669.12	750	36	0.0	447048	75	0.75	0	0	0	0
1624325669.29	750	40	0.0	446405	69	0.75	0	0	0	0
1624325669.47	750	43.877268	0.0	423631	62	0.75	0	0	0	0
1624325669.63	750	47.716267	0.0	416730	73	0.75	0	0	0	0
1624325669.8	750	51.554274	0.0	471953	77	0.75	0	0	0	0
1624325669.98	750	55.352759	0.0	453536	79	0.75	0	0	0	0
1624325670.13	750	59.19123	0.0	420588	72	0.75	0	0	0	0
1624325673.8	750	59.747106	0.0	420917	66	0.75	5.238	0	50	0
1624325677.99	750	59.504993	0.0	392428	62	0.75	9.238	0	170	30.000000000000007
1624325681.68	750	59.810455	0.0	400748	66	0.75	13.239	0	290	29.992501874531357
1624325685.87	750	59.555716	0.0	471072	76	0.75	17.239	0	410	30
1624325689.58	750	59.864991	0.0	425923	81	0.75	21.24	0	530	29.992501874531385
1624325693.76	750	59.615418	0.0	419792	61	0.75	25.24	0	650	30
1624325697.45	750	59.960334	0.0	429429	79	0.75	29.241	0	770	29.992501874531357
1624325701.65	750	59.695868	0.0	461232	81	0.75	33.24	0	890	30.00750187546885
1624325705.87	750	59.72798	0.0	382848	67	0.75	37.25	0	1011	30.17456359102246
1624325710.06	750	59.476787	0.0	375227	65	0.75	41.249	0	1131	30.00750187546885
1624325713.78	750	59.7794	0.0	437258	74	0.75	45.256	0	1251	29.94759171449964
1624325717.99	750	59.514163	0.0	419071	68	0.75	49.25	0	1371	30.045067601402106
1624325721.75	750	59.615669	0.0	449162	45	0.75	53.25	0	1491	30
1624325725.46	750	59.930551	0.0	447732	82	0.75	57.251	0	1611	29.992501874531385
1624325729.7	750	59.950972	0.0	488806	77	0.75	61.25	0	1731	30.00750187546885
1624325733.89	750	59.635106	0.0	389747	64	0.75	65.251	0	1851	29.99250187453133
1624325737.6	750	59.94505	0.0	485582	80	0.75	69.252	0	1971	29.99250187453144
1624325741.85	750	59.735155	0.0	430276	80	0.75	73.253	0	2091	29.99250187453133
1624325745.57	750	59.801036	0.0	435590	71	0.75	77.252	0	2211	30.007501875468904
1624325749.77	750	59.830069	0.0	459331	81	0.75	81.253	0	2331	29.99250187453133
1624325753.94	750	59.575148	0.0	381587	56	0.75	85.253	0	2451	30
1624325757.65	750	59.883607	0.0	424399	47	0.75	89.253	0	2571	30
1624325761.84	750	59.623046	0.0	436743	81	0.75	93.253	0	2691	30
1624325765.54	750	59.933334	0.0	385692	71	0.75	97.253	0	2811	30
1624325769.75	750	59.714895	0.0	424746	45	0.75	101.253	0	2931	30
1624325773.97	750	59.466667	0.0	407135	77	0.75	105.257	0	3051	29.970029970029934
1624325777.66	750	59.787584	0.0	427720	70	0.75	109.257	0	3171	30
1624325781.86	750	59.534414	0.0	427353	74	0.75	113.258	0	3291	29.99250187453144
1624325785.56	750	59.838364	0.0	418534	80	0.75	117.257	0	3411	30.007501875468797
1624325789.73	750	59.868291	0.0	421343	77	0.75	121.258	0	3531	29.99250187453144
