1624336872.84	750	4	0.261	446149	148	-1.1172999999999997	0	0	0	0
1624336873.48	1200	8	0.0	1737810	411	0.75	0	0	0	0
1624336873.98	1200	12	0.0	1497975	302	1.2	0	0	0	0
1624336874.46	1200	15.916667	0.0	1711143	338	1.2	0	0	0	0
1624336874.97	1200	19.391713	0.0	1733770	380	1.2	0	0	0	0
1624336875.55	1200	22.866667	0.0	1749315	358	1.2	0	0	0	0
1624336876.01	1200	26.340399	0.0	1603603	331	1.2	5.506	3	97	0
1624336876.53	1200	29.855267	0.0	1702216	352	1.2	5.506	3	97	0
1624336877.01	1200	33.371208	0.0	1641950	327	1.2	5.506	3	97	0
1624336877.49	1200	36.886594	0.0	1559808	318	1.2	5.506	3	97	0
1624336877.96	1200	40.403249	0.0	1622647	312	1.2	5.506	3	97	0
1624336878.46	1200	43.919961	0.0	1630019	332	1.2	5.506	3	97	0
1624336878.95	1200	47.434737	0.0	1658562	357	1.2	5.506	3	97	0
1624336879.48	1200	50.907101	0.0	1669221	367	1.2	5.506	3	97	0
1624336880.02	1200	54.383334	0.0	1636310	319	1.2	9.506	6	336	59
1624336880.53	1200	57.853797	0.0	1732283	368	1.2	9.506	6	336	59
1624336882.55	1200	59.833334	0.0	1511913	319	1.2	9.506	6	336	59
1624336886.55	1200	59.872734	0.0	1593050	328	1.2	13.506	10	577	59.25
1624336890.62	1200	59.909224	0.0	1818927	376	1.2	17.507	10	817	59.98500374906271
1624336894.8	1200	59.948333	0.0	1667234	374	1.2	21.507	10	1057	60
1624336898.65	1200	59.909603	0.0	1633180	456	1.2	25.506	21	1297	57.26431607901977
1624336902.86	1200	59.687457	0.0	1663787	531	1.2	29.507	21	1537	59.98500374906271
1624336906.91	1200	59.750884	0.0	1674035	587	1.2	33.507	22	1777	59.75000000000005
1624336911.21	1200	59.57428	0.0	1460813	301	1.2	37.508	22	2017	59.98500374906266
1624336914.96	1200	59.611369	0.0	1541638	328	1.2	41.576	26	2261	58.99705014749266
