1624276534.55	750	4	0.161	446149	79	-0.6872999999999999	0	0	0	0
1624276535.68	2850	7.566667	0.0	5338027	818	0.75	0	0	0	0
1624276536.67	2850	10.55	0.0	4485847	781	2.85	0	0	0	0
1624276537.81	2850	13.5	0.0	5004689	846	2.85	0	0	0	0
1624276538.99	2850	16.266667	0.0	5182650	910	2.85	4.638	20	171	0
1624276540.16	2850	19.133334	0.0	5173280	884	2.85	4.638	20	171	0
1624276541.42	2850	21.95	0.0	4880493	883	2.85	4.638	20	171	0
1624276543.29	2850	23.966667	0.0	5406574	1577	2.85	8.638	65	411	48.75
1624276544.52	2850	26.733334	0.0	4844720	962	2.85	8.638	65	411	48.75
1624276545.85	2850	29.566667	0.0	4832207	923	2.85	8.638	65	411	48.75
1624276546.87	2850	32.383334	0.0	4887638	765	2.85	12.638	98	651	51.75
1624276548.65	2850	35.033334	0.0	4995664	1094	2.85	12.638	98	651	51.75
1624276549.91	2850	37.4	0.0	5320325	935	2.85	12.638	98	651	51.75
1624276551.16	2850	40.133334	0.0	5320224	962	2.85	16.639	128	891	52.4868782804299
1624276552.7	2850	42.533334	0.0	4822090	1317	2.85	16.639	128	891	52.4868782804299
1624276553.95	2850	45.35	0.0	5024811	948	2.85	16.639	128	891	52.4868782804299
1624276555.1	2850	48.233334	0.0	4620969	808	2.85	20.641	155	1131	53.22338830584709
1624276556.35	2850	50.966667	0.0	4982065	923	2.85	20.641	155	1131	53.22338830584709
1624276557.92	2850	53.533334	0.0	5333279	1093	2.85	20.641	155	1131	53.22338830584709
1624276559.63	2850	55.616667	0.0	5166435	1308	2.85	24.712	193	1375	50.60181773520018
1624276560.91	2850	58.383334	0.0	4952219	984	2.85	24.712	193	1375	50.60181773520018
1624276563.44	2850	59.990802	0.0	5148296	1233	2.85	28.712	209	1615	56
1624276567.54	2850	59.739906	0.0	5332212	1305	2.85	32.712	226	1855	55.74999999999995
1624276571.6	2850	59.773531	0.0	4130375	713	2.85	36.712	237	2095	57.25
1624276575.44	2850	59.844875	0.0	4502091	1055	2.85	40.713	248	2335	57.235691077230726
1624276579.54	2850	59.674332	0.0	4906417	799	2.85	44.715	255	2575	58.22088955522236
1624276583.58	2850	59.733604	0.0	4606683	756	2.85	48.713	266	2815	57.27863931965987
1624276587.62	2850	59.683334	0.0	4992827	776	2.85	52.723	275	3056	57.855361596010006
1624276591.88	2850	59.423902	0.0	4833092	975	2.85	56.724	283	3296	57.98550362409401
1624276595.83	2850	59.492685	0.0	5560086	1141	2.85	60.724	296	3536	56.75
1624276599.83	2850	59.481822	0.0	4512973	727	2.85	64.724	305	3776	57.7499999999999
1624276603.63	2850	59.746809	0.0	5477056	958	2.85	68.724	320	4016	56.25
1624276607.82	2850	59.495958	0.0	5211665	779	2.85	72.725	331	4256	57.235691077230825
1624276611.65	2850	59.567768	0.0	5155066	1042	2.85	76.724	342	4496	57.26431607901962
1624276615.41	2850	59.881838	0.0	5042047	978	2.85	80.725	352	4736	57.485628592851924
1624276619.78	2850	59.588599	0.0	4373848	1087	2.85	84.725	358	4976	58.5
1624276623.53	2850	59.861962	0.0	4955552	1003	2.85	88.726	364	5216	58.4853786553361
1624276627.67	2850	59.59636	0.0	4533309	888	2.85	92.726	368	5456	59
1624276631.79	2850	59.607327	0.0	4404309	791	2.85	96.725	383	5696	56.264066016504195
1624276635.38	2850	59.919075	0.0	4543808	929	2.85	100.726	388	5936	58.73531617095719
1624276639.42	2850	59.905529	0.0	4672100	779	2.85	104.726	397	6176	57.75
1624276643.48	2850	59.939863	0.0	5112917	794	2.85	108.727	407	6416	57.48562859285172
1624276647.25	2850	59.972398	0.0	4777608	968	2.85	112.726	416	6656	57.76444111027764
1624276651.92	2850	59.435448	0.0	5053470	880	2.85	116.727	424	6896	57.98550362409391
1624276655.54	2850	59.746637	0.0	4782473	868	2.85	120.727	432	7136	58
