1624314669.59	750	4	0.194	446149	81	-0.8291999999999999	0	0	0	0
1624314669.88	750	8	0.0	657276	103	0.75	0	0	0	0
1624314670.11	750	12	0.0	531142	86	0.75	0	0	0	0
1624314670.31	750	16	0.0	641782	90	0.75	0	0	0	0
1624314670.51	750	20	0.0	655328	100	0.75	0	0	0	0
1624314670.71	750	24	0.0	643029	98	0.75	0	0	0	0
1624314670.89	750	28	0.0	586466	88	0.75	0	0	0	0
1624314671.13	750	32	0.0	640646	102	0.75	0	0	0	0
1624314671.36	750	35.916667	0.0	603976	109	0.75	0	0	0	0
1624314671.54	750	39.755185	0.0	579575	93	0.75	0	0	0	0
1624314671.75	750	43.512912	0.0	622523	103	0.75	0	0	0	0
1624314671.94	750	47.351184	0.0	590406	94	0.75	0	0	0	0
1624314672.17	750	51.108393	0.0	636852	96	0.75	0	0	0	0
1624314672.58	750	54.704351	0.0	619167	303	0.75	0	0	0	0
1624314672.79	750	58.503064	0.0	636453	97	0.75	5.483	0	88	0
1624314676.06	750	59.433916	0.0	637789	101	0.75	5.483	0	88	0
1624314679.8	750	59.754117	0.0	574537	70	0.75	9.482	2	328	59.51487871967993
1624314683.59	750	59.783859	0.0	595492	109	0.75	13.483	2	568	59.98500374906271
1624314687.88	750	59.537565	0.0	662075	106	0.75	17.483	2	808	60
1624314691.67	750	59.850618	0.0	622438	115	0.75	21.483	2	1048	60
1624314695.41	750	59.886224	0.0	607166	99	0.75	25.483	2	1288	60
1624314699.67	750	59.633334	0.0	615645	97	0.75	29.484	2	1528	59.98500374906271
1624314703.44	750	59.95	0.0	651954	108	0.75	33.484	2	1768	60
1624314707.73	750	59.699299	0.0	550774	86	0.75	37.486	2	2009	60.21989005497258
1624314712.01	750	59.451894	0.0	594579	45	0.75	41.486	2	2249	60
1624314715.76	750	59.770853	0.0	632394	90	0.75	45.487	2	2489	59.98500374906266
1624314719.5	750	59.803286	0.0	575968	86	0.75	49.487	2	2729	60
1624314723.78	750	59.546739	0.0	632851	104	0.75	53.486	2	2969	60.01500375093781
1624314727.55	750	59.860579	0.0	604086	95	0.75	57.489	2	3209	59.95503372470647
1624314731.8	750	59.536525	0.0	712976	120	0.75	61.488	2	3449	60.0150037509377
1624314735.54	750	59.929125	0.0	581323	90	0.75	65.488	2	3689	60
1624314739.32	750	59.957114	0.0	729373	119	0.75	69.488	2	3929	60
1624314743.6	750	59.69286	0.0	670981	120	0.75	73.491	2	4169	59.95503372470647
1624314747.83	750	59.716667	0.0	621207	99	0.75	77.492	2	4409	59.98500374906266
1624314751.59	750	59.747647	0.0	579598	97	0.75	81.492	2	4649	60
1624314755.83	750	59.495858	0.0	558064	90	0.75	85.493	2	4889	59.98500374906288
1624314759.57	750	59.808401	0.0	609656	106	0.75	89.493	2	5129	60
1624314763.84	750	59.554697	0.0	599153	99	0.75	93.493	2	5369	60
1624314767.58	750	59.854777	0.0	574452	99	0.75	97.494	2	5609	59.98500374906266
1624314771.82	750	59.606285	0.0	605550	101	0.75	101.494	2	5849	60
1624314775.57	750	59.920757	0.0	601791	99	0.75	105.495	2	6089	59.98500374906266
1624314779.31	750	59.99543	0.0	627361	102	0.75	109.495	2	6329	60
1624314783.57	750	59.74691	0.0	623214	98	0.75	113.495	2	6569	60
1624314787.84	750	59.52212	0.0	648266	105	0.75	117.495	2	6809	60
1624314791.57	750	59.834203	0.0	606947	98	0.75	121.495	2	7049	60
