1624311394.03	750	4	0.159	446149	84	-0.6787	0	0	0	0
1624311394.48	1200	8	0.0	1737810	265	0.75	0	0	0	0
1624311394.83	1200	11.838569	0.0	1497975	226	1.2	0	0	0	0
1624311395.22	1200	15.475545	0.0	1711143	256	1.2	0	0	0	0
1624311395.69	1200	19.033334	0.0	1733770	275	1.2	0	0	0	0
1624311396.13	1200	22.587199	0.0	1749315	273	1.2	0	0	0	0
1624311396.51	1200	26.183334	0.0	1603603	240	1.2	0	0	0	0
1624311396.98	1200	29.75	0.0	1702216	268	1.2	0	0	0	0
1624311397.38	1200	33.335735	0.0	1641950	243	1.2	0	0	0	0
1624311397.76	1200	36.931312	0.0	1559808	239	1.2	4.664	5	171	0
1624311398.16	1200	40.526198	0.0	1622647	260	1.2	4.664	5	171	0
1624311398.57	1200	44.121551	0.0	1630019	224	1.2	4.664	5	171	0
1624311398.96	1200	47.717358	0.0	1658562	258	1.2	4.664	5	171	0
1624311399.4	1200	51.312654	0.0	1669221	255	1.2	4.664	5	171	0
1624311399.83	1200	54.883334	0.0	1636310	251	1.2	4.664	5	171	0
1624311400.25	1200	58.463072	0.0	1732283	265	1.2	4.664	5	171	0
1624311403.16	1200	59.623417	0.0	1511913	235	1.2	8.663	8	411	59.264816204051
1624311407.09	1200	59.65	0.0	1593050	247	1.2	12.664	8	651	59.98500374906274
1624311411.07	1200	59.666667	0.0	1818927	280	1.2	16.663	8	891	60.01500375093772
1624311415.03	1200	59.696721	0.0	1667234	255	1.2	20.665	8	1131	59.97001499250376
1624311418.99	1200	59.722822	0.0	1633180	277	1.2	24.665	8	1371	60
1624311422.97	1200	59.755652	0.0	1663787	270	1.2	28.665	8	1611	60
1624311426.94	1200	59.786383	0.0	1674035	278	1.2	32.665	8	1851	60
1624311431.34	1200	59.530236	0.0	1460813	236	1.2	36.666	8	2091	59.98500374906277
1624311435.28	1200	59.559421	0.0	1541638	252	1.2	40.665	8	2331	60.0150037509377
1624311439.22	1200	59.588635	0.0	1680082	271	1.2	44.665	8	2571	60
1624311443.12	1200	59.615621	0.0	1542551	243	1.2	48.666	8	2811	59.98500374906277
1624311447.04	1200	59.926049	0.0	1603186	255	1.2	52.666	8	3051	60
1624311451.05	1200	59.680541	0.0	1611597	276	1.2	56.666	10	3291	59.5
1624311455.06	1200	59.717742	0.0	1888785	306	1.2	60.667	11	3531	59.73506623344157
1624311458.99	1200	59.747866	0.0	1552540	251	1.2	64.667	12	3771	59.75
1624311462.99	1200	59.779258	0.0	1957722	319	1.2	68.667	12	4011	60
1624311466.96	1200	59.795525	0.0	1766061	296	1.2	72.667	12	4251	60
1624311470.9	1200	59.827699	0.0	1645454	270	1.2	76.667	12	4491	60
1624311475.32	1200	59.569847	0.0	1604737	260	1.2	80.669	12	4731	59.97001499250382
1624311479.22	1200	59.6	0.0	1487527	245	1.2	84.67	12	4971	59.98500374906266
1624311483.21	1200	59.629411	0.0	1643954	251	1.2	88.67	12	5211	60
1624311487.14	1200	59.7	0.0	1555884	246	1.2	92.671	12	5451	59.98500374906266
1624311491.07	1200	59.7251	0.0	1535193	241	1.2	96.672	12	5691	59.98500374906288
1624311495.07	1200	59.75079	0.0	1551114	253	1.2	100.673	12	5931	59.98500374906266
1624311499.06	1200	59.780151	0.0	1575918	255	1.2	104.672	12	6171	60.01500375093781
1624311503.01	1200	59.878207	0.0	1672619	255	1.2	108.673	12	6411	59.98500374906266
1624311506.92	1200	59.906317	0.0	1631168	256	1.2	112.674	12	6651	59.98500374906266
1624311510.86	1200	59.94158	0.0	1687116	260	1.2	116.674	12	6891	60
1624311514.79	1200	59.972784	0.0	1644749	242	1.2	120.675	12	7131	59.98500374906288
