1624285023.24	750	4	0.545	446149	400	-2.3385000000000002	0	0	0	0
1624285024.83	1850	8	0.0	3302713	1177	0.75	0	0	0	0
1624285025.47	1850	11.4	0.0	2780269	461	1.85	0	0	0	0
1624285026.38	1850	14.516667	0.0	3138830	691	1.85	5.23	1	65	0
1624285027.07	1850	17.816667	0.0	3252745	493	1.85	5.23	1	65	0
1624285027.77	1850	21.1	0.0	3175667	508	1.85	5.23	1	65	0
1624285028.45	1850	24.433334	0.0	2962628	469	1.85	5.23	1	65	0
1624285029.22	1850	27.7	0.0	3242545	533	1.85	5.23	1	65	0
1624285030.0	1850	30.933334	0.0	2999470	514	1.85	9.229	27	303	53.01325331332835
1624285030.78	1850	34.133334	0.0	2926075	512	1.85	9.229	27	303	53.01325331332835
1624285031.45	1850	37.433334	0.0	3029009	382	1.85	9.229	27	303	53.01325331332835
1624285032.16	1850	40.733334	0.0	3113599	501	1.85	9.229	27	303	53.01325331332835
1624285032.88	1850	44	0.0	3116790	506	1.85	9.229	27	303	53.01325331332835
1624285033.61	1850	47.283334	0.0	3132453	516	1.85	9.229	27	303	53.01325331332835
1624285034.34	1850	50.55	0.0	2994095	531	1.85	13.23	61	545	51.98700324918769
1624285035.13	1850	53.783334	0.0	3154088	518	1.85	13.23	61	545	51.98700324918769
1624285035.87	1850	57.011832	0.0	2803553	504	1.85	13.23	61	545	51.98700324918769
1624285037.23	1850	59.678101	0.0	3039477	555	1.85	13.23	61	545	51.98700324918769
1624285041.52	1850	59.994286	0.0	3356332	540	1.85	17.232	75	784	56.22188905547228
