1624282558.4	750	4	0.17	447032	71	-0.726	0	0	0	0
1624282558.97	1850	8	0.0	2254830	322	0.75	0	0	0	0
1624282559.4	1850	12	0.0	1837501	265	1.85	0	0	0	0
1624282559.85	1850	16	0.0	2108748	255	1.85	0	0	0	0
1624282560.38	1850	19.915741	0.0	2229492	383	1.85	0	0	0	0
1624282560.84	1850	23.471442	0.0	2078237	308	1.85	0	0	0	0
1624282561.3	1850	27.026653	0.0	2030644	310	1.85	0	0	0	0
1624282561.92	1850	30.381609	0.0	2298831	438	1.85	5.272	0	41	0
1624282562.45	1850	33.857443	0.0	2164964	369	1.85	5.272	0	41	0
1624282562.94	1850	37.374034	0.0	2175479	341	1.85	5.272	0	41	0
1624282563.43	1850	40.890024	0.0	2156805	310	1.85	5.272	0	41	0
1624282563.99	1850	44.324814	0.0	2101523	335	1.85	5.272	0	41	0
1624282564.49	1850	47.840881	0.0	2344608	337	1.85	5.272	0	41	0
1624282565.03	1850	51.276601	0.0	2334646	336	1.85	5.272	0	41	0
1624282565.5	1850	54.833643	0.0	2109579	320	1.85	5.272	0	41	0
1624282565.99	1850	58.349577	0.0	2097243	310	1.85	9.273	0	161	29.99250187453137
1624282568.98	1850	59.518816	0.0	2054074	310	1.85	9.273	0	161	29.99250187453137
1624282572.47	1850	59.833598	0.0	2079344	286	1.85	13.272	0	281	30.00750187546886
1624282576.51	1850	59.86867	0.0	2353718	346	1.85	17.272	0	401	30.000000000000014
