1624277336.57	750	4	0.313	447032	189	-1.3409	0	0	0	0
1624277337.76	2850	8	0.0	3731877	674	0.75	0	0	0	0
1624277338.51	2850	12	0.0	2988743	574	2.85	0	0	0	0
1624277339.59	2850	15.508228	0.0	3344033	830	2.85	6.028	0	2	0
1624277340.33	2850	18.740639	0.0	3588671	516	2.85	6.028	0	2	0
1624277341.08	2850	22.015077	0.0	3516436	513	2.85	6.028	0	2	0
1624277341.84	2850	25.207913	0.0	3520561	562	2.85	6.028	0	2	0
1624277342.84	2850	28.239859	0.0	3787958	781	2.85	6.028	0	2	0
1624277343.57	2850	31.633334	0.0	3482140	514	2.85	10.028	0	119	29.249999999999993
1624277344.33	2850	34.744783	0.0	3620909	571	2.85	10.028	0	119	29.249999999999993
1624277345.15	2850	37.936981	0.0	3578596	555	2.85	10.028	0	119	29.249999999999993
1624277345.9	2850	41.171272	0.0	3430213	509	2.85	10.028	0	119	29.249999999999993
1624277346.81	2850	44.333334	0.0	3873343	593	2.85	10.028	0	119	29.249999999999993
1624277347.69	2850	47.394519	0.0	4055051	649	2.85	14.028	22	242	25.25
1624277348.43	2850	50.628264	0.0	3383484	540	2.85	14.028	22	242	25.25
1624277349.28	2850	53.833334	0.0	3439708	564	2.85	14.028	22	242	25.25
