1624281482.91	750	4	0.363	447032	221	-1.5558999999999998	0	0	0	0
1624281483.72	1850	7.75622	0.0	2254830	357	0.75	0	0	0	0
1624281484.26	1850	11.233334	0.0	1837501	341	1.85	0	0	0	0
1624281484.78	1850	14.707448	0.0	2108748	318	1.85	0	0	0	0
1624281485.29	1850	18.183532	0.0	2229492	367	1.85	0	0	0	0
1624281485.95	1850	21.496029	0.0	2078237	506	1.85	0	0	0	0
1624281486.43	1850	25.05307	0.0	2030644	297	1.85	4.734	0	77	0
1624281486.99	1850	28.489534	0.0	2298831	337	1.85	4.734	0	77	0
1624281487.49	1850	32.004818	0.0	2164964	302	1.85	4.734	0	77	0
1624281487.98	1850	35.480463	0.0	2175479	317	1.85	4.734	0	77	0
1624281488.51	1850	38.995759	0.0	2156805	328	1.85	4.734	0	77	0
1624281489.01	1850	42.47126	0.0	2101523	317	1.85	4.734	0	77	0
1624281489.54	1850	45.940384	0.0	2344608	365	1.85	4.734	0	77	0
1624281490.03	1850	49.412523	0.0	2334646	342	1.85	8.734	1	197	29.75
1624281490.52	1850	52.928422	0.0	2109579	319	1.85	8.734	1	197	29.75
1624281491.01	1850	56.443898	0.0	2097243	315	1.85	8.734	1	197	29.75
1624281491.99	1850	59.555721	0.0	2054074	326	1.85	8.734	1	197	29.75
1624281496.05	1850	59.628901	0.0	2079344	327	1.85	12.733	1	317	30.00750187546886
1624281499.59	1850	59.96276	0.0	2353718	360	1.85	16.734	1	437	29.992501874531357
1624281503.58	1850	59.995371	0.0	2119053	303	1.85	20.734	1	557	30
1624281508.08	1850	59.452482	0.0	2145449	308	1.85	24.734	1	677	30
1624281512.08	1850	59.496278	0.0	2087310	305	1.85	28.734	1	797	30
1624281515.65	1850	59.823207	0.0	2348666	349	1.85	32.735	1	917	29.992501874531385
1624281519.64	1850	59.854507	0.0	1801794	268	1.85	36.735	1	1037	30
1624281523.62	1850	59.882404	0.0	1864524	291	1.85	40.736	1	1157	29.992501874531385
1624281527.6	1850	59.903201	0.0	2051691	319	1.85	44.736	1	1277	30
1624281531.54	1850	59.925022	0.0	1898420	278	1.85	48.736	1	1397	30
1624281535.54	1850	59.987183	0.0	2276304	354	1.85	52.737	1	1517	29.99250187453133
1624281540.07	1850	59.492357	0.0	2239013	327	1.85	56.737	1	1637	30
1624281544.14	1850	59.523818	0.0	2417622	374	1.85	60.737	1	1757	30
1624281547.66	1850	59.833541	0.0	1950728	286	1.85	64.737	1	1877	30.000000000000053
1624281551.7	1850	59.896441	0.0	2268079	338	1.85	68.737	1	1997	30
1624281556.21	1850	59.438803	0.0	2105954	291	1.85	72.738	1	2117	29.99250187453133
1624281559.76	1850	59.747467	0.0	2049597	285	1.85	76.738	1	2237	30
1624281563.8	1850	59.77655	0.0	2267452	345	1.85	80.738	1	2357	30
1624281567.78	1850	59.803834	0.0	1977775	297	1.85	84.738	1	2477	30
1624281571.83	1850	59.821975	0.0	2145766	327	1.85	88.738	1	2597	30
1624281575.81	1850	59.854654	0.0	2064567	290	1.85	92.739	1	2717	29.99250187453133
1624281579.8	1850	59.882757	0.0	1899367	252	1.85	96.738	1	2837	30.007501875468904
1624281583.77	1850	59.913716	0.0	2118078	300	1.85	100.741	1	2957	29.977516862353234
1624281587.8	1850	59.943109	0.0	2045638	310	1.85	104.739	1	3077	30.015007503751843
1624281591.76	1850	59.971507	0.0	2132751	316	1.85	108.739	1	3197	30
1624281595.72	1850	59.994353	0.0	2105800	309	1.85	112.74	1	3317	29.99250187453144
1624281599.78	1850	59.769464	0.0	2117310	309	1.85	116.74	1	3437	30
1624281603.74	1850	59.800044	0.0	2106167	306	1.85	120.741	1	3557	29.99250187453133
