1624324500.63	750	4	0.169	446149	77	-0.7216999999999999	0	0	0	0
1624324501.06	1200	8	0.0	1737810	221	0.75	0	0	0	0
1624324501.41	1200	12	0.0	1497975	229	1.2	0	0	0	0
1624324501.82	1200	16	0.0	1711143	261	1.2	0	0	0	0
1624324502.27	1200	19.913579	0.0	1733770	303	1.2	0	0	0	0
1624324502.67	1200	23.511071	0.0	1749315	267	1.2	0	0	0	0
1624324503.06	1200	27.106909	0.0	1603603	253	1.2	0	0	0	0
1624324503.52	1200	30.683334	0.0	1702216	262	1.2	0	0	0	0
1624324504.14	1200	34.233334	0.0	1641950	255	1.2	5.174	2	103	0
1624324504.53	1200	37.65	0.0	1559808	247	1.2	5.174	2	103	0
1624324504.97	1200	41.245466	0.0	1622647	255	1.2	5.174	2	103	0
1624324505.4	1200	44.800453	0.0	1630019	245	1.2	5.174	2	103	0
1624324505.81	1200	48.397363	0.0	1658562	257	1.2	5.174	2	103	0
1624324506.25	1200	52	0.0	1669221	273	1.2	5.174	2	103	0
1624324506.7	1200	55.5	0.0	1636310	265	1.2	5.174	2	103	0
1624324507.12	1200	59.061119	0.0	1732283	264	1.2	5.174	2	103	0
1624324510.53	1200	59.744944	0.0	1511913	238	1.2	9.173	15	343	56.76419104776195
1624324514.49	1200	59.778088	0.0	1593050	261	1.2	13.173	15	583	60
1624324518.46	1200	59.812416	0.0	1818927	279	1.2	17.174	15	823	59.98500374906274
1624324522.43	1200	59.845171	0.0	1667234	282	1.2	21.174	16	1063	59.75
1624324526.42	1200	59.924889	0.0	1633180	311	1.2	25.175	16	1303	59.98500374906271
1624324530.35	1200	59.995184	0.0	1663787	232	1.2	29.175	16	1543	60
1624324534.82	1200	59.500716	0.0	1674035	249	1.2	33.175	18	1783	59.50000000000005
1624324538.74	1200	59.537905	0.0	1460813	226	1.2	37.175	18	2023	60
1624324542.64	1200	59.569547	0.0	1541638	242	1.2	41.175	18	2263	60
1624324546.57	1200	59.886524	0.0	1680082	259	1.2	45.182	18	2503	59.895183428999175
1624324550.51	1200	59.914986	0.0	1542551	249	1.2	49.176	18	2743	60.09013520280421
1624324554.44	1200	59.945554	0.0	1603186	246	1.2	53.176	18	2983	60
1624324558.37	1200	59.979684	0.0	1611597	258	1.2	57.177	18	3223	59.98500374906277
1624324562.88	1200	59.472474	0.0	1888785	311	1.2	61.177	18	3463	60
1624324566.78	1200	59.511818	0.0	1552540	235	1.2	65.177	18	3703	59.99999999999989
1624324570.84	1200	59.553878	0.0	1957722	320	1.2	69.178	18	3943	59.98500374906288
1624324574.78	1200	59.59758	0.0	1766061	278	1.2	73.178	18	4183	60
1624324578.73	1200	59.639365	0.0	1645454	260	1.2	77.178	18	4423	60
1624324582.67	1200	59.66939	0.0	1604737	219	1.2	81.178	18	4663	60
1624324586.66	1200	59.741972	0.0	1487527	269	1.2	85.179	18	4903	59.98500374906266
1624324590.89	1200	59.495821	0.0	1643954	264	1.2	89.179	19	5143	59.75
1624324594.39	1200	59.812359	0.0	1555884	236	1.2	93.179	19	5383	60
1624324598.87	1200	59.564422	0.0	1535193	241	1.2	97.179	19	5623	60
1624324602.33	1200	59.873476	0.0	1551114	248	1.2	101.18	19	5863	59.98500374906266
1624324606.34	1200	59.905513	0.0	1575918	266	1.2	105.179	21	6103	59.51487871967999
1624324610.26	1200	59.944604	0.0	1672619	251	1.2	109.18	21	6343	59.98500374906266
1624324614.66	1200	59.7	0.0	1631168	243	1.2	113.18	21	6583	60
1624324618.6	1200	59.770226	0.0	1687116	257	1.2	117.18	21	6823	60
1624324622.52	1200	59.836919	0.0	1644749	245	1.2	121.18	21	7063	60
