1624305585.61	750	4	0.236	446149	107	-1.0097999999999998	0	0	0	0
1624305585.85	300	8	0.0	458211	110	-0.15000000000000002	0	0	0	0
1624305586.04	300	12	0.0	390124	77	0.3	0	0	0	0
1624305586.28	300	16	0.0	474461	114	0.3	0	0	0	0
1624305586.51	300	20	0.0	444309	106	0.3	0	0	0	0
1624305586.69	300	24	0.0	443120	76	0.3	0	0	0	0
1624305586.85	300	28	0.0	416509	70	0.3	0	0	0	0
1624305587.03	300	32	0.0	451355	70	0.3	0	0	0	0
1624305587.24	300	36	0.0	417757	66	0.3	0	0	0	0
1624305587.44	300	39.956703	0.0	415350	64	0.3	0	0	0	0
1624305587.63	300	43.754976	0.0	433531	77	0.3	0	0	0	0
1624305587.81	300	47.552761	0.0	422916	73	0.3	0	0	0	0
1624305588.03	300	51.350786	0.0	459414	96	0.3	0	0	0	0
1624305588.21	300	55.189141	0.0	450936	70	0.3	0	0	0	0
1624305588.39	300	58.98624	0.0	439746	76	0.3	0	0	0	0
1624305591.82	300	59.734682	0.0	432189	295	0.3	5.617	0	83	0
1624305596.08	300	59.469459	0.0	396094	95	0.3	9.617	0	323	59.999999999999986
1624305599.8	300	59.818811	0.0	420942	69	0.3	13.618	0	563	59.98500374906274
1624305604.06	300	59.560581	0.0	477686	82	0.3	17.618	0	803	60.00000000000003
1624305607.79	300	59.870458	0.0	429484	63	0.3	21.619	0	1043	59.98500374906271
1624305611.52	300	59.9	0.0	428693	80	0.3	25.619	0	1283	60
1624305615.74	300	59.640954	0.0	445526	76	0.3	29.619	0	1523	60
1624305619.49	300	59.955818	0.0	459785	77	0.3	33.619	0	1763	60
1624305623.7	300	59.696792	0.0	395717	61	0.3	37.62	0	2003	59.98500374906277
1624305627.9	300	59.726921	0.0	421854	65	0.3	41.619	0	2243	60.0150037509377
1624305632.12	300	59.470875	0.0	464457	67	0.3	45.62	0	2483	59.98500374906277
1624305635.87	300	59.771593	0.0	430202	61	0.3	49.621	0	2723	59.98500374906266
1624305639.62	300	59.778958	0.0	445549	75	0.3	53.622	0	2963	59.98500374906277
1624305643.87	300	59.781912	0.0	449734	83	0.3	57.622	0	3203	60
1624305647.66	300	59.801196	0.0	478634	84	0.3	61.621	0	3443	60.0150037509377
1624305651.94	300	59.586033	0.0	421756	85	0.3	65.622	0	3683	59.98500374906277
1624305655.74	300	59.887591	0.0	500580	84	0.3	69.622	0	3923	60
1624305659.52	300	59.954238	0.0	471259	80	0.3	73.622	0	4163	60
1624305663.78	300	59.685116	0.0	447061	71	0.3	77.623	0	4403	59.98500374906266
1624305667.54	300	59.994487	0.0	414676	70	0.3	81.623	0	4643	60
1624305671.81	300	59.687769	0.0	407398	62	0.3	85.623	0	4883	60
1624305675.57	300	59.993052	0.0	438602	82	0.3	89.624	0	5123	59.98500374906288
1624305679.8	300	59.734853	0.0	421192	75	0.3	93.623	0	5363	60.015003750937595
1624305684.03	300	59.471281	0.0	414269	71	0.3	97.624	0	5603	59.98500374906288
1624305687.75	300	59.772119	0.0	427172	77	0.3	101.624	0	5843	60
1624305692.0	300	59.512412	0.0	435036	79	0.3	105.626	0	6083	59.97001499250361
1624305695.75	300	59.819062	0.0	454750	84	0.3	109.627	0	6323	59.98500374906288
1624305699.99	300	59.555787	0.0	436843	67	0.3	113.627	0	6563	60
1624305703.71	300	59.861122	0.0	455439	86	0.3	117.626	0	6803	60.015003750937595
1624305707.92	300	59.636433	0.0	439643	61	0.3	121.627	0	7044	60.23494126468397
