1624315533.4	750	4	0.168	446149	87	-0.7173999999999999	0	0	0	0
1624315533.86	1200	8	0.0	1737810	276	0.75	0	0	0	0
1624315534.21	1200	11.913693	0.0	1497975	239	1.2	0	0	0	0
1624315534.62	1200	15.510549	0.0	1711143	259	1.2	0	0	0	0
1624315535.06	1200	19.067858	0.0	1733770	278	1.2	0	0	0	0
1624315535.52	1200	22.6	0.0	1749315	286	1.2	0	0	0	0
1624315535.92	1200	26.178636	0.0	1603603	257	1.2	0	0	0	0
1624315536.35	1200	29.774029	0.0	1702216	272	1.2	0	0	0	0
1624315536.77	1200	33.370839	0.0	1641950	268	1.2	0	0	0	0
1624315537.15	1200	36.966667	0.0	1559808	247	1.2	4.631	4	166	0
1624315537.54	1200	40.566667	0.0	1622647	250	1.2	4.631	4	166	0
1624315537.96	1200	44.159131	0.0	1630019	272	1.2	4.631	4	166	0
1624315538.41	1200	47.716667	0.0	1658562	271	1.2	4.631	4	166	0
1624315538.81	1200	51.310049	0.0	1669221	263	1.2	4.631	4	166	0
1624315539.22	1200	54.906665	0.0	1636310	266	1.2	4.631	4	166	0
1624315539.65	1200	58.462626	0.0	1732283	282	1.2	4.631	4	166	0
1624315542.54	1200	59.742816	0.0	1511913	240	1.2	8.63	6	406	59.51487871967991
1624315546.46	1200	59.769035	0.0	1593050	265	1.2	12.63	6	646	60
1624315550.41	1200	59.790605	0.0	1818927	291	1.2	16.631	6	886	59.98500374906274
1624315554.36	1200	59.805493	0.0	1667234	264	1.2	20.631	8	1126	59.5
1624315558.29	1200	59.821448	0.0	1633180	266	1.2	24.634	8	1366	59.95503372470647
1624315562.77	1200	59.56956	0.0	1663787	274	1.2	28.634	9	1606	59.75
1624315566.24	1200	59.873498	0.0	1674035	291	1.2	32.634	9	1846	60
1624315570.64	1200	59.617596	0.0	1460813	246	1.2	36.634	9	2086	60
1624315574.56	1200	59.652297	0.0	1541638	245	1.2	40.634	9	2326	60
1624315578.48	1200	59.675859	0.0	1680082	257	1.2	44.636	9	2566	59.970014992503714
1624315582.41	1200	59.98613	0.0	1542551	241	1.2	48.635	9	2806	60.01500375093781
1624315586.85	1200	59.439735	0.0	1603186	267	1.2	52.636	9	3046	59.98500374906266
1624315590.77	1200	59.505629	0.0	1611597	275	1.2	56.636	9	3286	60
1624315594.74	1200	59.538427	0.0	1888785	308	1.2	60.643	9	3526	59.89518342899928
1624315598.65	1200	59.564888	0.0	1552540	260	1.2	64.643	9	3766	60
1624315602.63	1200	59.597276	0.0	1957722	318	1.2	68.644	9	4007	60.234941264683755
1624315606.59	1200	59.62179	0.0	1766061	297	1.2	72.644	9	4246	59.75
1624315610.56	1200	59.654458	0.0	1645454	279	1.2	76.643	9	4487	60.26506626656671
1624315614.51	1200	59.680502	0.0	1604737	258	1.2	80.644	9	4727	59.98500374906266
1624315618.4	1200	59.988888	0.0	1487527	233	1.2	84.644	9	4967	60
1624315622.37	1200	59.7718	0.0	1643954	262	1.2	88.644	9	5207	60
1624315626.36	1200	59.803573	0.0	1555884	265	1.2	92.663	10	5448	59.71634735008722
1624315630.31	1200	59.831554	0.0	1535193	256	1.2	96.664	10	5688	59.98500374906266
1624315634.75	1200	59.572078	0.0	1551114	253	1.2	100.665	10	5928	59.98500374906266
1624315638.7	1200	59.600414	0.0	1575918	259	1.2	104.665	10	6168	60
1624315642.64	1200	59.63335	0.0	1672619	270	1.2	108.665	10	6408	60
1624315646.6	1200	59.661475	0.0	1631168	258	1.2	112.665	10	6648	60
1624315650.52	1200	59.688986	0.0	1687116	271	1.2	116.666	10	6888	59.98500374906288
1624315654.44	1200	59.716667	0.0	1644749	271	1.2	120.666	10	7128	60
