1624266833.25	750	4	0.427	446149	254	-1.8310999999999997	0	0	0	0
1624266834.12	1850	8	0.0	3302713	636	0.75	0	0	0	0
1624266834.79	1850	11.917214	0.0	2780269	482	1.85	0	0	0	0
1624266835.6	1850	15.133334	0.0	3138830	592	1.85	0	0	0	0
1624266836.47	1850	18.333334	0.0	3252745	578	1.85	5.183	4	97	0
1624266837.29	1850	21.45	0.0	3175667	586	1.85	5.183	4	97	0
1624266837.98	1850	24.733334	0.0	2962628	492	1.85	5.183	4	97	0
1624266838.76	1850	28	0.0	3242545	585	1.85	5.183	4	97	0
1624266839.51	1850	31.25	0.0	2999470	499	1.85	5.183	4	97	0
1624266840.28	1850	34.45	0.0	2926075	538	1.85	5.183	4	97	0
1624266841.15	1850	37.6	0.0	3029009	610	1.85	9.235	31	341	53.55380059230011
1624266841.94	1850	40.802878	0.0	3113599	556	1.85	9.235	31	341	53.55380059230011
1624266842.81	1850	43.916667	0.0	3116790	634	1.85	9.235	31	341	53.55380059230011
1624266843.67	1850	47.066667	0.0	3132453	626	1.85	9.235	31	341	53.55380059230011
1624266844.44	1850	50.283334	0.0	2994095	580	1.85	13.235	45	581	56.5
1624266845.16	1850	53.567235	0.0	3154088	517	1.85	13.235	45	581	56.5
1624266845.98	1850	56.733334	0.0	2803553	625	1.85	13.235	45	581	56.5
1624266847.18	1850	59.706459	0.0	3039477	471	1.85	13.235	45	581	56.5
1624266851.53	1850	59.454487	0.0	3356332	523	1.85	17.235	55	821	57.5
1624266855.22	1850	59.483334	0.0	3105690	486	1.85	21.245	56	1061	59.60099750623439
1624266858.92	1850	59.795356	0.0	3008856	478	1.85	25.245	58	1301	59.5
1624266863.14	1850	59.822499	0.0	3066869	488	1.85	29.245	60	1541	59.5
1624266866.84	1850	59.85449	0.0	3178549	459	1.85	33.245	62	1781	59.50000000000005
1624266870.93	1850	59.923888	0.0	2577778	380	1.85	37.246	64	2021	59.48512871782047
1624266875.09	1850	59.681261	0.0	2819145	448	1.85	41.246	65	2261	59.75
1624266879.98	1850	59.451766	0.0	3037564	496	1.85	45.257	82	2502	55.846422338569
1624266882.92	1850	59.809205	0.0	2852411	464	1.85	49.25	88	2741	58.35211620335584
