1624348417.44	750	4	1.436	446149	641	-6.1698	0	0	0	0
1624348420.2	750	5.15504	0.0	657276	954	0.75	7.613	0	45	0
1624348421.16	750	8.468005	0.0	531142	109	0.75	7.613	0	45	0
1624348422.02	750	11.329323	0.0	641782	712	0.75	7.613	0	45	0
1624348430.91	750	8.356698	0.0	655328	2031	0.75	17.799	0	656	59.97001499250376
1624348432.44	750	8.912742	0.0	643029	1371	0.75	21.798	0	896	60.01500375093775
1624348433.29	750	12.384348	0.0	586466	96	0.75	21.798	0	896	60.01500375093775
1624348435.69	750	13.66927	0.0	640646	2148	0.75	21.798	0	896	60.01500375093775
1624348438.84	750	15.840227	0.0	603976	104	0.75	25.798	0	1136	60
1624348439.89	750	17.486206	0.0	579575	506	0.75	25.798	0	1136	60
1624348446.84	750	14.95	0.0	622523	543	0.75	34.558	0	1662	60.04566210045661
1624348450.8	750	14.570798	0.0	590406	1568	0.75	38.699	0	1910	59.8889157208404
1624348451.03	750	18.329167	0.0	636852	125	0.75	38.699	0	1910	59.8889157208404
1624348451.26	750	22.085655	0.0	619167	118	0.75	38.699	0	1910	59.8889157208404
1624348451.49	750	25.884293	0.0	636453	133	0.75	38.699	0	1910	59.8889157208404
1624348451.77	750	29.601402	0.0	637789	157	0.75	38.699	0	1910	59.8889157208404
1624348452.02	750	33.359388	0.0	574537	106	0.75	38.699	0	1910	59.8889157208404
1624348452.23	750	37.117046	0.0	595492	91	0.75	38.699	0	1910	59.8889157208404
1624348452.53	750	40.834383	0.0	662075	144	0.75	38.699	0	1910	59.8889157208404
1624348452.95	750	44.431045	0.0	622438	314	0.75	38.699	0	1910	59.8889157208404
1624348453.23	750	48.148213	0.0	607166	146	0.75	42.7	0	2150	59.98500374906266
1624348453.49	750	51.865111	0.0	615645	122	0.75	42.7	0	2150	59.98500374906266
1624348453.76	750	55.583334	0.0	651954	143	0.75	42.7	0	2150	59.98500374906266
1624348454.02	750	59.339952	0.0	550774	116	0.75	42.7	0	2150	59.98500374906266
1624348457.76	750	59.857953	0.0	594579	83	0.75	46.699	0	2390	60.01500375093781
1624348461.59	750	59.876764	0.0	632394	122	0.75	50.706	0	2631	60.14474669328667
1624348465.83	750	59.622412	0.0	575968	107	0.75	54.707	0	2871	59.98500374906277
1624348469.62	750	59.939357	0.0	632851	135	0.75	58.707	0	3111	60
1624348473.42	750	59.958733	0.0	604086	96	0.75	62.708	0	3351	59.98500374906277
1624348477.72	750	59.7	0.0	712976	144	0.75	66.707	0	3591	60.01500375093781
1624348481.95	750	59.445527	0.0	581323	95	0.75	70.707	0	3831	60
1624348485.75	750	59.84388	0.0	729373	124	0.75	74.709	0	4071	59.97001499250361
1624348489.54	750	59.902471	0.0	670981	122	0.75	78.71	0	4311	59.98500374906288
1624348493.86	750	59.6518	0.0	621207	107	0.75	82.71	0	4551	60
1624348497.65	750	59.966667	0.0	579598	103	0.75	86.711	0	4791	59.98500374906266
1624348501.88	750	59.469155	0.0	558064	94	0.75	90.71	0	5031	60.01500375093781
1624348505.62	750	59.777428	0.0	609656	103	0.75	94.71	0	5271	60
1624348509.88	750	59.521668	0.0	599153	101	0.75	98.711	0	5511	59.98500374906266
1624348513.63	750	59.830579	0.0	574452	109	0.75	102.711	0	5751	60
1624348517.88	750	59.57827	0.0	605550	106	0.75	106.718	0	5991	59.895183428999175
1624348521.74	750	59.89053	0.0	601791	225	0.75	110.72	0	6231	59.97001499250382
1624348525.51	750	59.917516	0.0	627361	145	0.75	114.719	0	6471	60.01500375093781
1624348529.88	750	59.662024	0.0	623214	121	0.75	118.72	0	6711	59.98500374906266
1624348533.61	750	59.964743	0.0	648266	116	0.75	122.72	0	6951	60
1624348537.82	750	59.713725	0.0	606947	104	0.75	126.721	0	7192	60.234941264683755
