1624336637.54	750	4	0.167	446149	93	-0.7131000000000001	0	0	0	0
1624336637.83	750	8	0.0	657276	122	0.75	0	0	0	0
1624336638.03	750	12	0.0	531142	106	0.75	0	0	0	0
1624336638.26	750	15.959403	0.0	641782	121	0.75	0	0	0	0
1624336638.5	750	19.717325	0.0	655328	144	0.75	0	0	0	0
1624336638.75	750	23.47532	0.0	643029	142	0.75	0	0	0	0
1624336639.02	750	27.233334	0.0	586466	143	0.75	0	0	0	0
1624336639.3	750	30.951122	0.0	640646	139	0.75	0	0	0	0
1624336639.52	750	34.707837	0.0	603976	120	0.75	0	0	0	0
1624336639.73	750	38.506375	0.0	579575	117	0.75	0	0	0	0
1624336639.96	750	42.262734	0.0	622523	131	0.75	0	0	0	0
1624336640.18	750	46.060987	0.0	590406	118	0.75	0	0	0	0
1624336640.45	750	49.778702	0.0	636852	128	0.75	0	0	0	0
1624336640.73	750	53.494808	0.0	619167	126	0.75	0	0	0	0
1624336640.96	750	57.252173	0.0	636453	136	0.75	0	0	0	0
1624336642.8	750	59.757061	0.0	637789	128	0.75	4.631	0	168	0
1624336646.57	750	59.788159	0.0	574537	122	0.75	8.634	0	408	59.95503372470647
1624336650.82	750	59.535647	0.0	595492	118	0.75	12.634	0	648	60
1624336654.57	750	59.846348	0.0	662075	126	0.75	16.634	0	888	60
1624336658.84	750	59.597819	0.0	622438	119	0.75	20.634	0	1128	60
1624336662.73	750	59.624684	0.0	607166	207	0.75	24.634	0	1368	60
1624336666.54	750	59.936002	0.0	615645	148	0.75	28.635	0	1608	59.98500374906271
1624336670.34	750	59.972799	0.0	651954	133	0.75	32.635	0	1848	60.00000000000006
1624336674.73	750	59.763977	0.0	550774	239	0.75	36.635	0	2088	60
1624336678.57	750	59.788065	0.0	594579	172	0.75	40.636	0	2328	59.98500374906266
1624336682.9	750	59.527706	0.0	632394	137	0.75	44.636	0	2568	60
1624336686.71	750	59.559622	0.0	575968	153	0.75	48.636	0	2808	60
1624336690.53	750	59.876322	0.0	632851	174	0.75	52.635	0	3048	60.01500375093781
1624336694.79	750	59.614256	0.0	604086	117	0.75	56.636	0	3288	59.98500374906266
1624336698.61	750	59.926373	0.0	712976	142	0.75	60.636	0	3528	60
1624336702.41	750	59.955029	0.0	581323	162	0.75	64.637	0	3768	59.98500374906277
1624336706.72	750	59.697218	0.0	729373	142	0.75	68.637	0	4008	60
1624336711.0	750	59.43229	0.0	670981	138	0.75	72.637	0	4248	60
1624336714.76	750	59.746944	0.0	621207	130	0.75	76.638	0	4488	59.98500374906266
1624336718.52	750	59.770925	0.0	579598	127	0.75	80.638	0	4728	60
1624336722.79	750	59.519587	0.0	558064	116	0.75	84.639	0	4968	59.98500374906288
1624336726.57	750	59.833557	0.0	609656	123	0.75	88.639	0	5208	60
1624336730.38	750	59.900675	0.0	599153	168	0.75	92.639	0	5448	60
1624336734.66	750	59.647635	0.0	574452	145	0.75	96.639	0	5689	60.25
1624336738.45	750	59.957085	0.0	605550	129	0.75	100.639	0	5928	59.75
1624336742.71	750	59.704801	0.0	601791	117	0.75	104.639	0	6168	60
1624336746.96	750	59.453219	0.0	627361	128	0.75	108.64	0	6408	59.98500374906266
1624336750.72	750	59.757887	0.0	623214	141	0.75	112.641	0	6649	60.234941264683755
1624336754.48	750	59.780888	0.0	648266	145	0.75	116.64	0	6889	60.01500375093781
1624336758.72	750	59.529882	0.0	606947	122	0.75	120.641	0	7129	59.98500374906266
