1624272935.64	750	4	0.19	447032	116	-0.8119999999999999	0	0	0	0
1624272936.61	2850	7.566667	0.0	3731877	704	0.75	0	0	0	0
1624272937.44	2850	10.733334	0.0	2988743	594	2.85	0	0	0	0
1624272938.23	2850	13.940502	0.0	3344033	590	2.85	0	0	0	0
1624272939.0	2850	17.173892	0.0	3588671	576	2.85	0	0	0	0
1624272939.81	2850	20.368471	0.0	3516436	578	2.85	4.643	1	88	0
1624272940.75	2850	23.4	0.0	3520561	728	2.85	4.643	1	88	0
1624272941.57	2850	26.592242	0.0	3787958	596	2.85	4.643	1	88	0
1624272942.29	2850	29.866705	0.0	3482140	502	2.85	4.643	1	88	0
1624272943.21	2850	32.966667	0.0	3620909	689	2.85	8.643	4	208	29.249999999999993
1624272943.97	2850	36.204999	0.0	3578596	570	2.85	8.643	4	208	29.249999999999993
1624272944.73	2850	39.438384	0.0	3430213	557	2.85	8.643	4	208	29.249999999999993
1624272945.74	2850	42.433334	0.0	3873343	773	2.85	8.643	4	208	29.249999999999993
1624272946.78	2850	45.466667	0.0	4055051	717	2.85	8.643	4	208	29.249999999999993
1624272947.54	2850	48.611962	0.0	3383484	568	2.85	12.643	7	328	29.25
1624272948.38	2850	51.805237	0.0	3439708	591	2.85	12.643	7	328	29.25
1624272949.2	2850	54.998882	0.0	3270011	600	2.85	12.643	7	328	29.25
1624272950.27	2850	57.906071	0.0	3397053	812	2.85	12.643	7	328	29.25
1624272952.71	2850	59.644626	0.0	3855639	593	2.85	16.643	7	447	29.75
1624272956.39	2850	59.987516	0.0	3553518	833	2.85	20.643	8	568	30
1624272960.75	2850	59.447216	0.0	3560530	587	2.85	24.643	8	688	30
1624272964.42	2850	59.762489	0.0	3529545	860	2.85	28.644	8	808	29.992501874531385
1624272968.4	2850	59.794356	0.0	3944215	738	2.85	32.644	8	928	30
1624272972.84	2850	59.531676	0.0	2874206	668	2.85	36.644	8	1048	30
1624272976.67	2850	59.564902	0.0	3298545	561	2.85	40.644	8	1168	30
1624272980.61	2850	59.601489	0.0	3406141	675	2.85	44.645	8	1288	29.99250187453133
1624272984.57	2850	59.634539	0.0	3134119	743	2.85	48.652	8	1408	29.94759171449964
1624272988.68	2850	59.664916	0.0	3769859	835	2.85	52.653	8	1528	29.992501874531385
1624272992.64	2850	59.69156	0.0	3566857	649	2.85	56.652	8	1648	30.00750187546885
1624272996.78	2850	59.716345	0.0	3935536	836	2.85	60.653	8	1768	29.992501874531385
1624273000.74	2850	59.497147	0.0	3251953	668	2.85	64.654	8	1888	29.992501874531385
1624273004.64	2850	59.805411	0.0	3744840	596	2.85	68.653	8	2008	30.007501875468797
1624273008.66	2850	59.555346	0.0	3455854	765	2.85	72.654	8	2128	29.99250187453144
1624273012.49	2850	59.904556	0.0	3548731	563	2.85	76.654	8	2248	30
1624273016.73	2850	59.685773	0.0	3573884	921	2.85	80.655	8	2368	29.99250187453133
1624273020.58	2850	59.719515	0.0	3124748	519	2.85	84.655	8	2488	30
1624273024.48	2850	59.740064	0.0	3671669	599	2.85	88.655	8	2608	30
1624273028.79	2850	59.482327	0.0	3397624	584	2.85	92.655	8	2728	30
1624273032.52	2850	59.869799	0.0	3070410	485	2.85	96.656	8	2848	29.99250187453133
1624273036.63	2850	59.603633	0.0	3480718	858	2.85	100.656	8	2968	30
1624273040.63	2850	59.63509	0.0	3396325	708	2.85	104.656	9	3088	29.75
1624273044.39	2850	59.949937	0.0	3538812	553	2.85	108.656	9	3208	30
1624273048.28	2850	59.98271	0.0	3440498	649	2.85	112.656	9	3328	30
1624273052.67	2850	59.723207	0.0	3504086	573	2.85	116.657	10	3448	29.742564358910343
1624273056.45	2850	59.828759	0.0	3345088	557	2.85	120.657	10	3568	30
