1624339609.13	750	4	0.646	446149	542	-2.7727999999999997	0	0	0	0
1624339609.42	300	8	0.0	458211	153	-0.15000000000000002	0	0	0	0
1624339609.66	300	12	0.0	390124	149	0.3	0	0	0	0
1624339609.98	300	16	0.0	474461	224	0.3	0	0	0	0
1624339610.27	300	20	0.0	444309	176	0.3	0	0	0	0
1624339610.63	300	24	0.0	443120	242	0.3	0	0	0	0
1624339610.85	300	28	0.0	416509	139	0.3	0	0	0	0
1624339611.11	300	32	0.0	451355	165	0.3	0	0	0	0
1624339611.38	300	36	0.0	417757	166	0.3	0	0	0	0
1624339612.46	300	39.201478	0.0	415350	944	0.3	5.215	0	10	0
1624339612.86	300	42.79839	0.0	433531	237	0.3	5.215	0	10	0
1624339613.41	300	46.234278	0.0	422916	414	0.3	5.215	0	10	0
1624339613.87	300	49.790504	0.0	459414	303	0.3	5.215	0	10	0
1624339614.18	300	53.466667	0.0	450936	180	0.3	5.215	0	10	0
1624339614.72	300	56.941037	0.0	439746	361	0.3	5.215	0	10	0
1624339615.72	300	59.973171	0.0	432189	624	0.3	5.215	0	10	0
1624339620.28	300	59.444907	0.0	396094	899	0.3	13.215	0	490	60.01500375093772
1624339624.28	300	59.479487	0.0	420942	263	0.3	17.216	0	730	59.98500374906271
1624339627.95	300	59.796688	0.0	477686	458	0.3	21.216	0	970	60
1624339631.88	300	59.829203	0.0	429484	236	0.3	25.23	0	1211	60.03986048829099
1624339636.13	300	59.574669	0.0	428693	545	0.3	29.229	0	1451	60.01500375093775
1624339639.81	300	59.888766	0.0	445526	1004	0.3	29.229	0	1451	60.01500375093775
1624339643.91	300	59.917314	0.0	459785	900	0.3	33.334	0	1697	59.92691839220457
1624339648.14	300	59.664963	0.0	395717	522	0.3	41.41	0	2182	60
1624339651.84	300	59.977191	0.0	421854	1019	0.3	41.41	0	2182	60
1624339656.22	300	59.723281	0.0	464457	1586	0.3	49.41	0	2662	60.01500375093781
1624339660.01	300	59.754435	0.0	430202	572	0.3	49.41	0	2662	60.01500375093781
1624339664.01	300	59.785149	0.0	445549	785	0.3	53.51	0	2908	59.99999999999998
1624339668.02	300	59.806453	0.0	449734	860	0.3	57.51	0	3148	60
1624339671.84	300	59.827081	0.0	478634	622	0.3	61.513	0	3388	59.95503372470647
1624339675.94	300	59.856148	0.0	421756	447	0.3	65.513	0	3628	59.99999999999989
1624339679.87	300	59.890477	0.0	500580	754	0.3	69.514	0	3868	59.98500374906288
1624339684.17	300	59.642459	0.0	471259	609	0.3	77.517	0	4348	59.98500374906288
1624339688.16	300	59.666835	0.0	447061	779	0.3	81.517	0	4588	60
1624339691.94	300	59.984705	0.0	414676	584	0.3	81.517	0	4588	60
1624339696.19	300	59.726655	0.0	407398	532	0.3	89.518	0	5068	59.98500374906266
1624339700.24	300	59.47573	0.0	438602	359	0.3	93.518	0	5308	60
1624339704.13	300	59.510779	0.0	421192	239	0.3	97.519	0	5548	59.98500374906266
1624339708.01	300	59.826922	0.0	414269	241	0.3	97.519	0	5548	59.98500374906266
1624339712.23	300	59.577146	0.0	427172	56	0.3	105.528	0	6029	59.98500374906266
1624339716.17	300	59.602952	0.0	435036	234	0.3	109.528	0	6269	60
1624339720.11	300	59.705778	0.0	454750	264	0.3	109.528	0	6269	60
1624339723.98	300	59.739389	0.0	436843	205	0.3	113.587	0	6512	59.86696230598673
1624339727.92	300	59.76921	0.0	455439	332	0.3	117.597	0	6753	60.09975062344153
1624339732.32	300	59.500025	0.0	439643	266	0.3	125.599	0	7233	60.015003750937595
