1624323095.91	750	4	0.164	446149	75	-0.7001999999999999	0	0	0	0
1624323096.12	300	8	0.0	458211	51	-0.15000000000000002	0	0	0	0
1624323096.28	300	12	0.0	390124	76	0.3	0	0	0	0
1624323096.5	300	16	0.0	474461	82	0.3	0	0	0	0
1624323096.65	300	20	0.0	444309	69	0.3	0	0	0	0
1624323096.8	300	24	0.0	443120	43	0.3	0	0	0	0
1624323096.97	300	28	0.0	416509	63	0.3	0	0	0	0
1624323097.14	300	32	0.0	451355	28	0.3	0	0	0	0
1624323097.34	300	35.956809	0.0	417757	85	0.3	0	0	0	0
1624323097.5	300	39.794964	0.0	415350	63	0.3	0	0	0	0
1624323097.66	300	43.63391	0.0	433531	72	0.3	0	0	0	0
1624323097.82	300	47.473049	0.0	422916	70	0.3	0	0	0	0
1624323097.99	300	51.310967	0.0	459414	73	0.3	0	0	0	0
1624323098.15	300	55.15	0.0	450936	75	0.3	0	0	0	0
1624323098.31	300	58.988281	0.0	439746	63	0.3	0	0	0	0
1624323102.0	300	59.496508	0.0	432189	64	0.3	5.119	0	120	0
1624323105.7	300	59.811299	0.0	396094	56	0.3	9.115	0	360	60.06006006006005
1624323109.92	300	59.563319	0.0	420942	71	0.3	13.116	0	600	59.98500374906274
1624323113.64	300	59.876976	0.0	477686	80	0.3	17.116	0	840	60
1624323117.4	300	59.913098	0.0	429484	61	0.3	21.115	0	1080	60.01500375093775
1624323121.6	300	59.949193	0.0	428693	72	0.3	25.117	0	1320	59.970014992503714
1624323125.79	300	59.698101	0.0	445526	81	0.3	29.117	0	1560	60
1624323129.99	300	59.445577	0.0	459785	71	0.3	33.126	0	1800	59.86530306809683
1624323133.7	300	59.760272	0.0	395717	68	0.3	37.127	0	2040	59.98500374906266
1624323137.96	300	59.55	0.0	421854	53	0.3	41.126	0	2280	60.01500375093781
1624323141.68	300	59.862416	0.0	464457	70	0.3	45.128	0	2520	59.970014992503714
1624323145.91	300	59.615036	0.0	430202	67	0.3	49.128	0	2760	60
1624323149.62	300	59.91848	0.0	445549	77	0.3	53.128	0	3000	60
1624323153.8	300	59.668456	0.0	449734	76	0.3	57.128	0	3240	60
1624323157.51	300	59.985229	0.0	478634	77	0.3	61.128	0	3480	60
1624323161.75	300	59.733334	0.0	421756	49	0.3	65.129	0	3720	59.98500374906266
1624323165.98	300	59.476093	0.0	500580	79	0.3	69.128	0	3960	60.01500375093781
1624323169.7	300	59.788049	0.0	471259	66	0.3	73.129	0	4200	59.98500374906266
1624323173.89	300	59.531684	0.0	447061	62	0.3	77.129	0	4440	60
1624323177.6	300	59.847731	0.0	414676	69	0.3	81.129	0	4680	60
1624323181.82	300	59.593554	0.0	407398	60	0.3	85.129	0	4920	60
1624323185.52	300	59.904471	0.0	438602	65	0.3	89.129	0	5160	60
1624323189.71	300	59.652788	0.0	421192	67	0.3	93.13	0	5400	59.98500374906288
1624323193.39	300	59.964586	0.0	414269	63	0.3	97.13	0	5640	60
1624323197.61	300	59.698722	0.0	427172	68	0.3	101.131	0	5880	59.98500374906266
1624323201.83	300	59.72597	0.0	435036	65	0.3	105.13	0	6121	60.26506626656671
1624323206.06	300	59.468074	0.0	454750	83	0.3	109.131	0	6361	59.98500374906266
1624323209.74	300	59.776389	0.0	436843	76	0.3	113.131	0	6601	60
1624323213.94	300	59.520217	0.0	455439	81	0.3	117.13	0	6841	60.01500375093781
1624323217.63	300	59.83686	0.0	439643	77	0.3	121.131	0	7081	59.98500374906266
