1624330111.78	750	4	0.166	447032	74	-0.7088	0	0	0	0
1624330111.95	750	8	0.0	437784	28	0.75	0	0	0	0
1624330112.11	750	12	0.0	358478	69	0.75	0	0	0	0
1624330112.26	750	16	0.0	433110	70	0.75	0	0	0	0
1624330112.43	750	20	0.0	425284	87	0.75	0	0	0	0
1624330112.58	750	24	0.0	428114	60	0.75	0	0	0	0
1624330112.72	750	28	0.0	387287	60	0.75	0	0	0	0
1624330112.87	750	32	0.0	435324	61	0.75	0	0	0	0
1624330113.02	750	36	0.0	447048	70	0.75	0	0	0	0
1624330113.18	750	40	0.0	446405	65	0.75	0	0	0	0
1624330113.35	750	44	0.0	423631	76	0.75	0	0	0	0
1624330113.5	750	48	0.0	416730	61	0.75	0	0	0	0
1624330113.65	750	51.954533	0.0	471953	73	0.75	0	0	0	0
1624330113.8	750	55.793432	0.0	453536	70	0.75	0	0	0	0
1624330113.97	750	59.631685	0.0	420588	19	0.75	0	0	0	0
1624330118.23	750	59.454877	0.0	420917	63	0.75	5.23	0	44	0
1624330122.02	750	59.773356	0.0	392428	72	0.75	9.23	0	164	30
1624330126.24	750	59.519224	0.0	400748	34	0.75	13.231	0	284	29.99250187453137
1624330130.0	750	59.859892	0.0	471072	58	0.75	17.231	0	404	29.999999999999986
1624330134.22	750	59.598307	0.0	425923	75	0.75	21.231	0	524	30
1624330137.94	750	59.907941	0.0	419792	68	0.75	25.231	0	644	30
1624330141.65	750	59.978642	0.0	429429	74	0.75	29.231	0	764	30
1624330146.36	750	59.439416	0.0	461232	77	0.75	33.232	0	884	29.992501874531385
1624330150.11	750	59.752638	0.0	382848	80	0.75	37.232	0	1004	30
1624330154.32	750	59.501478	0.0	375227	62	0.75	41.231	0	1124	30.00750187546885
1624330158.05	750	59.810287	0.0	437258	69	0.75	45.233	0	1244	29.98500749625191
1624330162.25	750	59.551024	0.0	419071	67	0.75	49.232	0	1364	30.00750187546885
1624330165.94	750	59.873197	0.0	449162	71	0.75	53.232	0	1484	30
1624330170.14	750	59.629901	0.0	447732	60	0.75	57.233	0	1604	29.992501874531385
1624330173.85	750	59.981795	0.0	488806	91	0.75	61.232	0	1724	30.00750187546885
1624330178.1	750	59.728614	0.0	389747	70	0.75	65.233	0	1844	29.99250187453133
1624330181.84	750	59.752849	0.0	485582	86	0.75	69.233	0	1964	30
1624330186.07	750	59.778489	0.0	430276	76	0.75	73.234	0	2084	29.99250187453144
1624330190.27	750	59.558099	0.0	435590	67	0.75	77.234	0	2204	30
1624330194.01	750	59.867396	0.0	459331	69	0.75	81.234	0	2324	30
1624330198.19	750	59.609742	0.0	381587	61	0.75	85.234	0	2444	30
1624330201.91	750	59.926094	0.0	424399	65	0.75	89.235	0	2564	29.99250187453133
1624330206.11	750	59.667975	0.0	436743	61	0.75	93.235	0	2684	30
1624330209.8	750	59.978437	0.0	385692	61	0.75	97.236	0	2804	29.99250187453133
1624330214.05	750	59.766956	0.0	424746	46	0.75	101.235	0	2924	30.007501875468904
1624330218.25	750	59.513311	0.0	407135	77	0.75	105.236	0	3044	29.99250187453133
1624330221.97	750	59.826168	0.0	427720	79	0.75	109.237	0	3164	29.99250187453144
1624330226.2	750	59.57316	0.0	427353	72	0.75	113.236	0	3284	30.007501875468797
1624330229.91	750	59.879833	0.0	418534	74	0.75	117.236	0	3404	30
1624330234.09	750	59.628715	0.0	421343	69	0.75	121.236	0	3524	30
