1624333598.38	750	4	0.165	447032	68	-0.7045	0	0	0	0
1624333598.54	300	8	0.0	222343	41	-0.15000000000000002	0	0	0	0
1624333598.65	300	12	0.0	202601	42	0.3	0	0	0	0
1624333598.78	300	16	0.0	231442	39	0.3	0	0	0	0
1624333598.97	300	20	0.0	223916	113	0.3	0	0	0	0
1624333599.09	300	24	0.0	227288	27	0.3	0	0	0	0
1624333599.21	300	28	0.0	210296	33	0.3	0	0	0	0
1624333599.33	300	32	0.0	232710	36	0.3	0	0	0	0
1624333599.45	300	36	0.0	230934	35	0.3	0	0	0	0
1624333599.57	300	40	0.0	230466	39	0.3	0	0	0	0
1624333599.7	300	44	0.0	222766	39	0.3	0	0	0	0
1624333599.86	300	47.9574	0.0	215843	63	0.3	0	0	0	0
1624333599.97	300	51.836059	0.0	240996	37	0.3	0	0	0	0
1624333600.09	300	55.715256	0.0	241376	43	0.3	0	0	0	0
1624333600.21	300	59.594604	0.0	215448	29	0.3	0	0	0	0
1624333604.35	300	59.719061	0.0	224191	34	0.3	5.372	0	56	0
1624333608.51	300	59.476622	0.0	201147	38	0.3	9.371	0	176	30.00750187546886
1624333612.17	300	59.834072	0.0	208138	35	0.3	13.372	0	296	29.99250187453137
1624333616.33	300	59.582986	0.0	237703	44	0.3	17.372	0	416	30
1624333620.03	300	59.878646	0.0	221939	32	0.3	21.373	0	536	29.992501874531357
1624333624.17	300	59.654568	0.0	216091	41	0.3	25.372	0	656	30.007501875468876
1624333628.31	300	59.677026	0.0	221930	40	0.3	29.373	0	776	29.992501874531357
1624333632.03	300	59.988394	0.0	244209	48	0.3	33.373	0	896	30.00000000000003
1624333636.19	300	59.770954	0.0	201448	26	0.3	37.373	0	1016	30
1624333640.34	300	59.546003	0.0	216871	35	0.3	41.373	0	1136	30
1624333643.99	300	59.86043	0.0	226875	41	0.3	45.377	0	1256	29.970029970029934
1624333648.18	300	59.895727	0.0	215302	38	0.3	49.374	0	1376	30.02251688766575
1624333652.35	300	59.670091	0.0	231664	57	0.3	53.373	0	1496	30.007501875468904
1624333656.02	300	59.975566	0.0	233190	40	0.3	57.374	0	1616	29.99250187453133
1624333660.17	300	59.716177	0.0	245887	40	0.3	61.374	0	1736	30
1624333664.29	300	59.743031	0.0	205585	32	0.3	65.374	0	1856	30.000000000000053
1624333668.46	300	59.488517	0.0	248259	46	0.3	69.374	0	1976	30
1624333672.11	300	59.806518	0.0	221496	40	0.3	73.375	0	2096	29.99250187453133
1624333676.26	300	59.547505	0.0	238596	41	0.3	77.376	0	2216	29.99250187453133
1624333680.42	300	59.568759	0.0	239547	39	0.3	81.376	0	2336	30
1624333684.07	300	59.879145	0.0	210306	32	0.3	85.377	0	2456	29.99250187453144
1624333688.23	300	59.628607	0.0	223809	33	0.3	89.377	0	2576	30
1624333691.91	300	59.948181	0.0	233162	43	0.3	93.376	0	2697	30.257564391097702
1624333696.07	300	59.987421	0.0	211150	29	0.3	97.376	0	2817	30
1624333700.23	300	59.733947	0.0	227487	42	0.3	101.377	0	2936	29.742564358910343
1624333704.38	300	59.479934	0.0	218501	37	0.3	105.376	0	3057	30.257564391097702
1624333708.06	300	59.789012	0.0	223461	39	0.3	109.377	0	3177	29.99250187453144
1624333712.23	300	59.812317	0.0	223191	48	0.3	113.378	0	3297	29.99250187453133
1624333716.38	300	59.549785	0.0	228365	37	0.3	117.379	0	3417	29.99250187453133
1624333720.02	300	59.86777	0.0	223247	39	0.3	121.379	0	3537	30
