1624311162.16	750	4	0.18	446149	89	-0.769	0	0	0	0
1624311162.61	1200	8	0.0	1737810	273	0.75	0	0	0	0
1624311162.97	1200	12	0.0	1497975	228	1.2	0	0	0	0
1624311163.36	1200	16	0.0	1711143	256	1.2	0	0	0	0
1624311163.81	1200	19.955445	0.0	1733770	256	1.2	0	0	0	0
1624311164.23	1200	23.511955	0.0	1749315	270	1.2	0	0	0	0
1624311164.66	1200	27.108883	0.0	1603603	261	1.2	0	0	0	0
1624311165.08	1200	30.662054	0.0	1702216	271	1.2	0	0	0	0
1624311165.48	1200	34.257661	0.0	1641950	195	1.2	5.175	2	101	0
1624311166.09	1200	37.683334	0.0	1559808	242	1.2	5.175	2	101	0
1624311166.54	1200	41.233334	0.0	1622647	259	1.2	5.175	2	101	0
1624311166.99	1200	44.783334	0.0	1630019	259	1.2	5.175	2	101	0
1624311167.44	1200	48.320276	0.0	1658562	265	1.2	5.175	2	101	0
1624311167.91	1200	51.866667	0.0	1669221	273	1.2	5.175	2	101	0
1624311168.33	1200	55.429681	0.0	1636310	268	1.2	5.175	2	101	0
1624311168.78	1200	58.98621	0.0	1732283	281	1.2	5.175	2	101	0
1624311172.24	1200	59.537475	0.0	1511913	240	1.2	9.175	13	341	57.249999999999986
1624311176.19	1200	59.606194	0.0	1593050	263	1.2	13.177	13	582	60.21989005497253
1624311180.19	1200	59.63952	0.0	1818927	295	1.2	17.175	13	822	60.030015007503735
1624311184.16	1200	59.716704	0.0	1667234	270	1.2	21.175	13	1061	59.75
1624311188.09	1200	59.748198	0.0	1633180	261	1.2	25.181	13	1302	60.159760359460805
1624311192.06	1200	59.776015	0.0	1663787	265	1.2	29.182	13	1542	59.98500374906277
1624311196.02	1200	59.805047	0.0	1674035	265	1.2	33.182	13	1782	59.99999999999995
1624311199.94	1200	59.845508	0.0	1460813	236	1.2	37.182	13	2022	60
1624311203.93	1200	59.917748	0.0	1541638	282	1.2	41.182	15	2262	59.5
1624311207.87	1200	59.948293	0.0	1680082	280	1.2	45.183	15	2502	59.98500374906277
1624311212.27	1200	59.738355	0.0	1542551	237	1.2	49.183	15	2742	60
1624311216.18	1200	59.768445	0.0	1603186	247	1.2	53.184	15	2982	59.98500374906277
1624311220.1	1200	59.797925	0.0	1611597	235	1.2	57.184	15	3222	60
1624311224.07	1200	59.831707	0.0	1888785	295	1.2	61.184	15	3462	60
1624311228.0	1200	59.861475	0.0	1552540	240	1.2	65.184	15	3702	60
1624311232.01	1200	59.9	0.0	1957722	307	1.2	69.184	15	3942	60
1624311236.02	1200	59.961287	0.0	1766061	280	1.2	73.185	15	4182	59.98500374906266
1624311240.46	1200	59.5	0.0	1645454	253	1.2	77.188	15	4422	59.95503372470647
1624311244.42	1200	59.532295	0.0	1604737	254	1.2	81.188	15	4662	60
1624311248.34	1200	59.563533	0.0	1487527	219	1.2	85.188	15	4902	60
1624311252.31	1200	59.630168	0.0	1643954	246	1.2	89.189	16	5142	59.73506623344178
1624311256.24	1200	59.695977	0.0	1555884	234	1.2	93.188	16	5382	60.015003750937595
1624311260.2	1200	59.726851	0.0	1535193	245	1.2	97.189	16	5622	59.98500374906288
1624311264.15	1200	59.760585	0.0	1551114	253	1.2	101.189	16	5862	60
1624311268.11	1200	59.793468	0.0	1575918	238	1.2	105.189	17	6102	59.75
1624311272.05	1200	59.83427	0.0	1672619	262	1.2	109.189	17	6342	60
1624311276.0	1200	59.863213	0.0	1631168	272	1.2	113.19	17	6582	59.98500374906266
1624311279.96	1200	59.903842	0.0	1687116	257	1.2	117.19	18	6822	59.75
1624311283.88	1200	59.938964	0.0	1644749	261	1.2	121.203	18	7063	60.05482182905549
