1624312795.73	750	4	0.179	447032	91	-0.7646999999999999	0	0	0	0
1624312795.92	750	8	0.0	437784	20	0.75	0	0	0	0
1624312796.06	750	12	0.0	358478	60	0.75	0	0	0	0
1624312796.23	750	16	0.0	433110	70	0.75	0	0	0	0
1624312796.39	750	19.952631	0.0	425284	77	0.75	0	0	0	0
1624312796.54	750	23.791021	0.0	428114	64	0.75	0	0	0	0
1624312796.69	750	27.630134	0.0	387287	63	0.75	0	0	0	0
1624312796.85	750	31.46903	0.0	435324	68	0.75	0	0	0	0
1624312797.03	750	35.307888	0.0	447048	75	0.75	0	0	0	0
1624312797.23	750	39.106164	0.0	446405	70	0.75	0	0	0	0
1624312797.4	750	42.945018	0.0	423631	63	0.75	0	0	0	0
1624312797.56	750	46.78369	0.0	416730	71	0.75	0	0	0	0
1624312797.73	750	50.579757	0.0	471953	83	0.75	0	0	0	0
1624312797.91	750	54.417276	0.0	453536	68	0.75	0	0	0	0
1624312798.08	750	58.255919	0.0	420588	68	0.75	0	0	0	0
1624312800.78	750	59.748132	0.0	420917	64	0.75	4.658	0	84	0
1624312805.03	750	59.502516	0.0	392428	56	0.75	8.658	0	204	30.000000000000007
1624312808.74	750	59.819323	0.0	400748	52	0.75	12.658	0	324	30
1624312812.93	750	59.566667	0.0	471072	82	0.75	16.659	0	444	29.99250187453137
1624312816.66	750	59.877867	0.0	425923	79	0.75	20.659	0	564	30
1624312820.87	750	59.620773	0.0	419792	49	0.75	24.659	0	684	30
1624312824.57	750	59.969274	0.0	429429	62	0.75	28.66	0	804	29.992501874531357
1624312828.79	750	59.707137	0.0	461232	77	0.75	32.66	0	924	30.00000000000003
1624312832.99	750	59.449588	0.0	382848	69	0.75	36.659	0	1044	30.00750187546885
1624312836.69	750	59.761898	0.0	375227	66	0.75	40.66	0	1164	29.992501874531385
1624312840.92	750	59.500982	0.0	437258	86	0.75	44.672	0	1285	30.159521435692916
1624312844.64	750	59.80837	0.0	419071	82	0.75	48.672	0	1405	30
1624312848.84	750	59.572048	0.0	449162	72	0.75	52.673	0	1525	29.99250187453133
1624312852.54	750	59.87896	0.0	447732	78	0.75	56.672	0	1645	30.007501875468904
1624312856.76	750	59.621305	0.0	488806	72	0.75	60.672	0	1765	30
1624312860.46	750	59.937024	0.0	389747	60	0.75	64.673	0	1885	29.99250187453133
1624312864.71	750	59.684901	0.0	485582	73	0.75	68.673	0	2005	30
1624312868.95	750	59.429914	0.0	430276	79	0.75	72.675	0	2125	29.98500749625191
1624312872.63	750	59.810052	0.0	435590	68	0.75	76.676	0	2245	29.99250187453133
1624312876.83	750	59.55422	0.0	459331	66	0.75	80.676	0	2365	30
1624312880.5	750	59.866667	0.0	381587	57	0.75	84.676	0	2485	30
1624312884.69	750	59.897777	0.0	424399	66	0.75	88.677	0	2605	29.99250187453133
1624312888.4	750	59.932186	0.0	436743	63	0.75	92.677	0	2725	30
1624312892.61	750	59.955209	0.0	385692	63	0.75	96.677	0	2845	30
1624312896.83	750	59.695476	0.0	424746	70	0.75	100.678	0	2965	29.99250187453144
1624312901.06	750	59.447478	0.0	407135	76	0.75	104.678	0	3085	30
1624312904.79	750	59.767165	0.0	427720	26	0.75	108.678	0	3205	30
1624312908.99	750	59.540219	0.0	427353	64	0.75	112.679	0	3325	29.99250187453133
1624312912.7	750	59.841296	0.0	418534	68	0.75	116.679	0	3445	30
1624312916.88	750	59.581015	0.0	421343	65	0.75	120.679	0	3565	30
