1624280628.39	750	4	0.167	447032	85	-0.7131000000000001	0	0	0	0
1624280628.92	1850	8	0.0	2254830	357	0.75	0	0	0	0
1624280629.35	1850	11.633365	0.0	1837501	269	1.85	0	0	0	0
1624280629.82	1850	15.189333	0.0	2108748	310	1.85	0	0	0	0
1624280630.36	1850	18.624346	0.0	2229492	384	1.85	0	0	0	0
1624280630.97	1850	22.020206	0.0	2078237	400	1.85	0	0	0	0
1624280631.46	1850	25.535418	0.0	2030644	343	1.85	0	0	0	0
1624280631.96	1850	29.05031	0.0	2298831	352	1.85	4.693	0	86	0
1624280632.51	1850	32.484261	0.0	2164964	347	1.85	4.693	0	86	0
1624280633.06	1850	36	0.0	2175479	334	1.85	4.693	0	86	0
1624280633.54	1850	39.475778	0.0	2156805	314	1.85	4.693	0	86	0
1624280634.06	1850	42.951177	0.0	2101523	304	1.85	4.693	0	86	0
1624280634.59	1850	46.3863	0.0	2344608	380	1.85	4.693	0	86	0
1624280635.12	1850	49.866667	0.0	2334646	338	1.85	4.693	0	86	0
1624280635.57	1850	53.415936	0.0	2109579	306	1.85	4.693	0	86	0
1624280636.05	1850	56.932114	0.0	2097243	317	1.85	8.694	2	206	29.49262684328917
1624280637.18	1850	59.802709	0.0	2054074	464	1.85	8.694	2	206	29.49262684328917
1624280641.19	1850	59.870089	0.0	2079344	303	1.85	12.694	2	326	30
1624280645.27	1850	59.889677	0.0	2353718	354	1.85	16.694	2	446	30.000000000000014
1624280649.29	1850	59.960668	0.0	2119053	289	1.85	20.694	2	566	30
1624280653.32	1850	59.697635	0.0	2145449	354	1.85	24.694	2	686	30
1624280657.31	1850	59.717801	0.0	2087310	311	1.85	28.694	2	806	30
1624280661.34	1850	59.815475	0.0	2348666	369	1.85	32.695	2	926	29.992501874531357
1624280665.31	1850	59.850096	0.0	1801794	299	1.85	36.694	2	1046	30.00750187546885
1624280669.24	1850	59.876189	0.0	1864524	275	1.85	40.695	2	1166	29.992501874531385
1624280673.28	1850	59.898743	0.0	2051691	296	1.85	44.695	2	1286	30
1624280677.25	1850	59.930499	0.0	1898420	277	1.85	48.695	2	1406	30
1624280681.28	1850	59.954298	0.0	2276304	322	1.85	52.695	2	1526	30
1624280685.3	1850	59.700301	0.0	2239013	334	1.85	56.735	2	1647	29.95049504950496
1624280689.36	1850	59.727436	0.0	2417622	359	1.85	60.726	2	1767	30.067652217489353
1624280693.37	1850	59.761226	0.0	1950728	305	1.85	64.726	2	1887	30
1624280697.43	1850	59.834554	0.0	2268079	323	1.85	68.726	2	2007	30
1624280701.54	1850	59.570428	0.0	2105954	375	1.85	72.726	2	2127	30
1624280705.57	1850	59.596298	0.0	2049597	329	1.85	76.727	2	2247	29.99250187453133
1624280709.1	1850	59.943882	0.0	2267452	351	1.85	80.728	2	2367	29.99250187453144
1624280713.11	1850	59.973119	0.0	1977775	286	1.85	84.731	2	2487	29.977516862353234
1624280717.16	1850	59.994695	0.0	2145766	326	1.85	88.729	2	2607	30.015007503751843
1624280721.66	1850	59.494785	0.0	2064567	272	1.85	92.729	2	2727	30
1624280725.65	1850	59.524107	0.0	1899367	286	1.85	96.73	2	2847	29.99250187453133
1624280729.19	1850	59.83527	0.0	2118078	355	1.85	100.729	2	2967	30.007501875468904
1624280733.22	1850	59.869113	0.0	2045638	302	1.85	104.729	2	3087	30
1624280737.29	1850	59.934143	0.0	2132751	361	1.85	108.73	2	3207	29.99250187453133
1624280741.31	1850	59.956091	0.0	2105800	312	1.85	112.74	2	3327	29.92518703241902
1624280745.28	1850	59.705867	0.0	2117310	309	1.85	116.74	2	3447	30
1624280749.26	1850	59.734617	0.0	2106167	314	1.85	120.74	2	3567	30
