1624277605.99	750	4	0.15	447032	72	-0.64	0	0	0	0
1624277606.89	2850	7.751307	0.0	3731877	631	0.75	0	0	0	0
1624277607.52	2850	11.105861	0.0	2988743	461	2.85	0	0	0	0
1624277608.29	2850	14.366667	0.0	3344033	537	2.85	0	0	0	0
1624277609.15	2850	17.5	0.0	3588671	605	2.85	0	0	0	0
1624277610.09	2850	20.566667	0.0	3516436	663	2.85	4.654	0	84	0
1624277610.87	2850	23.866667	0.0	3520561	563	2.85	4.654	0	84	0
1624277611.64	2850	26.986173	0.0	3787958	572	2.85	4.654	0	84	0
1624277612.42	2850	30.233334	0.0	3482140	526	2.85	4.654	0	84	0
1624277613.16	2850	33.489894	0.0	3620909	553	2.85	4.654	0	84	0
1624277614.01	2850	36.666667	0.0	3578596	587	2.85	8.655	6	204	28.492876780804803
1624277614.72	2850	39.915938	0.0	3430213	514	2.85	8.655	6	204	28.492876780804803
1624277615.55	2850	43.109538	0.0	3873343	620	2.85	8.655	6	204	28.492876780804803
1624277616.42	2850	46.266667	0.0	4055051	610	2.85	8.655	6	204	28.492876780804803
1624277617.14	2850	49.534724	0.0	3383484	527	2.85	8.655	6	204	28.492876780804803
1624277617.86	2850	52.80849	0.0	3439708	531	2.85	12.655	8	324	29.5
1624277618.64	2850	56.000565	0.0	3270011	589	2.85	12.655	8	324	29.5
1624277619.43	2850	59.233711	0.0	3397053	571	2.85	12.655	8	324	29.5
1624277622.78	2850	59.915723	0.0	3855639	572	2.85	16.656	8	444	29.99250187453137
1624277627.15	2850	59.663061	0.0	3553518	597	2.85	20.656	9	564	29.75
1624277631.07	2850	59.697182	0.0	3560530	649	2.85	24.656	9	684	30
1624277635.0	2850	59.718873	0.0	3529545	610	2.85	28.657	9	804	29.992501874531357
1624277639.32	2850	59.460665	0.0	3944215	604	2.85	32.656	9	924	30.007501875468876
1624277642.98	2850	59.778781	0.0	2874206	429	2.85	36.667	9	1045	30.167040638244806
1624277647.25	2850	59.533818	0.0	3298545	540	2.85	40.668	9	1165	29.992501874531385
1624277651.06	2850	59.833334	0.0	3406141	520	2.85	44.669	9	1285	29.992501874531385
1624277655.27	2850	59.585267	0.0	3134119	460	2.85	48.669	9	1405	30
1624277659.21	2850	59.612994	0.0	3769859	706	2.85	52.669	9	1525	30
1624277662.96	2850	59.920459	0.0	3566857	492	2.85	56.67	9	1645	29.99250187453133
1624277666.82	2850	59.954037	0.0	3935536	583	2.85	60.67	9	1765	30
1624277671.06	2850	59.747194	0.0	3251953	480	2.85	64.678	9	1885	29.940119760479075
1624277674.9	2850	59.772096	0.0	3744840	562	2.85	68.678	9	2005	30
1624277679.16	2850	59.520741	0.0	3455854	505	2.85	72.678	9	2125	30
1624277683.08	2850	59.836445	0.0	3548731	679	2.85	76.678	9	2245	30
1624277686.88	2850	59.874894	0.0	3573884	554	2.85	80.679	9	2365	29.99250187453133
1624277691.14	2850	59.659891	0.0	3124748	511	2.85	84.68	9	2485	29.99250187453133
1624277694.94	2850	59.723935	0.0	3671669	556	2.85	88.681	9	2605	29.99250187453144
1624277699.18	2850	59.473378	0.0	3397624	498	2.85	92.681	9	2725	30
1624277702.98	2850	59.82227	0.0	3070410	536	2.85	96.68	9	2845	30.007501875468797
1624277706.81	2850	59.888161	0.0	3480718	490	2.85	100.681	9	2965	29.99250187453144
1624277711.16	2850	59.664241	0.0	3396325	628	2.85	104.681	9	3085	30
1624277714.94	2850	59.6941	0.0	3538812	538	2.85	108.681	9	3205	30
1624277719.27	2850	59.441197	0.0	3440498	617	2.85	112.681	9	3325	30
1624277723.03	2850	59.751982	0.0	3504086	544	2.85	116.681	9	3445	30
1624277727.34	2850	59.494345	0.0	3345088	529	2.85	120.682	9	3565	29.99250187453133
