1624267237.51	750	4	0.267	447032	68	-1.1431	0	0	0	0
1624267238.54	2850	8	0.0	3731877	672	0.75	0	0	0	0
1624267239.26	2850	12	0.0	2988743	478	2.85	0	0	0	0
1624267240.12	2850	15.506071	0.0	3344033	669	2.85	0	0	0	0
1624267240.96	2850	18.656932	0.0	3588671	628	2.85	6.652	0	19	0
1624267241.82	2850	21.807424	0.0	3516436	634	2.85	6.652	0	19	0
1624267242.72	2850	24.917098	0.0	3520561	678	2.85	6.652	0	19	0
1624267243.7	2850	28	0.0	3787958	738	2.85	6.652	0	19	0
1624267244.6	2850	31.018446	0.0	3482140	686	2.85	10.653	19	139	25.243689077730565
1624267245.51	2850	34.130944	0.0	3620909	682	2.85	10.653	19	139	25.243689077730565
1624267246.37	2850	37.284218	0.0	3578596	610	2.85	10.653	19	139	25.243689077730565
1624267247.18	2850	40.436292	0.0	3430213	599	2.85	10.653	19	139	25.243689077730565
1624267248.09	2850	43.54737	0.0	3873343	668	2.85	10.653	19	139	25.243689077730565
1624267249.05	2850	46.6	0.0	4055051	704	2.85	14.653	20	259	29.75
1624267249.84	2850	49.771781	0.0	3383484	547	2.85	14.653	20	259	29.75
1624267250.67	2850	52.960779	0.0	3439708	610	2.85	14.653	20	259	29.75
