1624309838.84	750	4	0.174	446149	81	-0.7432	0	0	0	0
1624309839.02	300	8	0.0	458211	71	-0.15000000000000002	0	0	0	0
1624309839.24	300	12	0.0	390124	61	0.3	0	0	0	0
1624309839.4	300	16	0.0	474461	76	0.3	0	0	0	0
1624309839.6	300	20	0.0	444309	76	0.3	0	0	0	0
1624309839.76	300	24	0.0	443120	65	0.3	0	0	0	0
1624309839.92	300	28	0.0	416509	67	0.3	0	0	0	0
1624309840.07	300	32	0.0	451355	65	0.3	0	0	0	0
1624309840.23	300	36	0.0	417757	64	0.3	0	0	0	0
1624309840.38	300	40	0.0	415350	64	0.3	0	0	0	0
1624309840.57	300	43.875949	0.0	433531	60	0.3	0	0	0	0
1624309840.75	300	47.714699	0.0	422916	70	0.3	0	0	0	0
1624309840.94	300	51.513172	0.0	459414	68	0.3	0	0	0	0
1624309841.14	300	55.311497	0.0	450936	66	0.3	0	0	0	0
1624309841.3	300	59.150451	0.0	439746	67	0.3	0	0	0	0
1624309845.03	300	59.462242	0.0	432189	67	0.3	5.186	0	103	0
1624309848.78	300	59.775106	0.0	396094	68	0.3	9.186	0	343	60
1624309853.0	300	59.51902	0.0	420942	81	0.3	13.186	0	583	60
1624309856.73	300	59.828492	0.0	477686	80	0.3	17.186	0	823	60
1624309860.99	300	59.577068	0.0	429484	76	0.3	21.187	0	1063	59.98500374906271
1624309864.74	300	59.891047	0.0	428693	63	0.3	25.187	0	1303	60
1624309868.98	300	59.633334	0.0	445526	51	0.3	29.188	0	1543	59.98500374906277
1624309872.71	300	59.986873	0.0	459785	74	0.3	33.188	0	1783	59.99999999999995
1624309876.9	300	59.735165	0.0	395717	65	0.3	37.204	0	2024	60.00996015936258
1624309881.12	300	59.48655	0.0	421854	67	0.3	41.204	0	2264	60
1624309884.85	300	59.798371	0.0	464457	79	0.3	45.205	0	2504	59.98500374906277
1624309889.06	300	59.548237	0.0	430202	63	0.3	49.204	0	2744	60.0150037509377
1624309892.76	300	59.864455	0.0	445549	84	0.3	53.205	0	2984	59.98500374906277
1624309896.98	300	59.619346	0.0	449734	75	0.3	57.205	0	3224	60
1624309900.72	300	59.920314	0.0	478634	96	0.3	61.205	0	3464	60
1624309904.94	300	59.667145	0.0	421756	66	0.3	65.205	0	3704	60
1624309908.71	300	59.981136	0.0	500580	87	0.3	69.206	0	3944	59.98500374906266
1624309912.93	300	59.763624	0.0	471259	76	0.3	73.206	0	4184	60
1624309917.14	300	59.505099	0.0	447061	69	0.3	77.207	0	4424	59.98500374906288
1624309920.85	300	59.81376	0.0	414676	22	0.3	81.207	0	4664	60
1624309925.05	300	59.56499	0.0	407398	65	0.3	85.207	0	4904	60
1624309928.77	300	59.881272	0.0	438602	73	0.3	89.207	0	5144	60
1624309932.96	300	59.626235	0.0	421192	63	0.3	93.208	0	5384	59.98500374906266
1624309936.67	300	59.977277	0.0	414269	87	0.3	97.208	0	5624	60
1624309940.89	300	59.719613	0.0	427172	68	0.3	101.213	0	5865	60.1747815230962
1624309945.09	300	59.460196	0.0	435036	67	0.3	105.213	0	6105	60
1624309948.81	300	59.771617	0.0	454750	77	0.3	109.213	0	6345	60
1624309953.0	300	59.517109	0.0	436843	73	0.3	113.213	0	6585	60
1624309956.71	300	59.825452	0.0	455439	78	0.3	117.214	0	6825	59.98500374906266
1624309960.91	300	59.573057	0.0	439643	79	0.3	121.214	0	7065	60
