1624309137.37	750	4	0.161	447032	51	-0.6872999999999999	0	0	0	0
1624309137.68	1200	8	0.0	1081855	172	0.75	0	0	0	0
1624309137.91	1200	12	0.0	909590	135	1.2	0	0	0	0
1624309138.24	1200	16	0.0	1064785	200	1.2	0	0	0	0
1624309138.53	1200	20	0.0	1068330	181	1.2	0	0	0	0
1624309138.83	1200	24	0.0	1091906	172	1.2	0	0	0	0
1624309139.1	1200	28	0.0	989621	164	1.2	0	0	0	0
1624309139.39	1200	31.755274	0.0	1120373	172	1.2	0	0	0	0
1624309139.67	1200	35.473271	0.0	1096122	176	1.2	0	0	0	0
1624309139.98	1200	39.150903	0.0	1088831	181	1.2	0	0	0	0
1624309140.27	1200	42.866667	0.0	1080940	167	1.2	0	0	0	0
1624309140.55	1200	46.580909	0.0	1075422	170	1.2	0	0	0	0
1624309140.87	1200	50.257147	0.0	1146374	198	1.2	5.132	0	47	0
1624309141.31	1200	53.81356	0.0	1146930	179	1.2	5.132	0	47	0
1624309141.6	1200	57.530943	0.0	1066542	169	1.2	5.132	0	47	0
1624309143.42	1200	59.754816	0.0	1056887	174	1.2	5.132	0	47	0
1624309147.77	1200	59.508082	0.0	990369	181	1.2	9.132	0	167	30
1624309151.58	1200	59.813706	0.0	1015471	158	1.2	13.133	0	287	29.99250187453137
1624309155.48	1200	59.846073	0.0	1173982	205	1.2	17.133	0	407	30
1624309159.35	1200	59.902689	0.0	1058624	141	1.2	21.133	0	527	30
1624309163.67	1200	59.655053	0.0	1046861	169	1.2	25.133	0	647	30
1624309167.57	1200	59.674567	0.0	1048437	204	1.2	29.133	0	767	30
1624309171.39	1200	59.985716	0.0	1152505	184	1.2	33.133	0	887	29.999999999999975
1624309175.68	1200	59.451707	0.0	877099	145	1.2	37.133	0	1007	30
1624309179.49	1200	59.763827	0.0	968042	157	1.2	41.134	0	1127	29.992501874531385
1624309183.35	1200	59.833334	0.0	1064114	179	1.2	45.134	0	1247	30
1624309187.68	1200	59.579955	0.0	1005764	173	1.2	49.156	0	1368	30.08453505718549
1624309191.51	1200	59.886219	0.0	1078959	161	1.2	53.157	0	1488	29.992501874531385
1624309195.37	1200	59.914023	0.0	1074526	176	1.2	57.157	0	1608	30
1624309199.26	1200	59.943855	0.0	1231303	198	1.2	61.157	0	1728	30
1624309203.54	1200	59.688744	0.0	960890	151	1.2	65.158	0	1848	29.99250187453133
1624309207.43	1200	59.724479	0.0	1183904	173	1.2	69.157	0	1968	30.007501875468904
1624309211.8	1200	59.470938	0.0	1065257	175	1.2	73.158	0	2088	29.99250187453133
1624309215.75	1200	59.506391	0.0	1108615	271	1.2	77.158	0	2208	30
1624309219.68	1200	59.541445	0.0	1113738	169	1.2	81.158	0	2328	30
1624309223.47	1200	59.849928	0.0	981548	150	1.2	85.158	0	2448	30
1624309227.29	1200	59.873329	0.0	1067644	157	1.2	89.162	0	2568	29.970029970029934
1624309231.61	1200	59.612119	0.0	1068520	183	1.2	93.161	0	2688	30.007501875468904
1624309235.43	1200	59.929997	0.0	946116	153	1.2	97.161	0	2808	30
1624309239.3	1200	59.959647	0.0	1041444	194	1.2	101.162	0	2928	29.99250187453133
1624309243.65	1200	59.725932	0.0	1033147	174	1.2	105.162	0	3048	30
1624309247.46	1200	59.766667	0.0	1043384	180	1.2	109.163	0	3168	29.99250187453144
1624309251.75	1200	59.511897	0.0	1047354	175	1.2	113.163	0	3288	30
1624309255.54	1200	59.827459	0.0	1058093	175	1.2	117.17	0	3408	29.947591714499588
1624309259.36	1200	59.898008	0.0	1038662	179	1.2	121.17	0	3528	30
