1624313264.34	750	4	0.186	447032	78	-0.7948	0	0	0	0
1624313264.67	1200	8	0.0	1081855	166	0.75	0	0	0	0
1624313264.96	1200	12	0.0	909590	149	1.2	0	0	0	0
1624313265.33	1200	16	0.0	1064785	166	1.2	0	0	0	0
1624313265.76	1200	20	0.0	1068330	170	1.2	0	0	0	0
1624313266.05	1200	23.957646	0.0	1091906	168	1.2	0	0	0	0
1624313266.33	1200	27.675911	0.0	989621	168	1.2	0	0	0	0
1624313266.62	1200	31.393395	0.0	1120373	178	1.2	0	0	0	0
1624313266.93	1200	35.07011	0.0	1096122	175	1.2	0	0	0	0
1624313267.21	1200	38.787816	0.0	1088831	164	1.2	0	0	0	0
1624313267.49	1200	42.505809	0.0	1080940	166	1.2	0	0	0	0
1624313267.81	1200	46.223641	0.0	1075422	163	1.2	5.228	0	47	0
1624313268.13	1200	49.901302	0.0	1146374	196	1.2	5.228	0	47	0
1624313268.44	1200	53.577396	0.0	1146930	171	1.2	5.228	0	47	0
1624313268.73	1200	57.295561	0.0	1066542	162	1.2	5.228	0	47	0
1624313270.57	1200	59.475035	0.0	1056887	167	1.2	5.228	0	47	0
1624313274.44	1200	59.787049	0.0	990369	143	1.2	9.227	0	167	30.00750187546886
1624313278.31	1200	59.859683	0.0	1015471	157	1.2	13.227	0	287	30
1624313282.17	1200	59.923971	0.0	1173982	161	1.2	17.227	0	407	30
1624313286.52	1200	59.674663	0.0	1058624	174	1.2	21.228	0	527	29.992501874531357
1624313290.36	1200	59.707244	0.0	1046861	133	1.2	25.227	0	647	30.007501875468876
1624313294.7	1200	59.453262	0.0	1048437	163	1.2	29.228	0	767	29.992501874531357
1624313298.59	1200	59.515771	0.0	1152505	182	1.2	33.228	0	887	30
1624313302.38	1200	59.827679	0.0	877099	146	1.2	37.229	0	1007	29.992501874531385
1624313306.18	1200	59.856598	0.0	968042	151	1.2	41.229	0	1127	30
1624313310.54	1200	59.596294	0.0	1064114	179	1.2	45.229	0	1247	30
1624313314.34	1200	59.913509	0.0	1005764	159	1.2	49.229	0	1367	30
1624313318.15	1200	59.940989	0.0	1078959	171	1.2	53.229	0	1487	30
1624313322.51	1200	59.696785	0.0	1074526	169	1.2	57.23	0	1607	29.992501874531385
1624313326.34	1200	59.729155	0.0	1231303	179	1.2	61.23	0	1727	30
1624313330.69	1200	59.479513	0.0	960890	157	1.2	65.231	0	1847	29.992501874531385
1624313334.61	1200	59.554524	0.0	1183904	190	1.2	69.232	0	1967	29.99250187453133
1624313338.47	1200	59.581786	0.0	1065257	159	1.2	73.238	0	2087	29.955067398901647
1624313342.41	1200	59.643387	0.0	1108615	181	1.2	77.238	0	2207	30
1624313346.25	1200	59.995084	0.0	1113738	178	1.2	81.239	0	2327	29.99250187453133
1624313350.62	1200	59.485525	0.0	981548	156	1.2	85.24	0	2447	29.99250187453144
1624313354.48	1200	59.805417	0.0	1067644	152	1.2	89.241	0	2567	29.99250187453133
1624313358.31	1200	59.836771	0.0	1068520	167	1.2	93.241	0	2687	30
1624313362.69	1200	59.583398	0.0	946116	150	1.2	97.241	0	2807	30
1624313366.51	1200	59.687845	0.0	1041444	169	1.2	101.242	0	2927	29.99250187453133
1624313370.35	1200	59.711591	0.0	1033147	127	1.2	105.242	0	3047	30
1624313374.71	1200	59.490323	0.0	1043384	178	1.2	109.243	0	3167	29.99250187453144
1624313378.54	1200	59.511197	0.0	1047354	188	1.2	113.242	0	3287	30.007501875468797
1624313382.39	1200	59.820021	0.0	1058093	179	1.2	117.243	0	3407	29.99250187453144
1624313386.24	1200	59.852645	0.0	1038662	172	1.2	121.243	0	3527	30
