1624308436.69	750	4	0.311	447032	142	-1.3323	0	0	0	0
1624308436.88	750	8	0.0	437784	74	0.75	0	0	0	0
1624308437.03	750	12	0.0	358478	64	0.75	0	0	0	0
1624308437.23	750	16	0.0	433110	108	0.75	0	0	0	0
1624308437.4	750	20	0.0	425284	78	0.75	0	0	0	0
1624308437.57	750	24	0.0	428114	40	0.75	0	0	0	0
1624308437.72	750	28	0.0	387287	62	0.75	0	0	0	0
1624308437.87	750	32	0.0	435324	66	0.75	0	0	0	0
1624308438.04	750	36	0.0	447048	82	0.75	0	0	0	0
1624308438.23	750	40	0.0	446405	72	0.75	0	0	0	0
1624308438.39	750	44	0.0	423631	62	0.75	0	0	0	0
1624308438.55	750	48	0.0	416730	66	0.75	0	0	0	0
1624308438.74	750	52	0.0	471953	80	0.75	0	0	0	0
1624308438.91	750	55.914031	0.0	453536	65	0.75	0	0	0	0
1624308439.06	750	59.753034	0.0	420588	70	0.75	0	0	0	0
1624308443.28	750	59.744986	0.0	420917	62	0.75	5.263	0	29	0
1624308447.56	750	59.485625	0.0	392428	36	0.75	9.263	0	149	30
1624308451.31	750	59.801607	0.0	400748	50	0.75	13.263	0	269	30
1624308455.02	750	59.826433	0.0	471072	59	0.75	17.263	0	389	29.999999999999986
1624308459.21	750	59.8408	0.0	425923	73	0.75	21.264	0	509	29.992501874531385
1624308462.93	750	59.898958	0.0	419792	72	0.75	25.264	0	629	30
1624308467.12	750	59.927915	0.0	429429	65	0.75	29.266	0	749	29.98500749625188
1624308471.33	750	59.668676	0.0	461232	74	0.75	33.265	0	869	30.00750187546885
1624308475.51	750	59.447804	0.0	382848	64	0.75	37.266	0	989	29.992501874531385
1624308479.19	750	59.761559	0.0	375227	69	0.75	41.266	0	1109	30
1624308483.43	750	59.506882	0.0	437258	83	0.75	45.266	0	1229	30
1624308487.15	750	59.860493	0.0	419071	63	0.75	49.267	0	1349	29.99250187453133
1624308491.4	750	59.594063	0.0	449162	74	0.75	53.268	0	1469	29.992501874531385
1624308495.1	750	59.891313	0.0	447732	71	0.75	57.268	0	1589	30
1624308499.31	750	59.676517	0.0	488806	54	0.75	61.269	0	1709	29.992501874531385
1624308503.0	750	59.986777	0.0	389747	74	0.75	65.268	0	1829	30.00750187546885
1624308507.22	750	59.728205	0.0	485582	82	0.75	69.269	0	1949	29.99250187453133
1624308511.43	750	59.461912	0.0	430276	76	0.75	73.269	0	2069	30
1624308515.12	750	59.779473	0.0	435590	68	0.75	77.27	0	2189	29.99250187453144
1624308519.33	750	59.51874	0.0	459331	78	0.75	81.269	0	2309	30.007501875468797
1624308523.02	750	59.871356	0.0	381587	68	0.75	85.27	0	2429	29.99250187453144
1624308527.24	750	59.613462	0.0	424399	102	0.75	89.298	0	2550	30.03972194637533
1624308530.93	750	59.925918	0.0	436743	82	0.75	93.298	0	2670	30
1624308535.15	750	59.953868	0.0	385692	61	0.75	97.298	0	2790	30
1624308538.84	750	59.981961	0.0	424746	70	0.75	101.3	0	2910	29.98500749625191
1624308543.02	750	59.997914	0.0	407135	56	0.75	105.3	0	3030	30
1624308547.26	750	59.748735	0.0	427720	45	0.75	109.3	0	3150	30
1624308551.47	750	59.495146	0.0	427353	69	0.75	113.3	0	3270	30
1624308555.15	750	59.806306	0.0	418534	64	0.75	117.3	0	3390	30
1624308559.36	750	59.557357	0.0	421343	92	0.75	121.301	0	3510	29.99250187453133
