1624281250.05	750	4	0.168	447032	60	-0.7173999999999999	0	0	0	0
1624281250.63	1850	8	0.0	2254830	288	0.75	0	0	0	0
1624281251.07	1850	12	0.0	1837501	276	1.85	0	0	0	0
1624281251.55	1850	16	0.0	2108748	319	1.85	0	0	0	0
1624281252.08	1850	19.469844	0.0	2229492	337	1.85	0	0	0	0
1624281252.57	1850	23.025097	0.0	2078237	290	1.85	0	0	0	0
1624281253.01	1850	26.580599	0.0	2030644	300	1.85	0	0	0	0
1624281253.52	1850	30.055716	0.0	2298831	331	1.85	5.216	0	54	0
1624281253.99	1850	33.572055	0.0	2164964	304	1.85	5.216	0	54	0
1624281254.52	1850	37.047484	0.0	2175479	345	1.85	5.216	0	54	0
1624281255.09	1850	40.520871	0.0	2156805	328	1.85	5.216	0	54	0
1624281255.6	1850	44	0.0	2101523	330	1.85	5.216	0	54	0
1624281256.21	1850	47.387272	0.0	2344608	407	1.85	5.216	0	54	0
1624281256.76	1850	50.822456	0.0	2334646	379	1.85	5.216	0	54	0
1624281257.3	1850	54.297188	0.0	2109579	338	1.85	5.216	0	54	0
1624281257.77	1850	57.812053	0.0	2097243	304	1.85	9.215	0	174	30.00750187546887
1624281260.3	1850	59.465349	0.0	2054074	301	1.85	9.215	0	174	30.00750187546887
1624281263.81	1850	59.777248	0.0	2079344	307	1.85	13.215	0	294	30
1624281267.94	1850	59.841589	0.0	2353718	369	1.85	17.216	0	414	29.992501874531357
1624281272.01	1850	59.873087	0.0	2119053	289	1.85	21.216	0	534	30
1624281276.0	1850	59.646945	0.0	2145449	315	1.85	25.217	0	654	29.992501874531385
1624281280.02	1850	59.680956	0.0	2087310	307	1.85	29.216	0	774	30.00750187546885
1624281284.06	1850	59.715695	0.0	2348666	334	1.85	33.217	0	894	29.992501874531385
1624281287.99	1850	59.751034	0.0	1801794	237	1.85	37.217	0	1014	30
1624281291.93	1850	59.795352	0.0	1864524	270	1.85	41.218	0	1134	29.99250187453133
1624281295.89	1850	59.828389	0.0	2051691	294	1.85	45.227	0	1254	29.932651534048443
1624281299.84	1850	59.853172	0.0	1898420	265	1.85	49.218	0	1374	30.0676522174893
1624281303.86	1850	59.893387	0.0	2276304	350	1.85	53.219	0	1494	29.992501874531385
1624281307.88	1850	59.927731	0.0	2239013	312	1.85	57.218	0	1614	30.00750187546885
1624281311.9	1850	59.686931	0.0	2417622	341	1.85	61.218	0	1734	30
1624281315.89	1850	59.801473	0.0	1950728	286	1.85	65.219	0	1854	29.99250187453144
1624281319.96	1850	59.86808	0.0	2268079	329	1.85	69.219	0	1974	30
1624281323.95	1850	59.620665	0.0	2105954	308	1.85	73.22	4	2094	28.992751812046954
1624281328.11	1850	59.663512	0.0	2049597	314	1.85	77.22	5	2214	29.75
1624281331.64	1850	59.980387	0.0	2267452	305	1.85	81.22	5	2334	30
1624281336.11	1850	59.715869	0.0	1977775	273	1.85	85.22	5	2454	30
1624281340.17	1850	59.462907	0.0	2145766	282	1.85	89.221	5	2574	29.99250187453133
1624281344.21	1850	59.507051	0.0	2064567	317	1.85	93.221	5	2694	30
1624281348.14	1850	59.548958	0.0	1899367	257	1.85	97.221	5	2814	30
1624281352.11	1850	59.583666	0.0	2118078	305	1.85	101.221	5	2934	30
1624281356.11	1850	59.613789	0.0	2045638	317	1.85	105.221	5	3054	30
1624281360.14	1850	59.638843	0.0	2132751	282	1.85	109.225	5	3174	29.97002997003004
1624281364.15	1850	59.666667	0.0	2105800	296	1.85	113.231	5	3294	29.955067398901647
1624281367.62	1850	59.976427	0.0	2117310	304	1.85	117.231	5	3414	30
1624281372.12	1850	59.728347	0.0	2106167	309	1.85	121.231	5	3534	30
