1624267869.53	750	4	0.173	446149	53	-0.7389	0	0	0	0
1624267871.55	2850	7.45	0.0	5338027	1709	0.75	0	0	0	0
1624267872.62	2850	10.366667	0.0	4485847	808	2.85	0	0	0	0
1624267873.77	2850	13.316667	0.0	5004689	711	2.85	5.138	14	118	0
1624267875.24	2850	16	0.0	5182650	1033	2.85	5.138	14	118	0
1624267876.37	2850	18.616667	0.0	5173280	857	2.85	5.138	14	118	0
1624267877.38	2850	21.616667	0.0	4880493	714	2.85	9.138	65	358	47.25
1624267878.54	2850	24.516667	0.0	5406574	825	2.85	9.138	65	358	47.25
1624267879.68	2850	27.316667	0.0	4844720	870	2.85	9.138	65	358	47.25
1624267880.92	2850	30.216667	0.0	4832207	871	2.85	13.142	99	587	48.701298701298704
1624267882.04	2850	33.016667	0.0	4887638	786	2.85	13.142	99	587	48.701298701298704
1624267883.29	2850	35.7	0.0	4995664	881	2.85	13.142	99	587	48.701298701298704
1624267884.59	2850	38.533334	0.0	5320325	918	2.85	13.142	99	587	48.701298701298704
1624267886.35	2850	40.8	0.0	5320224	1346	2.85	17.142	155	839	49
1624267887.59	2850	43.466667	0.0	4822090	896	2.85	17.142	155	839	49
1624267888.73	2850	46.283334	0.0	5024811	864	2.85	17.142	155	839	49
