1624314901.64	750	4	0.153	446149	73	-0.6528999999999999	0	0	0	0
1624314901.88	750	8	0.0	657276	112	0.75	0	0	0	0
1624314902.06	750	12	0.0	531142	87	0.75	0	0	0	0
1624314902.29	750	16	0.0	641782	107	0.75	0	0	0	0
1624314902.49	750	19.837769	0.0	655328	99	0.75	0	0	0	0
1624314902.71	750	23.635927	0.0	643029	112	0.75	0	0	0	0
1624314902.89	750	27.434689	0.0	586466	92	0.75	0	0	0	0
1624314903.12	750	31.233334	0.0	640646	97	0.75	0	0	0	0
1624314903.33	750	35.030219	0.0	603976	97	0.75	0	0	0	0
1624314903.52	750	38.829028	0.0	579575	84	0.75	0	0	0	0
1624314903.76	750	42.586444	0.0	622523	86	0.75	0	0	0	0
1624314903.98	750	46.384717	0.0	590406	101	0.75	0	0	0	0
1624314904.19	750	50.142706	0.0	636852	103	0.75	0	0	0	0
1624314904.39	750	53.940817	0.0	619167	94	0.75	0	0	0	0
1624314904.62	750	57.739468	0.0	636453	101	0.75	0	0	0	0
1624314906.84	750	59.755919	0.0	637789	100	0.75	4.66	0	163	0
1624314910.6	750	59.773923	0.0	574537	96	0.75	8.661	1	403	59.73506623344165
1624314914.83	750	59.517739	0.0	595492	98	0.75	12.66	1	643	60.01500375093772
1624314918.59	750	59.82032	0.0	662075	98	0.75	16.66	1	883	60
1624314922.84	750	59.569134	0.0	622438	102	0.75	20.661	1	1123	59.98500374906271
1624314926.57	750	59.879549	0.0	607166	93	0.75	24.664	1	1363	59.95503372470647
1624314930.79	750	59.612624	0.0	615645	100	0.75	28.664	1	1603	60
1624314934.56	750	59.923601	0.0	651954	109	0.75	32.664	1	1843	60
1624314938.78	750	59.66196	0.0	550774	89	0.75	36.665	1	2083	59.98500374906277
1624314942.51	750	59.966667	0.0	594579	105	0.75	40.664	1	2323	60.0150037509377
1624314946.77	750	59.709779	0.0	632394	104	0.75	44.665	1	2563	59.98500374906277
1624314951.0	750	59.444332	0.0	575968	92	0.75	48.665	1	2803	60
1624314954.75	750	59.756127	0.0	632851	105	0.75	52.664	1	3043	60.0150037509377
1624314958.99	750	59.496623	0.0	604086	97	0.75	56.665	1	3283	59.98500374906277
1624314962.77	750	59.812642	0.0	712976	117	0.75	60.665	1	3523	60
1624314966.51	750	59.843303	0.0	581323	107	0.75	64.666	1	3763	59.98500374906277
1624314970.78	750	59.587094	0.0	729373	129	0.75	68.666	1	4003	60
1624314974.54	750	59.903888	0.0	670981	105	0.75	72.666	1	4243	60
1624314978.82	750	59.654844	0.0	621207	98	0.75	76.666	1	4483	60
1624314982.55	750	59.968727	0.0	579598	102	0.75	80.667	1	4723	59.98500374906266
1624314986.77	750	59.715867	0.0	558064	99	0.75	84.666	1	4963	60.01500375093781
1624314991.02	750	59.465277	0.0	609656	96	0.75	88.667	1	5203	59.98500374906266
1624314994.77	750	59.776125	0.0	599153	96	0.75	92.667	1	5443	60
1624314999.0	750	59.515044	0.0	574452	85	0.75	96.667	1	5683	60
1624315002.75	750	59.826984	0.0	605550	105	0.75	100.667	1	5923	60
1624315006.98	750	59.57333	0.0	601791	88	0.75	104.668	1	6163	59.98500374906266
1624315010.73	750	59.886084	0.0	627361	103	0.75	108.668	1	6404	60.25
1624315014.46	750	59.912315	0.0	623214	100	0.75	112.667	1	6644	60.01500375093781
1624315018.67	750	59.676571	0.0	648266	105	0.75	116.668	1	6884	59.98500374906266
1624315022.39	750	59.96866	0.0	606947	93	0.75	120.669	1	7124	59.98500374906288
