1624329876.49	750	4	0.163	447032	73	-0.6959	0	0	0	0
1624329876.66	750	8	0.0	437784	32	0.75	0	0	0	0
1624329876.8	750	12	0.0	358478	59	0.75	0	0	0	0
1624329877.05	750	16	0.0	433110	66	0.75	0	0	0	0
1624329877.2	750	20	0.0	425284	65	0.75	0	0	0	0
1624329877.36	750	24	0.0	428114	67	0.75	0	0	0	0
1624329877.51	750	28	0.0	387287	65	0.75	0	0	0	0
1624329877.66	750	32	0.0	435324	69	0.75	0	0	0	0
1624329877.83	750	36	0.0	447048	78	0.75	0	0	0	0
1624329877.99	750	40	0.0	446405	76	0.75	0	0	0	0
1624329878.16	750	44	0.0	423631	67	0.75	0	0	0	0
1624329878.32	750	48	0.0	416730	67	0.75	0	0	0	0
1624329878.52	750	51.875782	0.0	471953	55	0.75	0	0	0	0
1624329878.68	750	55.714131	0.0	453536	68	0.75	0	0	0	0
1624329878.83	750	59.553013	0.0	420588	66	0.75	0	0	0	0
1624329882.54	750	59.994766	0.0	420917	65	0.75	5.321	0	42	0
1624329886.76	750	59.739908	0.0	392428	61	0.75	9.32	0	162	30.00750187546886
1624329890.94	750	59.481145	0.0	400748	68	0.75	13.333	0	282	29.902815848492402
1624329894.64	750	59.809487	0.0	471072	74	0.75	17.333	0	402	30.000000000000014
1624329898.83	750	59.593371	0.0	425923	70	0.75	21.333	0	522	30
1624329902.54	750	59.910231	0.0	419792	50	0.75	25.334	0	642	29.992501874531357
1624329906.77	750	59.647927	0.0	429429	59	0.75	29.334	0	762	30
1624329910.48	750	59.964247	0.0	461232	75	0.75	33.333	0	882	30.007501875468876
1624329915.15	750	59.433334	0.0	382848	67	0.75	37.334	0	1002	29.99250187453133
1624329918.86	750	59.74721	0.0	375227	60	0.75	41.334	0	1122	30
1624329923.07	750	59.494475	0.0	437258	70	0.75	45.339	0	1243	30.212234706616762
1624329926.76	750	59.803721	0.0	419071	76	0.75	49.335	0	1363	30.030030030030012
1624329930.99	750	59.540176	0.0	449162	72	0.75	53.336	0	1483	29.992501874531385
1624329934.71	750	59.861556	0.0	447732	81	0.75	57.335	0	1603	30.00750187546885
1624329938.98	750	59.602497	0.0	488806	86	0.75	61.336	0	1723	29.992501874531385
1624329942.68	750	59.909661	0.0	389747	66	0.75	65.337	0	1843	29.99250187453133
1624329946.92	750	59.654613	0.0	485582	76	0.75	69.336	0	1963	30.007501875468904
1624329950.63	750	59.981247	0.0	430276	84	0.75	73.336	0	2083	30
1624329954.88	750	59.72632	0.0	435590	59	0.75	77.338	0	2203	29.98500749625191
1624329959.09	750	59.464513	0.0	459331	64	0.75	81.338	0	2323	30
1624329962.78	750	59.774435	0.0	381587	72	0.75	85.339	0	2443	29.99250187453133
1624329967.01	750	59.522142	0.0	424399	68	0.75	89.339	0	2563	30
1624329970.72	750	59.828049	0.0	436743	88	0.75	93.339	0	2683	30
1624329974.9	750	59.567917	0.0	385692	67	0.75	97.339	0	2803	30
1624329978.58	750	59.920945	0.0	424746	67	0.75	101.339	0	2923	30
1624329982.78	750	59.660349	0.0	407135	70	0.75	105.34	0	3043	29.99250187453133
1624329986.45	750	59.962378	0.0	427720	68	0.75	109.34	0	3163	30
1624329990.63	750	59.987334	0.0	427353	71	0.75	113.34	0	3283	30
1624329994.82	750	59.727082	0.0	418534	68	0.75	117.348	0	3403	29.940119760479075
1624329999.0	750	59.500683	0.0	421343	75	0.75	121.348	0	3523	30
