1624324265.71	750	4	0.186	446149	98	-0.7948	0	0	0	0
1624324266.19	1200	8	0.0	1737810	276	0.75	0	0	0	0
1624324266.56	1200	12	0.0	1497975	241	1.2	0	0	0	0
1624324266.95	1200	16	0.0	1711143	263	1.2	0	0	0	0
1624324267.41	1200	20	0.0	1733770	278	1.2	0	0	0	0
1624324267.84	1200	23.627259	0.0	1749315	255	1.2	0	0	0	0
1624324268.24	1200	27.223777	0.0	1603603	253	1.2	0	0	0	0
1624324268.72	1200	30.766667	0.0	1702216	277	1.2	0	0	0	0
1624324269.14	1200	34.332197	0.0	1641950	271	1.2	5.411	1	93	0
1624324269.55	1200	37.929154	0.0	1559808	236	1.2	5.411	1	93	0
1624324269.99	1200	41.484301	0.0	1622647	268	1.2	5.411	1	93	0
1624324270.41	1200	45.040215	0.0	1630019	267	1.2	5.411	1	93	0
1624324270.86	1200	48.616667	0.0	1658562	267	1.2	5.411	1	93	0
1624324271.29	1200	52.15301	0.0	1669221	278	1.2	5.411	1	93	0
1624324271.71	1200	55.75	0.0	1636310	266	1.2	5.411	1	93	0
1624324272.14	1200	59.305981	0.0	1732283	279	1.2	5.411	1	93	0
1624324276.09	1200	59.461374	0.0	1511913	244	1.2	9.41	6	333	58.76469117279319
1624324280.01	1200	59.532259	0.0	1593050	239	1.2	13.411	6	573	59.98500374906274
1624324283.99	1200	59.568099	0.0	1818927	266	1.2	17.41	6	813	60.01500375093772
1624324287.97	1200	59.602798	0.0	1667234	274	1.2	21.411	7	1053	59.73506623344162
1624324291.91	1200	59.634911	0.0	1633180	269	1.2	25.411	7	1293	60
1624324295.84	1200	59.671618	0.0	1663787	255	1.2	29.411	7	1533	60
1624324299.83	1200	59.775428	0.0	1674035	303	1.2	33.412	8	1773	59.73506623344167
1624324303.73	1200	59.791275	0.0	1460813	227	1.2	37.412	10	2013	59.5
1624324307.67	1200	59.830204	0.0	1541638	237	1.2	41.412	12	2253	59.5
1624324311.6	1200	59.867092	0.0	1680082	268	1.2	45.423	13	2493	59.586138120169494
1624324316.03	1200	59.62349	0.0	1542551	249	1.2	49.413	13	2733	60.1503759398497
1624324319.99	1200	59.6521	0.0	1603186	254	1.2	53.414	13	2973	59.98500374906266
1624324323.94	1200	59.683334	0.0	1611597	255	1.2	57.413	13	3213	60.01500375093781
1624324327.98	1200	59.561543	0.0	1888785	314	1.2	61.414	15	3453	59.48512871782047
1624324331.91	1200	59.764202	0.0	1552540	244	1.2	65.414	15	3693	60
1624324335.94	1200	59.520416	0.0	1957722	299	1.2	69.414	17	3933	59.5
1624324339.9	1200	59.55089	0.0	1766061	289	1.2	73.415	17	4173	59.98500374906266
1624324343.83	1200	59.863157	0.0	1645454	272	1.2	77.415	17	4413	60
1624324347.78	1200	59.902191	0.0	1604737	263	1.2	81.415	18	4653	59.75
1624324351.7	1200	59.939439	0.0	1487527	235	1.2	85.419	18	4893	59.94005994006008
1624324355.65	1200	59.968924	0.0	1643954	219	1.2	89.419	18	5133	60
1624324360.12	1200	59.466907	0.0	1555884	253	1.2	93.419	19	5373	59.75
1624324364.03	1200	59.494203	0.0	1535193	248	1.2	97.42	19	5613	59.98500374906266
1624324367.94	1200	59.52318	0.0	1551114	248	1.2	101.42	19	5853	60
1624324371.92	1200	59.555472	0.0	1575918	254	1.2	105.42	20	6093	59.75
1624324375.89	1200	59.587454	0.0	1672619	256	1.2	109.422	20	6333	59.97001499250382
1624324379.85	1200	59.622979	0.0	1631168	258	1.2	113.421	20	6573	60.015003750937595
1624324384.05	1200	59.933892	0.0	1687116	265	1.2	117.421	20	6813	60
1624324387.88	1200	59.751193	0.0	1644749	422	1.2	121.427	28	7054	58.1627558662007
