1624285161.56	750	4	0.185	446149	94	-0.7905	0	0	0	0
1624285162.34	1850	8	0.0	3302713	557	0.75	0	0	0	0
1624285163.06	1850	12	0.0	2780269	552	1.85	0	0	0	0
1624285163.8	1850	15.35	0.0	3138830	523	1.85	0	0	0	0
1624285164.58	1850	18.55	0.0	3252745	572	1.85	0	0	0	0
1624285165.29	1850	21.85	0.0	3175667	491	1.85	5.204	7	101	0
1624285165.95	1850	25.171579	0.0	2962628	452	1.85	5.204	7	101	0
1624285166.7	1850	28.45	0.0	3242545	522	1.85	5.204	7	101	0
1624285167.39	1850	31.733334	0.0	2999470	472	1.85	5.204	7	101	0
1624285168.15	1850	34.983334	0.0	2926075	555	1.85	5.204	7	101	0
1624285168.83	1850	38.3	0.0	3029009	465	1.85	9.202	28	341	54.777388694347174
1624285169.58	1850	41.566667	0.0	3113599	496	1.85	9.202	28	341	54.777388694347174
1624285170.36	1850	44.783334	0.0	3116790	531	1.85	9.202	28	341	54.777388694347174
1624285171.08	1850	48.066667	0.0	3132453	487	1.85	9.202	28	341	54.777388694347174
1624285171.74	1850	51.366667	0.0	2994095	484	1.85	9.202	28	341	54.777388694347174
1624285172.49	1850	54.633334	0.0	3154088	525	1.85	9.202	28	341	54.777388694347174
1624285173.16	1850	57.933334	0.0	2803553	468	1.85	13.202	48	581	55
1624285175.43	1850	59.895994	0.0	3039477	507	1.85	13.202	48	581	55
1624285179.32	1850	59.92346	0.0	3356332	622	1.85	17.203	61	821	56.735816045988514
1624285183.6	1850	59.670607	0.0	3105690	470	1.85	21.203	67	1061	58.5
1624285187.4	1850	59.983334	0.0	3008856	447	1.85	25.203	69	1301	59.5
1624285191.66	1850	59.447276	0.0	3066869	481	1.85	29.203	72	1541	59.25
1624285195.41	1850	59.803483	0.0	3178549	521	1.85	33.204	74	1781	59.48512871782053
1624285199.77	1850	59.557151	0.0	2577778	590	1.85	37.204	76	2021	59.5
1624285203.48	1850	59.869832	0.0	2819145	488	1.85	41.204	78	2261	59.5
1624285207.57	1850	59.804352	0.0	3037564	593	1.85	45.232	91	2503	56.85203574975176
1624285211.45	1850	59.816667	0.0	2852411	490	1.85	49.205	113	2741	54.36697709539392
1624285215.62	1850	59.870084	0.0	3004818	558	1.85	53.205	145	2981	52
1624285219.48	1850	59.798166	0.0	2930516	429	1.85	57.206	166	3221	54.73631592101968
