1624285572.66	750	4	0.205	447032	46	-0.8765	0	0	0	0
1624285573.53	2850	8	0.0	3731877	537	0.75	0	0	0	0
1624285574.22	2850	12	0.0	2988743	512	2.85	0	0	0	0
1624285575.0	2850	15.270603	0.0	3344033	571	2.85	0	0	0	0
1624285575.81	2850	18.463882	0.0	3588671	601	2.85	0	0	0	0
1624285576.75	2850	21.536199	0.0	3516436	589	2.85	5.419	0	52	0
1624285577.52	2850	24.770045	0.0	3520561	582	2.85	5.419	0	52	0
1624285578.4	2850	28	0.0	3787958	660	2.85	5.419	0	52	0
1624285579.2	2850	31.069995	0.0	3482140	607	2.85	5.419	0	52	0
1624285580.57	2850	33.7	0.0	3620909	1119	2.85	9.419	6	172	28.499999999999993
1624285581.72	2850	36.566869	0.0	3578596	942	2.85	9.419	6	172	28.499999999999993
1624285583.04	2850	39.233334	0.0	3430213	1035	2.85	9.419	6	172	28.499999999999993
1624285584.52	2850	41.735125	0.0	3873343	1243	2.85	13.419	6	292	30
