1624329641.56	750	4	0.171	447032	82	-0.7303	0	0	0	0
1624329641.7	300	8	0.0	222343	37	-0.15000000000000002	0	0	0	0
1624329641.84	300	12	0.0	202601	34	0.3	0	0	0	0
1624329642.02	300	16	0.0	231442	74	0.3	0	0	0	0
1624329642.15	300	19.948787	0.0	223916	24	0.3	0	0	0	0
1624329642.27	300	23.828009	0.0	227288	35	0.3	0	0	0	0
1624329642.39	300	27.707356	0.0	210296	40	0.3	0	0	0	0
1624329642.52	300	31.586609	0.0	232710	37	0.3	0	0	0	0
1624329642.66	300	35.423761	0.0	230934	36	0.3	0	0	0	0
1624329642.79	300	39.302934	0.0	230466	37	0.3	0	0	0	0
1624329642.93	300	43.181776	0.0	222766	41	0.3	0	0	0	0
1624329643.05	300	47.058848	0.0	215843	30	0.3	0	0	0	0
1624329643.19	300	50.897484	0.0	240996	35	0.3	0	0	0	0
1624329643.34	300	54.77484	0.0	241376	42	0.3	0	0	0	0
1624329643.44	300	58.653878	0.0	215448	31	0.3	0	0	0	0
1624329646.58	300	59.769927	0.0	224191	34	0.3	4.629	0	88	0
1624329650.79	300	59.507864	0.0	201147	59	0.3	8.629	0	208	30
1624329654.47	300	59.815504	0.0	208138	33	0.3	12.629	0	328	30
1624329658.64	300	59.553908	0.0	237703	17	0.3	16.629	0	448	29.999999999999986
1624329662.32	300	59.869108	0.0	221939	43	0.3	20.629	0	568	30
1624329666.47	300	59.617847	0.0	216091	36	0.3	24.63	0	688	29.992501874531385
1624329670.66	300	59.640863	0.0	221930	36	0.3	28.63	0	808	30
1624329674.36	300	59.943438	0.0	244209	50	0.3	32.63	0	928	29.999999999999975
1624329678.52	300	59.686256	0.0	201448	27	0.3	36.63	0	1048	30
1624329682.76	300	59.433368	0.0	216871	36	0.3	40.63	0	1168	30
1624329686.41	300	59.741159	0.0	226875	28	0.3	44.631	0	1288	29.992501874531385
1624329690.58	300	59.768061	0.0	215302	40	0.3	48.63	0	1408	30.00750187546885
1624329694.27	300	59.830959	0.0	231664	41	0.3	52.63	0	1528	30
1624329698.42	300	59.85231	0.0	233190	29	0.3	56.631	0	1648	29.992501874531385
1624329702.56	300	59.593142	0.0	245887	42	0.3	60.63	0	1768	30.00750187546885
1624329706.23	300	59.897947	0.0	205585	33	0.3	64.632	0	1888	29.985007496251857
1624329710.43	300	59.917778	0.0	248259	47	0.3	68.631	0	2008	30.007501875468904
1624329714.65	300	59.660682	0.0	221496	42	0.3	72.632	0	2128	29.99250187453133
1624329718.44	300	59.964827	0.0	238596	56	0.3	76.633	0	2248	29.99250187453144
1624329722.61	300	59.487752	0.0	239547	40	0.3	80.632	0	2368	30.007501875468797
1624329726.77	300	59.506934	0.0	210306	40	0.3	84.633	0	2488	29.99250187453144
1624329730.42	300	59.808915	0.0	223809	36	0.3	88.633	0	2608	30
1624329734.58	300	59.542784	0.0	233162	44	0.3	92.633	0	2728	30
1624329738.72	300	59.574007	0.0	211150	34	0.3	96.633	0	2848	30
1624329742.38	300	59.88315	0.0	227487	31	0.3	100.634	0	2968	29.99250187453133
1624329746.57	300	59.651094	0.0	218501	34	0.3	104.633	0	3088	30.007501875468904
1624329750.31	300	59.960838	0.0	223461	44	0.3	108.634	0	3208	29.99250187453133
1624329754.46	300	59.714612	0.0	223191	43	0.3	112.634	0	3328	30
1624329758.6	300	59.743742	0.0	228365	41	0.3	116.634	0	3448	30
1624329762.72	300	59.487506	0.0	223247	35	0.3	120.634	0	3568	30
