1624269431.52	750	4	0.186	446149	84	-0.7948	0	0	0	0
1624269432.78	2850	8	0.0	5338027	935	0.75	0	0	0	0
1624269433.7	2850	11.516667	0.0	4485847	670	2.85	0	0	0	0
1624269434.72	2850	14.5	0.0	5004689	768	2.85	5.621	5	89	0
1624269435.8	2850	17.416667	0.0	5182650	833	2.85	5.621	5	89	0
1624269436.91	2850	20.333334	0.0	5173280	836	2.85	5.621	5	89	0
1624269437.9	2850	23.333334	0.0	4880493	730	2.85	5.621	5	89	0
1624269439.09	2850	26.15	0.0	5406574	918	2.85	9.621	49	331	49.5
1624269440.4	2850	28.933334	0.0	4844720	948	2.85	9.621	49	331	49.5
1624269441.41	2850	31.816667	0.0	4832207	751	2.85	9.621	49	331	49.5
1624269442.58	2850	34.65	0.0	4887638	871	2.85	9.621	49	331	49.5
1624269443.6	2850	37.633334	0.0	4995664	753	2.85	13.643	87	572	50.47240179015415
1624269444.82	2850	40.466667	0.0	5320325	924	2.85	13.643	87	572	50.47240179015415
1624269446.07	2850	43.2	0.0	5320224	933	2.85	13.643	87	572	50.47240179015415
1624269447.13	2850	46.083334	0.0	4822090	817	2.85	17.643	121	813	51.75
1624269448.31	2850	48.916667	0.0	5024811	916	2.85	17.643	121	813	51.75
1624269449.37	2850	51.883334	0.0	4620969	736	2.85	17.643	121	813	51.75
1624269450.5	2850	54.8	0.0	4982065	774	2.85	17.643	121	813	51.75
