1624345101.8	750	4	0.147	447032	56	-0.6271	0	0	0	0
1624345101.96	300	8	0.0	222343	29	-0.15000000000000002	0	0	0	0
1624345102.1	300	12	0.0	202601	41	0.3	0	0	0	0
1624345102.23	300	16	0.0	231442	42	0.3	0	0	0	0
1624345102.34	300	20	0.0	223916	35	0.3	0	0	0	0
1624345102.55	300	24	0.0	227288	3	0.3	0	0	0	0
1624345102.66	300	28	0.0	210296	32	0.3	0	0	0	0
1624345102.77	300	32	0.0	232710	36	0.3	0	0	0	0
1624345102.9	300	36	0.0	230934	46	0.3	0	0	0	0
1624345103.06	300	40	0.0	230466	45	0.3	0	0	0	0
1624345103.17	300	44	0.0	222766	38	0.3	0	0	0	0
1624345103.29	300	48	0.0	215843	42	0.3	0	0	0	0
1624345103.41	300	52	0.0	240996	45	0.3	0	0	0	0
1624345103.57	300	56	0.0	241376	37	0.3	0	0	0	0
1624345104.22	300	59.713575	0.0	215448	47	0.3	0	0	0	0
1624345108.38	300	59.500166	0.0	224191	29	0.3	5.207	0	43	0
1624345112.09	300	59.811842	0.0	201147	56	0.3	9.207	0	163	29.999999999999993
1624345116.3	300	59.551156	0.0	208138	36	0.3	13.207	0	283	30
1624345119.97	300	59.87289	0.0	237703	47	0.3	17.207	0	403	30
1624345124.12	300	59.607347	0.0	221939	42	0.3	21.207	0	523	30
1624345127.83	300	59.920355	0.0	216091	25	0.3	25.208	0	643	29.992501874531385
1624345132.03	300	59.953381	0.0	221930	42	0.3	29.208	0	763	30
1624345136.22	300	59.714535	0.0	244209	40	0.3	33.208	1	883	29.75
1624345140.43	300	59.492862	0.0	201448	31	0.3	37.208	1	1003	30
1624345144.11	300	59.846954	0.0	216871	42	0.3	41.209	1	1123	29.99250187453133
1624345148.34	300	59.591936	0.0	226875	54	0.3	45.216	1	1244	30.19715497878714
1624345152.04	300	59.909815	0.0	215302	24	0.3	49.209	1	1363	29.802153769095902
1624345156.31	300	59.658041	0.0	231664	48	0.3	53.21	1	1483	29.992501874531385
1624345159.96	300	59.969557	0.0	233190	42	0.3	57.209	1	1603	30.00750187546885
1624345164.16	300	59.709746	0.0	245887	49	0.3	61.21	1	1723	29.992501874531385
1624345168.36	300	59.529298	0.0	205585	29	0.3	65.21	1	1843	30.000000000000053
1624345172.06	300	59.87645	0.0	248259	37	0.3	69.21	1	1963	30
1624345176.22	300	59.618548	0.0	221496	40	0.3	73.21	1	2083	30
1624345179.9	300	59.928303	0.0	238596	51	0.3	77.21	1	2203	30
1624345184.07	300	59.954986	0.0	239547	42	0.3	81.211	1	2323	29.99250187453133
1624345188.23	300	59.693153	0.0	210306	33	0.3	85.218	1	2444	30.197154978787086
1624345191.77	300	59.996625	0.0	223809	325	0.3	89.219	1	2564	29.99250187453144
1624345195.97	300	59.807197	0.0	233162	43	0.3	93.221	1	2684	29.985007496251804
1624345200.14	300	59.837821	0.0	211150	55	0.3	97.221	1	2804	30
1624345204.28	300	59.612654	0.0	227487	40	0.3	101.22	1	2924	30.007501875468904
1624345207.95	300	59.966667	0.0	218501	56	0.3	105.222	1	3044	29.98500749625191
1624345212.17	300	59.713286	0.0	223461	55	0.3	109.223	1	3164	29.99250187453133
1624345216.36	300	59.455315	0.0	223191	40	0.3	113.223	1	3284	30
1624345220.01	300	59.762309	0.0	228365	34	0.3	117.223	1	3404	30
1624345224.19	300	59.790513	0.0	223247	39	0.3	121.226	1	3524	29.977516862353234
