1624311862.33	750	4	0.187	447032	71	-0.7991	0	0	0	0
1624311862.51	300	8	0.0	222343	43	-0.15000000000000002	0	0	0	0
1624311862.63	300	12	0.0	202601	39	0.3	0	0	0	0
1624311862.76	300	16	0.0	231442	39	0.3	0	0	0	0
1624311862.88	300	20	0.0	223916	36	0.3	0	0	0	0
1624311863.02	300	24	0.0	227288	3	0.3	0	0	0	0
1624311863.13	300	28	0.0	210296	34	0.3	0	0	0	0
1624311863.26	300	32	0.0	232710	44	0.3	0	0	0	0
1624311863.37	300	36	0.0	230934	37	0.3	0	0	0	0
1624311863.5	300	40	0.0	230466	40	0.3	0	0	0	0
1624311863.62	300	44	0.0	222766	36	0.3	0	0	0	0
1624311863.74	300	48	0.0	215843	36	0.3	0	0	0	0
1624311863.87	300	52	0.0	240996	35	0.3	0	0	0	0
1624311864.01	300	55.916521	0.0	241376	36	0.3	0	0	0	0
1624311864.15	300	59.795446	0.0	215448	34	0.3	0	0	0	0
1624311868.31	300	59.751125	0.0	224191	39	0.3	5.123	0	50	0
1624311872.46	300	59.507372	0.0	201147	34	0.3	9.124	0	170	29.992501874531364
1624311876.11	300	59.831362	0.0	208138	35	0.3	13.123	0	290	30.007501875468876
1624311880.25	300	59.872777	0.0	237703	42	0.3	17.124	0	410	29.99250187453137
1624311884.43	300	59.62093	0.0	221939	39	0.3	21.124	0	530	30
1624311888.07	300	59.934848	0.0	216091	43	0.3	25.124	0	650	30
1624311892.21	300	59.953561	0.0	221930	36	0.3	29.125	0	770	29.992501874531357
1624311896.37	300	59.731001	0.0	244209	45	0.3	33.125	0	890	30
1624311900.53	300	59.506389	0.0	201448	40	0.3	37.124	0	1010	30.00750187546885
1624311904.22	300	59.806788	0.0	216871	46	0.3	41.125	0	1130	29.992501874531385
1624311908.37	300	59.553777	0.0	226875	43	0.3	45.126	0	1250	29.992501874531385
1624311912.55	300	59.577479	0.0	215302	35	0.3	49.125	0	1370	30.00750187546885
1624311916.18	300	59.886072	0.0	231664	35	0.3	53.126	0	1490	29.992501874531385
1624311920.34	300	59.64499	0.0	233190	39	0.3	57.126	0	1610	30
1624311923.99	300	59.956112	0.0	245887	41	0.3	61.127	0	1730	29.99250187453133
1624311928.64	300	59.454162	0.0	205585	35	0.3	65.127	0	1850	30.000000000000053
1624311932.34	300	59.767701	0.0	248259	53	0.3	69.127	0	1970	30
1624311936.48	300	59.512401	0.0	221496	41	0.3	73.127	0	2090	30
1624311940.14	300	59.861496	0.0	238596	41	0.3	77.128	0	2210	29.99250187453133
1624311944.3	300	59.64405	0.0	239547	38	0.3	81.128	0	2330	30
1624311948.46	300	59.670572	0.0	210306	34	0.3	85.128	0	2450	30
1624311952.1	300	59.982706	0.0	223809	38	0.3	89.129	0	2570	29.99250187453133
1624311956.25	300	59.721138	0.0	233162	52	0.3	93.128	0	2690	30.007501875468904
1624311960.41	300	59.743687	0.0	211150	33	0.3	97.129	0	2810	29.99250187453133
1624311964.56	300	59.527954	0.0	227487	45	0.3	101.129	0	2930	30
1624311968.2	300	59.870134	0.0	218501	36	0.3	105.129	0	3050	30
1624311972.36	300	59.65986	0.0	223461	33	0.3	109.129	0	3170	30
1624311976.03	300	59.99792	0.0	223191	39	0.3	113.129	0	3290	30
1624311980.18	300	59.734914	0.0	228365	36	0.3	117.129	0	3410	30
1624311984.31	300	59.764721	0.0	223247	37	0.3	121.13	0	3530	29.99250187453144
