1624322375.74	750	4	0.25	447032	96	-1.0699999999999998	0	0	0	0
1624322376.17	1200	8	0.0	1081855	199	0.75	0	0	0	0
1624322376.53	1200	12	0.0	909590	189	1.2	0	0	0	0
1624322376.88	1200	16	0.0	1064785	173	1.2	0	0	0	0
1624322377.22	1200	20	0.0	1068330	169	1.2	0	0	0	0
1624322377.59	1200	24	0.0	1091906	194	1.2	0	0	0	0
1624322377.92	1200	28	0.0	989621	160	1.2	0	0	0	0
1624322378.34	1200	31.671848	0.0	1120373	167	1.2	0	0	0	0
1624322378.71	1200	35.263937	0.0	1096122	182	1.2	5.689	0	21	0
1624322379.05	1200	38.900758	0.0	1088831	175	1.2	5.689	0	21	0
1624322379.41	1200	42.535353	0.0	1080940	172	1.2	5.689	0	21	0
1624322379.75	1200	46.210229	0.0	1075422	168	1.2	5.689	0	21	0
1624322380.14	1200	49.806442	0.0	1146374	193	1.2	5.689	0	21	0
1624322380.55	1200	53.402069	0.0	1146930	196	1.2	5.689	0	21	0
1624322380.89	1200	57.077862	0.0	1066542	169	1.2	5.689	0	21	0
1624322382.25	1200	59.742644	0.0	1056887	174	1.2	5.689	0	21	0
1624322386.61	1200	59.519823	0.0	990369	146	1.2	9.689	0	141	30
1624322390.49	1200	59.5459	0.0	1015471	159	1.2	13.739	0	262	29.876543209876537
1624322394.41	1200	59.572583	0.0	1173982	179	1.2	17.743	0	382	29.970029970029987
1624322398.27	1200	59.87792	0.0	1058624	166	1.2	21.743	0	502	30
1624322402.17	1200	59.902992	0.0	1046861	167	1.2	25.744	0	622	29.992501874531357
1624322406.07	1200	59.960695	0.0	1048437	159	1.2	29.745	0	742	29.992501874531357
1624322409.99	1200	59.975212	0.0	1152505	184	1.2	33.745	0	862	30.00000000000003
1624322414.35	1200	59.718389	0.0	877099	154	1.2	37.745	0	982	30
1624322418.23	1200	59.73855	0.0	968042	162	1.2	41.754	0	1103	30.182090296832126
1624322422.65	1200	59.478679	0.0	1064114	198	1.2	45.754	0	1223	30
1624322426.56	1200	59.510327	0.0	1005764	143	1.2	49.774	0	1343	29.850746268656692
1624322430.42	1200	59.533334	0.0	1078959	144	1.2	53.775	0	1463	29.992501874531385
1624322434.34	1200	59.845948	0.0	1074526	181	1.2	57.775	0	1583	30
1624322438.28	1200	59.90421	0.0	1231303	201	1.2	61.775	0	1703	30
1624322442.15	1200	59.96531	0.0	960890	168	1.2	65.775	0	1823	29.999999999999947
1624322446.08	1200	59.986145	0.0	1183904	189	1.2	69.775	0	1943	30
1624322450.46	1200	59.724894	0.0	1065257	169	1.2	73.775	0	2063	30
1624322454.37	1200	59.744366	0.0	1108615	186	1.2	77.776	0	2183	29.99250187453144
1624322458.29	1200	59.803744	0.0	1113738	176	1.2	81.777	0	2303	29.99250187453133
1624322462.15	1200	59.830062	0.0	981548	175	1.2	85.777	0	2423	30
1624322466.53	1200	59.573881	0.0	1067644	172	1.2	89.777	0	2543	30
1624322470.47	1200	59.633943	0.0	1068520	170	1.2	93.777	0	2663	30
1624322474.33	1200	59.659973	0.0	946116	178	1.2	97.779	0	2783	29.98500749625191
1624322478.26	1200	59.965015	0.0	1041444	188	1.2	101.779	0	2903	30
1624322482.17	1200	59.991496	0.0	1033147	196	1.2	105.778	0	3023	30.007501875468797
1624322486.59	1200	59.438109	0.0	1043384	196	1.2	109.779	0	3143	29.99250187453144
1624322490.44	1200	59.754038	0.0	1047354	170	1.2	113.779	0	3263	30
1624322494.3	1200	59.764445	0.0	1058093	155	1.2	117.779	0	3383	30
1624322498.64	1200	59.502842	0.0	1038662	166	1.2	121.78	0	3503	29.99250187453133
