1624312094.74	750	4	0.169	447032	67	-0.7216999999999999	0	0	0	0
1624312094.89	300	8	0.0	222343	33	-0.15000000000000002	0	0	0	0
1624312095.01	300	12	0.0	202601	34	0.3	0	0	0	0
1624312095.13	300	16	0.0	231442	38	0.3	0	0	0	0
1624312095.27	300	20	0.0	223916	38	0.3	0	0	0	0
1624312095.41	300	23.870889	0.0	227288	49	0.3	0	0	0	0
1624312095.53	300	27.75009	0.0	210296	37	0.3	0	0	0	0
1624312095.65	300	31.628927	0.0	232710	35	0.3	0	0	0	0
1624312095.76	300	35.548452	0.0	230934	34	0.3	0	0	0	0
1624312095.88	300	39.427421	0.0	230466	43	0.3	0	0	0	0
1624312096.02	300	43.266667	0.0	222766	38	0.3	0	0	0	0
1624312096.15	300	47.145032	0.0	215843	28	0.3	0	0	0	0
1624312096.28	300	51.024221	0.0	240996	37	0.3	0	0	0	0
1624312096.45	300	54.862703	0.0	241376	44	0.3	0	0	0	0
1624312096.6	300	58.70122	0.0	215448	25	0.3	0	0	0	0
1624312099.77	300	59.750084	0.0	224191	47	0.3	4.627	0	85	0
1624312103.91	300	59.5601	0.0	201147	35	0.3	8.627	0	205	29.999999999999993
1624312107.58	300	59.87367	0.0	208138	42	0.3	12.627	0	325	30
1624312111.79	300	59.645479	0.0	237703	32	0.3	16.627	0	445	30.000000000000014
1624312115.52	300	59.96031	0.0	221939	36	0.3	20.628	0	565	29.992501874531357
1624312119.69	300	59.772064	0.0	216091	41	0.3	24.628	0	685	30
1624312123.92	300	59.546209	0.0	221930	35	0.3	28.628	0	805	30
1624312127.6	300	59.85696	0.0	244209	48	0.3	32.628	0	925	30
1624312131.76	300	59.646205	0.0	201448	44	0.3	36.629	0	1045	29.992501874531385
1624312135.42	300	59.990559	0.0	216871	33	0.3	40.629	0	1165	30
1624312139.58	300	59.769313	0.0	226875	38	0.3	44.629	0	1285	30
1624312143.78	300	59.797913	0.0	215302	36	0.3	48.63	0	1405	29.99250187453133
1624312147.95	300	59.547107	0.0	231664	32	0.3	52.63	0	1525	30
1624312151.64	300	59.85785	0.0	233190	30	0.3	56.63	0	1645	30
1624312155.83	300	59.596641	0.0	245887	43	0.3	60.631	0	1765	29.992501874531385
1624312159.59	300	59.909889	0.0	205585	39	0.3	64.63	0	1885	30.007501875468904
1624312163.8	300	59.68499	0.0	248259	34	0.3	68.631	0	2005	29.99250187453133
1624312167.51	300	59.984517	0.0	221496	22	0.3	72.631	0	2125	30
1624312171.68	300	59.727735	0.0	238596	37	0.3	76.649	0	2246	30.114484818317568
1624312175.83	300	59.476089	0.0	239547	39	0.3	80.649	0	2366	30
1624312179.99	300	59.510586	0.0	210306	37	0.3	84.649	0	2486	30
1624312183.67	300	59.820202	0.0	223809	39	0.3	88.649	0	2606	30
1624312187.88	300	59.559116	0.0	233162	36	0.3	92.65	0	2726	29.99250187453133
1624312191.55	300	59.874232	0.0	211150	30	0.3	96.65	0	2846	30
1624312195.73	300	59.652392	0.0	227487	34	0.3	100.65	0	2966	30
1624312199.41	300	59.968377	0.0	218501	38	0.3	104.65	0	3086	30
1624312203.58	300	59.990425	0.0	223461	46	0.3	108.65	0	3206	30
1624312207.72	300	59.739824	0.0	223191	43	0.3	112.651	0	3326	29.99250187453144
1624312211.86	300	59.520663	0.0	228365	38	0.3	116.65	0	3446	30.007501875468797
1624312215.52	300	59.824173	0.0	223247	36	0.3	120.65	0	3566	30
