1624340311.21	750	4	0.359	446149	162	-1.5387	0	0	0	0
1624340311.7	750	8	0.0	657276	283	0.75	0	0	0	0
1624340312.01	750	12	0.0	531142	195	0.75	0	0	0	0
1624340312.37	750	16	0.0	641782	262	0.75	0	0	0	0
1624340312.74	750	20	0.0	655328	256	0.75	0	0	0	0
1624340313.1	750	24	0.0	643029	238	0.75	0	0	0	0
1624340313.8	750	28	0.0	586466	268	0.75	0	0	0	0
1624340314.3	750	32	0.0	640646	363	0.75	5.205	0	0	0
1624340315.2	750	35.420823	0.0	603976	757	0.75	5.205	0	0	0
1624340315.57	750	39.055239	0.0	579575	219	0.75	5.205	0	0	0
1624340316.01	750	42.612054	0.0	622523	299	0.75	5.205	0	0	0
1624340316.54	750	46.086843	0.0	590406	382	0.75	5.205	0	0	0
1624340317.12	750	49.478574	0.0	636852	437	0.75	5.205	0	0	0
1624340317.61	750	52.991852	0.0	619167	364	0.75	5.205	0	0	0
1624340318.08	750	56.546646	0.0	636453	320	0.75	5.205	0	0	0
1624340319.15	750	59.538544	0.0	637789	395	0.75	9.29	2	214	51.89718482252143
1624340323.21	750	59.561814	0.0	574537	320	0.75	13.29	5	454	59.25
1624340327.09	750	59.663206	0.0	595492	195	0.75	17.29	5	694	60
1624340331.07	750	59.695713	0.0	662075	294	0.75	21.29	5	934	60
1624340334.98	750	59.771986	0.0	622438	233	0.75	25.292	5	1174	59.970014992503714
1624340338.85	750	59.838916	0.0	607166	228	0.75	29.294	5	1414	59.97001499250376
1624340342.92	750	59.861532	0.0	615645	383	0.75	33.296	5	1654	59.97001499250376
1624340347.04	750	59.617719	0.0	651954	448	0.75	37.297	5	1894	59.98500374906277
1624340351.09	750	59.657706	0.0	550774	393	0.75	41.296	5	2134	60.0150037509377
1624340354.67	750	59.969409	0.0	594579	427	0.75	45.297	5	2374	59.98500374906277
1624340359.2	750	59.436727	0.0	632394	328	0.75	49.297	5	2614	60
1624340363.2	750	59.464242	0.0	575968	302	0.75	53.297	5	2854	60
1624340367.03	750	59.77581	0.0	632851	184	0.75	57.297	5	3094	60
1624340370.97	750	59.808292	0.0	604086	293	0.75	61.297	5	3334	60
1624340374.93	750	59.839178	0.0	712976	241	0.75	65.298	5	3574	59.98500374906266
1624340379.1	750	59.57794	0.0	581323	416	0.75	69.309	5	3815	60.084766891049675
1624340383.06	750	59.613428	0.0	729373	256	0.75	73.309	5	4055	60
1624340386.9	750	59.922266	0.0	670981	198	0.75	77.31	5	4295	59.98500374906266
1624340390.73	750	59.983334	0.0	621207	147	0.75	81.31	5	4535	60
1624340395.02	750	59.726093	0.0	579598	125	0.75	85.31	5	4775	60
1624340399.28	750	59.468952	0.0	558064	107	0.75	89.311	5	5015	59.98500374906266
1624340403.06	750	59.773622	0.0	609656	116	0.75	93.311	5	5255	60
1624340406.98	750	59.806226	0.0	599153	241	0.75	97.312	5	5495	59.98500374906288
1624340410.99	750	59.831778	0.0	574452	287	0.75	101.312	5	5735	60
1624340414.81	750	59.86036	0.0	605550	164	0.75	105.311	5	5975	60.015003750937595
1624340418.75	750	59.897093	0.0	601791	234	0.75	109.312	5	6215	59.98500374906288
1624340423.03	750	59.640826	0.0	627361	114	0.75	113.312	5	6455	60
1624340426.79	750	59.954474	0.0	623214	110	0.75	117.312	5	6695	60
1624340431.06	750	59.743016	0.0	648266	112	0.75	121.312	5	6935	60
1624340434.87	750	59.774293	0.0	606947	163	0.75	125.313	5	7175	59.98500374906266
