1624348179.89	750	4	0.217	446149	116	-0.9280999999999999	0	0	0	0
1624348180.22	750	8	0.0	657276	145	0.75	0	0	0	0
1624348180.43	750	12	0.0	531142	118	0.75	0	0	0	0
1624348180.65	750	16	0.0	641782	121	0.75	0	0	0	0
1624348180.87	750	20	0.0	655328	124	0.75	0	0	0	0
1624348181.13	750	24	0.0	643029	149	0.75	0	0	0	0
1624348181.37	750	27.872771	0.0	586466	128	0.75	0	0	0	0
1624348181.61	750	31.630925	0.0	640646	149	0.75	0	0	0	0
1624348181.88	750	35.389413	0.0	603976	138	0.75	0	0	0	0
1624348182.14	750	39.107021	0.0	579575	135	0.75	0	0	0	0
1624348182.37	750	42.86519	0.0	622523	120	0.75	0	0	0	0
1624348182.65	750	46.621187	0.0	590406	139	0.75	0	0	0	0
1624348182.87	750	50.379191	0.0	636852	118	0.75	0	0	0	0
1624348183.09	750	54.136707	0.0	619167	110	0.75	0	0	0	0
1624348183.48	750	57.7709	0.0	636453	126	0.75	5.041	0	115	0
1624348185.8	750	59.465367	0.0	637789	145	0.75	5.041	0	115	0
1624348189.57	750	59.782482	0.0	574537	114	0.75	9.04	0	355	60.01500375093775
1624348193.87	750	59.573049	0.0	595492	124	0.75	13.041	0	595	59.98500374906271
1624348197.65	750	59.630874	0.0	662075	132	0.75	17.041	0	835	60
1624348201.57	750	59.948216	0.0	622438	256	0.75	21.042	0	1075	59.98500374906271
1624348205.36	750	59.974933	0.0	607166	149	0.75	25.042	0	1315	60
1624348209.71	750	59.723299	0.0	615645	137	0.75	29.042	0	1555	60
1624348213.56	750	59.751962	0.0	651954	174	0.75	33.042	0	1796	60.25
1624348217.54	750	59.781334	0.0	550774	303	0.75	37.042	0	2035	59.75
1624348221.79	750	59.510482	0.0	594579	105	0.75	41.043	0	2275	59.98500374906277
1624348225.61	750	59.824968	0.0	632394	124	0.75	45.045	0	2516	60.219890054972474
1624348229.84	750	59.576711	0.0	575968	80	0.75	49.045	0	2756	60
1624348233.58	750	59.895654	0.0	632851	115	0.75	53.045	0	2996	60
1624348237.82	750	59.64354	0.0	604086	101	0.75	57.046	0	3236	59.98500374906277
1624348241.63	750	59.673245	0.0	712976	117	0.75	61.046	0	3476	60
1624348245.46	750	59.983334	0.0	581323	99	0.75	65.046	0	3716	59.99999999999989
1624348249.8	750	59.728758	0.0	729373	126	0.75	69.046	0	3956	60
1624348253.55	750	59.760586	0.0	670981	109	0.75	73.046	0	4196	60
1624348257.85	750	59.50613	0.0	621207	116	0.75	77.047	0	4436	59.98500374906288
1624348261.59	750	59.818994	0.0	579598	112	0.75	81.05	0	4676	59.95503372470647
1624348265.84	750	59.608678	0.0	558064	99	0.75	85.051	0	4916	59.98500374906266
1624348269.57	750	59.918735	0.0	609656	97	0.75	89.051	0	5156	60
1624348273.8	750	59.664017	0.0	599153	97	0.75	93.05	0	5396	60.01500375093781
1624348277.54	750	59.980892	0.0	574452	100	0.75	97.051	0	5636	59.98500374906266
1624348281.84	750	59.44164	0.0	605550	142	0.75	101.051	0	5876	60
1624348285.61	750	59.746102	0.0	601791	95	0.75	105.051	0	6116	60
1624348289.9	750	59.492599	0.0	627361	134	0.75	109.051	0	6356	60
1624348293.64	750	59.833712	0.0	623214	91	0.75	113.052	0	6596	59.98500374906266
1624348297.86	750	59.574835	0.0	648266	108	0.75	117.052	0	6836	60
1624348301.6	750	59.887617	0.0	606947	96	0.75	121.055	0	7076	59.95503372470647
