1624276270.98	750	4	0.21	446149	67	-0.898	0	0	0	0
1624276272.25	2850	8	0.0	5338027	862	0.75	0	0	0	0
1624276273.34	2850	11.383334	0.0	4485847	812	2.85	0	0	0	0
1624276274.67	2850	14.05	0.0	5004689	1064	2.85	5.626	5	86	0
1624276275.75	2850	16.983334	0.0	5182650	782	2.85	5.626	5	86	0
1624276276.89	2850	19.983334	0.0	5173280	861	2.85	5.626	5	86	0
1624276277.93	2850	22.8	0.0	4880493	769	2.85	5.626	5	86	0
1624276279.2	2850	25.6	0.0	5406574	914	2.85	9.626	57	326	47.00000000000001
1624276280.44	2850	28.4	0.0	4844720	866	2.85	9.626	57	326	47.00000000000001
1624276281.9	2850	31.15	0.0	4832207	864	2.85	9.626	57	326	47.00000000000001
1624276282.97	2850	33.75	0.0	4887638	831	2.85	13.627	96	566	50.237440639840024
1624276284.0	2850	36.716667	0.0	4995664	753	2.85	13.627	96	566	50.237440639840024
1624276285.6	2850	39.45	0.0	5320325	993	2.85	13.627	96	566	50.237440639840024
