1624280396.24	750	4	0.177	447032	36	-0.7561	0	0	0	0
1624280396.78	1850	8	0.0	2254830	303	0.75	0	0	0	0
1624280397.23	1850	12	0.0	1837501	302	1.85	0	0	0	0
1624280397.82	1850	16	0.0	2108748	325	1.85	0	0	0	0
1624280398.36	1850	19.589717	0.0	2229492	389	1.85	0	0	0	0
1624280398.82	1850	23.14677	0.0	2078237	299	1.85	0	0	0	0
1624280399.25	1850	26.703286	0.0	2030644	286	1.85	0	0	0	0
1624280399.8	1850	30.174133	0.0	2298831	339	1.85	5.167	0	47	0
1624280400.32	1850	33.650395	0.0	2164964	350	1.85	5.167	0	47	0
1624280400.82	1850	37.166688	0.0	2175479	279	1.85	5.167	0	47	0
1624280401.28	1850	40.682078	0.0	2156805	308	1.85	5.167	0	47	0
1624280401.76	1850	44.197982	0.0	2101523	306	1.85	5.167	0	47	0
1624280402.31	1850	47.673498	0.0	2344608	348	1.85	5.167	0	47	0
1624280402.83	1850	51.149339	0.0	2334646	366	1.85	5.167	0	47	0
1624280403.37	1850	54.584678	0.0	2109579	381	1.85	5.167	0	47	0
1624280403.86	1850	58.098071	0.0	2097243	324	1.85	9.167	0	167	30
1624280406.34	1850	59.866758	0.0	2054074	304	1.85	9.167	0	167	30
1624280410.36	1850	59.648195	0.0	2079344	296	1.85	13.167	0	287	30
1624280414.45	1850	59.67601	0.0	2353718	396	1.85	17.168	0	407	29.99250187453137
1624280418.45	1850	59.710108	0.0	2119053	303	1.85	21.167	0	527	30.00750187546885
1624280422.49	1850	59.457465	0.0	2145449	317	1.85	25.168	0	647	29.992501874531385
1624280426.55	1850	59.528274	0.0	2087310	306	1.85	29.168	0	767	30
1624280430.09	1850	59.874054	0.0	2348666	342	1.85	33.168	0	887	30
1624280434.55	1850	59.622471	0.0	1801794	264	1.85	37.169	0	1007	29.992501874531385
1624280438.5	1850	59.659376	0.0	1864524	275	1.85	41.168	0	1127	30.00750187546885
1624280442.0	1850	59.974541	0.0	2051691	296	1.85	45.184	0	1248	30.12948207171316
1624280446.49	1850	59.71976	0.0	1898420	266	1.85	49.169	0	1367	29.861982434127984
1624280450.54	1850	59.466678	0.0	2276304	357	1.85	53.169	0	1487	30
1624280454.59	1850	59.531285	0.0	2239013	325	1.85	57.169	0	1607	30
1624280458.16	1850	59.84955	0.0	2417622	364	1.85	61.169	0	1727	30
1624280462.19	1850	59.933334	0.0	1950728	316	1.85	65.17	0	1847	29.99250187453133
1624280466.26	1850	59.716162	0.0	2268079	271	1.85	69.17	0	1967	30
1624280470.3	1850	59.738974	0.0	2105954	321	1.85	73.17	0	2087	30
1624280474.31	1850	59.760244	0.0	2049597	308	1.85	77.17	0	2207	30
1624280478.35	1850	59.778348	0.0	2267452	343	1.85	81.171	0	2327	29.99250187453133
1624280482.3	1850	59.810171	0.0	1977775	277	1.85	85.17	0	2447	30.007501875468904
1624280486.31	1850	59.868128	0.0	2145766	338	1.85	89.197	0	2568	30.04718152470821
1624280490.34	1850	59.902743	0.0	2064567	270	1.85	93.196	0	2688	30.007501875468904
1624280494.3	1850	59.934061	0.0	1899367	275	1.85	97.197	0	2808	29.99250187453133
1624280498.31	1850	59.680392	0.0	2118078	324	1.85	101.197	0	2928	30
1624280502.3	1850	59.720004	0.0	2045638	294	1.85	105.197	0	3048	30
1624280506.29	1850	59.753039	0.0	2132751	324	1.85	109.197	0	3168	30
1624280510.26	1850	59.809594	0.0	2105800	305	1.85	113.197	0	3288	30
1624280514.23	1850	59.851152	0.0	2117310	317	1.85	117.198	0	3408	29.99250187453144
1624280518.2	1850	59.886456	0.0	2106167	320	1.85	121.198	0	3528	30
