1624274501.13	750	4	0.183	447032	83	-0.7818999999999999	0	0	0	0
1624274502.04	2850	7.837353	0.0	3731877	659	0.75	0	0	0	0
1624274502.73	2850	11.151089	0.0	2988743	466	2.85	0	0	0	0
1624274503.62	2850	14.266667	0.0	3344033	642	2.85	0	0	0	0
1624274504.6	2850	17.293255	0.0	3588671	672	2.85	4.672	0	80	0
1624274505.4	2850	20.482905	0.0	3516436	592	2.85	4.672	0	80	0
1624274506.26	2850	23.6	0.0	3520561	639	2.85	4.672	0	80	0
1624274507.17	2850	26.708703	0.0	3787958	683	2.85	4.672	0	80	0
1624274507.97	2850	29.901048	0.0	3482140	563	2.85	4.672	0	80	0
1624274508.74	2850	33.134852	0.0	3620909	558	2.85	8.673	2	200	29.492626843289177
1624274509.52	2850	36.3673	0.0	3578596	553	2.85	8.673	2	200	29.492626843289177
1624274510.26	2850	39.6	0.0	3430213	537	2.85	8.673	2	200	29.492626843289177
1624274511.16	2850	42.733334	0.0	3873343	654	2.85	8.673	2	200	29.492626843289177
1624274512.65	2850	45.366667	0.0	4055051	1105	2.85	12.673	4	318	29
1624274513.36	2850	48.530121	0.0	3383484	525	2.85	12.673	4	318	29
1624274514.12	2850	51.763321	0.0	3439708	568	2.85	12.673	4	318	29
1624274514.87	2850	55	0.0	3270011	521	2.85	12.673	4	318	29
1624274515.82	2850	58.069606	0.0	3397053	700	2.85	12.673	4	318	29
1624274518.27	2850	59.64494	0.0	3855639	756	2.85	16.683	5	440	30.174563591022444
1624274522.24	2850	59.959173	0.0	3553518	631	2.85	20.684	5	560	29.992501874531357
1624274526.07	2850	59.990363	0.0	3560530	552	2.85	24.684	6	680	29.75
1624274530.44	2850	59.458612	0.0	3529545	599	2.85	28.684	6	800	30
1624274534.6	2850	59.774847	0.0	3944215	671	2.85	32.684	6	920	30.00000000000003
1624274538.33	2850	59.800422	0.0	2874206	505	2.85	36.684	6	1040	30
1624274542.3	2850	59.819976	0.0	3298545	704	2.85	40.685	6	1160	29.99250187453133
1624274546.03	2850	59.887918	0.0	3406141	507	2.85	44.686	6	1280	29.992501874531385
1624274550.23	2850	59.634368	0.0	3134119	494	2.85	48.705	6	1401	30.10699178900225
1624274554.2	2850	59.667131	0.0	3769859	712	2.85	52.705	6	1521	30
1624274558.11	2850	59.981498	0.0	3566857	666	2.85	56.706	6	1641	29.99250187453133
1624274562.48	2850	59.451648	0.0	3935536	622	2.85	60.707	6	1761	29.992501874531385
1624274566.19	2850	59.772017	0.0	3251953	508	2.85	64.709	6	1881	29.985007496251857
1624274570.51	2850	59.518291	0.0	3744840	588	2.85	68.709	6	2001	30
1624274574.39	2850	59.553546	0.0	3455854	650	2.85	72.71	6	2121	29.99250187453144
1624274578.42	2850	59.620324	0.0	3548731	712	2.85	76.715	7	2241	29.712858926342
1624274582.3	2850	59.646716	0.0	3573884	631	2.85	80.718	7	2361	29.977516862353234
1624274586.04	2850	59.962043	0.0	3124748	488	2.85	84.718	7	2481	30
1624274589.89	2850	59.995295	0.0	3671669	599	2.85	88.717	8	2601	29.757439359839996
1624274594.16	2850	59.738449	0.0	3397624	540	2.85	92.718	8	2721	29.99250187453133
1624274598.36	2850	59.766667	0.0	3070410	454	2.85	96.718	8	2841	30
1624274602.23	2850	59.78764	0.0	3480718	632	2.85	100.719	8	2961	29.99250187453144
1624274606.04	2850	59.861249	0.0	3396325	543	2.85	104.719	8	3081	30
1624274610.34	2850	59.63631	0.0	3538812	576	2.85	108.719	8	3201	30
1624274614.09	2850	59.95656	0.0	3440498	534	2.85	112.72	8	3321	29.99250187453133
1624274618.36	2850	59.740194	0.0	3504086	550	2.85	116.72	8	3441	30
1624274622.07	2850	59.802706	0.0	3345088	501	2.85	120.72	8	3561	30
