1624319804.01	750	4	0.295	446149	68	-1.2635	0	0	0	0
1624319804.68	1200	8	0.0	1737810	454	0.75	0	0	0	0
1624319805.21	1200	12	0.0	1497975	369	1.2	0	0	0	0
1624319805.78	1200	16	0.0	1711143	398	1.2	0	0	0	0
1624319806.28	1200	19.566667	0.0	1733770	281	1.2	0	0	0	0
1624319806.94	1200	22.95	0.0	1749315	458	1.2	5.457	1	62	0
1624319807.39	1200	26.466667	0.0	1603603	254	1.2	5.457	1	62	0
1624319807.91	1200	29.95	0.0	1702216	337	1.2	5.457	1	62	0
1624319808.35	1200	33.5	0.0	1641950	256	1.2	5.457	1	62	0
1624319808.77	1200	37.083334	0.0	1559808	252	1.2	5.457	1	62	0
1624319809.37	1200	40.5	0.0	1622647	390	1.2	5.457	1	62	0
1624319809.89	1200	44	0.0	1630019	337	1.2	5.457	1	62	0
1624319810.43	1200	47.45	0.0	1658562	323	1.2	5.457	1	62	0
1624319811.0	1200	50.852985	0.0	1669221	400	1.2	9.457	14	304	57.249999999999986
1624319811.45	1200	54.408737	0.0	1636310	276	1.2	9.457	14	304	57.249999999999986
1624319811.98	1200	57.883365	0.0	1732283	349	1.2	9.457	14	304	57.249999999999986
1624319814.42	1200	59.489784	0.0	1511913	241	1.2	9.457	14	304	57.249999999999986
1624319818.44	1200	59.505946	0.0	1593050	299	1.2	13.459	17	544	59.22038980509747
1624319822.18	1200	59.818219	0.0	1818927	500	1.2	17.459	17	784	60
1624319826.27	1200	59.858097	0.0	1667234	251	1.2	21.459	23	1024	58.5
1624319830.39	1200	59.633731	0.0	1633180	383	1.2	25.459	25	1264	59.5
1624319834.84	1200	59.445716	0.0	1663787	447	1.2	29.511	25	1508	60.21717670286279
1624319837.93	1200	59.980796	0.0	1674035	301	1.2	33.513	26	1748	59.720139930034996
1624319842.13	1200	59.959261	0.0	1460813	220	1.2	37.513	34	1988	58
1624319846.22	1200	59.72138	0.0	1541638	281	1.2	41.514	36	2228	59.48512871782047
1624319850.92	1200	59.443059	0.0	1680082	366	1.2	45.544	42	2470	58.5607940446651
