1624327771.54	750	4	0.193	446149	86	-0.8249	0	0	0	0
1624327771.79	750	8	0.0	657276	113	0.75	0	0	0	0
1624327771.98	750	12	0.0	531142	84	0.75	0	0	0	0
1624327772.18	750	16	0.0	641782	100	0.75	0	0	0	0
1624327772.39	750	20	0.0	655328	100	0.75	0	0	0	0
1624327772.59	750	24	0.0	643029	97	0.75	0	0	0	0
1624327772.79	750	28	0.0	586466	96	0.75	0	0	0	0
1624327772.98	750	32	0.0	640646	97	0.75	0	0	0	0
1624327773.17	750	36	0.0	603976	93	0.75	0	0	0	0
1624327773.36	750	40	0.0	579575	84	0.75	0	0	0	0
1624327773.56	750	43.876658	0.0	622523	52	0.75	0	0	0	0
1624327773.77	750	47.673971	0.0	590406	107	0.75	0	0	0	0
1624327773.97	750	51.472082	0.0	636852	97	0.75	0	0	0	0
1624327774.17	750	55.269481	0.0	619167	77	0.75	0	0	0	0
1624327774.38	750	59.067937	0.0	636453	103	0.75	0	0	0	0
1624327778.11	750	59.422531	0.0	637789	106	0.75	5.238	0	80	0
1624327781.9	750	59.736527	0.0	574537	95	0.75	9.237	1	320	59.76494123530883
1624327786.14	750	59.475955	0.0	595492	103	0.75	13.238	1	560	59.98500374906274
1624327789.94	750	59.783595	0.0	662075	138	0.75	17.238	1	800	60
1624327793.7	750	59.812242	0.0	622438	113	0.75	21.238	1	1040	60
1624327797.94	750	59.552373	0.0	607166	102	0.75	25.239	1	1280	59.98500374906271
1624327801.72	750	59.870617	0.0	615645	113	0.75	29.239	1	1520	60
1624327806.02	750	59.614755	0.0	651954	121	0.75	33.243	1	1760	59.94005994005992
1624327809.75	750	59.927299	0.0	550774	84	0.75	37.242	1	2000	60.01500375093781
1624327813.99	750	59.666667	0.0	594579	92	0.75	41.242	1	2240	60
1624327817.73	750	59.973343	0.0	632394	88	0.75	45.243	1	2480	59.98500374906266
1624327821.99	750	59.722306	0.0	575968	97	0.75	49.243	1	2720	60
1624327825.72	750	59.754387	0.0	632851	86	0.75	53.243	1	2960	60
1624327829.94	750	59.781283	0.0	604086	83	0.75	57.243	1	3200	60
1624327833.7	750	59.811825	0.0	712976	116	0.75	61.244	1	3440	59.98500374906277
1624327837.98	750	59.556249	0.0	581323	109	0.75	65.243	1	3680	60.01500375093781
1624327841.75	750	59.859205	0.0	729373	124	0.75	69.244	1	3920	59.98500374906266
1624327845.55	750	59.933712	0.0	670981	84	0.75	73.244	1	4160	60
1624327849.79	750	59.684313	0.0	621207	114	0.75	77.244	1	4400	60
1624327853.53	750	59.993069	0.0	579598	96	0.75	81.245	1	4640	59.98500374906266
1624327857.77	750	59.746465	0.0	558064	95	0.75	85.245	1	4880	60
1624327862.02	750	59.530327	0.0	609656	105	0.75	89.245	1	5120	60
1624327865.75	750	59.846019	0.0	599153	99	0.75	93.245	1	5360	60
1624327869.99	750	59.624547	0.0	574452	91	0.75	97.246	1	5600	59.98500374906288
1624327873.73	750	59.936608	0.0	605550	49	0.75	101.246	1	5840	60
1624327877.96	750	59.679653	0.0	601791	90	0.75	105.246	1	6080	60
1624327881.7	750	59.983334	0.0	627361	103	0.75	109.246	1	6320	60
1624327885.94	750	59.724883	0.0	623214	101	0.75	113.246	1	6560	60
1624327889.73	750	59.785484	0.0	648266	105	0.75	117.247	1	6800	59.98500374906266
1624327893.95	750	59.525809	0.0	606947	98	0.75	121.248	1	7040	59.98500374906266
