1624335469.78	750	4	0.178	446149	76	-0.7604	0	0	0	0
1624335469.96	300	8	0.0	458211	79	-0.15000000000000002	0	0	0	0
1624335470.12	300	12	0.0	390124	67	0.3	0	0	0	0
1624335470.29	300	16	0.0	474461	80	0.3	0	0	0	0
1624335470.49	300	20	0.0	444309	66	0.3	0	0	0	0
1624335470.66	300	24	0.0	443120	76	0.3	0	0	0	0
1624335470.83	300	28	0.0	416509	69	0.3	0	0	0	0
1624335471.0	300	32	0.0	451355	78	0.3	0	0	0	0
1624335471.17	300	36	0.0	417757	77	0.3	0	0	0	0
1624335471.33	300	39.917233	0.0	415350	75	0.3	0	0	0	0
1624335471.52	300	43.75342	0.0	433531	76	0.3	0	0	0	0
1624335471.71	300	47.551111	0.0	422916	72	0.3	0	0	0	0
1624335471.97	300	51.309301	0.0	459414	123	0.3	0	0	0	0
1624335472.15	300	55.107648	0.0	450936	68	0.3	0	0	0	0
1624335472.33	300	58.946571	0.0	439746	79	0.3	0	0	0	0
1624335475.51	300	59.991344	0.0	432189	69	0.3	5.433	0	107	0
1624335479.8	300	59.737737	0.0	396094	124	0.3	9.433	0	347	60
1624335483.52	300	59.770776	0.0	420942	82	0.3	13.434	0	587	59.98500374906274
1624335487.79	300	59.513127	0.0	477686	122	0.3	17.434	0	827	59.99999999999997
1624335491.53	300	59.862403	0.0	429484	104	0.3	21.434	0	1067	60
1624335495.77	300	59.614436	0.0	428693	85	0.3	25.434	0	1307	60
1624335499.51	300	59.926725	0.0	445526	99	0.3	29.434	0	1547	60
1624335503.3	300	59.996455	0.0	459785	120	0.3	33.435	0	1787	59.98500374906271
1624335508.0	300	59.463361	0.0	395717	88	0.3	37.435	0	2027	60
1624335511.75	300	59.77972	0.0	421854	93	0.3	41.435	0	2267	60
1624335515.48	300	59.817506	0.0	464457	94	0.3	45.446	0	2508	60.084766891049675
1624335519.86	300	59.609506	0.0	430202	123	0.3	49.435	0	2747	59.91476560541483
1624335523.66	300	59.638879	0.0	445549	135	0.3	53.436	0	2987	59.98500374906277
1624335527.37	300	59.943165	0.0	449734	85	0.3	57.435	0	3227	60.0150037509377
1624335531.63	300	59.681489	0.0	478634	145	0.3	61.435	0	3467	60
1624335535.39	300	59.995564	0.0	421756	84	0.3	65.436	0	3707	59.98500374906266
1624335539.64	300	59.740201	0.0	500580	89	0.3	69.436	0	3947	60
1624335543.5	300	59.767195	0.0	471259	186	0.3	73.436	0	4187	60
1624335547.83	300	59.51268	0.0	447061	159	0.3	77.436	0	4427	60
1624335551.66	300	59.822828	0.0	414676	166	0.3	81.437	0	4667	59.98500374906288
1624335555.88	300	59.566667	0.0	407398	73	0.3	85.437	0	4907	60
1624335559.67	300	59.602404	0.0	438602	153	0.3	89.438	0	5147	59.98500374906266
1624335563.42	300	59.927255	0.0	421192	123	0.3	93.437	0	5387	60.01500375093781
1624335567.64	300	59.683334	0.0	414269	77	0.3	97.438	0	5627	59.98500374906266
1624335571.85	300	59.431024	0.0	427172	94	0.3	101.437	0	5867	60.01500375093781
1624335575.57	300	59.747326	0.0	435036	96	0.3	105.438	0	6107	59.98500374906266
1624335579.81	300	59.496477	0.0	454750	101	0.3	109.438	0	6347	60
1624335583.55	300	59.812671	0.0	436843	101	0.3	113.438	0	6587	60
1624335587.74	300	59.562016	0.0	455439	84	0.3	117.438	0	6827	60
1624335591.47	300	59.870771	0.0	439643	92	0.3	121.447	0	7068	60.11474183088051
