1624332449.66	750	4	0.27	446149	47	-1.1560000000000001	0	0	0	0
1624332449.9	750	8	0.0	657276	117	0.75	0	0	0	0
1624332450.12	750	12	0.0	531142	79	0.75	0	0	0	0
1624332450.33	750	15.95906	0.0	641782	111	0.75	0	0	0	0
1624332450.54	750	19.716715	0.0	655328	109	0.75	0	0	0	0
1624332450.76	750	23.515267	0.0	643029	116	0.75	0	0	0	0
1624332450.99	750	27.313257	0.0	586466	93	0.75	0	0	0	0
1624332451.19	750	31.070945	0.0	640646	98	0.75	0	0	0	0
1624332451.42	750	34.869461	0.0	603976	95	0.75	0	0	0	0
1624332451.62	750	38.667589	0.0	579575	98	0.75	0	0	0	0
1624332451.83	750	42.42468	0.0	622523	111	0.75	0	0	0	0
1624332452.04	750	46.223259	0.0	590406	94	0.75	0	0	0	0
1624332452.25	750	50.021943	0.0	636852	101	0.75	0	0	0	0
1624332452.48	750	53.780627	0.0	619167	113	0.75	0	0	0	0
1624332452.72	750	57.578935	0.0	636453	98	0.75	0	0	0	0
1624332454.97	750	59.476858	0.0	637789	102	0.75	4.735	0	157	0
1624332458.74	750	59.797309	0.0	574537	99	0.75	8.735	0	397	60.000000000000014
1624332462.49	750	59.823802	0.0	595492	108	0.75	12.736	0	637	59.98500374906271
1624332466.75	750	59.565249	0.0	662075	112	0.75	16.737	0	877	59.98500374906277
1624332470.5	750	59.876433	0.0	622438	106	0.75	20.737	0	1117	60
1624332474.76	750	59.618777	0.0	607166	104	0.75	24.738	0	1357	59.98500374906271
1624332478.52	750	59.923688	0.0	615645	117	0.75	28.738	0	1597	60
1624332482.75	750	59.656912	0.0	651954	102	0.75	32.739	0	1837	59.98500374906277
1624332486.48	750	59.96351	0.0	550774	85	0.75	36.751	0	2077	59.820538384845456
1624332490.72	750	59.707458	0.0	594579	94	0.75	40.751	0	2318	60.25
1624332495.04	750	59.453691	0.0	632394	106	0.75	44.753	0	2558	59.970014992503714
1624332498.78	750	59.768473	0.0	575968	98	0.75	48.753	0	2798	60
1624332502.55	750	59.788729	0.0	632851	107	0.75	52.753	0	3038	60
1624332506.82	750	59.533334	0.0	604086	109	0.75	56.754	0	3278	59.98500374906277
1624332510.62	750	59.847194	0.0	712976	143	0.75	60.755	0	3518	59.98500374906266
1624332514.41	750	59.916667	0.0	581323	104	0.75	64.755	0	3758	60.00000000000011
1624332518.71	750	59.657735	0.0	729373	162	0.75	68.755	0	3998	60
1624332522.48	750	59.970242	0.0	670981	111	0.75	72.756	0	4238	59.98500374906266
1624332526.75	750	59.721	0.0	621207	106	0.75	76.756	0	4478	60
1624332531.01	750	59.470097	0.0	579598	94	0.75	80.757	0	4718	59.98500374906266
1624332534.77	750	59.498398	0.0	558064	74	0.75	84.757	0	4958	60
1624332538.51	750	59.809341	0.0	609656	109	0.75	88.757	0	5198	60
1624332542.77	750	59.552683	0.0	599153	124	0.75	92.758	0	5438	59.98500374906288
1624332546.54	750	59.853233	0.0	574452	116	0.75	96.757	0	5678	60.015003750937595
1624332550.81	750	59.595255	0.0	605550	126	0.75	100.758	0	5918	59.98500374906288
1624332554.57	750	59.912118	0.0	601791	96	0.75	104.758	0	6158	60
1624332558.35	750	59.941536	0.0	627361	106	0.75	108.764	0	6398	59.910134797803295
1624332562.63	750	59.690695	0.0	623214	113	0.75	112.763	0	6638	60.015003750937595
1624332566.9	750	59.437835	0.0	648266	124	0.75	116.763	0	6878	60
1624332570.63	750	59.75072	0.0	606947	115	0.75	120.764	0	7118	59.98500374906288
