1624339141.67	750	4	0.185	447032	88	-0.7905	0	0	0	0
1624339142.09	1200	8	0.0	1081855	249	0.75	0	0	0	0
1624339142.49	1200	12	0.0	909590	201	1.2	0	0	0	0
1624339142.79	1200	16	0.0	1064785	199	1.2	0	0	0	0
1624339143.09	1200	20	0.0	1068330	184	1.2	0	0	0	0
1624339143.39	1200	23.83382	0.0	1091906	203	1.2	0	0	0	0
1624339143.69	1200	27.550992	0.0	989621	181	1.2	0	0	0	0
1624339144.08	1200	31.146971	0.0	1120373	222	1.2	0	0	0	0
1624339144.39	1200	34.823795	0.0	1096122	204	1.2	0	0	0	0
1624339144.77	1200	38.461179	0.0	1088831	211	1.2	0	0	0	0
1624339145.23	1200	42.138022	0.0	1080940	207	1.2	5.143	0	53	0
1624339145.57	1200	45.654061	0.0	1075422	221	1.2	5.143	0	53	0
1624339145.9	1200	49.331911	0.0	1146374	228	1.2	5.143	0	53	0
1624339146.27	1200	52.968738	0.0	1146930	210	1.2	5.143	0	53	0
1624339146.62	1200	56.605646	0.0	1066542	216	1.2	5.143	0	53	0
1624339147.48	1200	59.755472	0.0	1056887	194	1.2	5.143	0	53	0
1624339151.87	1200	59.487602	0.0	990369	197	1.2	9.143	0	173	29.999999999999993
1624339155.46	1200	59.802533	0.0	1015471	414	1.2	13.143	0	293	30
1624339159.81	1200	59.561684	0.0	1173982	198	1.2	17.143	0	413	30
1624339163.68	1200	59.588727	0.0	1058624	227	1.2	21.144	0	533	29.992501874531385
1624339167.52	1200	59.944464	0.0	1046861	197	1.2	25.145	0	653	29.992501874531357
1624339171.69	1200	59.683578	0.0	1048437	498	1.2	29.145	0	773	30
1624339175.64	1200	59.756397	0.0	1152505	247	1.2	33.144	0	893	30.007501875468876
1624339179.54	1200	59.817358	0.0	877099	245	1.2	37.145	0	1013	29.99250187453133
1624339183.52	1200	59.919578	0.0	968042	294	1.2	41.145	0	1133	30
1624339187.4	1200	59.951888	0.0	1064114	187	1.2	45.154	0	1253	29.93265153404839
1624339191.27	1200	59.97554	0.0	1005764	197	1.2	49.154	0	1373	30
1624339195.64	1200	59.711745	0.0	1078959	218	1.2	53.155	0	1493	29.992501874531385
1624339199.47	1200	59.74616	0.0	1074526	209	1.2	57.155	0	1613	30
1624339203.92	1200	59.496291	0.0	1231303	302	1.2	61.155	0	1733	30
1624339207.91	1200	59.520071	0.0	960890	261	1.2	65.155	0	1853	30
1624339211.85	1200	59.584869	0.0	1183904	251	1.2	69.155	0	1973	30
1624339215.77	1200	59.6116	0.0	1065257	259	1.2	73.155	0	2093	30
1624339219.62	1200	59.651176	0.0	1108615	195	1.2	77.156	0	2213	29.99250187453133
1624339223.55	1200	59.687872	0.0	1113738	262	1.2	81.156	0	2333	30
1624339227.95	1200	59.433334	0.0	981548	254	1.2	85.156	0	2453	30
1624339231.84	1200	59.472298	0.0	1067644	257	1.2	89.156	0	2573	30
1624339235.7	1200	59.791212	0.0	1068520	195	1.2	93.156	0	2693	30
1624339239.53	1200	59.814667	0.0	946116	181	1.2	97.157	0	2813	29.99250187453144
1624339243.55	1200	59.843966	0.0	1041444	303	1.2	101.157	0	2933	30
1624339247.43	1200	59.923808	0.0	1033147	198	1.2	105.157	0	3053	30
1624339251.37	1200	59.951183	0.0	1043384	284	1.2	109.157	0	3173	30
1624339255.28	1200	59.985877	0.0	1047354	259	1.2	113.157	0	3293	30
1624339259.67	1200	59.742465	0.0	1058093	196	1.2	117.158	0	3413	29.99250187453133
1624339263.46	1200	59.8057	0.0	1038662	186	1.2	121.157	0	3533	30.007501875468904
