1624269800.38	750	4	0.199	446149	71	-0.8506999999999999	0	0	0	0
1624269801.24	1850	8	0.0	3302713	541	0.75	0	0	0	0
1624269801.98	1850	12	0.0	2780269	493	1.85	0	0	0	0
1624269803.14	1850	14.95	0.0	3138830	866	1.85	0	0	0	0
1624269803.91	1850	18.183334	0.0	3252745	572	1.85	5.421	2	91	0
1624269804.7	1850	21.416667	0.0	3175667	577	1.85	5.421	2	91	0
1624269805.47	1850	24.633334	0.0	2962628	539	1.85	5.421	2	91	0
1624269806.53	1850	27.766667	0.0	3242545	654	1.85	5.421	2	91	0
1624269807.33	1850	30.766667	0.0	2999470	580	1.85	5.421	2	91	0
1624269808.05	1850	34.05	0.0	2926075	517	1.85	9.421	18	331	56.000000000000014
1624269808.87	1850	37.25	0.0	3029009	591	1.85	9.421	18	331	56.000000000000014
1624269809.64	1850	40.466667	0.0	3113599	540	1.85	9.421	18	331	56.000000000000014
1624269810.61	1850	43.483334	0.0	3116790	770	1.85	9.421	18	331	56.000000000000014
1624269811.42	1850	46.666667	0.0	3132453	595	1.85	9.421	18	331	56.000000000000014
1624269812.19	1850	49.9	0.0	2994095	559	1.85	13.421	33	571	56.25
1624269813.15	1850	52.983334	0.0	3154088	703	1.85	13.421	33	571	56.25
1624269813.78	1850	56.3	0.0	2803553	451	1.85	13.421	33	571	56.25
1624269814.51	1850	59.616667	0.0	3039477	759	1.85	13.421	33	571	56.25
1624269818.33	1850	59.783789	0.0	3356332	564	1.85	17.421	56	811	54.25
1624269822.61	1850	59.529088	0.0	3105690	533	1.85	21.422	59	1051	59.23519120219943
1624269826.31	1850	59.843669	0.0	3008856	485	1.85	25.422	61	1291	59.5
