1624330814.11	750	4	0.172	447032	60	-0.7346	0	0	0	0
1624330814.46	1200	8	0.0	1081855	174	0.75	0	0	0	0
1624330814.72	1200	12	0.0	909590	144	1.2	0	0	0	0
1624330815.02	1200	16	0.0	1064785	172	1.2	0	0	0	0
1624330815.32	1200	20	0.0	1068330	175	1.2	0	0	0	0
1624330815.59	1200	23.826629	0.0	1091906	166	1.2	0	0	0	0
1624330815.87	1200	27.544539	0.0	989621	151	1.2	0	0	0	0
1624330816.17	1200	31.262279	0.0	1120373	170	1.2	0	0	0	0
1624330816.46	1200	34.979547	0.0	1096122	151	1.2	0	0	0	0
1624330816.75	1200	38.695753	0.0	1088831	162	1.2	0	0	0	0
1624330817.04	1200	42.373142	0.0	1080940	168	1.2	0	0	0	0
1624330817.33	1200	46.090955	0.0	1075422	161	1.2	0	0	0	0
1624330817.72	1200	49.688202	0.0	1146374	261	1.2	5.163	0	59	0
1624330818.0	1200	53.406378	0.0	1146930	178	1.2	5.163	0	59	0
1624330818.28	1200	57.124652	0.0	1066542	170	1.2	5.163	0	59	0
1624330820.14	1200	59.508669	0.0	1056887	170	1.2	5.163	0	59	0
1624330823.97	1200	59.533334	0.0	990369	154	1.2	9.163	0	179	30
1624330827.81	1200	59.875569	0.0	1015471	127	1.2	13.169	0	299	29.955067398901647
1624330831.78	1200	59.905922	0.0	1173982	205	1.2	17.169	0	419	30
1624330835.68	1200	59.969376	0.0	1058624	170	1.2	21.169	0	539	30
1624330840.01	1200	59.430747	0.0	1046861	169	1.2	25.169	0	660	30.25
1624330843.85	1200	59.745767	0.0	1048437	167	1.2	29.17	0	780	29.992501874531357
1624330847.75	1200	59.815364	0.0	1152505	191	1.2	33.17	0	899	29.75
1624330852.06	1200	59.563865	0.0	877099	136	1.2	37.17	0	1019	30
1624330855.87	1200	59.590732	0.0	968042	143	1.2	41.172	0	1140	30.234882558720674
1624330859.76	1200	59.94355	0.0	1064114	174	1.2	45.172	0	1260	30
1624330864.07	1200	59.445714	0.0	1005764	151	1.2	49.178	0	1380	29.955067398901647
1624330867.9	1200	59.762659	0.0	1078959	175	1.2	53.177	0	1500	30.00750187546885
1624330871.71	1200	59.786894	0.0	1074526	162	1.2	57.178	0	1620	29.992501874531385
1624330876.07	1200	59.533334	0.0	1231303	194	1.2	61.178	0	1740	30
1624330879.91	1200	59.56487	0.0	960890	150	1.2	65.18	0	1860	29.985007496251804
1624330883.82	1200	59.879194	0.0	1183904	152	1.2	69.18	0	1980	30
1624330887.67	1200	59.910442	0.0	1065257	164	1.2	73.179	0	2100	30.007501875468904
1624330892.13	1200	59.445731	0.0	1108615	171	1.2	77.181	0	2220	29.98500749625191
1624330895.96	1200	59.469749	0.0	1113738	186	1.2	81.181	0	2340	30
1624330899.82	1200	59.783772	0.0	981548	141	1.2	85.181	0	2460	30
1624330903.66	1200	59.821135	0.0	1067644	149	1.2	89.182	0	2580	29.99250187453133
1624330908.0	1200	59.560218	0.0	1068520	173	1.2	93.182	0	2700	30
1624330911.79	1200	59.871444	0.0	946116	160	1.2	97.182	0	2820	30
1624330915.64	1200	59.929057	0.0	1041444	168	1.2	101.183	0	2940	29.99250187453133
1624330919.46	1200	59.959664	0.0	1033147	169	1.2	105.182	0	3060	30.007501875468904
1624330923.78	1200	59.710443	0.0	1043384	163	1.2	109.183	0	3180	29.99250187453133
1624330928.11	1200	59.448655	0.0	1047354	177	1.2	113.183	0	3300	30
1624330931.93	1200	59.507538	0.0	1058093	186	1.2	117.183	0	3420	30
1624330935.74	1200	59.824611	0.0	1038662	168	1.2	121.184	0	3540	29.99250187453144
