1624324030.55	750	4	0.265	446149	56	-1.1345	0	0	0	0
1624324030.79	750	8	0.0	657276	105	0.75	0	0	0	0
1624324030.96	750	12	0.0	531142	87	0.75	0	0	0	0
1624324031.18	750	16	0.0	641782	105	0.75	0	0	0	0
1624324031.42	750	19.795332	0.0	655328	108	0.75	0	0	0	0
1624324031.61	750	23.593737	0.0	643029	85	0.75	0	0	0	0
1624324031.81	750	27.391559	0.0	586466	97	0.75	0	0	0	0
1624324032.01	750	31.189909	0.0	640646	98	0.75	0	0	0	0
1624324032.2	750	35.026425	0.0	603976	86	0.75	0	0	0	0
1624324032.38	750	38.824561	0.0	579575	89	0.75	0	0	0	0
1624324032.58	750	42.623148	0.0	622523	95	0.75	0	0	0	0
1624324032.77	750	46.461457	0.0	590406	87	0.75	0	0	0	0
1624324032.98	750	50.219705	0.0	636852	93	0.75	0	0	0	0
1624324033.19	750	54.017631	0.0	619167	95	0.75	0	0	0	0
1624324033.38	750	57.816667	0.0	636453	95	0.75	0	0	0	0
1624324035.63	750	59.746443	0.0	637789	107	0.75	4.64	0	153	0
1624324039.89	750	59.533334	0.0	574537	90	0.75	8.64	2	393	59.499999999999986
1624324043.66	750	59.596129	0.0	595492	86	0.75	12.64	2	633	60
1624324047.44	750	59.911571	0.0	662075	107	0.75	16.64	2	873	60
1624324051.74	750	59.652365	0.0	622438	100	0.75	20.641	2	1113	59.98500374906277
1624324055.54	750	59.967249	0.0	607166	85	0.75	24.641	2	1353	60
1624324059.29	750	59.991952	0.0	615645	100	0.75	28.641	2	1593	60
1624324063.6	750	59.736405	0.0	651954	115	0.75	32.641	2	1833	60
1624324067.86	750	59.48021	0.0	550774	92	0.75	36.641	2	2073	60
1624324071.59	750	59.794176	0.0	594579	99	0.75	40.642	2	2313	59.98500374906266
1624324075.87	750	59.542979	0.0	632394	89	0.75	44.642	2	2553	60
1624324079.64	750	59.852742	0.0	575968	98	0.75	48.642	2	2793	60
1624324083.38	750	59.890131	0.0	632851	97	0.75	52.643	2	3033	59.98500374906277
1624324087.61	750	59.631702	0.0	604086	88	0.75	56.642	2	3273	60.0150037509377
1624324091.39	750	59.940995	0.0	712976	109	0.75	60.642	2	3513	60
1624324095.65	750	59.683334	0.0	581323	83	0.75	64.643	2	3753	59.98500374906277
1624324099.45	750	59.997895	0.0	729373	105	0.75	68.643	2	3993	60
1624324103.72	750	59.737899	0.0	670981	102	0.75	72.643	2	4233	60
1624324107.48	750	59.766667	0.0	621207	100	0.75	76.643	2	4473	60
1624324111.76	750	59.504821	0.0	579598	93	0.75	80.644	2	4713	59.98500374906266
1624324115.53	750	59.818686	0.0	558064	90	0.75	84.644	2	4953	60
1624324119.77	750	59.570234	0.0	609656	105	0.75	88.644	2	5194	60.25
1624324123.54	750	59.887954	0.0	599153	103	0.75	92.644	2	5433	59.75
1624324127.31	750	59.913157	0.0	574452	101	0.75	96.644	2	5673	60
1624324131.56	750	59.649296	0.0	605550	98	0.75	100.644	2	5914	60.25
1624324135.32	750	59.959905	0.0	601791	100	0.75	104.645	2	6153	59.73506623344178
1624324139.56	750	59.705467	0.0	627361	94	0.75	108.646	2	6394	60.234941264683755
1624324143.79	750	59.486177	0.0	623214	107	0.75	112.648	2	6634	59.97001499250382
1624324147.52	750	59.798796	0.0	648266	114	0.75	116.648	2	6874	60
1624324151.73	750	59.540903	0.0	606947	94	0.75	120.648	2	7114	60
