1624268927.62	750	4	0.205	447032	120	-0.8765	0	0	0	0
1624268928.46	2850	8	0.0	3731877	539	0.75	0	0	0	0
1624268929.06	2850	12	0.0	2988743	449	2.85	0	0	0	0
1624268929.76	2850	15.874361	0.0	3344033	510	2.85	0	0	0	0
1624268930.48	2850	19.148333	0.0	3588671	528	2.85	0	0	0	0
1624268931.24	2850	22.381983	0.0	3516436	569	2.85	5.406	0	34	0
1624268931.98	2850	25.656702	0.0	3520561	524	2.85	5.406	0	34	0
1624268932.89	2850	28.833334	0.0	3787958	601	2.85	5.406	0	34	0
1624268933.64	2850	32	0.0	3482140	515	2.85	5.406	0	34	0
1624268934.41	2850	35.228083	0.0	3620909	546	2.85	5.406	0	34	0
1624268935.15	2850	38.466667	0.0	3578596	521	2.85	9.406	8	154	27.999999999999993
1624268935.89	2850	41.776517	0.0	3430213	512	2.85	9.406	8	154	27.999999999999993
1624268936.74	2850	44.933334	0.0	3873343	596	2.85	9.406	8	154	27.999999999999993
1624268937.55	2850	48.082039	0.0	4055051	586	2.85	9.406	8	154	27.999999999999993
1624268938.35	2850	51.272849	0.0	3383484	565	2.85	9.406	8	154	27.999999999999993
1624268939.05	2850	54.585956	0.0	3439708	493	2.85	13.409	9	274	29.727704221833623
1624268939.76	2850	57.858157	0.0	3270011	510	2.85	13.409	9	274	29.727704221833623
1624268942.05	2850	59.756039	0.0	3397053	565	2.85	13.409	9	274	29.727704221833623
1624268945.88	2850	59.786837	0.0	3855639	465	2.85	17.409	9	394	30.000000000000014
1624268950.6	2850	59.541421	0.0	3553518	535	2.85	21.409	9	514	30
