1624346271.43	750	4	0.161	447032	87	-0.6872999999999999	0	0	0	0
1624346271.62	750	8	0.0	437784	88	0.75	0	0	0	0
1624346271.77	750	12	0.0	358478	65	0.75	0	0	0	0
1624346271.94	750	16	0.0	433110	83	0.75	0	0	0	0
1624346272.1	750	20	0.0	425284	72	0.75	0	0	0	0
1624346272.26	750	23.916324	0.0	428114	50	0.75	0	0	0	0
1624346272.43	750	27.755107	0.0	387287	66	0.75	0	0	0	0
1624346272.61	750	31.59394	0.0	435324	81	0.75	0	0	0	0
1624346272.8	750	35.387758	0.0	447048	72	0.75	0	0	0	0
1624346272.96	750	39.226697	0.0	446405	78	0.75	0	0	0	0
1624346273.13	750	43.063733	0.0	423631	68	0.75	0	0	0	0
1624346273.3	750	46.862264	0.0	416730	78	0.75	0	0	0	0
1624346273.55	750	50.660109	0.0	471953	120	0.75	0	0	0	0
1624346273.76	750	54.417791	0.0	453536	87	0.75	0	0	0	0
1624346273.97	750	58.215944	0.0	420588	89	0.75	0	0	0	0
1624346276.69	750	59.749589	0.0	420917	75	0.75	4.62	0	80	0
1624346280.41	750	59.781081	0.0	392428	42	0.75	8.62	0	200	30.000000000000007
1624346284.64	750	59.806304	0.0	400748	89	0.75	12.62	0	320	30
1624346288.5	750	59.838205	0.0	471072	198	0.75	16.62	0	440	29.999999999999986
1624346292.88	750	59.575247	0.0	425923	117	0.75	20.621	0	560	29.992501874531385
1624346296.48	750	59.881939	0.0	419792	296	0.75	24.62	0	680	30.00750187546885
1624346300.51	750	59.906149	0.0	429429	147	0.75	28.62	0	800	30
1624346304.85	750	59.650597	0.0	461232	497	0.75	32.621	0	920	29.992501874531357
1624346308.33	750	59.956023	0.0	382848	771	0.75	36.621	0	1040	30
1624346312.75	750	59.73494	0.0	375227	169	0.75	40.621	0	1160	30
1624346316.86	750	59.478425	0.0	437258	444	0.75	44.622	0	1280	29.992501874531385
1624346320.63	750	59.796658	0.0	419071	120	0.75	48.621	0	1400	30.00750187546885
1624346324.41	750	59.830859	0.0	449162	142	0.75	52.622	0	1520	29.992501874531385
1624346328.64	750	59.574577	0.0	447732	118	0.75	56.622	0	1640	30
1624346332.44	750	59.883035	0.0	488806	166	0.75	60.623	0	1760	29.992501874531385
1624346336.33	750	59.900803	0.0	389747	259	0.75	64.623	0	1880	29.999999999999947
1624346340.71	750	59.640593	0.0	485582	170	0.75	68.623	0	2000	30
1624346344.54	750	59.709405	0.0	430276	124	0.75	72.624	0	2120	29.99250187453144
1624346348.82	750	59.453119	0.0	435590	139	0.75	76.624	0	2240	30
1624346352.55	750	59.763641	0.0	459331	97	0.75	80.624	0	2360	30
1624346356.78	750	59.492061	0.0	381587	109	0.75	84.624	0	2480	30
1624346360.62	750	59.803703	0.0	424399	194	0.75	88.625	0	2600	29.99250187453133
1624346364.41	750	59.863496	0.0	436743	170	0.75	92.625	0	2720	30
1624346368.63	750	59.59418	0.0	385692	100	0.75	96.625	0	2840	30
1624346372.38	750	59.909179	0.0	424746	115	0.75	100.626	0	2960	29.99250187453133
1624346376.8	750	59.970446	0.0	407135	887	0.75	104.625	0	3080	30.007501875468904
1624346380.49	750	59.71893	0.0	427720	1018	0.75	108.626	0	3200	29.99250187453133
1624346384.56	750	59.745952	0.0	427353	372	0.75	112.625	0	3320	30.007501875468904
1624346388.79	750	59.526128	0.0	418534	121	0.75	116.626	0	3440	29.99250187453133
1624346392.51	750	59.837348	0.0	421343	102	0.75	120.627	0	3560	29.99250187453144
