1624327305.58	750	4	0.163	446149	84	-0.6959	0	0	0	0
1624327305.76	300	8	0.0	458211	76	-0.15000000000000002	0	0	0	0
1624327305.92	300	12	0.0	390124	57	0.3	0	0	0	0
1624327306.09	300	16	0.0	474461	74	0.3	0	0	0	0
1624327306.27	300	20	0.0	444309	91	0.3	0	0	0	0
1624327306.44	300	24	0.0	443120	65	0.3	0	0	0	0
1624327306.59	300	28	0.0	416509	63	0.3	0	0	0	0
1624327306.75	300	32	0.0	451355	72	0.3	0	0	0	0
1624327306.91	300	36	0.0	417757	72	0.3	0	0	0	0
1624327307.13	300	40	0.0	415350	67	0.3	0	0	0	0
1624327307.28	300	44	0.0	433531	69	0.3	0	0	0	0
1624327307.44	300	47.953419	0.0	422916	68	0.3	0	0	0	0
1624327307.6	300	51.791384	0.0	459414	69	0.3	0	0	0	0
1624327307.77	300	55.63022	0.0	450936	77	0.3	0	0	0	0
1624327307.92	300	59.467991	0.0	439746	63	0.3	0	0	0	0
1624327312.11	300	59.466667	0.0	432189	66	0.3	5.136	0	90	0
1624327315.82	300	59.770704	0.0	396094	74	0.3	9.136	0	330	60.000000000000014
1624327320.04	300	59.507019	0.0	420942	57	0.3	13.137	0	570	59.98500374906271
1624327323.76	300	59.816667	0.0	477686	76	0.3	17.137	0	810	60
1624327327.97	300	59.55851	0.0	429484	71	0.3	21.138	0	1050	59.98500374906271
1624327331.7	300	59.87372	0.0	428693	83	0.3	25.137	0	1291	60.26506626656666
1624327335.89	300	59.644895	0.0	445526	52	0.3	29.138	0	1530	59.73506623344162
1624327339.6	300	59.955926	0.0	459785	77	0.3	33.141	0	1771	60.20484636522613
1624327343.82	300	59.741802	0.0	395717	70	0.3	37.142	0	2011	59.98500374906266
1624327348.02	300	59.485221	0.0	421854	73	0.3	41.142	0	2251	60
1624327351.74	300	59.800129	0.0	464457	73	0.3	45.143	0	2491	59.98500374906277
1624327355.98	300	59.546048	0.0	430202	69	0.3	49.143	0	2731	60
1624327359.69	300	59.886551	0.0	445549	68	0.3	53.143	0	2971	60
1624327363.9	300	59.627254	0.0	449734	69	0.3	57.144	0	3211	59.98500374906277
1624327367.63	300	59.821155	0.0	478634	83	0.3	61.152	0	3451	59.88023952095804
1624327371.84	300	59.685388	0.0	421756	85	0.3	65.152	0	3691	60
1624327375.56	300	59.990213	0.0	500580	92	0.3	69.153	0	3931	59.98500374906266
1624327379.76	300	59.733994	0.0	471259	79	0.3	73.153	0	4171	60
1624327383.96	300	59.483481	0.0	447061	77	0.3	77.153	0	4411	60
1624327387.7	300	59.794874	0.0	414676	68	0.3	81.153	0	4651	60
1624327391.91	300	59.533334	0.0	407398	63	0.3	85.154	0	4891	59.98500374906288
1624327395.63	300	59.845871	0.0	438602	83	0.3	89.154	0	5132	60.25
1624327399.83	300	59.84401	0.0	421192	69	0.3	93.154	0	5371	59.75
1624327404.02	300	59.579639	0.0	414269	71	0.3	97.154	0	5612	60.25
1624327407.74	300	59.897232	0.0	427172	77	0.3	101.155	0	5851	59.73506623344157
1624327411.94	300	59.629105	0.0	435036	52	0.3	105.156	0	6092	60.234941264683755
1624327415.66	300	59.969194	0.0	454750	68	0.3	109.157	0	6332	59.98500374906288
1624327419.88	300	59.718043	0.0	436843	86	0.3	113.156	0	6572	60.015003750937595
1624327424.07	300	59.467043	0.0	455439	56	0.3	117.157	0	6812	59.98500374906288
1624327427.73	300	59.775977	0.0	439643	70	0.3	121.157	0	7052	60
