1624328941.07	750	4	0.169	446149	80	-0.7216999999999999	0	0	0	0
1624328941.52	1200	8	0.0	1737810	294	0.75	0	0	0	0
1624328941.89	1200	11.837778	0.0	1497975	244	1.2	0	0	0	0
1624328942.3	1200	15.434085	0.0	1711143	273	1.2	0	0	0	0
1624328942.75	1200	18.966667	0.0	1733770	276	1.2	0	0	0	0
1624328943.18	1200	22.546488	0.0	1749315	269	1.2	0	0	0	0
1624328943.62	1200	26.10281	0.0	1603603	252	1.2	0	0	0	0
1624328944.08	1200	29.633334	0.0	1702216	267	1.2	0	0	0	0
1624328944.5	1200	33.213954	0.0	1641950	269	1.2	0	0	0	0
1624328944.9	1200	36.810599	0.0	1559808	242	1.2	4.675	4	172	0
1624328945.42	1200	40.284929	0.0	1622647	268	1.2	4.675	4	172	0
1624328945.85	1200	43.878601	0.0	1630019	271	1.2	4.675	4	172	0
1624328946.26	1200	47.475605	0.0	1658562	268	1.2	4.675	4	172	0
1624328946.69	1200	51.029996	0.0	1669221	258	1.2	4.675	4	172	0
1624328947.09	1200	54.624293	0.0	1636310	254	1.2	4.675	4	172	0
1624328947.54	1200	58.183334	0.0	1732283	276	1.2	4.675	4	172	0
1624328949.97	1200	59.830444	0.0	1511913	238	1.2	8.676	7	412	59.235191202199445
1624328953.87	1200	59.860796	0.0	1593050	251	1.2	12.675	7	652	60.01500375093772
1624328957.83	1200	59.884222	0.0	1818927	289	1.2	16.676	7	892	59.98500374906277
1624328962.26	1200	59.630106	0.0	1667234	262	1.2	20.676	7	1132	60
1624328966.18	1200	59.654355	0.0	1633180	265	1.2	24.676	7	1372	60
1624328970.13	1200	59.680648	0.0	1663787	269	1.2	28.677	7	1612	59.98500374906271
1624328974.08	1200	59.713171	0.0	1674035	277	1.2	32.686	7	1852	59.86530306809678
1624328978.01	1200	59.742468	0.0	1460813	241	1.2	36.686	7	2092	60
1624328982.42	1200	59.478234	0.0	1541638	248	1.2	40.686	7	2332	60
1624328986.36	1200	59.498391	0.0	1680082	271	1.2	44.687	7	2572	59.98500374906277
1624328990.28	1200	59.563715	0.0	1542551	247	1.2	48.687	7	2812	60
1624328994.22	1200	59.588807	0.0	1603186	257	1.2	52.688	7	3052	59.98500374906266
1624328998.13	1200	59.618083	0.0	1611597	246	1.2	56.688	7	3292	60
1624329002.12	1200	59.652069	0.0	1888785	297	1.2	60.687	7	3533	60.26506626656671
1624329006.1	1200	59.684578	0.0	1552540	237	1.2	64.688	10	3773	59.23519120219938
1624329010.12	1200	59.703572	0.0	1957722	308	1.2	68.689	12	4013	59.485128717820686
1624329014.09	1200	59.733876	0.0	1766061	278	1.2	72.689	12	4253	60
1624329018.0	1200	59.759315	0.0	1645454	264	1.2	76.689	12	4493	60
1624329021.92	1200	59.789759	0.0	1604737	249	1.2	80.689	12	4733	60
1624329026.34	1200	59.529815	0.0	1487527	249	1.2	84.69	12	4973	59.98500374906266
1624329030.32	1200	59.547186	0.0	1643954	252	1.2	88.69	13	5213	59.75
1624329034.3	1200	59.56712	0.0	1555884	249	1.2	92.69	13	5453	60
1624329038.24	1200	59.591796	0.0	1535193	260	1.2	96.69	13	5693	60
1624329042.14	1200	59.623059	0.0	1551114	243	1.2	100.69	13	5933	60
1624329046.07	1200	59.652782	0.0	1575918	240	1.2	104.691	13	6173	59.98500374906266
1624329050.0	1200	59.960766	0.0	1672619	273	1.2	108.691	13	6413	60
1624329053.93	1200	59.989656	0.0	1631168	255	1.2	112.699	13	6653	59.88023952095815
1624329058.36	1200	59.452962	0.0	1687116	264	1.2	116.7	13	6893	59.98500374906266
1624329062.3	1200	59.482135	0.0	1644749	263	1.2	120.699	15	7133	59.51487871967999
