1624332217.09	750	4	0.199	446149	87	-0.8506999999999999	0	0	0	0
1624332217.37	750	8	0.0	657276	99	0.75	0	0	0	0
1624332217.56	750	12	0.0	531142	82	0.75	0	0	0	0
1624332217.8	750	16	0.0	641782	112	0.75	0	0	0	0
1624332218.01	750	20	0.0	655328	82	0.75	0	0	0	0
1624332218.22	750	24	0.0	643029	113	0.75	0	0	0	0
1624332218.43	750	28	0.0	586466	103	0.75	0	0	0	0
1624332218.68	750	31.911966	0.0	640646	142	0.75	0	0	0	0
1624332218.9	750	35.66955	0.0	603976	97	0.75	0	0	0	0
1624332219.13	750	39.424181	0.0	579575	99	0.75	0	0	0	0
1624332219.34	750	43.222509	0.0	622523	100	0.75	0	0	0	0
1624332219.52	750	47.061472	0.0	590406	93	0.75	0	0	0	0
1624332219.73	750	50.859827	0.0	636852	104	0.75	0	0	0	0
1624332219.94	750	54.617814	0.0	619167	115	0.75	0	0	0	0
1624332220.16	750	58.413559	0.0	636453	92	0.75	0	0	0	0
1624332222.91	750	59.7	0.0	637789	100	0.75	5.221	0	110	0
1624332227.15	750	59.44606	0.0	574537	88	0.75	9.221	0	350	60
1624332231.06	750	59.755476	0.0	595492	257	0.75	13.221	0	590	60
1624332234.82	750	59.78054	0.0	662075	124	0.75	17.222	0	830	59.98500374906271
1624332239.07	750	59.522974	0.0	622438	110	0.75	21.222	0	1070	60
1624332242.83	750	59.838633	0.0	607166	97	0.75	25.222	0	1310	60
1624332247.12	750	59.587535	0.0	615645	125	0.75	29.222	0	1550	60
1624332250.87	750	59.901411	0.0	651954	110	0.75	33.223	0	1790	59.98500374906277
1624332255.11	750	59.651391	0.0	550774	89	0.75	37.223	0	2030	60
1624332258.85	750	59.962556	0.0	594579	95	0.75	41.223	0	2270	60
1624332263.09	750	59.735865	0.0	632394	105	0.75	45.223	0	2510	60
1624332266.81	750	59.764413	0.0	575968	98	0.75	49.224	0	2750	59.98500374906277
1624332271.05	750	59.793425	0.0	632851	109	0.75	53.224	0	2990	60
1624332274.77	750	59.81964	0.0	604086	116	0.75	57.224	0	3230	60
1624332279.1	750	59.607693	0.0	712976	128	0.75	61.226	0	3470	59.970014992503714
1624332282.85	750	59.920214	0.0	581323	97	0.75	65.226	0	3710	60
1624332286.65	750	59.947635	0.0	729373	138	0.75	69.226	0	3950	60
1624332290.9	750	59.690253	0.0	670981	107	0.75	73.226	0	4191	60.25
1624332295.25	750	59.440825	0.0	621207	112	0.75	77.226	0	4431	60
1624332298.98	750	59.750396	0.0	579598	98	0.75	81.226	0	4671	60
1624332303.24	750	59.536519	0.0	558064	110	0.75	85.226	0	4910	59.75
1624332306.97	750	59.848735	0.0	609656	113	0.75	89.226	0	5150	60
1624332310.74	750	59.871232	0.0	599153	99	0.75	93.227	0	5391	60.234941264683755
1624332315.0	750	59.613682	0.0	574452	128	0.75	97.228	0	5631	59.98500374906288
1624332318.78	750	59.935625	0.0	605550	121	0.75	101.229	0	5871	59.98500374906266
1624332323.04	750	59.686586	0.0	601791	587	0.75	105.231	0	6111	59.97001499250382
1624332327.32	750	59.440413	0.0	627361	136	0.75	109.23	0	6351	60.015003750937595
1624332331.46	750	59.467459	0.0	623214	335	0.75	113.231	0	6591	59.98500374906288
1624332334.9	750	59.777453	0.0	648266	756	0.75	117.231	0	6831	60
1624332339.11	750	59.523266	0.0	606947	110	0.75	121.232	0	7071	59.98500374906266
