1624275232.02	750	4	0.459	446149	298	-1.9686999999999997	0	0	0	0
1624275233.72	1850	7.666667	0.0	3302713	1344	0.75	0	0	0	0
1624275234.7	1850	10.816667	0.0	2780269	590	1.85	0	0	0	0
1624275235.6	1850	13.716667	0.0	3138830	607	1.85	5.228	9	103	0
1624275236.78	1850	16.566667	0.0	3252745	948	1.85	5.228	9	103	0
1624275237.58	1850	19.816667	0.0	3175667	531	1.85	5.228	9	103	0
1624275238.55	1850	22.766667	0.0	2962628	687	1.85	5.228	9	103	0
1624275239.7	1850	25.666667	0.0	3242545	865	1.85	9.228	28	343	55.25
1624275240.45	1850	28.922791	0.0	2999470	484	1.85	9.228	28	343	55.25
1624275241.53	1850	31.8	0.0	2926075	804	1.85	9.228	28	343	55.25
1624275242.3	1850	35.05	0.0	3029009	537	1.85	9.228	28	343	55.25
1624275243.3	1850	38.05	0.0	3113599	636	1.85	13.228	46	583	55.5
1624275244.29	1850	41.033334	0.0	3116790	787	1.85	13.228	46	583	55.5
1624275245.0	1850	44.35	0.0	3132453	428	1.85	13.228	46	583	55.5
1624275246.0	1850	47.316667	0.0	2994095	767	1.85	13.228	46	583	55.5
1624275246.87	1850	50.566667	0.0	3154088	571	1.85	13.228	46	583	55.5
