1624310071.22	750	4	0.15	446149	75	-0.64	0	0	0	0
1624310071.4	300	8	0.0	458211	49	-0.15000000000000002	0	0	0	0
1624310071.55	300	12	0.0	390124	62	0.3	0	0	0	0
1624310071.71	300	16	0.0	474461	72	0.3	0	0	0	0
1624310071.92	300	19.917616	0.0	444309	48	0.3	0	0	0	0
1624310072.09	300	23.756554	0.0	443120	68	0.3	0	0	0	0
1624310072.24	300	27.595075	0.0	416509	63	0.3	0	0	0	0
1624310072.41	300	31.433718	0.0	451355	72	0.3	0	0	0	0
1624310072.61	300	35.272254	0.0	417757	74	0.3	0	0	0	0
1624310072.77	300	39.069793	0.0	415350	36	0.3	0	0	0	0
1624310072.93	300	42.907375	0.0	433531	69	0.3	0	0	0	0
1624310073.12	300	46.745233	0.0	422916	77	0.3	0	0	0	0
1624310073.3	300	50.543242	0.0	459414	75	0.3	0	0	0	0
1624310073.48	300	54.381496	0.0	450936	68	0.3	0	0	0	0
1624310073.65	300	58.179634	0.0	439746	69	0.3	0	0	0	0
1624310076.34	300	59.745768	0.0	432189	74	0.3	4.66	0	169	0
1624310080.53	300	59.495796	0.0	396094	74	0.3	8.665	0	409	59.92509363295881
1624310084.22	300	59.809001	0.0	420942	73	0.3	12.665	0	649	60
1624310088.42	300	59.560262	0.0	477686	76	0.3	16.666	0	889	59.98500374906271
1624310092.14	300	59.878316	0.0	429484	82	0.3	20.666	0	1129	60
1624310096.35	300	59.627459	0.0	428693	65	0.3	24.666	0	1369	60
1624310100.04	300	59.938451	0.0	445526	67	0.3	28.666	0	1609	60
1624310104.25	300	59.68248	0.0	459785	82	0.3	32.667	0	1849	59.98500374906271
1624310107.95	300	59.997411	0.0	395717	77	0.3	36.666	0	2089	60.01500375093781
1624310112.15	300	59.744099	0.0	421854	72	0.3	40.666	0	2329	60
1624310116.35	300	59.494908	0.0	464457	77	0.3	44.668	0	2570	60.219890054972474
1624310120.05	300	59.805927	0.0	430202	71	0.3	48.667	0	2810	60.0150037509377
1624310124.25	300	59.836237	0.0	445549	69	0.3	52.668	0	3050	59.98500374906277
1624310128.49	300	59.583334	0.0	449734	73	0.3	56.668	0	3290	60
1624310132.22	300	59.897998	0.0	478634	77	0.3	60.668	0	3530	60
1624310135.93	300	59.92166	0.0	421756	70	0.3	64.668	0	3770	59.99999999999989
1624310140.16	300	59.950833	0.0	500580	76	0.3	68.669	0	4010	59.98500374906288
1624310144.37	300	59.692473	0.0	471259	74	0.3	72.669	0	4250	60
1624310148.62	300	59.440468	0.0	447061	71	0.3	76.67	0	4490	59.98500374906266
1624310152.33	300	59.756031	0.0	414676	71	0.3	80.67	0	4730	60
1624310156.04	300	59.826137	0.0	407398	67	0.3	84.67	0	4970	60
1624310160.25	300	59.860414	0.0	438602	70	0.3	88.672	0	5210	59.97001499250382
1624310163.97	300	59.894699	0.0	421192	65	0.3	92.671	0	5450	60.015003750937595
1624310168.16	300	59.930095	0.0	414269	70	0.3	96.672	0	5690	59.98500374906288
1624310172.37	300	59.677943	0.0	427172	77	0.3	100.672	0	5930	60
1624310176.04	300	59.993557	0.0	435036	62	0.3	104.672	0	6170	60
1624310180.23	300	59.745415	0.0	454750	65	0.3	108.677	0	6410	59.92509363295866
1624310184.42	300	59.486906	0.0	436843	77	0.3	112.677	0	6650	60
1624310188.14	300	59.802604	0.0	455439	81	0.3	116.677	0	6890	60
1624310192.39	300	59.543904	0.0	439643	70	0.3	120.677	0	7130	60
