1624290771.17	750	4	0.176	447032	90	-0.7517999999999999	0	0	0	0
1624290771.73	1850	8	0.0	2254830	327	0.75	0	0	0	0
1624290772.19	1850	11.596826	0.0	1837501	301	1.85	0	0	0	0
1624290772.73	1850	15.07258	0.0	2108748	363	1.85	0	0	0	0
1624290773.32	1850	18.467845	0.0	2229492	435	1.85	0	0	0	0
1624290774.0	1850	21.780832	0.0	2078237	518	1.85	0	0	0	0
1624290774.51	1850	25.295849	0.0	2030644	318	1.85	0	0	0	0
1624290775.04	1850	28.731604	0.0	2298831	359	1.85	4.616	0	86	0
1624290775.72	1850	32.083925	0.0	2164964	335	1.85	4.616	0	86	0
1624290776.24	1850	35.558958	0.0	2175479	347	1.85	4.616	0	86	0
1624290776.83	1850	38.954143	0.0	2156805	355	1.85	4.616	0	86	0
1624290777.37	1850	42.429831	0.0	2101523	388	1.85	4.616	0	86	0
1624290777.98	1850	45.823747	0.0	2344608	409	1.85	4.616	0	86	0
1624290778.54	1850	49.259911	0.0	2334646	376	1.85	4.616	0	86	0
1624290779.09	1850	52.694854	0.0	2109579	363	1.85	8.616	0	206	30
1624290779.65	1850	56.16926	0.0	2097243	390	1.85	8.616	0	206	30
1624290780.16	1850	59.645668	0.0	2054074	350	1.85	8.616	0	206	30
1624290784.21	1850	59.635522	0.0	2079344	320	1.85	12.616	0	326	30
1624290788.28	1850	59.666667	0.0	2353718	376	1.85	16.617	0	446	29.992501874531357
1624290792.36	1850	59.443909	0.0	2119053	319	1.85	20.616	0	566	30.007501875468876
1624290796.35	1850	59.45917	0.0	2145449	332	1.85	24.617	0	686	29.992501874531357
1624290800.39	1850	59.488379	0.0	2087310	325	1.85	28.618	0	806	29.992501874531385
1624290804.45	1850	59.519569	0.0	2348666	371	1.85	32.617	0	926	30.007501875468876
1624290808.46	1850	59.542626	0.0	1801794	286	1.85	36.618	0	1046	29.99250187453133
1624290811.97	1850	59.86442	0.0	1864524	321	1.85	40.618	0	1166	30
1624290816.0	1850	59.901961	0.0	2051691	313	1.85	44.618	0	1286	30
1624290820.0	1850	59.928161	0.0	1898420	280	1.85	48.619	0	1406	29.992501874531385
1624290824.04	1850	59.95279	0.0	2276304	348	1.85	52.618	0	1526	30.00750187546885
1624290828.06	1850	59.973621	0.0	2239013	337	1.85	56.621	0	1646	29.977516862353234
1624290832.14	1850	59.707042	0.0	2417622	367	1.85	60.638	0	1766	29.873039581777476
1624290836.16	1850	59.729672	0.0	1950728	325	1.85	64.636	0	1886	30.015007503751896
1624290840.31	1850	59.480116	0.0	2268079	401	1.85	68.636	0	2006	30
1624290844.36	1850	59.515421	0.0	2105954	326	1.85	72.635	0	2126	30.007501875468797
1624290848.41	1850	59.550064	0.0	2049597	318	1.85	76.637	0	2246	29.98500749625191
1624290851.98	1850	59.86407	0.0	2267452	289	1.85	80.636	0	2366	30.007501875468904
1624290856.0	1850	59.88977	0.0	1977775	338	1.85	84.636	0	2486	30
1624290860.07	1850	59.923989	0.0	2145766	342	1.85	88.637	0	2606	29.99250187453133
1624290864.05	1850	59.947539	0.0	2064567	270	1.85	92.637	0	2726	30
1624290868.05	1850	59.976746	0.0	1899367	292	1.85	96.664	0	2847	30.04718152470821
1624290872.1	1850	59.714239	0.0	2118078	340	1.85	100.666	0	2967	29.98500749625191
1624290876.11	1850	59.739229	0.0	2045638	331	1.85	104.665	0	3087	30.007501875468797
1624290880.14	1850	59.763906	0.0	2132751	324	1.85	108.666	0	3207	29.99250187453144
1624290884.14	1850	59.824699	0.0	2105800	327	1.85	112.666	0	3327	30
1624290888.19	1850	59.853584	0.0	2117310	365	1.85	116.667	0	3447	29.99250187453133
1624290892.24	1850	59.600441	0.0	2106167	349	1.85	120.666	0	3567	30.007501875468904
