1624278909.9	750	4	0.163	447032	79	-0.6959	0	0	0	0
1624278910.43	1850	8	0.0	2254830	318	0.75	0	0	0	0
1624278910.84	1850	12	0.0	1837501	277	1.85	0	0	0	0
1624278911.35	1850	16	0.0	2108748	369	1.85	0	0	0	0
1624278911.85	1850	19.833334	0.0	2229492	363	1.85	0	0	0	0
1624278912.39	1850	23.309102	0.0	2078237	330	1.85	0	0	0	0
1624278912.87	1850	26.824824	0.0	2030644	313	1.85	0	0	0	0
1624278913.6	1850	30.094894	0.0	2298831	523	1.85	5.277	0	46	0
1624278914.16	1850	33.570345	0.0	2164964	370	1.85	5.277	0	46	0
1624278914.66	1850	37.046339	0.0	2175479	332	1.85	5.277	0	46	0
1624278915.21	1850	40.48194	0.0	2156805	337	1.85	5.277	0	46	0
1624278915.7	1850	44	0.0	2101523	321	1.85	5.277	0	46	0
1624278916.33	1850	47.352352	0.0	2344608	418	1.85	5.277	0	46	0
1624278916.91	1850	50.787249	0.0	2334646	384	1.85	5.277	0	46	0
1624278917.46	1850	54.263135	0.0	2109579	364	1.85	9.28	0	166	29.97751686235324
1624278917.98	1850	57.7	0.0	2097243	322	1.85	9.28	0	166	29.97751686235324
1624278920.01	1850	59.796042	0.0	2054074	354	1.85	9.28	0	166	29.97751686235324
1624278924.05	1850	59.829817	0.0	2079344	313	1.85	13.282	0	286	29.985007496251868
1624278928.11	1850	59.576627	0.0	2353718	348	1.85	17.283	0	406	29.992501874531357
1624278932.18	1850	59.614655	0.0	2119053	381	1.85	21.283	0	526	30
1624278936.19	1850	59.651973	0.0	2145449	319	1.85	25.282	0	646	30.007501875468876
1624278940.21	1850	59.690824	0.0	2087310	318	1.85	29.283	0	766	29.992501874531357
1624278944.29	1850	59.437248	0.0	2348666	342	1.85	33.283	0	886	30
1624278948.23	1850	59.467723	0.0	1801794	275	1.85	37.283	0	1006	30
1624278952.19	1850	59.527167	0.0	1864524	293	1.85	41.284	0	1126	29.992501874531385
1624278956.21	1850	59.566667	0.0	2051691	322	1.85	45.285	0	1246	29.992501874531385
1624278960.15	1850	59.587157	0.0	1898420	279	1.85	49.285	0	1366	30
1624278964.18	1850	59.623712	0.0	2276304	339	1.85	53.293	0	1486	29.94011976047902
1624278968.25	1850	59.661426	0.0	2239013	342	1.85	57.293	0	1606	30
1624278972.91	1850	59.449464	0.0	2417622	348	1.85	61.292	0	1726	30.00750187546885
1624278976.11	1850	59.65321	0.0	1950728	233	1.85	65.295	0	1846	29.977516862353234
1624278980.24	1850	59.731631	0.0	2268079	346	1.85	69.293	1	1966	29.764882441220575
1624278984.33	1850	59.512336	0.0	2105954	375	1.85	73.294	1	2086	29.99250187453144
1624278988.34	1850	59.541899	0.0	2049597	306	1.85	77.293	1	2206	30.007501875468797
1624278991.86	1850	59.857658	0.0	2267452	330	1.85	81.294	1	2326	29.99250187453144
1624278995.84	1850	59.887674	0.0	1977775	289	1.85	85.302	1	2446	29.940119760478968
1624278999.92	1850	59.918962	0.0	2145766	362	1.85	89.304	1	2566	29.98500749625191
1624279003.96	1850	59.957145	0.0	2064567	296	1.85	93.304	1	2686	30
1624279007.89	1850	59.99886	0.0	1899367	278	1.85	97.304	1	2806	30
1624279012.39	1850	59.474925	0.0	2118078	328	1.85	101.304	1	2926	30
1624279015.93	1850	59.794087	0.0	2045638	307	1.85	105.305	1	3046	29.99250187453133
1624279019.95	1850	59.820456	0.0	2132751	319	1.85	109.31	1	3167	30.212234706616762
1624279023.92	1850	59.836313	0.0	2105800	303	1.85	113.306	1	3286	29.779779779779815
1624279027.89	1850	59.869141	0.0	2117310	315	1.85	117.305	1	3406	30.007501875468797
1624279031.84	1850	59.89824	0.0	2106167	310	1.85	121.306	1	3526	29.99250187453144
