1624346038.97	750	4	0.179	447032	79	-0.7646999999999999	0	0	0	0
1624346039.16	750	8	0.0	437784	85	0.75	0	0	0	0
1624346039.31	750	12	0.0	358478	66	0.75	0	0	0	0
1624346039.54	750	16	0.0	433110	93	0.75	0	0	0	0
1624346039.72	750	20	0.0	425284	79	0.75	0	0	0	0
1624346039.87	750	24	0.0	428114	65	0.75	0	0	0	0
1624346040.04	750	28	0.0	387287	78	0.75	0	0	0	0
1624346040.21	750	32	0.0	435324	77	0.75	0	0	0	0
1624346040.37	750	36	0.0	447048	75	0.75	0	0	0	0
1624346040.53	750	40	0.0	446405	76	0.75	0	0	0	0
1624346040.69	750	43.915979	0.0	423631	51	0.75	0	0	0	0
1624346040.88	750	47.754355	0.0	416730	76	0.75	0	0	0	0
1624346041.04	750	51.59315	0.0	471953	72	0.75	0	0	0	0
1624346041.21	750	55.39164	0.0	453536	69	0.75	0	0	0	0
1624346041.39	750	59.230468	0.0	420588	74	0.75	0	0	0	0
1624346045.08	750	59.754778	0.0	420917	70	0.75	5.152	0	51	0
1624346048.9	750	59.778787	0.0	392428	97	0.75	9.151	0	171	30.00750187546887
1624346053.14	750	59.526773	0.0	400748	59	0.75	13.152	0	291	29.99250187453137
1624346056.96	750	59.830231	0.0	471072	153	0.75	17.153	0	411	29.99250187453137
1624346061.26	750	59.571906	0.0	425923	149	0.75	21.153	0	531	30
1624346064.99	750	59.883208	0.0	419792	92	0.75	25.153	0	651	30
1624346068.73	750	59.909255	0.0	429429	119	0.75	29.153	0	771	30
1624346072.98	750	59.653914	0.0	461232	95	0.75	33.153	0	891	30
1624346076.69	750	59.960605	0.0	382848	83	0.75	37.154	0	1011	29.99250187453133
1624346080.91	750	59.717775	0.0	375227	94	0.75	41.154	0	1131	30
1624346085.13	750	59.739331	0.0	437258	105	0.75	45.164	0	1251	29.925187032418968
1624346088.91	750	59.791586	0.0	419071	146	0.75	49.165	0	1371	29.992501874531385
1624346093.15	750	59.532488	0.0	449162	129	0.75	53.164	0	1491	30.00750187546885
1624346096.89	750	59.82891	0.0	447732	113	0.75	57.164	0	1611	30
1624346101.16	750	59.530527	0.0	488806	113	0.75	61.165	0	1731	29.992501874531385
1624346104.88	750	59.881478	0.0	389747	80	0.75	65.165	0	1851	29.999999999999947
1624346109.14	750	59.668925	0.0	485582	82	0.75	69.165	0	1971	30
1624346112.95	750	59.70901	0.0	430276	104	0.75	73.166	0	2091	29.99250187453144
1624346117.18	750	59.462656	0.0	435590	105	0.75	77.166	0	2211	30
1624346120.95	750	59.819204	0.0	459331	101	0.75	81.168	0	2331	29.985007496251804
1624346125.16	750	59.564415	0.0	381587	59	0.75	85.168	0	2451	30
1624346128.91	750	59.866667	0.0	424399	119	0.75	89.168	0	2571	30
1624346133.21	750	59.607497	0.0	436743	87	0.75	93.168	0	2691	30
1624346136.98	750	59.920319	0.0	385692	91	0.75	97.168	0	2811	30
1624346140.8	750	59.956836	0.0	424746	165	0.75	101.168	0	2931	30
1624346145.01	750	59.697898	0.0	407135	82	0.75	105.168	0	3051	30
1624346149.21	750	59.453543	0.0	427720	94	0.75	109.169	0	3171	29.99250187453144
1624346152.92	750	59.771913	0.0	427353	84	0.75	113.169	0	3291	30
1624346157.15	750	59.514784	0.0	418534	119	0.75	117.169	0	3411	30
1624346160.93	750	59.889187	0.0	421343	72	0.75	121.169	0	3531	30
