1624305345.47	750	4	0.212	446149	83	-0.9065999999999999	0	0	0	0
1624305345.74	300	8	0.0	458211	104	-0.15000000000000002	0	0	0	0
1624305345.91	300	12	0.0	390124	31	0.3	0	0	0	0
1624305346.09	300	16	0.0	474461	90	0.3	0	0	0	0
1624305346.27	300	20	0.0	444309	87	0.3	0	0	0	0
1624305346.45	300	24	0.0	443120	84	0.3	0	0	0	0
1624305346.6	300	28	0.0	416509	68	0.3	0	0	0	0
1624305346.77	300	32	0.0	451355	81	0.3	0	0	0	0
1624305346.93	300	36	0.0	417757	69	0.3	0	0	0	0
1624305347.12	300	40	0.0	415350	73	0.3	0	0	0	0
1624305347.3	300	43.916952	0.0	433531	87	0.3	0	0	0	0
1624305347.6	300	47.634235	0.0	422916	74	0.3	0	0	0	0
1624305347.8	300	51.431944	0.0	459414	75	0.3	0	0	0	0
1624305347.97	300	55.270854	0.0	450936	76	0.3	0	0	0	0
1624305348.14	300	59.068994	0.0	439746	79	0.3	0	0	0	0
1624305351.84	300	59.467699	0.0	432189	77	0.3	6.29	0	71	0
1624305355.61	300	59.783334	0.0	396094	87	0.3	10.29	0	311	60.000000000000014
1624305359.83	300	59.563939	0.0	420942	61	0.3	14.291	0	551	59.98500374906271
1624305363.55	300	59.878434	0.0	477686	93	0.3	18.291	0	791	60
1624305367.81	300	59.613906	0.0	429484	103	0.3	22.291	0	1031	60
1624305371.65	300	59.645327	0.0	428693	98	0.3	26.291	0	1271	60
1624305375.43	300	59.961891	0.0	445526	109	0.3	30.291	0	1511	60
1624305379.69	300	59.746621	0.0	459785	77	0.3	34.291	0	1751	60.00000000000006
1624305383.93	300	59.5	0.0	395717	76	0.3	38.292	0	1991	59.98500374906266
1624305387.66	300	59.805247	0.0	421854	92	0.3	42.292	0	2231	60
1624305391.45	300	59.833334	0.0	464457	119	0.3	46.293	0	2471	59.98500374906277
1624305395.75	300	59.579379	0.0	430202	142	0.3	50.293	0	2711	60
1624305399.5	300	59.891959	0.0	445549	81	0.3	54.293	0	2951	60
1624305403.74	300	59.672126	0.0	449734	73	0.3	58.293	0	3191	60
1624305407.48	300	59.857643	0.0	478634	32	0.3	62.295	0	3432	60.219890054972474
1624305411.73	300	59.705975	0.0	421756	88	0.3	66.297	0	3672	59.97001499250382
1624305415.54	300	59.725524	0.0	500580	102	0.3	70.297	0	3912	60
1624305419.81	300	59.47284	0.0	471259	97	0.3	74.297	0	4152	60
1624305423.56	300	59.784915	0.0	447061	95	0.3	78.297	0	4392	60
1624305427.82	300	59.524526	0.0	414676	96	0.3	82.301	0	4632	59.94005994005987
1624305431.6	300	59.833334	0.0	407398	131	0.3	86.3	0	4872	60.01500375093781
1624305435.84	300	59.568965	0.0	438602	93	0.3	90.3	0	5112	60
1624305439.55	300	59.881175	0.0	421192	71	0.3	94.301	0	5352	59.98500374906266
1624305443.78	300	59.628115	0.0	414269	68	0.3	98.301	0	5592	60
1624305447.53	300	59.937857	0.0	427172	84	0.3	102.302	0	5832	59.98500374906266
1624305451.73	300	59.688184	0.0	435036	71	0.3	106.306	0	6072	59.94005994006008
1624305455.98	300	59.441203	0.0	454750	83	0.3	110.306	0	6312	60
1624305459.71	300	59.754814	0.0	436843	54	0.3	114.307	0	6552	59.98500374906266
1624305463.41	300	59.827039	0.0	455439	63	0.3	118.306	0	6792	60.01500375093781
1624305467.61	300	59.854273	0.0	439643	52	0.3	122.307	0	7032	59.98500374906266
