1624284658.57	750	4	0.165	446149	74	-0.7045	0	0	0	0
1624284659.87	2850	8	0.0	5338027	852	0.75	0	0	0	0
1624284660.95	2850	11.166667	0.0	4485847	843	2.85	0	0	0	0
1624284662.25	2850	13.883334	0.0	5004689	1027	2.85	5.354	5	111	0
1624284663.46	2850	16.666667	0.0	5182650	946	2.85	5.354	5	111	0
1624284664.55	2850	19.566667	0.0	5173280	813	2.85	5.354	5	111	0
1624284665.73	2850	22.383334	0.0	4880493	933	2.85	5.354	5	111	0
1624284667.02	2850	25.216667	0.0	5406574	928	2.85	9.356	58	351	46.72663668165917
1624284668.24	2850	27.883334	0.0	4844720	951	2.85	9.356	58	351	46.72663668165917
1624284669.48	2850	30.716667	0.0	4832207	863	2.85	9.356	58	351	46.72663668165917
1624284670.55	2850	33.55	0.0	4887638	694	2.85	13.356	101	591	49.25
1624284671.66	2850	36.45	0.0	4995664	868	2.85	13.356	101	591	49.25
1624284673.0	2850	39.183334	0.0	5320325	986	2.85	13.356	101	591	49.25
1624284674.33	2850	41.9	0.0	5320224	964	2.85	17.356	127	831	53.49999999999998
