1624273806.68	750	4	0.222	446149	99	-0.9495999999999999	0	0	0	0
1624273807.72	1850	8	0.0	3302713	776	0.75	0	0	0	0
1624273808.62	1850	11.833334	0.0	2780269	707	1.85	0	0	0	0
1624273809.45	1850	15.016667	0.0	3138830	622	1.85	0	0	0	0
1624273810.42	1850	18.05	0.0	3252745	748	1.85	5.328	5	77	0
1624273811.18	1850	21.3	0.0	3175667	513	1.85	5.328	5	77	0
1624273811.98	1850	24.460793	0.0	2962628	582	1.85	5.328	5	77	0
1624273812.81	1850	27.666667	0.0	3242545	595	1.85	5.328	5	77	0
1624273813.72	1850	30.766667	0.0	2999470	673	1.85	5.328	5	77	0
1624273814.52	1850	33.95	0.0	2926075	475	1.85	9.428	23	323	55.60975609756097
1624273815.31	1850	37.15	0.0	3029009	566	1.85	9.428	23	323	55.60975609756097
1624273816.45	1850	40	0.0	3113599	946	1.85	9.428	23	323	55.60975609756097
1624273817.3	1850	43.166667	0.0	3116790	626	1.85	9.428	23	323	55.60975609756097
1624273818.3	1850	46.183334	0.0	3132453	773	1.85	13.428	34	563	57.25
1624273819.22	1850	49.266667	0.0	2994095	683	1.85	13.428	34	563	57.25
1624273819.91	1850	52.55	0.0	3154088	486	1.85	13.428	34	563	57.25
1624273820.57	1850	55.893717	0.0	2803553	459	1.85	13.428	34	563	57.25
1624273821.29	1850	59.166667	0.0	3039477	511	1.85	13.428	34	563	57.25
1624273824.72	1850	59.803919	0.0	3356332	625	1.85	17.429	73	803	50.23744063984007
1624273828.97	1850	59.55	0.0	3105690	519	1.85	21.429	76	1043	59.25
1624273832.67	1850	59.866667	0.0	3008856	461	1.85	25.429	78	1283	59.5
1624273836.96	1850	59.622315	0.0	3066869	511	1.85	29.43	83	1523	58.73531617095724
1624273840.97	1850	59.733334	0.0	3178549	496	1.85	33.429	85	1763	59.514878719679885
1624273844.64	1850	59.810506	0.0	2577778	418	1.85	37.435	87	2004	59.66050923614578
1624273849.03	1850	59.844412	0.0	2819145	454	1.85	41.43	91	2243	58.823529411764746
1624273853.36	1850	59.461625	0.0	3037564	754	1.85	45.435	91	2484	60.174781523096094
1624273857.0	1850	59.817462	0.0	2852411	483	1.85	49.554	95	2731	58.99490167516388
1624273860.82	1850	59.852455	0.0	3004818	504	1.85	53.433	114	2963	54.91105955143081
