1624331982.68	750	4	0.164	446149	68	-0.7001999999999999	0	0	0	0
1624331982.94	750	8	0.0	657276	95	0.75	0	0	0	0
1624331983.18	750	12	0.0	531142	89	0.75	0	0	0	0
1624331983.38	750	16	0.0	641782	108	0.75	0	0	0	0
1624331983.6	750	20	0.0	655328	121	0.75	0	0	0	0
1624331983.8	750	24	0.0	643029	105	0.75	0	0	0	0
1624331983.99	750	28	0.0	586466	102	0.75	0	0	0	0
1624331984.19	750	32	0.0	640646	101	0.75	0	0	0	0
1624331984.38	750	35.917015	0.0	603976	99	0.75	0	0	0	0
1624331984.62	750	39.67357	0.0	579575	94	0.75	0	0	0	0
1624331984.81	750	43.472429	0.0	622523	93	0.75	0	0	0	0
1624331985.02	750	47.310313	0.0	590406	84	0.75	0	0	0	0
1624331985.21	750	51.067347	0.0	636852	101	0.75	0	0	0	0
1624331985.4	750	54.906192	0.0	619167	100	0.75	0	0	0	0
1624331985.6	750	58.704201	0.0	636453	104	0.75	0	0	0	0
1624331988.81	750	59.716905	0.0	637789	99	0.75	5.269	0	102	0
1624331992.55	750	59.748926	0.0	574537	93	0.75	9.269	0	342	60
1624331996.79	750	59.496368	0.0	595492	101	0.75	13.268	0	582	60.01500375093772
1624332000.52	750	59.80478	0.0	662075	113	0.75	17.269	0	822	59.98500374906277
1624332004.8	750	59.55	0.0	622438	95	0.75	21.27	0	1062	59.98500374906271
1624332008.5	750	59.858759	0.0	607166	90	0.75	25.271	0	1302	59.98500374906271
1624332012.75	750	59.606796	0.0	615645	98	0.75	29.272	0	1542	59.98500374906277
1624332016.5	750	59.916994	0.0	651954	111	0.75	33.271	0	1782	60.0150037509377
1624332020.72	750	59.656426	0.0	550774	94	0.75	37.272	0	2022	59.98500374906277
1624332024.99	750	59.443893	0.0	594579	100	0.75	41.274	0	2262	59.970014992503714
1624332028.71	750	59.759086	0.0	632394	97	0.75	45.274	0	2502	60
1624332032.97	750	59.503202	0.0	575968	94	0.75	49.275	0	2742	59.98500374906277
1624332036.72	750	59.806714	0.0	632851	114	0.75	53.275	0	2982	60
1624332040.96	750	59.550601	0.0	604086	104	0.75	57.274	0	3222	60.0150037509377
1624332044.74	750	59.575914	0.0	712976	115	0.75	61.276	0	3462	59.970014992503714
1624332048.51	750	59.883744	0.0	581323	86	0.75	65.276	0	3702	60.00000000000011
1624332052.77	750	59.629207	0.0	729373	119	0.75	69.276	0	3942	60
1624332056.53	750	59.937814	0.0	670981	122	0.75	73.276	0	4182	60
1624332060.86	750	59.723233	0.0	621207	72	0.75	77.276	0	4422	60
1624332064.63	750	59.746996	0.0	579598	130	0.75	81.276	0	4662	60
1624332068.88	750	59.489608	0.0	558064	69	0.75	85.276	0	4902	60
1624332072.66	750	59.807155	0.0	609656	124	0.75	89.277	0	5142	59.98500374906266
1624332076.92	750	59.581438	0.0	599153	110	0.75	93.278	0	5382	59.98500374906266
1624332080.68	750	59.610936	0.0	574452	78	0.75	97.278	0	5622	60
1624332084.42	750	59.918796	0.0	605550	94	0.75	101.278	0	5862	60
1624332088.7	750	59.673244	0.0	601791	105	0.75	105.278	0	6102	60
1624332092.43	750	59.984404	0.0	627361	108	0.75	109.278	0	6342	60
1624332096.71	750	59.731179	0.0	623214	122	0.75	113.278	0	6582	60
1624332100.94	750	59.480455	0.0	648266	108	0.75	117.279	0	6822	59.98500374906288
1624332104.66	750	59.794013	0.0	606947	111	0.75	121.279	0	7062	60
