1624289891.7	750	4	0.184	447032	87	-0.7861999999999999	0	0	0	0
1624289892.71	2850	8	0.0	3731877	509	0.75	0	0	0	0
1624289893.37	2850	12	0.0	2988743	449	2.85	0	0	0	0
1624289894.18	2850	15.427815	0.0	3344033	576	2.85	0	0	0	0
1624289894.95	2850	18.660469	0.0	3588671	584	2.85	0	0	0	0
1624289895.9	2850	21.731346	0.0	3516436	569	2.85	5.484	0	47	0
1624289896.67	2850	24.966667	0.0	3520561	543	2.85	5.484	0	47	0
1624289897.8	2850	28	0.0	3787958	656	2.85	5.484	0	47	0
1624289898.69	2850	30.944088	0.0	3482140	690	2.85	5.484	0	47	0
1624289899.72	2850	33.933334	0.0	3620909	742	2.85	9.482	11	167	27.26363181590796
1624289900.79	2850	36.845389	0.0	3578596	838	2.85	9.482	11	167	27.26363181590796
1624289901.89	2850	39.710227	0.0	3430213	878	2.85	9.482	11	167	27.26363181590796
1624289902.79	2850	42.833334	0.0	3873343	672	2.85	9.482	11	167	27.26363181590796
1624289904.08	2850	45.533334	0.0	4055051	1001	2.85	13.483	12	287	29.742564358910265
1624289905.23	2850	48.400322	0.0	3383484	902	2.85	13.483	12	287	29.742564358910265
