1624318136.52	750	4	0.212	447032	88	-0.9065999999999999	0	0	0	0
1624318136.97	1200	8	0.0	1081855	216	0.75	0	0	0	0
1624318137.3	1200	12	0.0	909590	191	1.2	0	0	0	0
1624318137.62	1200	15.796919	0.0	1064785	193	1.2	0	0	0	0
1624318137.94	1200	19.474661	0.0	1068330	189	1.2	0	0	0	0
1624318138.27	1200	23.151449	0.0	1091906	184	1.2	0	0	0	0
1624318138.56	1200	26.866667	0.0	989621	174	1.2	0	0	0	0
1624318138.89	1200	30.543326	0.0	1120373	197	1.2	0	0	0	0
1624318139.2	1200	34.220272	0.0	1096122	182	1.2	0	0	0	0
1624318139.53	1200	37.897873	0.0	1088831	179	1.2	0	0	0	0
1624318139.9	1200	41.535573	0.0	1080940	205	1.2	4.779	0	73	0
1624318140.3	1200	45.131488	0.0	1075422	260	1.2	4.779	0	73	0
1624318140.66	1200	48.76412	0.0	1146374	196	1.2	4.779	0	73	0
1624318141.01	1200	52.40136	0.0	1146930	200	1.2	4.779	0	73	0
1624318141.37	1200	56.036941	0.0	1066542	175	1.2	4.779	0	73	0
1624318141.68	1200	59.713245	0.0	1056887	172	1.2	4.779	0	73	0
1624318146.0	1200	59.534432	0.0	990369	158	1.2	8.779	0	193	30
1624318149.86	1200	59.563455	0.0	1015471	197	1.2	12.779	0	313	30
1624318153.74	1200	59.870268	0.0	1173982	197	1.2	16.781	0	433	29.98500749625188
1624318157.59	1200	59.891231	0.0	1058624	165	1.2	20.782	0	553	29.992501874531357
1624318161.91	1200	59.626979	0.0	1046861	164	1.2	24.782	0	673	30
1624318165.77	1200	59.652734	0.0	1048437	185	1.2	28.782	0	793	30
1624318169.66	1200	59.962349	0.0	1152505	198	1.2	32.783	0	913	29.992501874531357
1624318173.48	1200	59.983369	0.0	877099	151	1.2	36.783	0	1033	30
1624318177.83	1200	59.721659	0.0	968042	151	1.2	40.783	0	1153	30
1624318182.15	1200	59.45991	0.0	1064114	176	1.2	44.784	0	1273	29.992501874531385
1624318185.99	1200	59.47766	0.0	1005764	159	1.2	48.783	0	1393	30.00750187546885
1624318189.81	1200	59.817008	0.0	1078959	161	1.2	52.785	0	1513	29.98500749625191
1624318193.66	1200	59.841108	0.0	1074526	167	1.2	56.786	0	1633	29.99250187453133
1624318198.03	1200	59.583906	0.0	1231303	199	1.2	60.786	0	1753	30
1624318201.87	1200	59.608374	0.0	960890	161	1.2	64.786	0	1873	30
1624318205.72	1200	59.913352	0.0	1183904	184	1.2	68.786	0	1993	30
1624318209.6	1200	59.934222	0.0	1065257	193	1.2	72.786	0	2113	30
1624318213.94	1200	59.666667	0.0	1108615	177	1.2	76.787	0	2233	29.99250187453133
1624318217.77	1200	59.695641	0.0	1113738	155	1.2	80.787	0	2353	30
1624318222.1	1200	59.435161	0.0	981548	162	1.2	84.788	0	2473	29.99250187453144
1624318225.93	1200	59.744732	0.0	1067644	180	1.2	88.788	0	2593	30
1624318229.84	1200	59.806508	0.0	1068520	183	1.2	92.788	0	2713	30
1624318233.69	1200	59.85878	0.0	946116	163	1.2	96.789	0	2833	29.99250187453133
1624318237.52	1200	59.887234	0.0	1041444	180	1.2	100.788	0	2953	30.007501875468904
1624318241.85	1200	59.66745	0.0	1033147	167	1.2	104.789	0	3073	29.99250187453133
1624318245.72	1200	59.976643	0.0	1043384	175	1.2	108.789	0	3193	30
1624318250.04	1200	59.43702	0.0	1047354	167	1.2	112.79	0	3313	29.99250187453133
1624318253.87	1200	59.752187	0.0	1058093	168	1.2	116.789	0	3433	30.007501875468904
1624318257.69	1200	59.78215	0.0	1038662	161	1.2	120.79	0	3553	29.99250187453133
