1624318373.11	750	4	0.208	446149	78	-0.8894	0	0	0	0
1624318373.3	300	8	0.0	458211	51	-0.15000000000000002	0	0	0	0
1624318373.5	300	12	0.0	390124	69	0.3	0	0	0	0
1624318373.72	300	16	0.0	474461	12	0.3	0	0	0	0
1624318373.89	300	20	0.0	444309	66	0.3	0	0	0	0
1624318374.08	300	24	0.0	443120	78	0.3	0	0	0	0
1624318374.24	300	28	0.0	416509	64	0.3	0	0	0	0
1624318374.41	300	32	0.0	451355	74	0.3	0	0	0	0
1624318374.57	300	36	0.0	417757	66	0.3	0	0	0	0
1624318374.74	300	40	0.0	415350	61	0.3	0	0	0	0
1624318374.91	300	44	0.0	433531	64	0.3	0	0	0	0
1624318375.13	300	47.991895	0.0	422916	60	0.3	0	0	0	0
1624318375.3	300	51.78951	0.0	459414	78	0.3	0	0	0	0
1624318375.48	300	55.62643	0.0	450936	65	0.3	0	0	0	0
1624318375.66	300	59.424208	0.0	439746	64	0.3	0	0	0	0
1624318379.41	300	59.783334	0.0	432189	67	0.3	5.47	0	69	0
1624318383.66	300	59.571161	0.0	396094	60	0.3	9.469	0	309	60.01500375093774
1624318387.42	300	59.878361	0.0	420942	72	0.3	13.469	0	549	60
1624318391.66	300	59.622618	0.0	477686	71	0.3	17.47	0	789	59.98500374906274
1624318395.41	300	59.933366	0.0	429484	62	0.3	21.474	0	1029	59.94005994005992
1624318399.1	300	59.998859	0.0	428693	64	0.3	25.473	0	1269	60.01500375093775
1624318403.83	300	59.450549	0.0	445526	64	0.3	29.473	0	1509	60
1624318407.58	300	59.758047	0.0	459785	75	0.3	33.473	0	1749	60
1624318411.31	300	59.826144	0.0	395717	66	0.3	37.473	0	1989	60
1624318415.54	300	59.568897	0.0	421854	67	0.3	41.474	0	2229	59.98500374906277
1624318419.25	300	59.87548	0.0	464457	70	0.3	45.474	0	2469	60
1624318423.47	300	59.664101	0.0	430202	66	0.3	49.474	0	2709	60
1624318427.16	300	59.976589	0.0	445549	70	0.3	53.474	0	2949	60
1624318431.38	300	59.717138	0.0	449734	75	0.3	57.478	0	3189	59.94005994005987
1624318435.59	300	59.770144	0.0	478634	71	0.3	61.478	0	3429	60
1624318439.34	300	59.795379	0.0	421756	63	0.3	65.479	0	3669	59.98500374906277
1624318443.62	300	59.536199	0.0	500580	93	0.3	69.479	0	3909	60
1624318447.36	300	59.850379	0.0	471259	91	0.3	73.479	0	4149	60
1624318451.62	300	59.607709	0.0	447061	80	0.3	77.48	0	4390	60.234941264683755
1624318455.36	300	59.924928	0.0	414676	62	0.3	81.48	0	4629	59.75
1624318459.58	300	59.676415	0.0	407398	57	0.3	85.48	0	4869	60
1624318463.84	300	59.461629	0.0	438602	66	0.3	89.48	0	5109	60
1624318467.58	300	59.779324	0.0	421192	74	0.3	93.481	0	5349	59.98500374906288
1624318471.31	300	59.844751	0.0	414269	89	0.3	97.48	0	5589	60.015003750937595
1624318475.53	300	59.585777	0.0	427172	68	0.3	101.481	0	5829	59.98500374906288
1624318479.27	300	59.889876	0.0	435036	71	0.3	105.481	0	6070	60.25
1624318483.5	300	59.627037	0.0	454750	71	0.3	109.481	0	6310	60
1624318487.22	300	59.940196	0.0	436843	64	0.3	113.482	0	6550	59.98500374906266
1624318491.42	300	59.68715	0.0	455439	80	0.3	117.481	0	6790	60.01500375093781
1624318495.13	300	59.99814	0.0	439643	74	0.3	121.481	0	7030	60
