1624314433.86	750	4	0.199	446149	74	-0.8506999999999999	0	0	0	0
1624314434.2	750	8	0.0	657276	189	0.75	0	0	0	0
1624314434.45	750	12	0.0	531142	133	0.75	0	0	0	0
1624314434.68	750	16	0.0	641782	119	0.75	0	0	0	0
1624314434.92	750	20	0.0	655328	123	0.75	0	0	0	0
1624314435.15	750	24	0.0	643029	117	0.75	0	0	0	0
1624314435.33	750	28	0.0	586466	88	0.75	0	0	0	0
1624314435.54	750	31.914383	0.0	640646	108	0.75	0	0	0	0
1624314435.72	750	35.753491	0.0	603976	94	0.75	0	0	0	0
1624314435.92	750	39.551866	0.0	579575	101	0.75	0	0	0	0
1624314436.12	750	43.35	0.0	622523	99	0.75	0	0	0	0
1624314436.34	750	47.148097	0.0	590406	96	0.75	0	0	0	0
1624314436.54	750	50.94661	0.0	636852	101	0.75	0	0	0	0
1624314436.97	750	54.503176	0.0	619167	313	0.75	5.383	0	84	0
1624314437.17	750	58.300427	0.0	636453	98	0.75	5.383	0	84	0
1624314439.89	750	59.754177	0.0	637789	99	0.75	5.383	0	84	0
1624314444.2	750	59.503796	0.0	574537	104	0.75	9.384	1	324	59.735066233441636
1624314447.97	750	59.536299	0.0	595492	94	0.75	13.384	1	564	60
1624314451.74	750	59.847348	0.0	662075	110	0.75	17.383	1	804	60.01500375093775
1624314455.99	750	59.589823	0.0	622438	105	0.75	21.385	1	1044	59.970014992503714
1624314459.76	750	59.903344	0.0	607166	104	0.75	25.385	1	1284	60
1624314463.53	750	59.958361	0.0	615645	89	0.75	29.386	1	1524	59.98500374906277
1624314467.8	750	59.704964	0.0	651954	109	0.75	33.386	1	1764	59.99999999999995
1624314472.01	750	59.735354	0.0	550774	90	0.75	37.386	1	2004	60
1624314475.74	750	59.76002	0.0	594579	90	0.75	41.386	1	2245	60.25
1624314480.04	750	59.504599	0.0	632394	106	0.75	45.392	1	2485	59.910134797803295
1624314483.79	750	59.818801	0.0	575968	95	0.75	49.387	1	2725	60.0750938673342
1624314488.02	750	59.570228	0.0	632851	104	0.75	53.387	1	2965	60
1624314491.76	750	59.881832	0.0	604086	102	0.75	57.387	1	3205	60
1624314495.56	750	59.95	0.0	712976	129	0.75	61.387	1	3445	60
1624314499.84	750	59.689618	0.0	581323	97	0.75	65.387	1	3685	60
1624314503.62	750	59.99341	0.0	729373	114	0.75	69.388	1	3925	59.98500374906266
1624314507.89	750	59.771881	0.0	670981	86	0.75	73.389	1	4165	59.98500374906288
1624314512.12	750	59.514012	0.0	621207	75	0.75	77.39	1	4405	59.98500374906266
1624314515.86	750	59.826305	0.0	579598	100	0.75	81.39	1	4645	60
1624314520.12	750	59.572993	0.0	558064	89	0.75	85.39	1	4885	60
1624314523.88	750	59.888067	0.0	609656	92	0.75	89.391	1	5125	59.98500374906266
1624314527.61	750	59.914589	0.0	599153	94	0.75	93.39	1	5365	60.01500375093781
1624314531.85	750	59.659755	0.0	574452	96	0.75	97.391	1	5605	59.98500374906266
1624314535.59	750	59.969681	0.0	605550	91	0.75	101.392	1	5845	59.98500374906288
1624314539.83	750	59.740818	0.0	601791	97	0.75	105.393	1	6085	59.98500374906266
1624314544.06	750	59.483334	0.0	627361	98	0.75	109.393	1	6325	60
1624314547.82	750	59.783808	0.0	623214	100	0.75	113.394	1	6565	59.98500374906266
1624314552.06	750	59.575544	0.0	648266	91	0.75	117.394	1	6805	60
1624314555.78	750	59.888741	0.0	606947	97	0.75	121.395	1	7045	59.98500374906288
