1624268004.38	750	4	0.179	446149	90	-0.7646999999999999	0	0	0	0
1624268005.99	2850	7.116667	0.0	5338027	1254	0.75	0	0	0	0
1624268007.58	2850	9.483334	0.0	4485847	1310	2.85	0	0	0	0
1624268008.83	2850	12.233334	0.0	5004689	993	2.85	4.628	12	171	0
1624268010.24	2850	14.816667	0.0	5182650	1151	2.85	4.628	12	171	0
1624268011.43	2850	17.65	0.0	5173280	924	2.85	4.628	12	171	0
1624268012.75	2850	20.333334	0.0	4880493	1038	2.85	8.628	43	411	52.25
1624268014.01	2850	23.066667	0.0	5406574	1007	2.85	8.628	43	411	52.25
1624268015.21	2850	25.866667	0.0	4844720	907	2.85	8.628	43	411	52.25
1624268016.57	2850	28.55	0.0	4832207	1018	2.85	12.627	72	651	52.763190797699416
1624268017.99	2850	31.083334	0.0	4887638	1133	2.85	12.627	72	651	52.763190797699416
1624268019.49	2850	33.6	0.0	4995664	1209	2.85	12.627	72	651	52.763190797699416
1624268021.17	2850	35.933334	0.0	5320325	1379	2.85	16.627	103	891	52.25000000000002
1624268022.64	2850	38.433334	0.0	5320224	1170	2.85	16.627	103	891	52.25000000000002
1624268024.19	2850	40.9	0.0	4822090	1233	2.85	20.628	123	1131	54.98625343664082
1624268025.62	2850	43.45	0.0	5024811	1161	2.85	20.628	123	1131	54.98625343664082
1624268026.97	2850	46.116667	0.0	4620969	1072	2.85	20.628	123	1131	54.98625343664082
1624268028.52	2850	48.55	0.0	4982065	1214	2.85	24.629	148	1371	53.73656585853535
1624268030.46	2850	50.783334	0.0	5333279	1456	2.85	24.629	148	1371	53.73656585853535
1624268032.08	2850	53.016667	0.0	5166435	1330	2.85	28.629	169	1611	54.75
1624268033.83	2850	55.266667	0.0	4952219	1449	2.85	28.629	169	1611	54.75
1624268035.57	2850	57.533334	0.0	5148296	1407	2.85	28.629	169	1611	54.75
1624268037.28	2850	59.866667	0.0	5332212	1276	2.85	32.63	196	1851	53.23669082729316
1624268041.27	2850	59.741956	0.0	4130375	723	2.85	36.63	217	2091	54.75
1624268045.49	2850	59.767274	0.0	4502091	828	2.85	40.63	222	2331	58.75
1624268049.7	2850	59.505238	0.0	4906417	1483	2.85	44.63	232	2571	57.5
1624268053.61	2850	59.538318	0.0	4606683	1581	2.85	48.63	238	2811	58.5
1624268057.67	2850	59.561725	0.0	4992827	1149	2.85	52.631	251	3051	56.735816045988535
1624268061.34	2850	59.909794	0.0	4833092	846	2.85	56.63	256	3291	58.764691172793164
1624268065.45	2850	59.769631	0.0	5560086	1225	2.85	60.631	273	3531	55.736065983504155
1624268069.61	2850	59.521414	0.0	4512973	857	2.85	64.631	279	3771	58.5
1624268073.52	2850	59.472941	0.0	5477056	1582	2.85	68.631	290	4011	57.25
1624268077.52	2850	59.503019	0.0	5211665	1207	2.85	72.632	298	4251	57.98550362409391
1624268081.73	2850	59.456879	0.0	5155066	876	2.85	76.632	312	4491	56.5
1624268085.74	2850	59.491046	0.0	5042047	1162	2.85	80.632	320	4731	58
1624268089.63	2850	59.520829	0.0	4373848	1005	2.85	84.633	327	4971	58.235441139715206
1624268093.38	2850	59.835396	0.0	4955552	952	2.85	88.633	336	5211	57.75
1624268097.61	2850	59.504623	0.0	4533309	936	2.85	92.633	349	5451	56.75
1624268101.26	2850	59.846677	0.0	4404309	823	2.85	96.634	361	5691	56.98575356160953
1624268105.23	2850	59.877743	0.0	4543808	696	2.85	100.633	367	5931	58.51462865716436
1624268109.37	2850	59.903864	0.0	4672100	812	2.85	104.633	378	6171	57.25
1624268113.56	2850	59.614166	0.0	5112917	874	2.85	108.634	387	6411	57.73556610847281
1624268117.2	2850	59.919676	0.0	4777608	803	2.85	112.634	398	6651	57.25
1624268121.37	2850	59.667235	0.0	5053470	836	2.85	116.634	412	6891	56.5
1624268125.32	2850	59.900648	0.0	4782473	1125	2.85	120.634	430	7131	55.5
