1624329409.74	750	4	0.173	447032	69	-0.7389	0	0	0	0
1624329409.9	300	8	0.0	222343	31	-0.15000000000000002	0	0	0	0
1624329410.03	300	12	0.0	202601	2	0.3	0	0	0	0
1624329410.15	300	16	0.0	231442	44	0.3	0	0	0	0
1624329410.27	300	20	0.0	223916	32	0.3	0	0	0	0
1624329410.4	300	24	0.0	227288	2	0.3	0	0	0	0
1624329410.52	300	28	0.0	210296	39	0.3	0	0	0	0
1624329410.65	300	32	0.0	232710	31	0.3	0	0	0	0
1624329410.79	300	36	0.0	230934	41	0.3	0	0	0	0
1624329410.91	300	40	0.0	230466	38	0.3	0	0	0	0
1624329411.03	300	44	0.0	222766	35	0.3	0	0	0	0
1624329411.14	300	48	0.0	215843	34	0.3	0	0	0	0
1624329411.27	300	51.957241	0.0	240996	43	0.3	0	0	0	0
1624329411.39	300	55.836249	0.0	241376	43	0.3	0	0	0	0
1624329411.51	300	59.715567	0.0	215448	34	0.3	0	0	0	0
1624329415.65	300	59.741181	0.0	224191	35	0.3	5.269	0	54	0
1624329419.83	300	59.535655	0.0	201147	2	0.3	9.268	0	174	30.00750187546886
1624329423.49	300	59.897127	0.0	208138	34	0.3	13.268	0	294	30
1624329427.7	300	59.648268	0.0	237703	57	0.3	17.269	0	414	29.992501874531385
1624329431.37	300	59.95626	0.0	221939	34	0.3	21.268	0	534	30.00750187546885
1624329435.58	300	59.702477	0.0	216091	32	0.3	25.269	0	654	29.992501874531385
1624329439.75	300	59.728111	0.0	221930	35	0.3	29.27	0	774	29.992501874531357
1624329443.92	300	59.471448	0.0	244209	41	0.3	33.269	0	894	30.007501875468876
1624329447.59	300	59.783955	0.0	201448	35	0.3	37.27	0	1014	29.99250187453133
1624329451.74	300	59.563973	0.0	216871	39	0.3	41.27	0	1134	30
1624329455.41	300	59.87899	0.0	226875	35	0.3	45.27	0	1254	30
1624329459.59	300	59.897393	0.0	215302	35	0.3	49.27	0	1374	30
1624329463.74	300	59.642252	0.0	231664	36	0.3	53.27	0	1494	30
1624329467.42	300	59.941656	0.0	233190	44	0.3	57.271	0	1614	29.992501874531385
1624329471.59	300	59.675343	0.0	245887	41	0.3	61.271	0	1734	30
1624329475.74	300	59.740429	0.0	205585	33	0.3	65.271	0	1854	30
1624329479.94	300	59.526598	0.0	248259	45	0.3	69.271	0	1974	30
1624329483.67	300	59.833334	0.0	221496	37	0.3	73.271	0	2094	30
1624329487.84	300	59.571623	0.0	238596	32	0.3	77.271	0	2214	30
1624329491.56	300	59.878824	0.0	239547	37	0.3	81.272	0	2334	29.99250187453133
1624329495.74	300	59.619402	0.0	210306	34	0.3	85.272	0	2454	30
1624329499.41	300	59.934558	0.0	223809	47	0.3	89.277	0	2574	29.962546816479435
1624329503.61	300	59.686324	0.0	233162	51	0.3	93.277	0	2694	30
1624329507.81	300	59.464056	0.0	211150	44	0.3	97.277	0	2814	30
1624329511.98	300	59.48467	0.0	227487	47	0.3	101.277	0	2934	30
1624329515.66	300	59.795252	0.0	218501	43	0.3	105.277	0	3054	30
1624329519.83	300	59.52681	0.0	223461	31	0.3	109.278	0	3174	29.99250187453133
1624329523.49	300	59.871814	0.0	223191	42	0.3	113.277	0	3294	30.007501875468904
1624329527.66	300	59.61924	0.0	228365	35	0.3	117.278	0	3414	29.99250187453133
1624329531.36	300	59.922845	0.0	223247	90	0.3	121.278	0	3534	30
