1624319978.27	750	4	0.178	446149	67	-0.7604	0	0	0	0
1624319978.82	1200	8	0.0	1737810	277	0.75	0	0	0	0
1624319979.2	1200	12	0.0	1497975	230	1.2	0	0	0	0
1624319979.67	1200	16	0.0	1711143	270	1.2	0	0	0	0
1624319980.14	1200	19.863213	0.0	1733770	297	1.2	0	0	0	0
1624319980.58	1200	23.4202	0.0	1749315	273	1.2	0	0	0	0
1624319981.05	1200	27	0.0	1603603	240	1.2	0	0	0	0
1624319981.56	1200	30.516667	0.0	1702216	252	1.2	0	0	0	0
1624319981.98	1200	34.007748	0.0	1641950	254	1.2	5.514	8	99	0
1624319982.4	1200	37.604202	0.0	1559808	237	1.2	5.514	8	99	0
1624319982.85	1200	41.166667	0.0	1622647	241	1.2	5.514	8	99	0
1624319983.29	1200	44.716667	0.0	1630019	255	1.2	5.514	8	99	0
1624319983.75	1200	48.263479	0.0	1658562	268	1.2	5.514	8	99	0
1624319984.22	1200	51.8	0.0	1669221	250	1.2	5.514	8	99	0
1624319984.66	1200	55.333334	0.0	1636310	256	1.2	5.514	8	99	0
1624319985.14	1200	58.883334	0.0	1732283	254	1.2	5.514	8	99	0
1624319988.09	1200	59.997913	0.0	1511913	225	1.2	9.513	22	339	56.514128532133036
1624319992.55	1200	59.500596	0.0	1593050	238	1.2	13.513	23	579	59.75
1624319996.57	1200	59.492534	0.0	1818927	292	1.2	17.514	27	819	58.98525368657836
1624320000.54	1200	59.52387	0.0	1667234	274	1.2	21.529	27	1060	60.02490660024906
1624320004.5	1200	59.553186	0.0	1633180	249	1.2	25.529	28	1300	59.75
1624320008.44	1200	59.580814	0.0	1663787	263	1.2	29.53	29	1540	59.73506623344162
1624320012.44	1200	59.605705	0.0	1674035	262	1.2	33.529	31	1780	59.514878719679885
1624320016.39	1200	59.633603	0.0	1460813	218	1.2	37.53	31	2020	59.98500374906277
1624320020.39	1200	59.657831	0.0	1541638	241	1.2	41.531	33	2260	59.48512871782058
1624320024.44	1200	59.685615	0.0	1680082	299	1.2	45.532	35	2500	59.48512871782058
1624320028.44	1200	59.706701	0.0	1542551	244	1.2	49.531	38	2740	59.26481620405098
1624320032.51	1200	59.726734	0.0	1603186	250	1.2	53.531	40	2980	59.5
1624320036.48	1200	59.746888	0.0	1611597	258	1.2	57.531	42	3220	59.5
1624320040.52	1200	59.479491	0.0	1888785	289	1.2	61.532	46	3460	58.98525368657839
1624320044.51	1200	59.5	0.0	1552540	239	1.2	65.532	48	3700	59.5
1624320048.59	1200	59.481195	0.0	1957722	314	1.2	69.555	52	3942	59.159830971911354
1624320052.64	1200	59.5	0.0	1766061	273	1.2	73.556	55	4182	59.23519120219959
1624320056.65	1200	59.524047	0.0	1645454	258	1.2	77.556	57	4422	59.5
1624320060.67	1200	59.542762	0.0	1604737	255	1.2	81.556	59	4662	59.5
1624320064.17	1200	59.839837	0.0	1487527	256	1.2	85.556	61	4902	59.5
1624320068.17	1200	59.852846	0.0	1643954	263	1.2	89.557	63	5142	59.48512871782047
1624320072.15	1200	59.878525	0.0	1555884	245	1.2	93.557	65	5382	59.5
1624320076.19	1200	59.892341	0.0	1535193	281	1.2	97.558	67	5622	59.48512871782047
1624320080.17	1200	59.91189	0.0	1551114	240	1.2	101.558	69	5862	59.5
1624320084.16	1200	59.917249	0.0	1575918	243	1.2	105.558	71	6102	59.5
1624320088.18	1200	59.937782	0.0	1672619	256	1.2	109.56	73	6342	59.470264867566286
1624320092.22	1200	59.954845	0.0	1631168	258	1.2	113.559	77	6582	59.014753688422175
1624320096.23	1200	59.980904	0.0	1687116	279	1.2	117.56	80	6822	59.23519120219938
1624320100.73	1200	59.43613	0.0	1644749	256	1.2	121.56	82	7062	59.5
