1624316240.82	750	4	0.161	447032	68	-0.6872999999999999	0	0	0	0
1624316240.98	300	8	0.0	222343	35	-0.15000000000000002	0	0	0	0
1624316241.12	300	12	0.0	202601	15	0.3	0	0	0	0
1624316241.28	300	16	0.0	231442	38	0.3	0	0	0	0
1624316241.42	300	20	0.0	223916	50	0.3	0	0	0	0
1624316241.61	300	23.998499	0.0	227288	34	0.3	0	0	0	0
1624316241.73	300	27.837512	0.0	210296	36	0.3	0	0	0	0
1624316241.89	300	31.676192	0.0	232710	35	0.3	0	0	0	0
1624316242.02	300	35.555291	0.0	230934	37	0.3	0	0	0	0
1624316242.17	300	39.393228	0.0	230466	41	0.3	0	0	0	0
1624316242.3	300	43.272249	0.0	222766	31	0.3	0	0	0	0
1624316242.44	300	47.150691	0.0	215843	44	0.3	0	0	0	0
1624316242.58	300	50.988042	0.0	240996	36	0.3	0	0	0	0
1624316242.71	300	54.867125	0.0	241376	46	0.3	0	0	0	0
1624316242.85	300	58.746245	0.0	215448	38	0.3	0	0	0	0
1624316245.98	300	59.746508	0.0	224191	29	0.3	4.772	0	79	0
1624316250.15	300	59.487297	0.0	201147	49	0.3	8.784	0	199	29.910269192422728
1624316253.82	300	59.794679	0.0	208138	35	0.3	12.784	0	319	30
1624316258.02	300	59.822606	0.0	237703	31	0.3	16.784	0	439	30.000000000000014
1624316262.22	300	59.554983	0.0	221939	49	0.3	20.784	0	559	30
1624316265.9	300	59.860951	0.0	216091	43	0.3	24.785	0	679	29.992501874531357
1624316270.06	300	59.597539	0.0	221930	32	0.3	28.785	0	799	30
1624316273.75	300	59.9	0.0	244209	51	0.3	32.785	0	919	30.00000000000003
1624316277.93	300	59.672717	0.0	201448	35	0.3	36.786	0	1039	29.99250187453133
1624316281.63	300	59.982857	0.0	216871	50	0.3	40.785	0	1159	30.007501875468904
1624316286.31	300	59.434211	0.0	226875	49	0.3	44.786	0	1279	29.99250187453133
1624316289.97	300	59.745961	0.0	215302	42	0.3	48.786	0	1399	30
1624316294.2	300	59.478348	0.0	231664	36	0.3	52.786	0	1519	30
1624316297.86	300	59.791112	0.0	233190	38	0.3	56.786	0	1639	30
1624316302.03	300	59.563437	0.0	245887	40	0.3	60.787	0	1759	29.992501874531385
1624316306.19	300	59.592322	0.0	205585	38	0.3	64.787	0	1879	29.999999999999947
1624316309.87	300	59.933334	0.0	248259	41	0.3	68.787	0	1999	30
1624316314.05	300	59.70472	0.0	221496	49	0.3	72.787	0	2119	30
1624316318.26	300	59.470567	0.0	238596	50	0.3	76.787	0	2239	30
1624316321.97	300	59.776524	0.0	239547	64	0.3	80.788	0	2359	29.99250187453144
1624316326.19	300	59.550138	0.0	210306	14	0.3	84.79	0	2479	29.985007496251804
1624316329.87	300	59.853611	0.0	223809	37	0.3	88.791	0	2599	29.99250187453144
1624316334.05	300	59.621233	0.0	233162	36	0.3	92.791	0	2719	30
1624316337.75	300	59.964657	0.0	211150	36	0.3	96.794	0	2839	29.977516862353234
1624316341.92	300	59.736771	0.0	227487	28	0.3	100.795	0	2959	29.99250187453133
1624316346.12	300	59.757268	0.0	218501	37	0.3	104.795	0	3079	30
1624316350.27	300	59.494649	0.0	223461	50	0.3	108.797	0	3199	29.98500749625191
1624316353.97	300	59.801731	0.0	223191	42	0.3	112.796	0	3319	30.007501875468797
1624316358.16	300	59.530722	0.0	228365	2	0.3	116.796	0	3439	30
1624316361.83	300	59.835812	0.0	223247	42	0.3	120.797	0	3559	29.99250187453144
