1624321406.67	750	4	0.276	447032	84	-1.1818	0	0	0	0
1624321406.91	750	8	0.0	437784	80	0.75	0	0	0	0
1624321407.06	750	12	0.0	358478	55	0.75	0	0	0	0
1624321407.28	750	16	0.0	433110	67	0.75	0	0	0	0
1624321407.45	750	20	0.0	425284	71	0.75	0	0	0	0
1624321407.63	750	24	0.0	428114	65	0.75	0	0	0	0
1624321407.8	750	28	0.0	387287	57	0.75	0	0	0	0
1624321407.97	750	32	0.0	435324	75	0.75	0	0	0	0
1624321408.13	750	36	0.0	447048	73	0.75	0	0	0	0
1624321408.32	750	40	0.0	446405	74	0.75	0	0	0	0
1624321408.51	750	44	0.0	423631	70	0.75	0	0	0	0
1624321408.7	750	47.908562	0.0	416730	5	0.75	0	0	0	0
1624321408.87	750	51.747472	0.0	471953	74	0.75	0	0	0	0
1624321409.04	750	55.546172	0.0	453536	69	0.75	0	0	0	0
1624321409.21	750	59.383738	0.0	420588	69	0.75	0	0	0	0
1624321412.92	750	59.69748	0.0	420917	59	0.75	5.524	0	33	0
1624321417.14	750	59.729395	0.0	392428	44	0.75	9.524	0	153	30.000000000000007
1624321420.88	750	59.756116	0.0	400748	65	0.75	13.524	0	273	30
1624321425.1	750	59.586215	0.0	471072	67	0.75	17.525	0	393	29.99250187453137
1624321428.84	750	59.9	0.0	425923	83	0.75	21.525	0	513	30
1624321433.05	750	59.636488	0.0	419792	80	0.75	25.527	0	633	29.985007496251857
1624321436.79	750	59.946965	0.0	429429	85	0.75	29.527	0	753	30
1624321441.06	750	59.697458	0.0	461232	76	0.75	33.528	0	873	29.992501874531385
1624321445.3	750	59.486994	0.0	382848	54	0.75	37.527	0	993	30.00750187546885
1624321449.01	750	59.801277	0.0	375227	35	0.75	41.528	0	1113	29.992501874531385
1624321453.23	750	59.576442	0.0	437258	28	0.75	45.537	0	1233	29.93265153404839
1624321456.94	750	59.876441	0.0	419071	65	0.75	49.528	0	1353	30.067652217489353
1624321461.2	750	59.604972	0.0	449162	107	0.75	53.529	0	1473	29.99250187453133
1624321464.93	750	59.948942	0.0	447732	65	0.75	57.529	0	1593	30
1624321468.65	750	59.977823	0.0	488806	74	0.75	61.529	0	1713	30
1624321472.87	750	59.995892	0.0	389747	14	0.75	65.529	0	1833	30.000000000000053
1624321477.13	750	59.489257	0.0	485582	81	0.75	69.531	0	1953	29.985007496251804
1624321480.85	750	59.803335	0.0	430276	89	0.75	73.532	0	2073	29.99250187453144
1624321485.14	750	59.53615	0.0	435590	70	0.75	77.532	0	2193	30
1624321488.84	750	59.84521	0.0	459331	64	0.75	81.533	0	2313	29.99250187453133
1624321493.09	750	59.593025	0.0	381587	91	0.75	85.532	0	2433	30.007501875468904
1624321496.82	750	59.903568	0.0	424399	75	0.75	89.533	0	2553	29.99250187453133
1624321501.04	750	59.645364	0.0	436743	78	0.75	93.537	0	2673	29.970029970029934
1624321504.75	750	59.948717	0.0	385692	71	0.75	97.536	0	2793	30.007501875468904
1624321508.95	750	59.68918	0.0	424746	79	0.75	101.535	0	2913	30.007501875468904
1624321513.18	750	59.471451	0.0	407135	62	0.75	105.536	0	3033	29.99250187453133
1624321516.91	750	59.780985	0.0	427720	88	0.75	109.536	0	3153	30
1624321521.12	750	59.520388	0.0	427353	71	0.75	113.537	0	3273	29.99250187453133
1624321524.8	750	59.833349	0.0	418534	66	0.75	117.536	0	3393	30.007501875468904
1624321528.99	750	59.859291	0.0	421343	70	0.75	121.537	0	3513	29.99250187453133
