1624319090.27	750	4	0.183	446149	79	-0.7818999999999999	0	0	0	0
1624319090.53	750	8	0.0	657276	104	0.75	0	0	0	0
1624319090.72	750	12	0.0	531142	85	0.75	0	0	0	0
1624319091.02	750	16	0.0	641782	173	0.75	0	0	0	0
1624319091.24	750	20	0.0	655328	96	0.75	0	0	0	0
1624319091.46	750	24	0.0	643029	102	0.75	0	0	0	0
1624319091.67	750	28	0.0	586466	95	0.75	0	0	0	0
1624319091.91	750	32	0.0	640646	118	0.75	0	0	0	0
1624319092.13	750	36	0.0	603976	99	0.75	0	0	0	0
1624319092.35	750	39.835116	0.0	579575	87	0.75	0	0	0	0
1624319092.57	750	43.59311	0.0	622523	96	0.75	0	0	0	0
1624319092.8	750	47.391647	0.0	590406	101	0.75	0	0	0	0
1624319093.03	750	51.14853	0.0	636852	102	0.75	0	0	0	0
1624319093.25	750	54.904306	0.0	619167	105	0.75	0	0	0	0
1624319093.56	750	58.622119	0.0	636453	92	0.75	5.531	0	76	0
1624319096.84	750	59.50231	0.0	637789	101	0.75	5.531	0	76	0
1624319100.61	750	59.819666	0.0	574537	95	0.75	9.533	1	316	59.72013993003499
1624319104.38	750	59.847315	0.0	595492	79	0.75	13.533	1	556	60
1624319108.67	750	59.599025	0.0	662075	108	0.75	17.533	1	796	59.99999999999997
1624319112.46	750	59.908721	0.0	622438	95	0.75	21.534	1	1036	59.98500374906277
1624319116.76	750	59.642464	0.0	607166	109	0.75	25.535	1	1276	59.98500374906271
1624319120.54	750	59.665447	0.0	615645	105	0.75	29.534	1	1516	60.01500375093775
1624319124.28	750	59.981433	0.0	651954	107	0.75	33.535	1	1756	59.98500374906277
1624319128.54	750	59.733334	0.0	550774	80	0.75	37.535	1	1996	60
1624319132.79	750	59.480704	0.0	594579	97	0.75	41.535	1	2236	60
1624319136.58	750	59.789782	0.0	632394	96	0.75	45.536	1	2476	59.98500374906266
1624319140.85	750	59.525876	0.0	575968	96	0.75	49.536	1	2716	60
1624319144.62	750	59.835728	0.0	632851	94	0.75	53.536	1	2956	60
1624319148.42	750	59.86747	0.0	604086	93	0.75	57.536	1	3196	60
1624319152.69	750	59.526704	0.0	712976	121	0.75	61.537	1	3436	59.98500374906277
1624319156.45	750	59.920486	0.0	581323	99	0.75	65.537	1	3676	59.99999999999989
1624319160.25	750	59.947876	0.0	729373	98	0.75	69.537	1	3916	60
1624319164.55	750	59.733334	0.0	670981	101	0.75	73.537	1	4156	60
1624319168.82	750	59.468625	0.0	621207	97	0.75	77.537	1	4396	60
1624319172.61	750	59.788739	0.0	579598	102	0.75	81.538	1	4636	59.98500374906288
1624319176.36	750	59.826835	0.0	558064	86	0.75	85.538	1	4876	60
1624319180.61	750	59.579123	0.0	609656	102	0.75	89.538	1	5116	60
1624319184.35	750	59.885561	0.0	599153	99	0.75	93.548	1	5357	60.09975062344132
1624319188.62	750	59.623358	0.0	574452	98	0.75	97.548	1	5597	60
1624319192.42	750	59.92836	0.0	605550	98	0.75	101.548	1	5837	60
1624319196.71	750	59.666667	0.0	601791	101	0.75	105.549	1	6077	59.98500374906266
1624319200.55	750	59.685969	0.0	627361	113	0.75	109.55	1	6317	59.98500374906288
1624319204.37	750	59.992655	0.0	623214	109	0.75	113.549	1	6557	60.015003750937595
1624319208.64	750	59.722895	0.0	648266	84	0.75	117.549	1	6797	60
1624319212.92	750	59.442445	0.0	606947	83	0.75	121.549	1	7037	60
