1634299344.95	750	4	0.189	427465	88	-0.8077	0	0	0	0
1634299345.23	750	8	0.0	647387	65	0.75	0	0	0	0
1634299345.51	750	12	0.0	677925	170	0.75	0	0	0	0
1634299345.75	750	16	0.0	706841	137	0.75	0	0	0	0
1634299346.03	750	20	0.0	701203	152	0.75	0	0	0	0
1634299346.28	750	24	0.0	737962	130	0.75	0	0	0	0
1634299346.5	750	28	0.0	699376	116	0.75	0	0	0	0
1634299346.75	750	31.795371	0.0	691941	135	0.75	0	0	0	0
1634299347.01	750	35.553822	0.0	635193	118	0.75	0	0	0	0
1634299347.25	750	39.270861	0.0	655855	126	0.75	0	0	0	0
1634299347.53	750	43.02884	0.0	626785	163	0.75	0	0	0	0
1634299347.75	750	46.78656	0.0	641824	112	0.75	0	0	0	0
1634299347.99	750	50.543941	0.0	657300	122	0.75	0	0	0	0
1634299348.24	750	54.301332	0.0	650171	138	0.75	0	0	0	0
1634299348.5	750	58.059441	0.0	713528	142	0.75	5.317	0	107	0
1634299350.81	750	59.788112	0.0	758246	146	0.75	5.317	0	107	0
1634299355.17	750	59.531432	0.0	743893	170	0.75	9.317	2	347	59.5
1634299358.99	750	59.558394	0.0	682559	118	0.75	13.316	2	587	60.01500375093772
1634299362.83	750	59.861108	0.0	689486	148	0.75	17.317	2	827	59.98500374906274
1634299366.67	750	59.92392	0.0	689027	147	0.75	21.318	2	1067	59.98500374906271
1634299370.94	750	59.67695	0.0	673540	120	0.75	25.321	2	1307	59.95503372470647
1634299374.72	750	59.9893	0.0	640816	110	0.75	29.321	2	1547	60
1634299379.0	750	59.729726	0.0	681370	99	0.75	33.321	2	1787	60.00000000000006
1634299382.79	750	59.753094	0.0	689141	117	0.75	37.321	2	2027	60
1634299387.12	750	59.495893	0.0	656898	152	0.75	41.322	2	2267	59.98500374906266
1634299390.93	750	59.801788	0.0	670951	163	0.75	45.323	2	2507	59.98500374906277
1634299394.73	750	59.860897	0.0	618544	128	0.75	49.322	2	2747	60.0150037509377
1634299399.0	750	59.607066	0.0	618247	117	0.75	53.322	2	2987	60
1634299402.83	750	59.908871	0.0	671894	125	0.75	57.322	2	3227	60
1634299406.66	750	59.934001	0.0	642169	131	0.75	61.33	2	3468	60.129740518962144
1634299410.95	750	59.717035	0.0	635411	101	0.75	65.332	2	3708	59.97001499250382
1634299415.28	750	59.448634	0.0	644615	137	0.75	69.332	2	3948	60
1634299419.11	750	59.478961	0.0	672342	141	0.75	73.332	2	4188	60
1634299422.92	750	59.792642	0.0	666301	142	0.75	77.332	2	4428	60
1634299427.2	750	59.531591	0.0	665276	118	0.75	81.333	2	4668	59.98500374906266
1634299430.98	750	59.835772	0.0	696340	122	0.75	85.333	2	4908	60
1634299434.87	750	59.859778	0.0	634337	199	0.75	89.334	2	5148	59.98500374906266
1634299438.67	750	59.893034	0.0	642800	139	0.75	93.334	2	5388	60
1634299442.99	750	59.636518	0.0	660587	141	0.75	97.334	2	5628	60
1634299446.76	750	59.938015	0.0	654618	114	0.75	101.335	2	5868	59.98500374906288
1634299451.07	750	59.7243	0.0	644116	149	0.75	105.335	2	6108	60
1634299455.17	750	59.498359	0.0	677809	10	0.75	109.336	2	6348	59.98500374906266
1634299459.02	750	59.804936	0.0	722701	185	0.75	113.336	2	6588	60
1634299462.81	750	59.830236	0.0	750718	145	0.75	117.336	2	6828	60
1634299467.08	750	59.611005	0.0	708690	122	0.75	121.336	2	7068	60
