1634310709.17	750	4	0.155	427465	72	-0.6615	0	0	0	0
1634310709.63	1200	8	0.0	1719226	305	0.75	0	0	0	0
1634310710.08	1200	11.592318	0.0	1824230	303	1.2	0	0	0	0
1634310710.62	1200	15.05	0.0	1882039	351	1.2	0	0	0	0
1634310711.11	1200	18.543996	0.0	1838337	319	1.2	0	0	0	0
1634310711.6	1200	22.05634	0.0	1953398	351	1.2	0	0	0	0
1634310712.1	1200	25.571782	0.0	1841430	330	1.2	0	0	0	0
1634310712.64	1200	29.05	0.0	1838080	292	1.2	0	0	0	0
1634310713.17	1200	32.522003	0.0	1692604	316	1.2	4.677	4	184	0
1634310713.63	1200	36.036365	0.0	1727189	302	1.2	4.677	4	184	0
1634310714.11	1200	39.550718	0.0	1715705	304	1.2	4.677	4	184	0
1634310714.62	1200	43.066667	0.0	1729349	299	1.2	4.677	4	184	0
1634310715.14	1200	46.55	0.0	1754261	301	1.2	4.677	4	184	0
1634310715.66	1200	50.017203	0.0	1778755	352	1.2	4.677	4	184	0
1634310716.19	1200	53.490097	0.0	1915304	347	1.2	4.677	4	184	0
1634310716.75	1200	56.924266	0.0	1992580	388	1.2	8.677	13	424	57.75
1634310717.85	1200	59.833334	0.0	2012653	375	1.2	8.677	13	424	57.75
1634310721.87	1200	59.855257	0.0	1822103	318	1.2	12.678	15	664	59.48512871782053
1634310725.91	1200	59.877629	0.0	1832177	317	1.2	16.677	15	904	60.01500375093775
1634310729.97	1200	59.910746	0.0	1820480	315	1.2	20.679	17	1144	59.470264867566236
1634310733.98	1200	59.936222	0.0	1799178	329	1.2	24.678	17	1384	60.0150037509377
1634310737.96	1200	59.966667	0.0	1709916	293	1.2	28.679	17	1624	59.98500374906277
1634310742.0	1200	59.782316	0.0	1771595	337	1.2	32.679	17	1864	59.99999999999995
1634310746.02	1200	59.808828	0.0	1761173	339	1.2	36.679	17	2104	60
1634310749.98	1200	59.833334	0.0	1733302	270	1.2	40.679	17	2344	60
1634310754.02	1200	59.903505	0.0	1784941	285	1.2	44.68	20	2584	59.23519120219949
1634310757.98	1200	59.925735	0.0	1702509	276	1.2	48.679	20	2824	60.0150037509377
1634310761.97	1200	59.957633	0.0	1694307	310	1.2	52.68	20	3064	59.98500374906277
1634310766.01	1200	59.700792	0.0	1839362	318	1.2	56.68	20	3304	60
1634310770.16	1200	59.720721	0.0	1715553	465	1.2	60.68	20	3544	60
1634310774.17	1200	59.745236	0.0	1737144	292	1.2	64.681	21	3784	59.73506623344167
1634310778.17	1200	59.493041	0.0	1718570	312	1.2	68.681	21	4024	60
1634310782.22	1200	59.524459	0.0	1799075	338	1.2	72.681	21	4264	60
1634310786.24	1200	59.55	0.0	1764247	318	1.2	76.681	21	4504	60
1634310790.26	1200	59.580044	0.0	1792164	300	1.2	80.682	21	4744	59.98500374906266
1634310793.78	1200	59.893939	0.0	1923129	328	1.2	84.682	21	4984	60
1634310797.76	1200	59.917652	0.0	1619018	290	1.2	88.683	21	5224	59.98500374906266
1634310801.81	1200	59.948277	0.0	1766623	353	1.2	92.683	21	5464	60
1634310805.79	1200	59.973578	0.0	1805304	313	1.2	96.683	21	5704	60
1634310810.29	1200	59.428686	0.0	1754155	299	1.2	100.683	21	5944	60
1634310814.28	1200	59.452609	0.0	1739691	293	1.2	104.683	21	6184	60
1634310818.29	1200	59.467683	0.0	1734417	301	1.2	108.684	21	6424	59.98500374906288
1634310822.29	1200	59.524904	0.0	1932720	330	1.2	112.684	21	6665	60.25
1634310825.87	1200	59.836735	0.0	2017647	371	1.2	116.687	23	6905	59.455408443667245
1634310829.99	1200	59.86273	0.0	1827933	394	1.2	120.687	24	7145	59.75
