1634359006.07	750	4	0.143	391964	58	-0.6099	0	0	0	0
1634359006.36	1200	8	0.0	1027639	164	0.75	0	0	0	0
1634359006.69	1200	12	0.0	1094547	171	1.2	0	0	0	0
1634359006.97	1200	16	0.0	1068941	177	1.2	0	0	0	0
1634359007.26	1200	20	0.0	1069226	172	1.2	0	0	0	0
1634359007.56	1200	24	0.0	1157353	181	1.2	0	0	0	0
1634359007.85	1200	28	0.0	1168829	180	1.2	0	0	0	0
1634359008.15	1200	32	0.0	1093471	171	1.2	0	0	0	0
1634359008.42	1200	35.753881	0.0	1020028	156	1.2	0	0	0	0
1634359008.72	1200	39.47181	0.0	1051427	159	1.2	0	0	0	0
1634359009.0	1200	43.188635	0.0	1070992	163	1.2	0	0	0	0
1634359009.31	1200	46.865482	0.0	1063461	172	1.2	0	0	0	0
1634359009.76	1200	50.421801	0.0	1074096	155	1.2	5.43	0	41	0
1634359010.12	1200	54.09912	0.0	1080192	175	1.2	5.43	0	41	0
1634359010.44	1200	57.736369	0.0	1139934	170	1.2	5.43	0	41	0
1634359012.82	1200	59.466667	0.0	1145330	184	1.2	5.43	0	41	0
1634359016.74	1200	59.487047	0.0	1173744	191	1.2	9.495	0	163	30.012300123001232
1634359020.6	1200	59.785813	0.0	1061602	170	1.2	13.496	0	283	29.992501874531357
1634359024.47	1200	59.807489	0.0	1076224	175	1.2	17.496	0	403	30.000000000000014
1634359028.78	1200	59.550523	0.0	1068038	161	1.2	21.496	0	523	30
1634359032.62	1200	59.576535	0.0	1097493	178	1.2	25.496	0	643	30
1634359036.52	1200	59.889105	0.0	1072339	202	1.2	29.497	0	763	29.992501874531357
1634359040.38	1200	59.949298	0.0	1067889	171	1.2	33.497	0	883	30
1634359044.69	1200	59.706342	0.0	1067959	166	1.2	37.502	0	1003	29.96254681647938
1634359048.62	1200	59.751837	0.0	1077712	223	1.2	41.503	0	1123	29.992501874531385
1634359052.43	1200	59.779861	0.0	1138441	163	1.2	45.503	0	1243	30
1634359056.79	1200	59.515304	0.0	1027213	168	1.2	49.502	0	1363	30.00750187546885
1634359060.66	1200	59.818763	0.0	1019513	184	1.2	53.503	0	1483	29.992501874531385
1634359064.52	1200	59.802568	0.0	1030601	163	1.2	57.503	0	1603	30
1634359068.38	1200	59.822387	0.0	1059459	166	1.2	61.504	0	1723	29.992501874531385
1634359072.74	1200	59.575574	0.0	1058483	178	1.2	65.504	0	1843	29.999999999999947
1634359076.62	1200	59.623819	0.0	1026788	158	1.2	69.505	0	1963	29.99250187453144
1634359080.51	1200	59.933334	0.0	1034920	166	1.2	73.504	0	2083	30.007501875468797
1634359084.37	1200	59.954491	0.0	1024487	153	1.2	77.505	0	2203	29.99250187453144
1634359088.22	1200	59.967485	0.0	1088769	179	1.2	81.504	0	2323	30.007501875468797
1634359092.64	1200	59.739124	0.0	1213691	194	1.2	85.514	0	2444	30.174563591022512
1634359096.44	1200	59.75722	0.0	996535	152	1.2	89.514	0	2564	30
1634359100.8	1200	59.487519	0.0	1040309	189	1.2	93.515	0	2684	29.99250187453133
1634359104.67	1200	59.781478	0.0	1135519	204	1.2	97.515	0	2804	30
1634359108.56	1200	59.796045	0.0	1080635	171	1.2	101.515	0	2924	30
1634359112.38	1200	59.812084	0.0	1037366	161	1.2	105.516	0	3044	29.99250187453133
1634359116.72	1200	59.567675	0.0	1075257	183	1.2	109.516	0	3164	30
1634359120.62	1200	59.663036	0.0	1145173	221	1.2	113.516	0	3284	30
1634359124.48	1200	59.687256	0.0	1216507	194	1.2	117.521	0	3404	29.962546816479435
1634359128.31	1200	59.987784	0.0	1142437	180	1.2	121.52	0	3524	30.007501875468904
