1634311648.84	750	4	0.211	427465	111	-0.9023	0	0	0	0
1634311649.03	300	8	0.0	474035	88	-0.15000000000000002	0	0	0	0
1634311649.21	300	12	0.0	448326	82	0.3	0	0	0	0
1634311649.41	300	16	0.0	480048	73	0.3	0	0	0	0
1634311649.59	300	20	0.0	488788	80	0.3	0	0	0	0
1634311649.75	300	24	0.0	487141	78	0.3	0	0	0	0
1634311649.93	300	28	0.0	483526	79	0.3	0	0	0	0
1634311650.1	300	32	0.0	460688	73	0.3	0	0	0	0
1634311650.26	300	36	0.0	444206	64	0.3	0	0	0	0
1634311650.45	300	40	0.0	461617	82	0.3	0	0	0	0
1634311650.63	300	43.877065	0.0	450479	75	0.3	0	0	0	0
1634311650.84	300	47.635102	0.0	473222	81	0.3	0	0	0	0
1634311651.05	300	51.431772	0.0	450253	73	0.3	0	0	0	0
1634311651.25	300	55.230322	0.0	458340	75	0.3	0	0	0	0
1634311651.44	300	59.02762	0.0	501721	87	0.3	0	0	0	0
1634311655.16	300	59.454403	0.0	502943	81	0.3	5.292	0	99	0
1634311658.9	300	59.766994	0.0	495208	83	0.3	9.291	0	339	60.01500375093772
1634311663.14	300	59.496142	0.0	476785	92	0.3	13.308	0	580	59.99502116006971
1634311666.93	300	59.804104	0.0	470301	137	0.3	17.308	0	820	60
1634311670.69	300	59.828279	0.0	478876	119	0.3	21.308	0	1060	60
1634311674.93	300	59.842238	0.0	478683	94	0.3	25.308	0	1300	60
1634311678.65	300	59.862779	0.0	433197	84	0.3	29.308	0	1540	60
1634311682.91	300	59.614316	0.0	463002	106	0.3	33.308	0	1780	60
1634311686.66	300	59.929231	0.0	477800	94	0.3	37.308	0	2020	60
1634311690.9	300	59.701401	0.0	456630	77	0.3	41.309	0	2260	59.98500374906277
1634311695.19	300	59.511636	0.0	459893	123	0.3	45.316	0	2501	60.14474669328667
1634311698.94	300	59.822126	0.0	426253	107	0.3	49.31	0	2740	59.839759639459196
1634311702.66	300	59.845162	0.0	431643	86	0.3	53.309	0	2980	60.01500375093781
1634311706.9	300	59.618206	0.0	467241	103	0.3	57.309	0	3220	60
1634311710.63	300	59.939849	0.0	442868	88	0.3	61.309	0	3460	60
1634311714.85	300	59.668749	0.0	437041	99	0.3	65.31	0	3700	59.98500374906266
1634311719.13	300	59.426983	0.0	436753	122	0.3	69.31	0	3940	60
1634311722.86	300	59.738874	0.0	457086	87	0.3	73.311	0	4180	59.98500374906266
1634311727.09	300	59.480857	0.0	471069	85	0.3	77.321	0	4421	60.09975062344153
1634311730.83	300	59.802443	0.0	470476	114	0.3	81.321	0	4661	60
1634311735.06	300	59.558358	0.0	478853	113	0.3	85.322	0	4901	59.98500374906266
1634311738.81	300	59.864415	0.0	425308	100	0.3	89.322	0	5141	60
1634311743.08	300	59.606563	0.0	436762	115	0.3	93.322	0	5381	60
1634311746.82	300	59.907314	0.0	447413	98	0.3	97.323	0	5621	59.98500374906288
1634311751.06	300	59.65	0.0	442185	96	0.3	101.323	0	5861	60
1634311754.81	300	59.713301	0.0	447309	95	0.3	105.323	0	6101	60
1634311759.01	300	59.738689	0.0	475738	92	0.3	109.323	0	6341	60
1634311762.77	300	59.752308	0.0	506145	121	0.3	113.331	0	6582	60.12974051896193
1634311767.02	300	59.495045	0.0	493441	114	0.3	117.331	0	6822	60
1634311770.72	300	59.807244	0.0	480118	91	0.3	121.333	0	7062	59.97001499250382
