1634338727.4	750	4	0.169	391964	64	-0.7216999999999999	0	0	0	0
1634338727.97	1850	8	0.0	2068530	368	0.75	0	0	0	0
1634338728.51	1850	12	0.0	2231919	368	1.85	0	0	0	0
1634338728.99	1850	16	0.0	2071679	332	1.85	0	0	0	0
1634338729.48	1850	19.553828	0.0	2075075	346	1.85	0	0	0	0
1634338730.01	1850	22.98944	0.0	2324573	390	1.85	0	0	0	0
1634338730.57	1850	26.465207	0.0	2327434	398	1.85	0	0	0	0
1634338731.06	1850	29.941768	0.0	2160877	339	1.85	5.211	0	51	0
1634338731.54	1850	33.497965	0.0	2004753	302	1.85	5.211	0	51	0
1634338732.01	1850	37.014617	0.0	2057086	319	1.85	5.211	0	51	0
1634338732.5	1850	40.531373	0.0	2101929	331	1.85	5.211	0	51	0
1634338733.08	1850	44.006041	0.0	2052018	311	1.85	5.211	0	51	0
1634338733.61	1850	47.401226	0.0	2085705	346	1.85	5.211	0	51	0
1634338734.13	1850	50.875659	0.0	2112772	369	1.85	5.211	0	51	0
1634338734.64	1850	54.391337	0.0	2222688	359	1.85	5.211	0	51	0
1634338735.23	1850	57.783343	0.0	2169593	395	1.85	9.215	1	171	29.720279720279724
1634338737.35	1850	59.802254	0.0	2267471	366	1.85	9.215	1	171	29.720279720279724
1634338741.46	1850	59.587259	0.0	2094437	326	1.85	13.215	1	291	30
1634338745.53	1850	59.607744	0.0	2148255	384	1.85	17.214	1	411	30.007501875468876
1634338749.14	1850	59.905506	0.0	2132587	352	1.85	21.215	1	531	29.992501874531357
1634338753.19	1850	59.939941	0.0	2151407	331	1.85	25.215	1	651	30
1634338757.73	1850	59.448059	0.0	2063523	332	1.85	29.215	1	771	30
1634338761.27	1850	59.772935	0.0	2103042	319	1.85	33.215	1	891	29.999999999999975
1634338765.34	1850	59.79779	0.0	2103040	361	1.85	37.215	1	1011	30
1634338769.37	1850	59.827139	0.0	2114688	348	1.85	41.216	1	1131	29.992501874531385
1634338773.46	1850	59.845445	0.0	2240212	355	1.85	45.216	1	1251	30
1634338777.45	1850	59.588797	0.0	2002951	328	1.85	49.216	1	1371	30
1634338781.44	1850	59.628994	0.0	1961003	319	1.85	53.216	1	1491	30
1634338785.48	1850	59.655577	0.0	1969295	353	1.85	57.217	1	1611	29.992501874531385
1634338789.49	1850	59.689116	0.0	2042142	327	1.85	61.217	1	1731	30
1634338793.57	1850	59.477911	0.0	2087704	344	1.85	65.217	1	1852	30.25
1634338797.65	1850	59.505794	0.0	2022676	344	1.85	69.217	1	1972	30
1634338801.2	1850	59.828575	0.0	2027226	346	1.85	73.217	1	2092	30
1634338805.25	1850	59.852264	0.0	1993205	353	1.85	77.217	1	2212	30
1634338809.41	1850	59.624549	0.0	2185074	401	1.85	81.217	1	2332	30
1634338813.52	1850	59.653983	0.0	2416062	391	1.85	85.217	1	2452	30
1634338817.08	1850	59.974219	0.0	1975785	335	1.85	89.218	1	2572	29.99250187453133
1634338821.08	1850	59.997823	0.0	2017826	316	1.85	93.219	1	2692	29.99250187453144
1634338825.67	1850	59.501339	0.0	2236854	363	1.85	97.219	1	2812	30
1634338829.27	1850	59.855385	0.0	2165385	344	1.85	101.219	1	2932	30
1634338833.29	1850	59.888408	0.0	2021844	328	1.85	105.22	1	3052	29.99250187453133
1634338837.36	1850	59.695767	0.0	2100101	278	1.85	109.22	1	3172	30
1634338841.4	1850	59.723256	0.0	2192105	366	1.85	113.219	1	3292	30.007501875468904
1634338845.49	1850	59.742578	0.0	2446938	403	1.85	117.228	1	3412	29.93265153404839
1634338849.54	1850	59.477136	0.0	2298336	383	1.85	121.233	1	3532	29.96254681647933
