1634350604.68	750	4	0.17	427465	87	-0.726	0	0	0	0
1634350604.89	300	8	0.0	474035	101	-0.15000000000000002	0	0	0	0
1634350605.05	300	12	0.0	448326	66	0.3	0	0	0	0
1634350605.28	300	16	0.0	480048	72	0.3	0	0	0	0
1634350605.48	300	20	0.0	488788	53	0.3	0	0	0	0
1634350605.64	300	24	0.0	487141	71	0.3	0	0	0	0
1634350605.81	300	28	0.0	483526	80	0.3	0	0	0	0
1634350606.0	300	32	0.0	460688	84	0.3	0	0	0	0
1634350606.17	300	36	0.0	444206	67	0.3	0	0	0	0
1634350606.39	300	40	0.0	461617	76	0.3	0	0	0	0
1634350606.59	300	43.876196	0.0	450479	76	0.3	0	0	0	0
1634350606.78	300	47.674227	0.0	473222	77	0.3	0	0	0	0
1634350606.99	300	51.512801	0.0	450253	75	0.3	0	0	0	0
1634350607.22	300	55.229915	0.0	458340	82	0.3	0	0	0	0
1634350607.41	300	59.02812	0.0	501721	91	0.3	0	0	0	0
1634350611.2	300	59.471415	0.0	502943	113	0.3	5.208	0	98	0
1634350614.99	300	59.494862	0.0	495208	110	0.3	9.207	0	338	60.01500375093772
1634350618.75	300	59.807821	0.0	476785	104	0.3	13.207	0	578	60
1634350622.96	300	59.54554	0.0	470301	82	0.3	17.208	0	818	59.98500374906277
1634350626.75	300	59.855553	0.0	478876	105	0.3	21.208	0	1058	60
1634350631.0	300	59.5958	0.0	478683	102	0.3	25.208	0	1298	60
1634350634.74	300	59.904942	0.0	433197	100	0.3	29.208	0	1538	60
1634350638.53	300	59.972162	0.0	463002	89	0.3	33.209	0	1778	59.98500374906266
1634350642.75	300	59.745291	0.0	477800	88	0.3	37.208	0	2018	60.01500375093781
1634350646.96	300	59.757736	0.0	456630	90	0.3	41.209	0	2258	59.98500374906266
1634350651.18	300	59.492838	0.0	459893	84	0.3	45.209	0	2498	60
1634350654.94	300	59.52476	0.0	426253	69	0.3	49.212	0	2738	59.95503372470647
1634350658.67	300	59.829537	0.0	431643	101	0.3	53.211	0	2979	60.26506626656671
1634350662.95	300	59.644968	0.0	467241	119	0.3	57.212	0	3218	59.73506623344157
1634350666.69	300	59.955549	0.0	442868	112	0.3	61.213	0	3459	60.23494126468386
1634350670.91	300	59.692944	0.0	437041	53	0.3	65.212	0	3699	60.0150037509377
1634350675.22	300	59.433552	0.0	436753	111	0.3	69.212	0	3939	60
1634350678.98	300	59.736412	0.0	457086	91	0.3	73.212	0	4179	60
1634350682.74	300	59.757603	0.0	471069	112	0.3	77.212	0	4419	60
1634350687.0	300	59.50464	0.0	470476	102	0.3	81.213	0	4659	59.98500374906288
1634350690.76	300	59.820149	0.0	478853	104	0.3	85.213	0	4899	60
1634350695.06	300	59.556701	0.0	425308	76	0.3	89.214	0	5139	59.98500374906266
1634350698.86	300	59.654004	0.0	436762	114	0.3	93.214	0	5379	60
1634350702.61	300	59.992696	0.0	447413	96	0.3	97.214	0	5619	60
1634350706.85	300	59.722392	0.0	442185	90	0.3	101.214	0	5859	60
1634350711.1	300	59.469248	0.0	447309	91	0.3	105.215	0	6099	59.98500374906266
1634350714.87	300	59.777124	0.0	475738	129	0.3	109.215	0	6339	60
1634350719.14	300	59.517542	0.0	506145	105	0.3	113.217	0	6579	59.97001499250382
1634350722.86	300	59.816846	0.0	493441	58	0.3	117.22	0	6819	59.95503372470647
1634350726.64	300	59.839067	0.0	480118	119	0.3	121.22	0	7059	60
