1634350136.37	750	4	0.195	427465	88	-0.8335	0	0	0	0
1634350136.68	750	8	0.0	647387	119	0.75	0	0	0	0
1634350136.89	750	12	0.0	677925	114	0.75	0	0	0	0
1634350137.16	750	16	0.0	706841	116	0.75	0	0	0	0
1634350137.38	750	20	0.0	701203	105	0.75	0	0	0	0
1634350137.59	750	24	0.0	737962	103	0.75	0	0	0	0
1634350137.84	750	28	0.0	699376	142	0.75	0	0	0	0
1634350138.05	750	32	0.0	691941	113	0.75	0	0	0	0
1634350138.26	750	36	0.0	635193	105	0.75	0	0	0	0
1634350138.48	750	40	0.0	655855	114	0.75	0	0	0	0
1634350138.72	750	43.792601	0.0	626785	109	0.75	0	0	0	0
1634350138.93	750	47.590841	0.0	641824	85	0.75	0	0	0	0
1634350139.15	750	51.387629	0.0	657300	116	0.75	0	0	0	0
1634350139.36	750	55.186377	0.0	650171	104	0.75	0	0	0	0
1634350139.61	750	58.943401	0.0	713528	124	0.75	0	0	0	0
1634350142.97	750	59.735632	0.0	758246	123	0.75	5.435	0	74	0
1634350147.25	750	59.476442	0.0	743893	122	0.75	9.435	1	314	59.749999999999986
1634350151.04	750	59.53964	0.0	682559	120	0.75	13.437	1	554	59.97001499250376
1634350154.86	750	59.85023	0.0	689486	137	0.75	17.437	1	794	59.99999999999997
1634350159.14	750	59.576439	0.0	689027	108	0.75	21.437	1	1034	60
1634350162.91	750	59.873317	0.0	673540	102	0.75	25.438	1	1274	59.98500374906277
1634350166.67	750	59.915474	0.0	640816	103	0.75	29.449	1	1515	60.08476689104957
1634350170.93	750	59.639986	0.0	681370	112	0.75	33.452	1	1755	59.955033724706524
1634350174.69	750	59.983334	0.0	689141	116	0.75	37.452	1	1995	60
1634350178.93	750	59.722249	0.0	656898	102	0.75	41.452	1	2235	60
1634350183.19	750	59.51903	0.0	670951	110	0.75	45.452	1	2475	60
1634350186.98	750	59.827021	0.0	618544	73	0.75	49.452	1	2715	60
1634350190.71	750	59.848182	0.0	618247	103	0.75	53.452	1	2955	60
1634350194.95	750	59.589386	0.0	671894	109	0.75	57.453	1	3195	59.98500374906266
1634350198.71	750	59.944223	0.0	642169	106	0.75	61.453	1	3435	60
1634350202.96	750	59.693524	0.0	635411	95	0.75	65.453	1	3675	60
1634350207.23	750	59.427086	0.0	644615	116	0.75	69.454	1	3915	59.98500374906288
1634350211.09	750	59.724643	0.0	672342	168	0.75	73.453	1	4155	60.015003750937595
1634350214.84	750	59.747767	0.0	666301	110	0.75	77.454	1	4395	59.98500374906288
1634350219.12	750	59.487271	0.0	665276	124	0.75	81.456	1	4635	59.97001499250361
1634350222.9	750	59.78657	0.0	696340	128	0.75	85.456	1	4875	60
1634350226.71	750	59.802541	0.0	634337	104	0.75	89.456	1	5115	60
1634350230.99	750	59.825506	0.0	642800	117	0.75	93.457	1	5355	59.98500374906288
1634350234.79	750	59.839711	0.0	660587	132	0.75	97.457	1	5595	60
1634350239.04	750	59.61463	0.0	654618	103	0.75	101.457	1	5835	60
1634350242.82	750	59.96226	0.0	644116	120	0.75	105.461	1	6075	59.94005994005987
1634350247.25	750	59.470418	0.0	677809	21	0.75	109.461	1	6315	60
1634350250.99	750	59.767502	0.0	722701	107	0.75	113.461	1	6555	60
1634350254.82	750	59.784161	0.0	750718	121	0.75	117.462	1	6795	59.98500374906266
1634350259.08	750	59.55554	0.0	708690	111	0.75	121.462	1	7035	60
