1634300528.39	750	4	0.171	427465	96	-0.7303	0	0	0	0
1634300528.57	300	8	0.0	474035	79	-0.15000000000000002	0	0	0	0
1634300528.75	300	12	0.0	448326	64	0.3	0	0	0	0
1634300528.93	300	16	0.0	480048	86	0.3	0	0	0	0
1634300529.13	300	19.878832	0.0	488788	71	0.3	0	0	0	0
1634300529.33	300	23.71695	0.0	487141	93	0.3	0	0	0	0
1634300529.51	300	27.514993	0.0	483526	76	0.3	0	0	0	0
1634300529.71	300	31.31298	0.0	460688	74	0.3	0	0	0	0
1634300529.89	300	35.15104	0.0	444206	75	0.3	0	0	0	0
1634300530.1	300	38.95	0.0	461617	73	0.3	0	0	0	0
1634300530.29	300	42.747422	0.0	450479	74	0.3	0	0	0	0
1634300530.47	300	46.545656	0.0	473222	84	0.3	0	0	0	0
1634300530.66	300	50.383685	0.0	450253	89	0.3	0	0	0	0
1634300530.88	300	54.14134	0.0	458340	82	0.3	0	0	0	0
1634300531.09	300	57.938983	0.0	501721	79	0.3	0	0	0	0
1634300533.33	300	59.792101	0.0	502943	81	0.3	4.653	0	171	0
1634300537.58	300	59.538638	0.0	495208	73	0.3	8.651	0	411	60.03001500750375
1634300541.35	300	59.841118	0.0	476785	93	0.3	12.652	0	651	59.98500374906274
1634300545.61	300	59.619391	0.0	470301	74	0.3	16.651	0	891	60.01500375093772
1634300549.35	300	59.928001	0.0	478876	91	0.3	20.652	0	1131	59.98500374906271
1634300553.59	300	59.662024	0.0	478683	90	0.3	24.652	0	1371	60
1634300557.31	300	59.973096	0.0	433197	80	0.3	28.652	0	1611	60
1634300561.06	300	59.986079	0.0	463002	102	0.3	32.652	0	1851	60
1634300565.79	300	59.439866	0.0	477800	83	0.3	36.652	0	2091	60
1634300569.53	300	59.743339	0.0	456630	79	0.3	40.654	0	2331	59.970014992503714
1634300573.27	300	59.810993	0.0	459893	85	0.3	44.654	0	2571	60
1634300577.5	300	59.589029	0.0	426253	74	0.3	48.653	0	2811	60.01500375093781
1634300581.24	300	59.893376	0.0	431643	77	0.3	52.653	0	3051	60
1634300585.49	300	59.633334	0.0	467241	71	0.3	56.654	0	3291	59.98500374906266
1634300589.21	300	59.942211	0.0	442868	80	0.3	60.654	0	3531	60
1634300593.45	300	59.680472	0.0	437041	82	0.3	64.655	0	3771	59.98500374906277
1634300597.2	300	59.989406	0.0	436753	83	0.3	68.654	0	4011	60.01500375093781
1634300601.49	300	59.725612	0.0	457086	76	0.3	72.659	0	4251	59.92509363295866
1634300605.74	300	59.461129	0.0	471069	83	0.3	76.67	0	4492	60.084766891049675
1634300609.52	300	59.772684	0.0	470476	79	0.3	80.67	0	4732	60
1634300613.24	300	59.797378	0.0	478853	76	0.3	84.67	0	4972	60
1634300617.48	300	59.820007	0.0	425308	66	0.3	88.671	0	5212	59.98500374906266
1634300621.2	300	59.84426	0.0	436762	65	0.3	92.671	0	5452	60
1634300625.42	300	59.862745	0.0	447413	79	0.3	96.671	0	5692	60
1634300629.16	300	59.883334	0.0	442185	55	0.3	100.671	0	5932	60
1634300633.48	300	59.619966	0.0	447309	101	0.3	104.671	0	6172	60
1634300637.21	300	59.923784	0.0	475738	81	0.3	108.672	0	6412	59.98500374906288
1634300641.46	300	59.671834	0.0	506145	97	0.3	112.672	0	6652	60
1634300645.2	300	59.978981	0.0	493441	99	0.3	116.672	0	6892	60
1634300649.42	300	59.709506	0.0	480118	80	0.3	120.673	0	7132	59.98500374906266
