1634646444.75	750	4	0.818	3873109	634	-3.5123999999999995	0	0	0	0
1634646445.52	2850	8	0.0	3278264	511	0.75	0	0	0	0
1634646446.51	2850	11.166667	0.0	4479625	684	2.85	0	0	0	0
1634646447.31	2850	14.381903	0.0	3495272	567	2.85	0	0	0	0
1634646448.14	2850	17.53449	0.0	3525421	572	2.85	4.659	0	55	0
1634646449.16	2850	20.533334	0.0	4652033	749	2.85	4.659	0	55	0
1634646450.12	2850	23.566667	0.0	4298145	671	2.85	4.659	0	55	0
1634646451.01	2850	26.669701	0.0	4054420	624	2.85	4.659	0	55	0
1634646451.89	2850	29.8	0.0	3887575	614	2.85	8.658	1	175	29.757439359839964
1634646452.88	2850	32.833334	0.0	4241421	679	2.85	8.658	1	175	29.757439359839964
1634646453.86	2850	35.803301	0.0	3616621	720	2.85	8.658	1	175	29.757439359839964
1634646454.74	2850	38.954024	0.0	3962980	623	2.85	8.658	1	175	29.757439359839964
1634646455.7	2850	41.984581	0.0	4314183	704	2.85	12.658	3	295	29.5
1634646456.74	2850	44.934053	0.0	4310059	775	2.85	12.658	3	295	29.5
1634646457.67	2850	48.005562	0.0	4053167	662	2.85	12.658	3	295	29.5
1634646458.62	2850	51.066667	0.0	4086458	654	2.85	12.658	3	295	29.5
1634646459.66	2850	54.026209	0.0	4236208	780	2.85	16.658	3	415	29.999999999999986
1634646460.63	2850	57.033334	0.0	4627495	733	2.85	16.658	3	415	29.999999999999986
1634646462.11	2850	59.640487	0.0	4132961	674	2.85	16.658	3	415	29.999999999999986
1634646466.16	2850	59.695696	0.0	4330790	656	2.85	20.659	4	535	29.74256435891029
1634646470.12	2850	59.709894	0.0	4120215	637	2.85	24.659	4	655	30
1634646474.11	2850	59.729666	0.0	4019609	638	2.85	28.659	4	775	30
1634646478.18	2850	59.747718	0.0	4247039	738	2.85	32.66	4	895	29.992501874531385
1634646482.21	2850	59.760238	0.0	4124058	674	2.85	36.66	5	1015	29.75
1634646486.19	2850	59.490537	0.0	3926768	686	2.85	40.66	5	1135	30
1634646490.13	2850	59.585118	0.0	3943735	637	2.85	44.66	5	1255	30
1634646494.06	2850	59.897787	0.0	3670575	578	2.85	48.66	5	1375	30
1634646497.93	2850	59.907942	0.0	3794223	616	2.85	52.661	5	1495	29.99250187453133
1634646501.98	2850	59.928256	0.0	4668334	733	2.85	56.661	5	1615	30
1634646505.97	2850	59.721281	0.0	4252092	673	2.85	60.661	6	1735	29.75
1634646509.96	2850	59.775553	0.0	4278890	694	2.85	64.661	6	1855	30
1634646513.87	2850	59.871615	0.0	3680627	620	2.85	68.662	6	1975	29.99250187453133
1634646517.91	2850	59.879687	0.0	4170657	738	2.85	72.662	6	2095	30
1634646521.99	2850	59.896814	0.0	3999127	739	2.85	76.662	6	2215	30
1634646526.04	2850	59.638424	0.0	4663093	752	2.85	80.663	7	2335	29.742564358910343
1634646530.07	2850	59.655846	0.0	4561873	712	2.85	84.662	8	2455	29.75743935983989
1634646533.91	2850	59.993738	0.0	3117100	518	2.85	88.663	9	2575	29.742564358910343
1634646538.25	2850	59.483221	0.0	3492326	557	2.85	92.663	9	2695	30
1634646542.25	2850	59.540776	0.0	4219470	688	2.85	96.663	9	2815	30
1634646546.22	2850	59.597561	0.0	4003993	652	2.85	100.663	9	2935	30
1634646550.11	2850	59.611749	0.0	3912267	623	2.85	104.664	9	3055	29.99250187453133
1634646553.86	2850	59.91937	0.0	3014116	502	2.85	108.667	9	3175	29.977516862353234
1634646558.11	2850	59.6853	0.0	3111089	477	2.85	112.667	9	3295	30
1634646562.31	2850	59.456257	0.0	4886444	816	2.85	116.666	11	3415	29.507376844211088
1634646566.28	2850	59.473055	0.0	4218237	652	2.85	120.668	13	3535	29.485257371314272
