1634293663.69	750	4	0.181	427465	71	-0.7733	0	0	0	0
1634293663.9	300	8	0.0	474035	88	-0.15000000000000002	0	0	0	0
1634293664.1	300	12	0.0	448326	81	0.3	0	0	0	0
1634293664.27	300	16	0.0	480048	32	0.3	0	0	0	0
1634293664.47	300	20	0.0	488788	105	0.3	0	0	0	0
1634293664.65	300	24	0.0	487141	80	0.3	0	0	0	0
1634293664.81	300	28	0.0	483526	75	0.3	0	0	0	0
1634293664.99	300	32	0.0	460688	78	0.3	0	0	0	0
1634293665.17	300	36	0.0	444206	88	0.3	0	0	0	0
1634293665.41	300	39.957155	0.0	461617	92	0.3	0	0	0	0
1634293665.59	300	43.756004	0.0	450479	79	0.3	0	0	0	0
1634293665.77	300	47.594759	0.0	473222	72	0.3	0	0	0	0
1634293665.95	300	51.392729	0.0	450253	81	0.3	0	0	0	0
1634293666.14	300	55.231194	0.0	458340	84	0.3	0	0	0	0
1634293666.31	300	59.029355	0.0	501721	80	0.3	0	0	0	0
1634293669.62	300	59.995507	0.0	502943	89	0.3	5.175	0	101	0
1634293673.87	300	59.773036	0.0	495208	91	0.3	9.177	0	341	59.97001499250375
1634293677.59	300	59.800489	0.0	476785	84	0.3	13.176	0	581	60.01500375093772
1634293681.81	300	59.823062	0.0	470301	79	0.3	17.178	0	821	59.970014992503735
1634293685.56	300	59.848926	0.0	478876	91	0.3	21.178	0	1061	60
1634293689.78	300	59.601145	0.0	478683	89	0.3	25.178	0	1301	60
1634293693.51	300	59.917831	0.0	433197	79	0.3	29.178	0	1541	60
1634293697.75	300	59.662143	0.0	463002	76	0.3	33.179	0	1781	59.98500374906271
1634293701.52	300	59.966945	0.0	477800	95	0.3	37.179	0	2021	60
1634293705.78	300	59.710812	0.0	456630	83	0.3	41.179	0	2261	60
1634293710.05	300	59.454448	0.0	459893	82	0.3	45.187	0	2501	59.88023952095815
1634293713.78	300	59.756258	0.0	426253	83	0.3	49.187	0	2741	60
1634293717.98	300	59.5	0.0	431643	70	0.3	53.199	0	2982	60.06979062811565
1634293721.72	300	59.818163	0.0	467241	108	0.3	57.2	0	3222	59.98500374906266
1634293725.93	300	59.54883	0.0	442868	82	0.3	61.2	0	3462	60
1634293729.65	300	59.85926	0.0	437041	78	0.3	65.201	0	3702	59.98500374906288
1634293733.92	300	59.590517	0.0	436753	71	0.3	69.201	0	3942	60
1634293737.66	300	59.969333	0.0	457086	74	0.3	73.201	0	4182	60
1634293741.9	300	59.716667	0.0	471069	86	0.3	77.203	0	4422	59.97001499250361
1634293745.65	300	59.775885	0.0	470476	89	0.3	81.203	0	4662	60
1634293749.88	300	59.518356	0.0	478853	80	0.3	85.203	0	4902	60
1634293753.61	300	59.816667	0.0	425308	76	0.3	89.203	0	5142	60
1634293757.85	300	59.559697	0.0	436762	80	0.3	93.204	0	5382	59.98500374906288
1634293761.59	300	59.862568	0.0	447413	79	0.3	97.203	0	5622	60.015003750937595
1634293765.83	300	59.606552	0.0	442185	76	0.3	101.204	0	5862	59.98500374906288
1634293769.57	300	59.963826	0.0	447309	88	0.3	105.205	0	6102	59.98500374906266
1634293773.81	300	59.703714	0.0	475738	88	0.3	109.204	0	6342	60.01500375093781
1634293778.08	300	59.446331	0.0	506145	104	0.3	113.22	0	6583	60.00996015936247
1634293781.79	300	59.745082	0.0	493441	86	0.3	117.221	0	6823	59.98500374906266
1634293785.99	300	59.512839	0.0	480118	81	0.3	121.221	0	7063	60
