1634299582.74	750	4	0.181	427465	67	-0.7733	0	0	0	0
1634299583.11	750	8	0.0	647387	117	0.75	0	0	0	0
1634299583.33	750	12	0.0	677925	114	0.75	0	0	0	0
1634299583.54	750	16	0.0	706841	112	0.75	0	0	0	0
1634299583.8	750	20	0.0	701203	147	0.75	0	0	0	0
1634299584.04	750	24	0.0	737962	125	0.75	0	0	0	0
1634299584.3	750	27.95333	0.0	699376	136	0.75	0	0	0	0
1634299584.52	750	31.751199	0.0	691941	106	0.75	0	0	0	0
1634299584.76	750	35.509035	0.0	635193	110	0.75	0	0	0	0
1634299585.0	750	39.266677	0.0	655855	118	0.75	0	0	0	0
1634299585.27	750	42.984123	0.0	626785	111	0.75	0	0	0	0
1634299585.54	750	46.742566	0.0	641824	113	0.75	0	0	0	0
1634299585.77	750	50.500281	0.0	657300	112	0.75	0	0	0	0
1634299585.98	750	54.297115	0.0	650171	103	0.75	0	0	0	0
1634299586.31	750	57.934181	0.0	713528	212	0.75	5.321	0	108	0
1634299588.6	750	59.787627	0.0	758246	132	0.75	5.321	0	108	0
1634299592.93	750	59.52808	0.0	743893	125	0.75	9.322	1	348	59.73506623344165
1634299596.77	750	59.546427	0.0	682559	124	0.75	13.322	1	588	60
1634299600.59	750	59.851079	0.0	689486	117	0.75	17.322	1	828	60
1634299604.41	750	59.883517	0.0	689027	145	0.75	21.324	1	1068	59.970014992503714
1634299608.75	750	59.628111	0.0	673540	145	0.75	25.324	1	1308	60
1634299612.56	750	59.929317	0.0	640816	105	0.75	29.324	1	1548	60
1634299616.35	750	59.952099	0.0	681370	111	0.75	33.324	1	1788	60.00000000000006
1634299620.65	750	59.691246	0.0	689141	132	0.75	37.325	1	2028	59.98500374906266
1634299624.95	750	59.43402	0.0	656898	146	0.75	41.324	1	2268	60.01500375093781
1634299628.77	750	59.737295	0.0	670951	131	0.75	45.325	1	2508	59.98500374906266
1634299632.54	750	59.791463	0.0	618544	103	0.75	49.325	1	2748	60
1634299636.84	750	59.531118	0.0	618247	136	0.75	53.325	1	2988	60
1634299640.64	750	59.841043	0.0	671894	144	0.75	57.325	1	3228	60
1634299644.41	750	59.911942	0.0	642169	129	0.75	61.326	1	3468	59.98500374906277
1634299648.71	750	59.674061	0.0	635411	121	0.75	65.326	1	3708	60.00000000000011
1634299652.51	750	59.972856	0.0	644615	131	0.75	69.326	1	3948	60
1634299656.32	750	59.993708	0.0	672342	145	0.75	73.327	1	4188	59.98500374906266
1634299660.62	750	59.737067	0.0	666301	117	0.75	77.327	1	4428	60
1634299664.93	750	59.472336	0.0	665276	118	0.75	81.327	1	4668	60
1634299668.81	750	59.494617	0.0	696340	178	0.75	85.327	1	4908	60
1634299672.62	750	59.801989	0.0	634337	128	0.75	89.327	1	5148	60
1634299676.92	750	59.536388	0.0	642800	134	0.75	93.327	1	5388	60
1634299680.71	750	59.54763	0.0	660587	135	0.75	97.328	1	5628	59.98500374906266
1634299684.54	750	59.857114	0.0	654618	156	0.75	101.328	1	5868	60
1634299688.85	750	59.596278	0.0	644116	124	0.75	105.329	1	6108	59.98500374906288
1634299692.43	750	59.905927	0.0	677809	18	0.75	109.329	1	6348	60
1634299696.76	750	59.685741	0.0	722701	157	0.75	113.331	1	6589	60.21989005497237
1634299700.58	750	59.709147	0.0	750718	160	0.75	117.333	1	6829	59.97001499250382
1634299704.86	750	59.445926	0.0	708690	133	0.75	121.333	1	7069	60
