1634315130.63	750	4	0.164	391964	66	-0.7001999999999999	0	0	0	0
1634315130.84	300	8	0.0	212073	38	-0.15000000000000002	0	0	0	0
1634315131.01	300	12	0.0	209182	34	0.3	0	0	0	0
1634315131.14	300	16	0.0	227172	31	0.3	0	0	0	0
1634315131.29	300	20	0.0	238359	59	0.3	0	0	0	0
1634315131.44	300	24	0.0	239351	51	0.3	0	0	0	0
1634315131.6	300	28	0.0	228239	53	0.3	0	0	0	0
1634315131.72	300	32	0.0	217009	37	0.3	0	0	0	0
1634315131.85	300	36	0.0	207641	37	0.3	0	0	0	0
1634315131.99	300	40	0.0	218897	42	0.3	0	0	0	0
1634315132.12	300	44	0.0	219759	42	0.3	0	0	0	0
1634315132.23	300	48	0.0	203704	31	0.3	0	0	0	0
1634315132.35	300	52	0.0	211384	30	0.3	0	0	0	0
1634315132.48	300	56	0.0	213546	38	0.3	0	0	0	0
1634315133.13	300	59.994007	0.0	246294	44	0.3	0	0	0	0
1634315137.32	300	59.71928	0.0	253840	41	0.3	5.282	1	26	0
1634315141.57	300	59.455975	0.0	239526	43	0.3	9.281	1	146	30.00750187546886
1634315145.26	300	59.759471	0.0	208664	39	0.3	13.282	1	266	29.99250187453137
1634315149.5	300	59.49233	0.0	215978	42	0.3	17.282	1	386	30
1634315153.21	300	59.7921	0.0	214741	28	0.3	21.282	1	506	30
1634315157.43	300	59.520373	0.0	229698	37	0.3	25.282	1	626	30
1634315161.1	300	59.813084	0.0	216304	34	0.3	29.283	1	747	30.24243939015245
1634315165.31	300	59.834899	0.0	219079	34	0.3	33.286	1	866	29.727704221833623
1634315169.01	300	59.91175	0.0	220595	32	0.3	37.286	1	987	30.25
1634315173.2	300	59.934175	0.0	208066	37	0.3	41.286	1	1107	30
1634315177.43	300	59.663958	0.0	217725	39	0.3	45.287	1	1227	29.992501874531385
1634315181.12	300	59.964465	0.0	207408	16	0.3	49.287	1	1347	30
1634315185.32	300	59.690078	0.0	202241	30	0.3	53.314	1	1467	29.798857710454424
1634315189.03	300	59.996591	0.0	213768	43	0.3	57.315	1	1587	29.992501874531385
1634315193.22	300	59.72687	0.0	206170	35	0.3	61.315	1	1707	30
1634315197.38	300	59.747188	0.0	209147	38	0.3	65.315	1	1827	30
1634315201.58	300	59.557892	0.0	203399	27	0.3	69.316	1	1947	29.99250187453133
1634315205.23	300	59.872112	0.0	208834	22	0.3	73.315	1	2067	30.007501875468904
1634315209.46	300	59.640041	0.0	210493	20	0.3	77.316	1	2187	29.99250187453133
1634315213.15	300	59.944556	0.0	214341	25	0.3	81.357	1	2309	30.19054689433311
1634315217.33	300	59.674256	0.0	236978	21	0.3	85.357	1	2429	30
1634315221.04	300	59.978886	0.0	206432	34	0.3	89.357	1	2549	30
1634315225.22	300	59.7	0.0	213940	34	0.3	93.357	1	2669	30
1634315229.36	300	59.724598	0.0	217550	43	0.3	97.357	1	2789	30
1634315233.51	300	59.487918	0.0	217543	45	0.3	101.357	1	2909	30
1634315237.16	300	59.809776	0.0	207114	41	0.3	105.357	1	3029	30
1634315241.32	300	59.583983	0.0	230790	37	0.3	109.363	1	3149	29.955067398901647
1634315245.5	300	59.604833	0.0	242484	46	0.3	113.362	1	3269	30.007501875468904
1634315249.19	300	59.907729	0.0	244433	34	0.3	117.362	1	3389	30
1634315253.37	300	59.631913	0.0	245567	3	0.3	121.362	1	3509	30
