1634322106.44	750	4	0.182	427465	88	-0.7776000000000001	0	0	0	0
1634322107.6	2850	8	0.0	4860073	758	0.75	0	0	0	0
1634322108.82	2850	11.216667	0.0	5306756	907	2.85	0	0	0	0
1634322110.1	2850	13.933334	0.0	5542685	969	2.85	5.355	8	112	0
1634322111.27	2850	16.766667	0.0	5302108	893	2.85	5.355	8	112	0
1634322112.49	2850	19.716667	0.0	5631224	927	2.85	5.355	8	112	0
1634322113.75	2850	22.3	0.0	5641793	981	2.85	5.355	8	112	0
1634322114.95	2850	25.083334	0.0	5361170	923	2.85	9.388	87	352	39.920654599553686
1634322116.32	2850	27.716667	0.0	5091418	1081	2.85	9.388	87	352	39.920654599553686
1634322117.48	2850	30.55	0.0	5227125	874	2.85	9.388	87	352	39.920654599553686
1634322118.55	2850	33.466667	0.0	4841602	793	2.85	13.388	121	593	51.75
1634322120.31	2850	35.7	0.0	4865486	1442	2.85	13.388	121	593	51.75
1634322121.58	2850	38.45	0.0	4882046	983	2.85	13.388	121	593	51.75
1634322122.84	2850	41.166667	0.0	5028620	1006	2.85	17.39	147	834	53.7231384307846
1634322124.18	2850	43.883334	0.0	5503564	904	2.85	17.39	147	834	53.7231384307846
1634322125.58	2850	46.5	0.0	5599662	1023	2.85	17.39	147	834	53.7231384307846
