1634320103.92	750	4	0.165	391964	78	-0.7045	0	0	0	0
1634320104.27	1200	8	0.0	1027639	193	0.75	0	0	0	0
1634320104.6	1200	12	0.0	1094547	204	1.2	0	0	0	0
1634320104.89	1200	16	0.0	1068941	182	1.2	0	0	0	0
1634320105.19	1200	20	0.0	1069226	179	1.2	0	0	0	0
1634320105.53	1200	23.90678	0.0	1157353	211	1.2	0	0	0	0
1634320105.86	1200	27.584447	0.0	1168829	196	1.2	0	0	0	0
1634320106.19	1200	31.261586	0.0	1093471	183	1.2	0	0	0	0
1634320106.52	1200	34.93907	0.0	1020028	184	1.2	0	0	0	0
1634320106.82	1200	38.61611	0.0	1051427	173	1.2	0	0	0	0
1634320107.13	1200	42.320685	0.0	1070992	152	1.2	0	0	0	0
1634320107.49	1200	45.957184	0.0	1063461	235	1.2	5.233	0	54	0
1634320107.79	1200	49.67565	0.0	1074096	193	1.2	5.233	0	54	0
1634320108.12	1200	53.352486	0.0	1080192	187	1.2	5.233	0	54	0
1634320108.46	1200	56.989068	0.0	1139934	212	1.2	5.233	0	54	0
1634320109.83	1200	59.770049	0.0	1145330	186	1.2	5.233	0	54	0
1634320113.69	1200	59.793363	0.0	1173744	185	1.2	9.233	1	174	29.749999999999993
1634320118.1	1200	59.568407	0.0	1061602	190	1.2	13.233	1	294	30
1634320122.05	1200	59.589504	0.0	1076224	187	1.2	17.233	1	414	30
1634320125.91	1200	59.606669	0.0	1068038	162	1.2	21.233	1	534	30
1634320129.83	1200	59.916867	0.0	1097493	194	1.2	25.239	1	654	29.955067398901647
1634320133.71	1200	59.935593	0.0	1072339	174	1.2	29.239	1	774	30
1634320137.58	1200	59.987397	0.0	1067889	173	1.2	33.24	1	894	29.992501874531357
1634320141.94	1200	59.753296	0.0	1067959	179	1.2	37.24	1	1014	30
1634320145.77	1200	59.81178	0.0	1077712	173	1.2	41.241	1	1134	29.992501874531385
1634320149.63	1200	59.833708	0.0	1138441	177	1.2	45.241	1	1254	30
1634320154.01	1200	59.574516	0.0	1027213	186	1.2	49.242	1	1374	29.992501874531385
1634320157.86	1200	59.593496	0.0	1019513	188	1.2	53.242	1	1494	30
1634320161.67	1200	59.915356	0.0	1030601	175	1.2	57.243	1	1614	29.99250187453133
1634320166.02	1200	59.43489	0.0	1059459	163	1.2	61.242	1	1734	30.007501875468904
1634320169.87	1200	59.740719	0.0	1058483	189	1.2	65.243	1	1854	29.992501874531385
1634320173.8	1200	59.8	0.0	1026788	184	1.2	69.243	1	1974	30
1634320177.65	1200	59.850851	0.0	1034920	168	1.2	73.244	1	2094	29.99250187453133
1634320181.99	1200	59.592584	0.0	1024487	169	1.2	77.245	1	2214	29.99250187453133
1634320185.91	1200	59.639764	0.0	1088769	198	1.2	81.244	1	2334	30.007501875468904
1634320189.82	1200	59.738592	0.0	1213691	193	1.2	85.245	1	2454	29.99250187453133
1634320194.15	1200	59.47972	0.0	996535	162	1.2	89.245	1	2574	30
1634320198.0	1200	59.496997	0.0	1040309	167	1.2	93.245	1	2694	30
1634320201.88	1200	59.805968	0.0	1135519	190	1.2	97.245	1	2814	30
1634320205.75	1200	59.826548	0.0	1080635	186	1.2	101.246	1	2934	29.99250187453144
1634320209.61	1200	59.912934	0.0	1037366	188	1.2	105.268	1	3055	30.084535057185438
1634320213.47	1200	59.98602	0.0	1075257	170	1.2	109.268	1	3175	30
1634320217.81	1200	59.74441	0.0	1145173	186	1.2	113.269	1	3295	29.99250187453133
1634320222.16	1200	59.475095	0.0	1216507	192	1.2	117.269	1	3415	30
1634320225.98	1200	59.548942	0.0	1142437	202	1.2	121.27	1	3535	29.99250187453144
