1634332393.77	750	4	0.148	391964	62	-0.6314	0	0	0	0
1634332394.26	1850	8	0.0	2068530	326	0.75	0	0	0	0
1634332394.74	1850	12	0.0	2231919	327	1.85	0	0	0	0
1634332395.21	1850	16	0.0	2071679	321	1.85	0	0	0	0
1634332395.72	1850	19.673629	0.0	2075075	336	1.85	0	0	0	0
1634332396.25	1850	23.149897	0.0	2324573	381	1.85	0	0	0	0
1634332396.79	1850	26.585331	0.0	2327434	373	1.85	0	0	0	0
1634332397.43	1850	29.940263	0.0	2160877	444	1.85	5.248	0	53	0
1634332397.94	1850	33.456237	0.0	2004753	322	1.85	5.248	0	53	0
1634332398.42	1850	36.971075	0.0	2057086	333	1.85	5.248	0	53	0
1634332398.91	1850	40.487194	0.0	2101929	335	1.85	5.248	0	53	0
1634332399.52	1850	44	0.0	2052018	310	1.85	5.248	0	53	0
1634332400.0	1850	47.39617	0.0	2085705	329	1.85	5.248	0	53	0
1634332400.5	1850	50.871892	0.0	2112772	341	1.85	5.248	0	53	0
1634332401.01	1850	54.347694	0.0	2222688	367	1.85	5.248	0	53	0
1634332401.53	1850	57.860954	0.0	2169593	357	1.85	9.248	2	174	29.750000000000007
1634332403.68	1850	59.755732	0.0	2267471	379	1.85	9.248	2	174	29.750000000000007
1634332407.73	1850	59.782018	0.0	2094437	324	1.85	13.248	2	293	29.75
1634332411.84	1850	59.791387	0.0	2148255	348	1.85	17.249	2	413	29.99250187453137
1634332415.87	1850	59.589952	0.0	2132587	345	1.85	21.249	2	534	30.25
1634332419.98	1850	59.608157	0.0	2151407	339	1.85	25.249	2	654	30
1634332423.65	1850	59.921929	0.0	2063523	392	1.85	29.249	2	774	30
1634332427.73	1850	59.948267	0.0	2103042	312	1.85	33.249	2	894	29.999999999999975
1634332431.8	1850	59.641913	0.0	2103040	332	1.85	37.257	2	1014	29.940119760479075
1634332435.84	1850	59.682392	0.0	2114688	329	1.85	41.256	2	1134	30.00750187546885
1634332439.88	1850	59.737021	0.0	2240212	355	1.85	45.287	2	1255	30.017365418010428
1634332443.97	1850	59.478566	0.0	2002951	322	1.85	49.257	2	1374	29.974811083123434
1634332448.01	1850	59.507225	0.0	1961003	318	1.85	53.257	2	1494	30
1634332451.54	1850	59.855575	0.0	1969295	257	1.85	57.257	2	1614	30
1634332455.58	1850	59.893827	0.0	2042142	303	1.85	61.258	2	1734	29.99250187453133
1634332459.94	1850	59.64121	0.0	2087704	320	1.85	65.259	2	1854	29.992501874531385
1634332463.51	1850	59.99567	0.0	2022676	348	1.85	69.259	2	1974	30
1634332468.06	1850	59.452828	0.0	2027226	310	1.85	73.259	2	2094	30
1634332471.62	1850	59.758783	0.0	1993205	338	1.85	77.259	2	2214	30
1634332475.67	1850	59.774137	0.0	2185074	363	1.85	81.26	2	2334	29.99250187453133
1634332479.94	1850	59.810599	0.0	2416062	423	1.85	85.26	2	2454	30
1634332484.02	1850	59.585895	0.0	1975785	353	1.85	89.26	2	2574	30
1634332487.64	1850	59.884751	0.0	2017826	370	1.85	93.26	2	2694	30
1634332491.71	1850	59.9	0.0	2236854	363	1.85	97.261	2	2814	29.99250187453144
1634332495.79	1850	59.617401	0.0	2165385	333	1.85	101.264	2	2934	29.977516862353234
1634332499.8	1850	59.64898	0.0	2021844	306	1.85	105.263	2	3054	30.007501875468797
1634332503.85	1850	59.691312	0.0	2100101	367	1.85	109.269	2	3174	29.955067398901647
1634332507.91	1850	59.730614	0.0	2192105	356	1.85	113.264	2	3294	30.037546933667155
1634332511.98	1850	59.467449	0.0	2446938	366	1.85	117.264	2	3414	30
1634332516.06	1850	59.502432	0.0	2298336	365	1.85	121.269	2	3534	29.96254681647933
