1634360645.73	750	4	0.155	391964	81	-0.6615	0	0	0	0
1634360645.91	300	8	0.0	212073	47	-0.15000000000000002	0	0	0	0
1634360646.04	300	12	0.0	209182	35	0.3	0	0	0	0
1634360646.16	300	16	0.0	227172	42	0.3	0	0	0	0
1634360646.3	300	20	0.0	238359	38	0.3	0	0	0	0
1634360646.45	300	23.918912	0.0	239351	39	0.3	0	0	0	0
1634360646.59	300	27.798282	0.0	228239	56	0.3	0	0	0	0
1634360646.74	300	31.6373	0.0	217009	46	0.3	0	0	0	0
1634360646.88	300	35.516006	0.0	207641	34	0.3	0	0	0	0
1634360647.04	300	39.354237	0.0	218897	30	0.3	0	0	0	0
1634360647.19	300	43.192969	0.0	219759	43	0.3	0	0	0	0
1634360647.33	300	47.072134	0.0	203704	35	0.3	0	0	0	0
1634360647.48	300	50.909797	0.0	211384	32	0.3	0	0	0	0
1634360647.64	300	54.747451	0.0	213546	49	0.3	0	0	0	0
1634360647.78	300	58.58446	0.0	246294	47	0.3	0	0	0	0
1634360650.94	300	59.461241	0.0	253840	43	0.3	4.609	0	86	0
1634360654.65	300	59.801864	0.0	239526	55	0.3	8.608	0	206	30.00750187546886
1634360658.84	300	59.552487	0.0	208664	36	0.3	12.609	0	326	29.99250187453137
1634360662.55	300	59.853653	0.0	215978	43	0.3	16.608	0	446	30.00750187546886
1634360666.75	300	59.869205	0.0	214741	30	0.3	20.609	0	566	29.992501874531357
1634360670.4	300	59.967331	0.0	229698	41	0.3	24.611	0	686	29.98500749625188
1634360674.57	300	59.984635	0.0	216304	31	0.3	28.61	0	806	30.007501875468876
1634360678.75	300	59.715349	0.0	219079	3	0.3	32.61	0	926	30
1634360682.95	300	59.455712	0.0	220595	35	0.3	36.614	0	1046	29.970029970029987
1634360687.14	300	59.469668	0.0	208066	37	0.3	40.614	0	1166	30
1634360690.81	300	59.761124	0.0	217725	43	0.3	44.614	0	1286	30
1634360695.02	300	59.505819	0.0	207408	33	0.3	48.614	0	1406	30
1634360698.71	300	59.848144	0.0	202241	35	0.3	52.615	0	1526	29.99250187453133
1634360702.88	300	59.582889	0.0	213768	41	0.3	56.615	0	1646	30
1634360706.57	300	59.877707	0.0	206170	34	0.3	60.615	0	1766	30
1634360710.76	300	59.652396	0.0	209147	37	0.3	64.616	0	1886	29.992501874531385
1634360714.46	300	59.96118	0.0	203399	28	0.3	68.616	0	2006	30
1634360718.63	300	59.742912	0.0	208834	37	0.3	72.616	0	2126	30
1634360722.81	300	59.750105	0.0	210493	48	0.3	76.616	0	2246	30
1634360726.97	300	59.514827	0.0	214341	38	0.3	80.617	0	2366	29.99250187453133
1634360730.65	300	59.814114	0.0	236978	44	0.3	84.617	0	2486	30
1634360734.85	300	59.589659	0.0	206432	45	0.3	88.618	0	2606	29.99250187453144
1634360738.57	300	59.93441	0.0	213940	29	0.3	92.618	0	2726	30
1634360742.73	300	59.697229	0.0	217550	50	0.3	96.622	0	2846	29.970029970029934
1634360746.89	300	59.73698	0.0	217543	35	0.3	100.622	0	2966	30
1634360750.6	300	59.794903	0.0	207114	46	0.3	104.623	0	3086	29.99250187453133
1634360754.75	300	59.806099	0.0	230790	39	0.3	108.623	0	3206	30
1634360758.97	300	59.542247	0.0	242484	57	0.3	112.625	0	3326	29.98500749625191
1634360762.69	300	59.874201	0.0	244433	30	0.3	116.624	0	3446	30.007501875468904
1634360766.86	300	59.613932	0.0	245567	53	0.3	120.625	0	3566	29.99250187453133
