1634329182.11	750	4	0.166	427465	73	-0.7088	0	0	0	0
1634329182.93	1850	7.85	0.0	3156042	587	0.75	0	0	0	0
1634329183.69	1850	11.116667	0.0	3331786	549	1.85	0	0	0	0
1634329184.56	1850	14.25	0.0	3470899	638	1.85	0	0	0	0
1634329185.32	1850	17.483334	0.0	3391540	545	1.85	0	0	0	0
1634329186.21	1850	20.666667	0.0	3653733	586	1.85	4.601	10	166	0
1634329187.0	1850	23.866667	0.0	3500753	551	1.85	4.601	10	166	0
1634329188.02	1850	26.783334	0.0	3417687	617	1.85	4.601	10	166	0
1634329188.89	1850	29.966667	0.0	3185216	594	1.85	4.601	10	166	0
1634329189.76	1850	33.016667	0.0	3286263	569	1.85	8.601	53	406	49.249999999999986
1634329190.46	1850	36.31786	0.0	3082343	507	1.85	8.601	53	406	49.249999999999986
1634329191.3	1850	39.516667	0.0	3170736	579	1.85	8.601	53	406	49.249999999999986
1634329192.03	1850	42.75	0.0	3196938	519	1.85	8.601	53	406	49.249999999999986
1634329192.78	1850	46.033334	0.0	3228009	526	1.85	8.601	53	406	49.249999999999986
1634329193.58	1850	49.233334	0.0	3513138	562	1.85	12.602	64	645	56.985753561609606
1634329194.41	1850	52.4	0.0	3686191	608	1.85	12.602	64	645	56.985753561609606
1634329195.19	1850	55.6	0.0	3630324	585	1.85	12.602	64	645	56.985753561609606
1634329195.95	1850	58.85	0.0	3348330	533	1.85	12.602	64	645	56.985753561609606
1634329199.27	1850	59.498291	0.0	3272823	566	1.85	16.601	78	886	56.764191047761955
1634329203.03	1850	59.804397	0.0	3263947	514	1.85	20.601	80	1126	59.5
1634329207.31	1850	59.546794	0.0	3246736	493	1.85	24.609	86	1366	58.38323353293409
1634329211.04	1850	59.849004	0.0	3067619	493	1.85	28.608	88	1606	59.514878719679935
1634329215.32	1850	59.578243	0.0	3258491	514	1.85	32.608	94	1846	58.50000000000005
1634329219.08	1850	59.890034	0.0	3217708	505	1.85	36.609	96	2086	59.48512871782047
1634329222.86	1850	59.907945	0.0	3168556	463	1.85	40.61	103	2327	58.4853786553362
1634329227.14	1850	59.635838	0.0	3254799	521	1.85	44.609	106	2566	59.01475368842207
1634329230.87	1850	59.946335	0.0	3101633	473	1.85	48.609	108	2807	59.75
1634329235.06	1850	59.961457	0.0	3052590	468	1.85	52.609	110	3046	59.25
1634329238.82	1850	59.987385	0.0	3262551	506	1.85	56.61	112	3287	59.73506623344167
1634329243.13	1850	59.731008	0.0	3205725	522	1.85	60.61	117	3526	58.5
1634329247.49	1850	59.472702	0.0	3241632	589	1.85	64.611	120	3766	59.23519120219938
1634329251.29	1850	59.490483	0.0	3163365	533	1.85	68.61	124	4007	59.26481620405109
1634329255.11	1850	59.779642	0.0	3382463	545	1.85	72.612	126	4247	59.470264867566286
1634329258.92	1850	59.841746	0.0	3208848	562	1.85	76.614	130	4487	58.970514742628545
1634329263.24	1850	59.572984	0.0	3316907	523	1.85	80.613	132	4727	59.51487871967999
1634329267.08	1850	59.877689	0.0	3609809	586	1.85	84.614	137	4967	58.73531617095719
1634329271.32	1850	59.609711	0.0	3086911	497	1.85	88.614	139	5207	59.5
1634329275.07	1850	59.960543	0.0	3072632	477	1.85	92.614	141	5447	59.5
1634329278.86	1850	59.983334	0.0	3430637	552	1.85	96.615	145	5687	58.985253686578496
1634329283.14	1850	59.720706	0.0	3304164	514	1.85	100.616	152	5927	58.235441139715
1634329286.91	1850	59.985125	0.0	3182442	499	1.85	104.615	156	6167	59.014753688422175
1634329291.19	1850	59.772602	0.0	3143744	487	1.85	108.616	158	6407	59.48512871782047
1634329295.01	1850	59.794494	0.0	3477665	595	1.85	112.644	162	6649	59.08639523336635
1634329299.4	1850	59.535389	0.0	3803623	640	1.85	116.643	168	6889	58.51462865716436
1634329303.24	1850	59.553165	0.0	3387153	568	1.85	120.644	177	7129	57.73556610847281
