1634342606.91	750	4	0.194	427465	79	-0.8291999999999999	0	0	0	0
1634342607.52	1200	8	0.0	1719226	317	0.75	0	0	0	0
1634342607.98	1200	12	0.0	1824230	319	1.2	0	0	0	0
1634342608.49	1200	15.966667	0.0	1882039	342	1.2	0	0	0	0
1634342608.97	1200	19.470411	0.0	1838337	322	1.2	0	0	0	0
1634342609.49	1200	22.943425	0.0	1953398	365	1.2	0	0	0	0
1634342609.99	1200	26.459166	0.0	1841430	350	1.2	0	0	0	0
1634342610.69	1200	29.783334	0.0	1838080	500	1.2	5.194	1	110	0
1634342611.2	1200	33.243591	0.0	1692604	372	1.2	5.194	1	110	0
1634342611.64	1200	36.798812	0.0	1727189	286	1.2	5.194	1	110	0
1634342612.12	1200	40.35545	0.0	1715705	321	1.2	5.194	1	110	0
1634342612.59	1200	43.871347	0.0	1729349	309	1.2	5.194	1	110	0
1634342613.13	1200	47.333334	0.0	1754261	345	1.2	5.194	1	110	0
1634342613.6	1200	50.858445	0.0	1778755	291	1.2	5.194	1	110	0
1634342614.11	1200	54.334227	0.0	1915304	358	1.2	5.194	1	110	0
1634342614.61	1200	57.850624	0.0	1992580	332	1.2	9.193	7	350	58.514628657164295
1634342616.67	1200	59.826551	0.0	2012653	342	1.2	9.193	7	350	58.514628657164295
1634342620.75	1200	59.890574	0.0	1822103	329	1.2	13.193	9	590	59.5
1634342624.82	1200	59.638868	0.0	1832177	348	1.2	17.194	9	830	59.98500374906274
1634342628.81	1200	59.658833	0.0	1820480	302	1.2	21.194	9	1070	60
1634342632.89	1200	59.686622	0.0	1799178	350	1.2	25.194	11	1310	59.5
1634342636.91	1200	59.717962	0.0	1709916	330	1.2	29.194	11	1550	60
1634342640.95	1200	59.749002	0.0	1771595	300	1.2	33.194	12	1790	59.74999999999995
1634342645.09	1200	59.508812	0.0	1761173	438	1.2	37.194	12	2030	60
1634342648.74	1200	59.814834	0.0	1733302	469	1.2	41.195	12	2270	59.98500374906277
1634342652.79	1200	59.87806	0.0	1784941	319	1.2	45.208	13	2511	59.805631696984825
1634342656.7	1200	59.907681	0.0	1702509	642	1.2	49.196	13	2750	59.929789368104316
1634342660.73	1200	59.925167	0.0	1694307	345	1.2	53.195	13	2990	60.0150037509377
1634342664.71	1200	59.986883	0.0	1839362	303	1.2	57.196	13	3230	59.98500374906277
1634342668.72	1200	59.738986	0.0	1715553	296	1.2	61.198	13	3470	59.970014992503714
1634342672.81	1200	59.772472	0.0	1737144	276	1.2	65.198	13	3710	60.00000000000011
1634342677.17	1200	59.556109	0.0	1718570	277	1.2	69.198	15	3950	59.5
1634342680.69	1200	59.903404	0.0	1799075	302	1.2	73.203	15	4190	59.92509363295866
1634342684.74	1200	59.833334	0.0	1764247	276	1.2	77.203	15	4424	58.5
1634342688.86	1200	59.615377	0.0	1792164	266	1.2	81.203	29	4670	58
1634342692.87	1200	59.640381	0.0	1923129	304	1.2	85.203	29	4910	60
1634342696.91	1200	59.663047	0.0	1619018	310	1.2	89.204	30	5150	59.73506623344178
1634342701.37	1200	59.700011	0.0	1766623	267	1.2	93.204	32	5390	59.5
