1634302138.05	750	4	0.254	391964	133	-1.0872000000000002	0	0	0	0
1634302138.46	1200	8	0.0	1027639	160	0.75	0	0	0	0
1634302138.78	1200	12	0.0	1094547	192	1.2	0	0	0	0
1634302139.07	1200	16	0.0	1068941	172	1.2	0	0	0	0
1634302139.38	1200	20	0.0	1069226	188	1.2	0	0	0	0
1634302139.67	1200	23.833971	0.0	1157353	180	1.2	0	0	0	0
1634302140.03	1200	27.508632	0.0	1168829	193	1.2	0	0	0	0
1634302140.38	1200	31.146183	0.0	1093471	175	1.2	0	0	0	0
1634302140.71	1200	34.823499	0.0	1020028	201	1.2	0	0	0	0
1634302140.99	1200	38.541184	0.0	1051427	163	1.2	0	0	0	0
1634302141.37	1200	42.21922	0.0	1070992	182	1.2	5.318	0	52	0
1634302141.74	1200	45.77483	0.0	1063461	235	1.2	5.318	0	52	0
1634302142.04	1200	49.492407	0.0	1074096	173	1.2	5.318	0	52	0
1634302142.37	1200	53.170107	0.0	1080192	170	1.2	5.318	0	52	0
1634302142.68	1200	56.847547	0.0	1139934	184	1.2	5.318	0	52	0
1634302144.03	1200	59.748848	0.0	1145330	193	1.2	5.318	0	52	0
1634302147.9	1200	59.767331	0.0	1173744	197	1.2	9.316	0	172	30.015007503751868
1634302151.76	1200	59.797257	0.0	1061602	184	1.2	13.317	0	292	29.99250187453137
1634302156.17	1200	59.534649	0.0	1076224	193	1.2	17.316	0	412	30.007501875468876
1634302160.01	1200	59.549796	0.0	1068038	181	1.2	21.316	0	532	30
1634302163.9	1200	59.848159	0.0	1097493	174	1.2	25.317	0	652	29.992501874531357
1634302167.73	1200	59.867718	0.0	1072339	176	1.2	29.317	0	772	30
1634302172.08	1200	59.644704	0.0	1067889	169	1.2	33.318	0	892	29.992501874531385
1634302175.96	1200	59.65737	0.0	1067959	166	1.2	37.318	0	1012	30
1634302179.8	1200	59.968153	0.0	1077712	171	1.2	41.325	0	1133	30.197154978787086
1634302183.65	1200	59.98656	0.0	1138441	186	1.2	45.325	0	1253	30
1634302188.03	1200	59.726671	0.0	1027213	201	1.2	49.325	0	1373	30
1634302191.87	1200	59.738172	0.0	1019513	180	1.2	53.326	0	1493	29.992501874531385
1634302196.21	1200	59.488798	0.0	1030601	167	1.2	57.326	0	1613	30
1634302200.08	1200	59.510802	0.0	1059459	159	1.2	61.326	0	1733	30
1634302203.98	1200	59.838963	0.0	1058483	194	1.2	65.326	0	1853	30.000000000000053
1634302207.87	1200	59.866667	0.0	1026788	169	1.2	69.327	0	1973	29.99250187453133
1634302211.72	1200	59.88804	0.0	1034920	174	1.2	73.33	0	2093	29.977516862353234
1634302216.04	1200	59.663524	0.0	1024487	172	1.2	77.331	0	2213	29.99250187453133
1634302219.9	1200	59.71649	0.0	1088769	154	1.2	81.345	0	2333	29.895366218236205
1634302223.84	1200	59.739647	0.0	1213691	177	1.2	85.345	0	2453	30
1634302227.73	1200	59.79573	0.0	996535	172	1.2	89.345	0	2573	30
1634302232.07	1200	59.537973	0.0	1040309	165	1.2	93.346	0	2693	29.99250187453133
1634302235.93	1200	59.840835	0.0	1135519	177	1.2	97.347	0	2813	29.99250187453144
1634302239.81	1200	59.906752	0.0	1080635	197	1.2	101.347	0	2933	30
1634302243.67	1200	59.967023	0.0	1037366	165	1.2	105.349	0	3053	29.985007496251804
1634302248.04	1200	59.697182	0.0	1075257	215	1.2	109.349	0	3173	30
1634302251.94	1200	59.718479	0.0	1145173	179	1.2	113.349	0	3293	30
1634302255.78	1200	59.771033	0.0	1216507	184	1.2	117.349	0	3413	30
1634302260.11	1200	59.510505	0.0	1142437	183	1.2	121.349	0	3533	30
