1634292285.5	750	4	0.207	427465	99	-0.8850999999999999	0	0	0	0
1634292285.94	1200	8	0.0	1719226	278	0.75	0	0	0	0
1634292286.37	1200	12	0.0	1824230	281	1.2	0	0	0	0
1634292286.81	1200	16	0.0	1882039	306	1.2	0	0	0	0
1634292287.28	1200	19.792487	0.0	1838337	306	1.2	0	0	0	0
1634292287.81	1200	23.283334	0.0	1953398	337	1.2	0	0	0	0
1634292288.34	1200	26.75	0.0	1841430	299	1.2	0	0	0	0
1634292289.03	1200	30.213358	0.0	1838080	340	1.2	5.229	4	102	0
1634292289.44	1200	33.645116	0.0	1692604	274	1.2	5.229	4	102	0
1634292289.92	1200	37.201425	0.0	1727189	290	1.2	5.229	4	102	0
1634292290.43	1200	40.683334	0.0	1715705	277	1.2	5.229	4	102	0
1634292290.91	1200	44.190962	0.0	1729349	281	1.2	5.229	4	102	0
1634292291.35	1200	47.743802	0.0	1754261	290	1.2	5.229	4	102	0
1634292291.81	1200	51.258601	0.0	1778755	300	1.2	5.229	4	102	0
1634292292.35	1200	54.734347	0.0	1915304	386	1.2	5.229	4	102	0
1634292292.93	1200	58.183334	0.0	1992580	352	1.2	9.228	10	342	58.514628657164295
1634292295.46	1200	59.863598	0.0	2012653	314	1.2	9.228	10	342	58.514628657164295
1634292299.47	1200	59.641486	0.0	1822103	285	1.2	13.23	12	582	59.47026486756621
1634292303.48	1200	59.678305	0.0	1832177	326	1.2	17.23	12	822	60
1634292307.18	1200	59.995157	0.0	1820480	510	1.2	21.231	12	1062	59.98500374906271
1634292311.66	1200	59.460475	0.0	1799178	304	1.2	25.235	12	1302	59.940059940059975
1634292315.65	1200	59.49537	0.0	1709916	315	1.2	29.236	12	1542	59.98500374906271
1634292319.21	1200	59.855559	0.0	1771595	320	1.2	33.236	12	1782	60.00000000000006
1634292323.35	1200	59.924658	0.0	1761173	346	1.2	37.239	12	2021	59.70522108418686
1634292327.55	1200	59.661555	0.0	1733302	369	1.2	41.237	16	2262	59.27963981990989
1634292331.56	1200	59.717041	0.0	1784941	330	1.2	45.248	16	2503	60.084766891049675
1634292335.6	1200	59.48116	0.0	1702509	328	1.2	49.238	16	2742	59.89974937343355
1634292339.73	1200	59.500814	0.0	1694307	408	1.2	53.238	16	2982	60
1634292343.56	1200	59.797958	0.0	1839362	337	1.2	57.238	17	3222	59.75
1634292347.32	1200	59.84057	0.0	1715553	288	1.2	61.238	32	3462	56.25
1634292351.75	1200	59.633761	0.0	1737144	384	1.2	65.238	33	3702	59.75
1634292355.41	1200	59.791245	0.0	1718570	301	1.2	69.245	35	3943	59.64562016471168
1634292359.56	1200	59.614278	0.0	1799075	347	1.2	73.238	39	4182	58.85299273729033
1634292363.23	1200	59.930561	0.0	1764247	350	1.2	77.239	39	4422	59.98500374906266
1634292367.24	1200	59.952949	0.0	1792164	286	1.2	81.239	39	4662	60
1634292371.32	1200	59.974507	0.0	1923129	370	1.2	85.24	41	4902	59.485128717820686
