1634298240.8	750	4	0.172	427465	69	-0.7346	0	0	0	0
1634298241.63	1850	8	0.0	3156042	532	0.75	0	0	0	0
1634298242.41	1850	11.873441	0.0	3331786	578	1.85	0	0	0	0
1634298243.24	1850	15.083334	0.0	3470899	601	1.85	0	0	0	0
1634298244.25	1850	18.2	0.0	3391540	643	1.85	0	0	0	0
1634298245.14	1850	21.166667	0.0	3653733	683	1.85	5.664	7	123	0
1634298246.05	1850	24.316667	0.0	3500753	628	1.85	5.664	7	123	0
1634298246.95	1850	27.383334	0.0	3417687	659	1.85	5.664	7	123	0
1634298247.68	1850	30.616667	0.0	3185216	531	1.85	5.664	7	123	0
1634298248.56	1850	33.8	0.0	3286263	617	1.85	9.664	33	363	53.5
1634298249.34	1850	36.95757	0.0	3082343	540	1.85	9.664	33	363	53.5
1634298250.08	1850	40.2	0.0	3170736	563	1.85	9.664	33	363	53.5
1634298250.89	1850	43.4	0.0	3196938	612	1.85	9.664	33	363	53.5
1634298251.71	1850	46.583334	0.0	3228009	598	1.85	9.664	33	363	53.5
1634298252.55	1850	49.75	0.0	3513138	653	1.85	13.664	62	603	52.75
1634298253.46	1850	52.866667	0.0	3686191	673	1.85	13.664	62	603	52.75
1634298254.44	1850	55.866667	0.0	3630324	754	1.85	13.664	62	603	52.75
1634298255.43	1850	58.916667	0.0	3348330	733	1.85	13.664	62	603	52.75
1634298258.37	1850	59.940601	0.0	3272823	699	1.85	17.664	82	841	54.49999999999998
1634298262.64	1850	59.678658	0.0	3263947	545	1.85	21.665	86	1083	59.48512871782058
1634298266.55	1850	59.995386	0.0	3246736	645	1.85	25.665	91	1323	58.75
1634298270.92	1850	59.450637	0.0	3067619	565	1.85	29.666	97	1563	58.48537865533615
1634298274.79	1850	59.514648	0.0	3258491	595	1.85	33.666	101	1803	59.00000000000005
1634298278.63	1850	59.827563	0.0	3217708	576	1.85	37.666	104	2043	59.25
1634298282.44	1850	59.892817	0.0	3168556	545	1.85	41.666	107	2283	59.25
1634298286.8	1850	59.666667	0.0	3254799	621	1.85	45.675	111	2524	59.11698677974557
1634298290.95	1850	59.72384	0.0	3101633	618	1.85	49.674	121	2764	57.514378594648626
1634298295.27	1850	59.42721	0.0	3052590	567	1.85	53.667	123	3003	59.35386927122461
1634298298.54	1850	59.979953	0.0	3262551	720	1.85	57.692	123	3245	60.12422360248449
1634298302.99	1850	59.434913	0.0	3205725	693	1.85	61.676	129	3484	58.48393574297186
1634298306.63	1850	59.98852	0.0	3241632	683	1.85	65.676	145	3724	56
1634298310.79	1850	59.680515	0.0	3163365	838	1.85	69.677	157	3964	56.98575356160953
1634298314.39	1850	59.979914	0.0	3382463	804	1.85	73.677	165	4204	58
1634298318.78	1850	59.72174	0.0	3208848	905	1.85	77.677	173	4444	58
1634298322.34	1850	59.983446	0.0	3316907	1226	1.85	81.677	179	4683	58.25
1634298326.97	1850	59.755854	0.0	3609809	799	1.85	85.681	205	4924	53.69630369630382
1634298331.38	1850	59.460056	0.0	3086911	641	1.85	89.678	221	5164	56.042031523642734
1634298334.36	1850	59.964992	0.0	3072632	599	1.85	93.681	227	5404	58.45615788158881
