1634300294.11	750	4	0.217	427465	79	-0.9280999999999999	0	0	0	0
1634300294.31	300	8	0.0	474035	76	-0.15000000000000002	0	0	0	0
1634300294.55	300	12	0.0	448326	124	0.3	0	0	0	0
1634300294.74	300	16	0.0	480048	76	0.3	0	0	0	0
1634300294.93	300	20	0.0	488788	85	0.3	0	0	0	0
1634300295.12	300	24	0.0	487141	79	0.3	0	0	0	0
1634300295.31	300	28	0.0	483526	67	0.3	0	0	0	0
1634300295.51	300	32	0.0	460688	89	0.3	0	0	0	0
1634300295.71	300	36	0.0	444206	70	0.3	0	0	0	0
1634300295.92	300	39.952285	0.0	461617	85	0.3	0	0	0	0
1634300296.11	300	43.750481	0.0	450479	72	0.3	0	0	0	0
1634300296.29	300	47.548547	0.0	473222	72	0.3	0	0	0	0
1634300296.48	300	51.386484	0.0	450253	77	0.3	0	0	0	0
1634300296.72	300	55.143858	0.0	458340	85	0.3	0	0	0	0
1634300296.92	300	58.941449	0.0	501721	85	0.3	0	0	0	0
1634300300.18	300	59.746672	0.0	502943	78	0.3	5.282	0	86	0
1634300304.47	300	59.491733	0.0	495208	115	0.3	9.282	0	326	60
1634300308.24	300	59.800814	0.0	476785	107	0.3	13.282	0	566	60
1634300312.48	300	59.548446	0.0	470301	57	0.3	17.282	0	806	60
1634300316.24	300	59.864061	0.0	478876	70	0.3	21.282	0	1046	60
1634300320.0	300	59.89168	0.0	478683	114	0.3	25.283	0	1286	59.98500374906271
1634300324.25	300	59.635371	0.0	433197	101	0.3	29.283	0	1526	60
1634300328.0	300	59.947643	0.0	463002	99	0.3	33.284	0	1766	59.98500374906277
1634300332.32	300	59.696356	0.0	477800	132	0.3	37.285	0	2006	59.98500374906277
1634300336.07	300	59.992904	0.0	456630	66	0.3	41.285	0	2246	60
1634300340.33	300	59.741565	0.0	459893	107	0.3	45.288	0	2486	59.95503372470647
1634300344.56	300	59.486053	0.0	426253	71	0.3	49.288	0	2726	60
1634300348.34	300	59.801667	0.0	431643	102	0.3	53.288	0	2966	60
1634300352.12	300	59.826545	0.0	467241	84	0.3	57.289	0	3206	59.98500374906266
1634300356.38	300	59.573292	0.0	442868	95	0.3	61.289	0	3446	60
1634300360.17	300	59.885962	0.0	437041	88	0.3	65.289	0	3686	60
1634300363.96	300	59.913498	0.0	436753	123	0.3	69.289	0	3926	60
1634300368.26	300	59.652864	0.0	457086	114	0.3	73.29	0	4166	59.98500374906266
1634300372.54	300	59.4371	0.0	471069	101	0.3	77.303	0	4407	60.054821829055705
1634300376.31	300	59.7473	0.0	470476	104	0.3	81.303	0	4647	60
1634300380.56	300	59.488277	0.0	478853	99	0.3	85.303	0	4887	60
1634300384.31	300	59.784829	0.0	425308	92	0.3	89.304	0	5127	59.98500374906266
1634300388.08	300	59.808061	0.0	436762	119	0.3	93.304	0	5367	60
1634300392.34	300	59.542281	0.0	447413	103	0.3	97.304	0	5607	60
1634300396.08	300	59.852944	0.0	442185	94	0.3	101.304	0	5847	60
1634300400.33	300	59.59805	0.0	447309	83	0.3	105.305	0	6087	59.98500374906266
1634300404.12	300	59.902851	0.0	475738	94	0.3	109.306	0	6327	59.98500374906288
1634300408.37	300	59.680842	0.0	506145	106	0.3	113.307	0	6567	59.98500374906266
1634300412.13	300	59.983334	0.0	493441	103	0.3	117.319	0	6808	60.06979062811565
1634300416.38	300	59.716667	0.0	480118	105	0.3	121.319	0	7048	60
