1634328506.98	750	4	0.158	427465	67	-0.6744	0	0	0	0
1634328508.01	2850	8	0.0	4860073	744	0.75	0	0	0	0
1634328509.1	2850	11.383334	0.0	5306756	829	2.85	0	0	0	0
1634328510.28	2850	14.2	0.0	5542685	904	2.85	0	0	0	0
1634328511.44	2850	17.033334	0.0	5302108	823	2.85	5.095	11	120	0
1634328512.69	2850	20	0.0	5631224	938	2.85	5.095	11	120	0
1634328514.0	2850	22.516667	0.0	5641793	1001	2.85	5.095	11	120	0
1634328515.29	2850	25.233334	0.0	5361170	943	2.85	9.094	69	360	45.511377844461116
1634328516.51	2850	27.95	0.0	5091418	960	2.85	9.094	69	360	45.511377844461116
1634328517.66	2850	30.816667	0.0	5227125	836	2.85	9.094	69	360	45.511377844461116
1634328518.73	2850	33.733334	0.0	4841602	746	2.85	13.095	103	600	51.4871282179455
1634328519.8	2850	36.683334	0.0	4865486	787	2.85	13.095	103	600	51.4871282179455
1634328520.84	2850	39.616667	0.0	4882046	802	2.85	13.095	103	600	51.4871282179455
1634328521.92	2850	42.55	0.0	5028620	842	2.85	13.095	103	600	51.4871282179455
1634328523.15	2850	45.35	0.0	5503564	926	2.85	17.096	130	840	53.23669082729318
1634328524.47	2850	48.1	0.0	5599662	925	2.85	17.096	130	840	53.23669082729318
1634328525.74	2850	50.766667	0.0	5795623	907	2.85	17.096	130	840	53.23669082729318
