1634353145.39	750	4	0.223	391964	99	-0.9539	0	0	0	0
1634353145.55	750	8	0.0	411055	54	0.75	0	0	0	0
1634353145.72	750	12	0.0	428763	78	0.75	0	0	0	0
1634353145.91	750	16	0.0	426503	93	0.75	0	0	0	0
1634353146.07	750	20	0.0	417864	65	0.75	0	0	0	0
1634353146.24	750	24	0.0	462833	79	0.75	0	0	0	0
1634353146.4	750	28	0.0	444447	71	0.75	0	0	0	0
1634353146.58	750	32	0.0	439044	77	0.75	0	0	0	0
1634353146.75	750	36	0.0	407056	63	0.75	0	0	0	0
1634353146.98	750	39.913781	0.0	431257	71	0.75	0	0	0	0
1634353147.15	750	43.752725	0.0	424931	86	0.75	0	0	0	0
1634353147.38	750	47.510953	0.0	415862	83	0.75	0	0	0	0
1634353147.57	750	51.349334	0.0	417958	80	0.75	0	0	0	0
1634353147.78	750	55.145963	0.0	418039	90	0.75	0	0	0	0
1634353147.99	750	58.904175	0.0	441262	70	0.75	0	0	0	0
1634353151.23	750	59.696795	0.0	464095	87	0.75	5.22	0	53	0
1634353155.53	750	59.433335	0.0	462002	109	0.75	9.22	0	173	29.999999999999993
1634353159.24	750	59.733334	0.0	416260	69	0.75	13.22	0	293	30
1634353163.46	750	59.475679	0.0	426855	94	0.75	17.22	0	413	30.000000000000014
1634353167.22	750	59.775111	0.0	423992	108	0.75	21.221	0	533	29.992501874531357
1634353171.46	750	59.563207	0.0	443256	100	0.75	25.221	0	653	30
1634353175.19	750	59.910753	0.0	420854	104	0.75	29.221	0	773	30
1634353179.44	750	59.679559	0.0	434977	70	0.75	33.222	0	893	29.992501874531357
1634353183.19	750	59.992647	0.0	427693	99	0.75	37.222	0	1013	30
1634353187.44	750	59.480506	0.0	435879	86	0.75	41.221	0	1133	30.007501875468904
1634353191.15	750	59.782438	0.0	458523	77	0.75	45.226	0	1253	29.96254681647938
1634353195.37	750	59.804723	0.0	389475	69	0.75	49.222	0	1373	30.030030030030012
1634353199.11	750	59.822154	0.0	412786	68	0.75	53.222	0	1493	30
1634353203.3	750	59.842179	0.0	423981	67	0.75	57.223	0	1613	29.992501874531385
1634353207.04	750	59.90166	0.0	411450	78	0.75	61.224	0	1733	29.992501874531385
1634353211.29	750	59.652555	0.0	415853	74	0.75	65.223	0	1853	30.00750187546885
1634353214.99	750	59.957697	0.0	410977	72	0.75	69.224	0	1973	29.99250187453133
1634353219.19	750	59.976008	0.0	419815	73	0.75	73.225	0	2093	29.99250187453144
1634353223.41	750	59.702607	0.0	418828	66	0.75	77.225	0	2213	30
1634353227.63	750	59.446324	0.0	422899	66	0.75	81.225	0	2333	30
1634353231.36	750	59.788373	0.0	461245	85	0.75	85.225	0	2453	30
1634353235.57	750	59.516703	0.0	420927	70	0.75	89.225	0	2573	30
1634353239.3	750	59.82073	0.0	434125	67	0.75	93.226	0	2693	29.99250187453133
1634353243.55	750	59.54558	0.0	438085	67	0.75	97.225	0	2813	30.007501875468904
1634353247.27	750	59.852219	0.0	426879	76	0.75	101.226	0	2933	29.99250187453133
1634353251.49	750	59.593651	0.0	423829	69	0.75	105.227	0	3053	29.99250187453133
1634353255.22	750	59.90232	0.0	440437	52	0.75	109.226	0	3173	30.007501875468904
1634353258.93	750	59.970288	0.0	464617	77	0.75	113.227	0	3293	29.99250187453133
1634353263.19	750	59.979605	0.0	482901	89	0.75	117.227	0	3413	30
1634353267.4	750	59.753469	0.0	478486	90	0.75	121.228	0	3533	29.99250187453144
