1634330519.25	750	4	0.148	427465	79	-0.6314	0	0	0	0
1634330519.5	750	8	0.0	647387	113	0.75	0	0	0	0
1634330519.72	750	12	0.0	677925	103	0.75	0	0	0	0
1634330519.94	750	15.837598	0.0	706841	103	0.75	0	0	0	0
1634330520.15	750	19.636367	0.0	701203	108	0.75	0	0	0	0
1634330520.39	750	23.394457	0.0	737962	126	0.75	0	0	0	0
1634330520.61	750	27.152383	0.0	699376	117	0.75	0	0	0	0
1634330520.86	750	30.910344	0.0	691941	113	0.75	0	0	0	0
1634330521.13	750	34.664382	0.0	635193	108	0.75	0	0	0	0
1634330521.39	750	38.381667	0.0	655855	107	0.75	0	0	0	0
1634330521.64	750	42.13977	0.0	626785	100	0.75	0	0	0	0
1634330521.85	750	45.938384	0.0	641824	98	0.75	0	0	0	0
1634330522.08	750	49.695043	0.0	657300	117	0.75	0	0	0	0
1634330522.29	750	53.493302	0.0	650171	107	0.75	0	0	0	0
1634330522.54	750	57.251211	0.0	713528	116	0.75	0	0	0	0
1634330524.34	750	59.472473	0.0	758246	130	0.75	4.68	0	179	0
1634330528.11	750	59.777548	0.0	743893	122	0.75	8.679	1	419	59.76494123530882
1634330532.39	750	59.567226	0.0	682559	102	0.75	12.68	1	659	59.98500374906274
1634330536.2	750	59.590142	0.0	689486	113	0.75	16.685	1	900	60.174781523096144
1634330539.99	750	59.89303	0.0	689027	117	0.75	20.685	1	1140	60
1634330544.28	750	59.630584	0.0	673540	104	0.75	24.685	1	1380	60
1634330548.05	750	59.943629	0.0	640816	103	0.75	28.686	1	1620	59.98500374906271
1634330551.9	750	59.954308	0.0	681370	181	0.75	32.686	1	1860	60
1634330556.2	750	59.69652	0.0	689141	115	0.75	36.686	1	2100	60
1634330560.5	750	59.43942	0.0	656898	108	0.75	40.686	1	2340	60
1634330564.28	750	59.779163	0.0	670951	112	0.75	44.689	1	2580	59.95503372470647
1634330568.05	750	59.802606	0.0	618544	115	0.75	48.689	1	2820	60
1634330572.41	750	59.546364	0.0	618247	80	0.75	52.689	1	3060	60
1634330576.18	750	59.852688	0.0	671894	78	0.75	56.689	1	3300	60
1634330579.95	750	59.874049	0.0	642169	113	0.75	60.689	1	3540	60
1634330584.24	750	59.608751	0.0	635411	112	0.75	64.689	1	3780	60.00000000000011
1634330588.0	750	59.95421	0.0	644615	99	0.75	68.69	1	4020	59.98500374906266
1634330592.28	750	59.695334	0.0	672342	103	0.75	72.69	1	4260	60
1634330596.55	750	59.430939	0.0	666301	103	0.75	76.691	1	4500	59.98500374906266
1634330600.36	750	59.453793	0.0	665276	103	0.75	80.691	1	4740	60
1634330604.13	750	59.753906	0.0	696340	106	0.75	84.691	1	4980	60
1634330608.37	750	59.490226	0.0	634337	104	0.75	88.691	1	5220	60
1634330612.19	750	59.839963	0.0	642800	107	0.75	92.692	1	5460	59.98500374906288
1634330615.96	750	59.896441	0.0	660587	116	0.75	96.692	1	5700	60
1634330620.21	750	59.628311	0.0	654618	116	0.75	100.692	1	5940	60
1634330624.01	750	59.934957	0.0	644116	101	0.75	104.693	1	6180	59.98500374906266
1634330627.82	750	59.958695	0.0	677809	9	0.75	108.693	1	6420	60
1634330632.07	750	59.731258	0.0	722701	128	0.75	112.693	1	6660	60
1634330636.33	750	59.47208	0.0	750718	119	0.75	116.692	1	6900	60.01500375093781
1634330640.12	750	59.779725	0.0	708690	118	0.75	120.693	1	7140	59.98500374906266
