1634341698.94	750	4	0.162	427465	74	-0.6916	0	0	0	0
1634341700.36	2850	8	0.0	4860073	739	0.75	0	0	0	0
1634341701.5	2850	11.166667	0.0	5306756	876	2.85	0	0	0	0
1634341702.71	2850	14	0.0	5542685	904	2.85	5.225	7	103	0
1634341703.92	2850	16.75	0.0	5302108	884	2.85	5.225	7	103	0
1634341705.18	2850	19.65	0.0	5631224	806	2.85	5.225	7	103	0
1634341706.39	2850	22.3	0.0	5641793	910	2.85	9.224	69	341	44.011002750687666
1634341707.55	2850	25.133334	0.0	5361170	878	2.85	9.224	69	341	44.011002750687666
1634341708.67	2850	28	0.0	5091418	850	2.85	9.224	69	341	44.011002750687666
1634341709.82	2850	30.85	0.0	5227125	868	2.85	9.224	69	341	44.011002750687666
1634341710.91	2850	33.766667	0.0	4841602	785	2.85	13.225	108	583	50.737315671082236
1634341712.04	2850	36.65	0.0	4865486	836	2.85	13.225	108	583	50.737315671082236
1634341713.1	2850	39.566667	0.0	4882046	734	2.85	13.225	108	583	50.737315671082236
1634341714.2	2850	42.466667	0.0	5028620	810	2.85	13.225	108	583	50.737315671082236
1634341715.45	2850	45.25	0.0	5503564	897	2.85	17.239	144	824	51.071250622820116
1634341716.82	2850	47.883334	0.0	5599662	1019	2.85	17.239	144	824	51.071250622820116
1634341718.19	2850	50.516667	0.0	5795623	995	2.85	17.239	144	824	51.071250622820116
