1634335236.94	750	4	0.136	427465	66	-0.5798	0	0	0	0
1634335238.01	2850	7.616667	0.0	4860073	817	0.75	0	0	0	0
1634335239.13	2850	10.5	0.0	5306756	891	2.85	0	0	0	0
1634335240.29	2850	13.35	0.0	5542685	924	2.85	0	0	0	0
1634335241.42	2850	16.216667	0.0	5302108	885	2.85	4.614	11	171	0
1634335242.69	2850	18.966667	0.0	5631224	952	2.85	4.614	11	171	0
1634335243.91	2850	21.75	0.0	5641793	963	2.85	4.614	11	171	0
1634335245.09	2850	24.566667	0.0	5361170	908	2.85	8.612	44	411	51.77588794397198
1634335246.15	2850	27.483334	0.0	5091418	818	2.85	8.612	44	411	51.77588794397198
1634335247.3	2850	30.35	0.0	5227125	893	2.85	8.612	44	411	51.77588794397198
1634335248.45	2850	33.25	0.0	4841602	848	2.85	12.614	65	644	52.9735132433783
1634335249.53	2850	36.1	0.0	4865486	816	2.85	12.614	65	644	52.9735132433783
1634335250.57	2850	39.05	0.0	4882046	794	2.85	12.614	65	644	52.9735132433783
1634335251.73	2850	41.983334	0.0	5028620	848	2.85	12.614	65	644	52.9735132433783
1634335252.98	2850	44.683334	0.0	5503564	978	2.85	16.613	99	891	53.26331582895725
1634335254.16	2850	47.483334	0.0	5599662	931	2.85	16.613	99	891	53.26331582895725
1634335255.42	2850	50.283334	0.0	5795623	956	2.85	16.613	99	891	53.26331582895725
1634335256.54	2850	53.083334	0.0	5156941	878	2.85	20.614	128	1131	52.73681579605097
1634335257.81	2850	55.833334	0.0	5325355	1024	2.85	20.614	128	1131	52.73681579605097
1634335258.92	2850	58.733334	0.0	5072821	819	2.85	20.614	128	1131	52.73681579605097
1634335261.61	2850	59.977745	0.0	5221211	895	2.85	24.615	160	1371	51.98700324918774
1634335266.23	2850	59.436583	0.0	4991290	843	2.85	28.615	170	1611	57.5
1634335269.88	2850	59.750282	0.0	5164068	852	2.85	32.616	179	1851	57.73556610847287
1634335274.04	2850	59.777123	0.0	5005269	873	2.85	36.616	185	2091	58.5
1634335277.79	2850	59.811667	0.0	5068042	928	2.85	40.616	196	2331	57.25
1634335281.95	2850	59.797179	0.0	5237110	862	2.85	44.616	204	2571	58
1634335286.02	2850	59.817379	0.0	4821435	769	2.85	48.617	209	2811	58.7353161709573
1634335290.1	2850	59.558392	0.0	4701041	810	2.85	52.617	215	3051	58.5
1634335293.75	2850	59.867842	0.0	5120086	856	2.85	56.618	223	3291	57.98550362409391
1634335297.9	2850	59.81057	0.0	5250336	842	2.85	60.617	235	3531	57.014253563390916
1634335302.11	2850	59.558388	0.0	5232468	886	2.85	64.618	247	3771	56.985753561609634
1634335305.77	2850	59.857526	0.0	4935497	814	2.85	68.618	259	4011	57
1634335310.03	2850	59.603903	0.0	5346034	961	2.85	72.618	266	4251	58.25
1634335314.24	2850	59.433865	0.0	5134134	872	2.85	76.618	279	4491	56.75
1634335318.02	2850	59.738308	0.0	5368213	927	2.85	80.619	291	4731	56.98575356160953
1634335322.3	2850	59.443614	0.0	5612239	943	2.85	84.619	301	4971	57.5
1634335325.91	2850	59.767282	0.0	4811747	800	2.85	88.619	310	5211	57.75
1634335330.13	2850	59.523844	0.0	4933279	882	2.85	92.619	324	5451	56.5
1634335333.95	2850	59.848295	0.0	5486100	1034	2.85	96.619	336	5691	57
1634335338.14	2850	59.593378	0.0	5218313	877	2.85	100.621	347	5931	57.221389305347394
1634335341.76	2850	59.896346	0.0	4977187	863	2.85	104.62	353	6171	58.51462865716415
1634335345.97	2850	59.630474	0.0	5061968	852	2.85	108.622	364	6411	57.221389305347394
1634335349.75	2850	59.936965	0.0	5225870	945	2.85	112.622	377	6651	56.75
1634335354.14	2850	59.603974	0.0	6017300	975	2.85	116.622	392	6891	56.25
1634335357.91	2850	59.897373	0.0	5509165	925	2.85	120.622	406	7131	56.5
