1634322606.58	750	4	0.27	427465	148	-1.1560000000000001	0	0	0	0
1634322607.44	1850	8	0.0	3156042	515	0.75	0	0	0	0
1634322608.18	1850	11.883334	0.0	3331786	552	1.85	0	0	0	0
1634322609.02	1850	15.1	0.0	3470899	598	1.85	0	0	0	0
1634322609.8	1850	18.266667	0.0	3391540	554	1.85	0	0	0	0
1634322610.85	1850	21.233334	0.0	3653733	638	1.85	5.414	6	123	0
1634322611.69	1850	24.4	0.0	3500753	597	1.85	5.414	6	123	0
1634322612.58	1850	27.55	0.0	3417687	603	1.85	5.414	6	123	0
1634322613.43	1850	30.633334	0.0	3185216	647	1.85	5.414	6	123	0
1634322614.35	1850	33.733334	0.0	3286263	675	1.85	9.414	42	363	51
1634322615.07	1850	36.985904	0.0	3082343	512	1.85	9.414	42	363	51
1634322615.79	1850	40.266667	0.0	3170736	533	1.85	9.414	42	363	51
1634322616.77	1850	43.333334	0.0	3196938	725	1.85	9.414	42	363	51
1634322617.59	1850	46.466667	0.0	3228009	589	1.85	9.414	42	363	51
1634322619.05	1850	49.016667	0.0	3513138	1267	1.85	13.414	59	603	55.75
1634322619.92	1850	52.166667	0.0	3686191	653	1.85	13.414	59	603	55.75
1634322620.77	1850	55.3	0.0	3630324	617	1.85	13.414	59	603	55.75
1634322621.52	1850	58.55	0.0	3348330	541	1.85	13.414	59	603	55.75
1634322624.37	1850	59.934001	0.0	3272823	571	1.85	17.414	71	843	56.99999999999997
1634322628.25	1850	59.963833	0.0	3263947	622	1.85	21.429	77	1084	58.53051058530515
1634322632.11	1850	59.972384	0.0	3246736	545	1.85	25.429	80	1324	59.25
1634322636.38	1850	59.709773	0.0	3067619	534	1.85	29.43	82	1564	59.48512871782053
1634322640.71	1850	59.453646	0.0	3258491	584	1.85	33.429	85	1804	59.26481620405098
1634322644.57	1850	59.843428	0.0	3217708	738	1.85	37.434	104	2044	55.18102372034963
1634322648.49	1850	59.629682	0.0	3168556	505	1.85	41.43	110	2284	58.55855855855852
1634322652.31	1850	59.962532	0.0	3254799	600	1.85	45.442	112	2525	59.571286141575264
1634322656.12	1850	59.983334	0.0	3101633	564	1.85	49.431	114	2764	59.41338681373782
1634322661.15	1850	59.834767	0.0	3052590	854	1.85	53.43	120	3004	58.51462865716426
