1634345207.85	750	4	0.158	391964	77	-0.6744	0	0	0	0
1634345208.37	1850	8	0.0	2068530	324	0.75	0	0	0	0
1634345208.89	1850	12	0.0	2231919	377	1.85	0	0	0	0
1634345209.41	1850	16	0.0	2071679	346	1.85	0	0	0	0
1634345210.07	1850	19.50821	0.0	2075075	403	1.85	0	0	0	0
1634345210.76	1850	22.823059	0.0	2324573	491	1.85	0	0	0	0
1634345211.33	1850	26.215155	0.0	2327434	384	1.85	5.334	0	47	0
1634345211.94	1850	29.610678	0.0	2160877	397	1.85	5.334	0	47	0
1634345212.51	1850	33.046928	0.0	2004753	410	1.85	5.334	0	47	0
1634345213.08	1850	36.481479	0.0	2057086	412	1.85	5.334	0	47	0
1634345213.59	1850	40	0.0	2101929	353	1.85	5.334	0	47	0
1634345214.11	1850	43.431847	0.0	2052018	324	1.85	5.334	0	47	0
1634345214.64	1850	46.907967	0.0	2085705	349	1.85	5.334	0	47	0
1634345215.4	1850	50.1417	0.0	2112772	613	1.85	9.334	1	167	29.75
1634345216.2	1850	53.375137	0.0	2222688	540	1.85	9.334	1	167	29.75
1634345216.85	1850	56.728754	0.0	2169593	414	1.85	9.334	1	167	29.75
1634345217.88	1850	59.843086	0.0	2267471	350	1.85	9.334	1	167	29.75
1634345221.89	1850	59.875902	0.0	2094437	333	1.85	13.377	1	288	29.928271085827348
1634345226.02	1850	59.638903	0.0	2148255	429	1.85	17.378	1	408	29.99250187453137
1634345229.56	1850	59.995573	0.0	2132587	327	1.85	21.378	1	528	30
1634345234.27	1850	59.467443	0.0	2151407	333	1.85	25.381	1	648	29.977516862353234
1634345238.22	1850	59.784579	0.0	2063523	346	1.85	29.379	1	768	30.015007503751868
