1634644418.27	750	4	0.775	3873109	619	-3.3275	0	0	0	0
1634644419.0	2850	8	0.0	3278264	521	0.75	0	0	0	0
1634644419.98	2850	11.072418	0.0	4479625	734	2.85	0	0	0	0
1634644420.78	2850	14.266667	0.0	3495272	600	2.85	0	0	0	0
1634644421.6	2850	17.433334	0.0	3525421	575	2.85	4.627	0	63	0
1634644422.66	2850	20.433334	0.0	4652033	749	2.85	4.627	0	63	0
1634644423.59	2850	23.439578	0.0	4298145	698	2.85	4.627	0	63	0
1634644424.49	2850	26.566667	0.0	4054420	647	2.85	4.627	0	63	0
1634644425.44	2850	29.633334	0.0	3887575	649	2.85	8.628	2	183	29.492626843289177
1634644426.46	2850	32.572091	0.0	4241421	761	2.85	8.628	2	183	29.492626843289177
1634644427.31	2850	35.733334	0.0	3616621	606	2.85	8.628	2	183	29.492626843289177
1634644428.21	2850	38.833906	0.0	3962980	672	2.85	8.628	2	183	29.492626843289177
1634644429.17	2850	41.865376	0.0	4314183	730	2.85	12.628	3	303	29.75
1634644430.12	2850	44.9	0.0	4310059	725	2.85	12.628	3	303	29.75
1634644431.11	2850	47.933334	0.0	4053167	749	2.85	12.628	3	303	29.75
1634644432.19	2850	50.866667	0.0	4086458	812	2.85	12.628	3	303	29.75
1634644433.25	2850	53.833334	0.0	4236208	752	2.85	16.629	4	423	29.742564358910265
1634644434.43	2850	56.633334	0.0	4627495	899	2.85	16.629	4	423	29.742564358910265
1634644435.47	2850	59.566667	0.0	4132961	806	2.85	16.629	4	423	29.742564358910265
1634644439.15	2850	59.938545	0.0	4330790	804	2.85	20.63	12	543	27.993001749562627
1634644443.18	2850	59.950012	0.0	4120215	694	2.85	24.632	13	663	29.73513243378309
1634644447.23	2850	59.969807	0.0	4019609	736	2.85	28.632	14	783	29.75
1634644451.3	2850	59.740257	0.0	4247039	718	2.85	32.633	14	903	29.992501874531357
1634644455.74	2850	59.472474	0.0	4124058	638	2.85	36.633	14	1023	30
1634644459.67	2850	59.560526	0.0	3926768	597	2.85	40.633	15	1143	29.75
1634644463.59	2850	59.562806	0.0	3943735	611	2.85	44.633	15	1263	30
1634644467.51	2850	59.578017	0.0	3670575	613	2.85	48.634	16	1383	29.74256435891029
1634644471.42	2850	59.630738	0.0	3794223	588	2.85	52.648	17	1504	29.895366218236152
1634644475.47	2850	59.680852	0.0	4668334	718	2.85	56.648	18	1624	29.75
1634644479.46	2850	59.707194	0.0	4252092	699	2.85	60.648	18	1744	30
1634644483.51	2850	59.684985	0.0	4278890	666	2.85	64.649	20	1864	29.492626843289194
1634644487.4	2850	59.687891	0.0	3680627	571	2.85	68.649	20	1984	30
1634644491.42	2850	59.706564	0.0	4170657	640	2.85	72.649	20	2104	30
1634644495.33	2850	59.768546	0.0	3999127	608	2.85	76.65	20	2224	29.99250187453133
1634644499.45	2850	59.704862	0.0	4663093	720	2.85	80.651	28	2344	27.993001749562676
1634644503.49	2850	59.721989	0.0	4561873	713	2.85	84.65	28	2464	30.007501875468797
1634644507.27	2850	59.767549	0.0	3117100	463	2.85	88.65	28	2584	30
1634644511.59	2850	59.4929	0.0	3492326	539	2.85	92.65	28	2704	30
1634644515.64	2850	59.509506	0.0	4219470	716	2.85	96.651	29	2824	29.742564358910343
1634644519.57	2850	59.521906	0.0	4003993	660	2.85	100.651	29	2944	30
1634644523.54	2850	59.537269	0.0	3912267	616	2.85	104.651	29	3064	30
1634644527.27	2850	59.837352	0.0	3014116	492	2.85	108.652	29	3184	29.99250187453133
1634644531.57	2850	59.572704	0.0	3111089	490	2.85	112.688	29	3305	29.98017839444994
1634644535.22	2850	59.912811	0.0	4886444	770	2.85	116.688	34	3425	28.75
1634644539.17	2850	59.967547	0.0	4218237	684	2.85	120.689	34	3545	29.99250187453144
