1634360413.66	750	4	0.172	391964	68	-0.7346	0	0	0	0
1634360413.83	300	8	0.0	212073	38	-0.15000000000000002	0	0	0	0
1634360413.95	300	12	0.0	209182	22	0.3	0	0	0	0
1634360414.07	300	16	0.0	227172	31	0.3	0	0	0	0
1634360414.21	300	20	0.0	238359	38	0.3	0	0	0	0
1634360414.33	300	24	0.0	239351	38	0.3	0	0	0	0
1634360414.45	300	28	0.0	228239	37	0.3	0	0	0	0
1634360414.57	300	32	0.0	217009	32	0.3	0	0	0	0
1634360414.7	300	36	0.0	207641	30	0.3	0	0	0	0
1634360414.83	300	40	0.0	218897	36	0.3	0	0	0	0
1634360414.95	300	44	0.0	219759	35	0.3	0	0	0	0
1634360415.08	300	48	0.0	203704	27	0.3	0	0	0	0
1634360415.22	300	51.954704	0.0	211384	10	0.3	0	0	0	0
1634360415.34	300	55.834006	0.0	213546	34	0.3	0	0	0	0
1634360415.49	300	59.673068	0.0	246294	49	0.3	0	0	0	0
1634360419.68	300	59.731176	0.0	253840	43	0.3	5.108	0	53	0
1634360423.4	300	59.812535	0.0	239526	49	0.3	9.109	0	173	29.992501874531364
1634360427.6	300	59.826346	0.0	208664	44	0.3	13.109	0	293	30
1634360431.79	300	59.553134	0.0	215978	36	0.3	17.109	0	413	29.999999999999986
1634360435.51	300	59.892145	0.0	214741	15	0.3	21.11	0	533	29.992501874531385
1634360439.68	300	59.618591	0.0	229698	41	0.3	25.109	0	653	30.00750187546885
1634360443.33	300	59.922148	0.0	216304	47	0.3	29.11	0	773	29.992501874531385
1634360447.59	300	59.645176	0.0	219079	39	0.3	33.11	0	893	30
1634360451.27	300	59.979917	0.0	220595	37	0.3	37.11	0	1013	30
1634360455.93	300	59.436197	0.0	208066	30	0.3	41.111	0	1133	29.992501874531385
1634360459.62	300	59.733334	0.0	217725	17	0.3	45.115	0	1254	30.219780219780183
1634360463.79	300	59.472066	0.0	207408	48	0.3	49.112	0	1374	30.02251688766575
1634360467.49	300	59.769281	0.0	202241	51	0.3	53.111	0	1493	29.757439359839996
1634360471.7	300	59.51132	0.0	213768	38	0.3	57.112	0	1614	30.242439390152427
1634360475.39	300	59.81204	0.0	206170	36	0.3	61.113	0	1734	29.992501874531385
1634360479.59	300	59.832089	0.0	209147	37	0.3	65.112	0	1854	30.007501875468904
1634360483.74	300	59.590889	0.0	203399	37	0.3	69.113	0	1974	29.99250187453133
1634360487.45	300	59.89512	0.0	208834	50	0.3	73.114	0	2094	29.99250187453133
1634360491.62	300	59.670125	0.0	210493	47	0.3	77.115	0	2214	29.99250187453144
1634360495.35	300	59.98397	0.0	214341	70	0.3	81.115	0	2334	30
1634360499.56	300	59.760165	0.0	236978	45	0.3	85.115	0	2454	30
1634360503.72	300	59.494708	0.0	206432	34	0.3	89.115	0	2574	30
1634360507.37	300	59.806244	0.0	213940	41	0.3	93.116	0	2694	29.99250187453133
1634360511.55	300	59.833752	0.0	217550	37	0.3	97.115	0	2814	30.007501875468904
1634360515.74	300	59.600285	0.0	217543	21	0.3	101.116	0	2934	29.99250187453133
1634360519.42	300	59.927835	0.0	207114	29	0.3	105.117	0	3054	29.99250187453133
1634360523.63	300	59.663137	0.0	230790	37	0.3	109.117	0	3174	30
1634360527.31	300	59.971692	0.0	242484	20	0.3	113.118	0	3294	29.99250187453144
1634360531.47	300	59.711651	0.0	244433	53	0.3	117.118	0	3414	30
1634360535.64	300	59.739759	0.0	245567	45	0.3	121.118	0	3534	30
