1634359238.76	750	4	0.155	391964	81	-0.6615	0	0	0	0
1634359239.15	1200	8	0.0	1027639	184	0.75	0	0	0	0
1634359239.47	1200	11.834565	0.0	1094547	190	1.2	0	0	0	0
1634359239.79	1200	15.512301	0.0	1068941	155	1.2	0	0	0	0
1634359240.1	1200	19.189828	0.0	1069226	188	1.2	0	0	0	0
1634359240.46	1200	22.826183	0.0	1157353	211	1.2	0	0	0	0
1634359240.83	1200	26.46181	0.0	1168829	210	1.2	0	0	0	0
1634359241.21	1200	30.057469	0.0	1093471	183	1.2	0	0	0	0
1634359241.49	1200	33.775664	0.0	1020028	169	1.2	0	0	0	0
1634359241.76	1200	37.533458	0.0	1051427	164	1.2	0	0	0	0
1634359242.07	1200	41.209694	0.0	1070992	177	1.2	0	0	0	0
1634359242.42	1200	44.88731	0.0	1063461	182	1.2	4.541	0	89	0
1634359242.9	1200	48.523461	0.0	1074096	177	1.2	4.541	0	89	0
1634359243.28	1200	52	0.0	1080192	204	1.2	4.541	0	89	0
1634359243.58	1200	55.715713	0.0	1139934	189	1.2	4.541	0	89	0
1634359243.92	1200	59.35343	0.0	1145330	198	1.2	4.541	0	89	0
1634359247.8	1200	59.527651	0.0	1173744	181	1.2	8.54	0	209	30.007501875468876
1634359251.65	1200	59.877792	0.0	1061602	204	1.2	12.541	0	328	29.742564358910265
1634359255.49	1200	59.902461	0.0	1076224	167	1.2	16.549	0	449	30.18962075848304
1634359259.84	1200	59.626482	0.0	1068038	168	1.2	20.549	0	569	30
1634359263.7	1200	59.64459	0.0	1097493	177	1.2	24.55	0	689	29.992501874531357
1634359267.63	1200	59.698158	0.0	1072339	183	1.2	28.55	0	809	30
1634359272.03	1200	59.439851	0.0	1067889	184	1.2	32.553	0	929	29.977516862353262
1634359275.89	1200	59.454229	0.0	1067959	179	1.2	36.553	0	1049	30
1634359279.76	1200	59.76267	0.0	1077712	161	1.2	40.553	0	1169	30
1634359283.61	1200	59.775318	0.0	1138441	189	1.2	44.554	0	1289	29.99250187453133
1634359287.93	1200	59.520696	0.0	1027213	166	1.2	48.553	0	1409	30.007501875468904
1634359291.79	1200	59.541117	0.0	1019513	182	1.2	52.554	0	1529	29.99250187453133
1634359295.64	1200	59.850344	0.0	1030601	163	1.2	56.554	0	1649	30
1634359299.5	1200	59.860841	0.0	1059459	169	1.2	60.556	0	1769	29.98500749625191
1634359303.81	1200	59.58315	0.0	1058483	175	1.2	64.557	0	1889	29.99250187453133
1634359307.61	1200	59.87947	0.0	1026788	159	1.2	68.557	0	2009	30
1634359311.42	1200	59.894706	0.0	1034920	155	1.2	72.559	0	2129	29.98500749625191
1634359315.77	1200	59.626375	0.0	1024487	157	1.2	76.56	0	2249	29.99250187453133
1634359319.63	1200	59.927376	0.0	1088769	174	1.2	80.56	0	2369	30
1634359323.52	1200	59.942246	0.0	1213691	217	1.2	84.56	0	2489	30
1634359327.82	1200	59.667161	0.0	996535	157	1.2	88.56	0	2609	30
1634359331.65	1200	59.68716	0.0	1040309	165	1.2	92.561	0	2729	29.99250187453133
1634359335.52	1200	59.991987	0.0	1135519	192	1.2	96.561	0	2849	30
1634359339.9	1200	59.433334	0.0	1080635	182	1.2	100.561	0	2969	30
1634359343.75	1200	59.744636	0.0	1037366	177	1.2	104.562	0	3089	29.99250187453144
1634359347.59	1200	59.767357	0.0	1075257	168	1.2	108.562	0	3209	30
1634359351.97	1200	59.502924	0.0	1145173	188	1.2	112.563	0	3329	29.99250187453133
1634359355.91	1200	59.51659	0.0	1216507	246	1.2	116.562	0	3449	30.007501875468904
1634359359.78	1200	59.543853	0.0	1142437	189	1.2	120.562	0	3569	30
