1634296671.08	750	4	0.138	391964	74	-0.5883999999999999	0	0	0	0
1634296671.26	750	8	0.0	411055	68	0.75	0	0	0	0
1634296671.43	750	12	0.0	428763	39	0.75	0	0	0	0
1634296671.59	750	16	0.0	426503	64	0.75	0	0	0	0
1634296671.76	750	19.995627	0.0	417864	77	0.75	0	0	0	0
1634296671.92	750	23.834563	0.0	462833	73	0.75	0	0	0	0
1634296672.11	750	27.632493	0.0	444447	92	0.75	0	0	0	0
1634296672.31	750	31.430529	0.0	439044	76	0.75	0	0	0	0
1634296672.48	750	35.268943	0.0	407056	76	0.75	0	0	0	0
1634296672.67	750	39.067461	0.0	431257	68	0.75	0	0	0	0
1634296672.88	750	42.865304	0.0	424931	71	0.75	0	0	0	0
1634296673.07	750	46.703681	0.0	415862	65	0.75	0	0	0	0
1634296673.27	750	50.501085	0.0	417958	68	0.75	0	0	0	0
1634296673.46	750	54.298672	0.0	418039	73	0.75	0	0	0	0
1634296673.65	750	58.096692	0.0	441262	77	0.75	0	0	0	0
1634296676.34	750	59.464331	0.0	464095	66	0.75	4.582	0	86	0
1634296680.04	750	59.767405	0.0	462002	75	0.75	8.582	0	206	29.999999999999993
1634296684.33	750	59.530104	0.0	416260	82	0.75	12.582	0	326	30
1634296688.13	750	59.83822	0.0	426855	91	0.75	16.582	0	446	30
1634296691.87	750	59.891529	0.0	423992	87	0.75	20.582	0	566	30
1634296696.08	750	59.900796	0.0	443256	85	0.75	24.583	0	686	29.992501874531385
1634296700.31	750	59.637839	0.0	420854	86	0.75	28.583	0	806	30
1634296704.07	750	59.97104	0.0	434977	61	0.75	32.583	0	926	30
1634296708.26	750	59.750273	0.0	427693	69	0.75	36.584	0	1046	29.99250187453133
1634296712.0	750	59.769577	0.0	435879	84	0.75	40.583	0	1166	30.007501875468904
1634296716.26	750	59.509588	0.0	458523	108	0.75	44.584	0	1286	29.99250187453133
1634296719.97	750	59.82344	0.0	389475	62	0.75	48.584	0	1406	30
1634296724.16	750	59.846381	0.0	412786	63	0.75	52.584	0	1526	30
1634296728.37	750	59.56138	0.0	423981	76	0.75	56.585	0	1646	29.992501874531385
1634296732.09	750	59.861678	0.0	411450	72	0.75	60.585	0	1766	30
1634296736.34	750	59.597206	0.0	415853	66	0.75	64.585	0	1886	30.000000000000053
1634296740.07	750	59.897005	0.0	410977	45	0.75	68.585	0	2006	30
1634296743.84	750	59.92324	0.0	419815	71	0.75	72.586	0	2126	29.99250187453133
1634296748.07	750	59.941037	0.0	418828	82	0.75	76.586	0	2246	30
1634296751.8	750	59.961209	0.0	422899	64	0.75	80.586	0	2366	30
1634296756.01	750	59.979548	0.0	461245	92	0.75	84.586	0	2486	30
1634296760.21	750	59.701577	0.0	420927	54	0.75	88.587	0	2606	29.99250187453133
1634296764.42	750	59.478131	0.0	434125	85	0.75	92.587	0	2726	30
1634296768.13	750	59.819744	0.0	438085	57	0.75	96.587	0	2846	30
1634296772.38	750	59.552838	0.0	426879	88	0.75	100.587	0	2966	30
1634296776.1	750	59.881929	0.0	423829	21	0.75	104.588	0	3086	29.99250187453144
1634296780.35	750	59.619634	0.0	440437	78	0.75	108.588	0	3206	30
1634296784.1	750	59.927805	0.0	464617	84	0.75	112.588	0	3326	30
1634296787.86	750	59.952164	0.0	482901	98	0.75	116.588	0	3446	30
1634296792.05	750	59.693261	0.0	478486	86	0.75	120.599	0	3566	29.917726252804712
