1634346294.92	750	4	0.172	391964	99	-0.7346	0	0	0	0
1634346295.23	1200	8	0.0	1027639	130	0.75	0	0	0	0
1634346295.54	1200	12	0.0	1094547	184	1.2	0	0	0	0
1634346295.84	1200	15.716296	0.0	1068941	181	1.2	0	0	0	0
1634346296.11	1200	19.474532	0.0	1069226	164	1.2	0	0	0	0
1634346296.43	1200	23.110927	0.0	1157353	190	1.2	0	0	0	0
1634346296.75	1200	26.822557	0.0	1168829	198	1.2	0	0	0	0
1634346297.05	1200	30.500234	0.0	1093471	189	1.2	0	0	0	0
1634346297.34	1200	34.218077	0.0	1020028	177	1.2	0	0	0	0
1634346297.61	1200	37.93608	0.0	1051427	171	1.2	0	0	0	0
1634346297.91	1200	41.650013	0.0	1070992	192	1.2	0	0	0	0
1634346298.21	1200	45.367673	0.0	1063461	196	1.2	0	0	0	0
1634346298.55	1200	49.00331	0.0	1074096	213	1.2	4.602	0	84	0
1634346298.97	1200	52.6	0.0	1080192	268	1.2	4.602	0	84	0
1634346299.26	1200	56.317701	0.0	1139934	182	1.2	4.602	0	84	0
1634346300.11	1200	59.471118	0.0	1145330	200	1.2	4.602	0	84	0
1634346303.94	1200	59.775183	0.0	1173744	181	1.2	8.605	1	204	29.727704221833623
1634346307.79	1200	59.83806	0.0	1061602	155	1.2	12.605	1	324	30
1634346312.14	1200	59.578046	0.0	1076224	175	1.2	16.606	1	444	29.992501874531357
1634346315.98	1200	59.640918	0.0	1068038	177	1.2	20.606	1	564	30
1634346319.82	1200	59.940663	0.0	1097493	199	1.2	24.606	1	684	30
1634346323.63	1200	59.998266	0.0	1072339	165	1.2	28.606	1	804	30
1634346327.97	1200	59.768817	0.0	1067889	165	1.2	32.607	1	924	29.992501874531385
1634346331.89	1200	59.782886	0.0	1067959	193	1.2	36.607	1	1044	30
1634346335.79	1200	59.806771	0.0	1077712	140	1.2	40.607	1	1164	30
1634346340.19	1200	59.537116	0.0	1138441	186	1.2	44.607	1	1284	30
1634346344.03	1200	59.562482	0.0	1027213	154	1.2	48.608	1	1404	29.992501874531385
1634346347.87	1200	59.860806	0.0	1019513	167	1.2	52.608	1	1524	30
1634346352.2	1200	59.592612	0.0	1030601	161	1.2	56.608	1	1644	30
1634346356.02	1200	59.601642	0.0	1059459	166	1.2	60.608	1	1764	30
1634346359.86	1200	59.904088	0.0	1058483	153	1.2	64.609	1	1884	29.992501874531385
1634346363.71	1200	59.920521	0.0	1026788	176	1.2	68.609	1	2004	30
1634346368.03	1200	59.684592	0.0	1034920	148	1.2	72.609	1	2124	30
1634346371.84	1200	59.751811	0.0	1024487	136	1.2	76.61	1	2244	29.99250187453133
1634346376.19	1200	59.470431	0.0	1088769	174	1.2	80.632	1	2365	30.084535057185438
1634346380.04	1200	59.518716	0.0	1213691	183	1.2	84.632	1	2485	30
1634346383.88	1200	59.820016	0.0	996535	160	1.2	88.632	1	2605	30
1634346387.74	1200	59.846799	0.0	1040309	150	1.2	92.632	1	2725	30
1634346392.13	1200	59.62881	0.0	1135519	169	1.2	96.633	1	2845	29.99250187453144
1634346395.95	1200	59.653227	0.0	1080635	169	1.2	100.633	1	2965	30
1634346399.78	1200	59.960906	0.0	1037366	175	1.2	104.633	1	3085	30
1634346403.62	1200	59.977136	0.0	1075257	170	1.2	108.634	1	3205	29.99250187453133
1634346407.99	1200	59.711477	0.0	1145173	174	1.2	112.634	1	3325	30
1634346411.84	1200	59.724215	0.0	1216507	191	1.2	116.634	1	3445	30
1634346416.14	1200	59.447926	0.0	1142437	181	1.2	120.635	1	3565	29.99250187453133
