1634330048.08	750	4	0.245	427465	44	-1.0485000000000002	0	0	0	0
1634330048.43	750	8	0.0	647387	115	0.75	0	0	0	0
1634330048.66	750	12	0.0	677925	135	0.75	0	0	0	0
1634330048.91	750	16	0.0	706841	114	0.75	0	0	0	0
1634330049.14	750	20	0.0	701203	111	0.75	0	0	0	0
1634330049.35	750	24	0.0	737962	118	0.75	0	0	0	0
1634330049.57	750	28	0.0	699376	111	0.75	0	0	0	0
1634330049.78	750	32	0.0	691941	110	0.75	0	0	0	0
1634330050.05	750	36	0.0	635193	120	0.75	0	0	0	0
1634330050.26	750	40	0.0	655855	107	0.75	0	0	0	0
1634330050.52	750	44	0.0	626785	94	0.75	0	0	0	0
1634330050.76	750	48	0.0	641824	108	0.75	0	0	0	0
1634330051.02	750	52	0.0	657300	106	0.75	0	0	0	0
1634330051.29	750	55.781684	0.0	650171	83	0.75	5.133	0	8	0
1634330051.52	750	59.539603	0.0	713528	127	0.75	5.133	0	8	0
1634330055.3	750	59.983334	0.0	758246	119	0.75	9.136	2	248	59.45540844366726
1634330059.12	750	59.997822	0.0	743893	101	0.75	9.136	2	248	59.45540844366726
1634330063.46	750	59.742666	0.0	682559	106	0.75	17.137	2	728	60
1634330067.76	750	59.48004	0.0	689486	110	0.75	21.137	2	968	60
1634330071.54	750	59.535337	0.0	689027	58	0.75	25.137	2	1208	60
1634330075.33	750	59.850514	0.0	673540	113	0.75	29.137	2	1448	60
1634330079.61	750	59.592064	0.0	640816	111	0.75	33.138	2	1688	59.98500374906277
1634330083.39	750	59.906051	0.0	681370	107	0.75	37.138	2	1928	60
1634330087.16	750	59.926919	0.0	689141	105	0.75	37.138	2	1928	60
1634330091.44	750	59.661358	0.0	656898	84	0.75	45.196	2	2412	59.97001499250382
1634330095.21	750	59.998383	0.0	670951	110	0.75	45.196	2	2412	59.97001499250382
1634330099.51	750	59.730935	0.0	618544	108	0.75	53.223	2	2893	60
1634330103.75	750	59.470152	0.0	618247	97	0.75	57.224	2	3133	59.98500374906277
1634330107.49	750	59.779635	0.0	671894	111	0.75	61.224	2	3373	60
1634330111.28	750	59.837055	0.0	642169	93	0.75	61.224	2	3373	60
1634330115.58	750	59.572436	0.0	635411	89	0.75	69.308	2	3858	60
1634330119.38	750	59.879302	0.0	644615	99	0.75	69.308	2	3858	60
1634330123.63	750	59.61516	0.0	672342	94	0.75	77.386	2	4343	60.0300150075039
1634330127.43	750	59.957573	0.0	666301	114	0.75	77.386	2	4343	60.0300150075039
1634330131.2	750	59.98037	0.0	665276	102	0.75	81.447	2	4587	60.08372322088145
1634330135.51	750	59.756748	0.0	696340	121	0.75	85.447	2	4827	60
1634330139.77	750	59.502415	0.0	634337	88	0.75	93.537	2	5312	59.97001499250361
1634330143.56	750	59.524677	0.0	642800	111	0.75	93.537	2	5312	59.97001499250361
1634330147.35	750	59.824046	0.0	660587	106	0.75	97.573	2	5554	59.96035678890009
1634330151.63	750	59.568334	0.0	654618	112	0.75	101.574	2	5794	59.98500374906266
1634330155.42	750	59.869181	0.0	644116	99	0.75	105.663	2	6040	60.161408657373464
1634330159.48	750	59.61074	0.0	677809	21	0.75	109.663	2	6280	60
1634330163.3	750	59.922483	0.0	722701	109	0.75	113.664	2	6520	59.98500374906266
1634330167.57	750	59.653923	0.0	750718	128	0.75	117.663	2	6760	60.01500375093781
1634330171.3	750	59.967112	0.0	708690	123	0.75	121.664	2	7000	59.98500374906266
