1634321039.66	750	4	0.155	391964	82	-0.6615	0	0	0	0
1634321039.85	750	8	0.0	411055	63	0.75	0	0	0	0
1634321040.02	750	12	0.0	428763	79	0.75	0	0	0	0
1634321040.19	750	16	0.0	426503	69	0.75	0	0	0	0
1634321040.34	750	19.915674	0.0	417864	65	0.75	0	0	0	0
1634321040.5	750	23.79494	0.0	462833	67	0.75	0	0	0	0
1634321040.67	750	27.593472	0.0	444447	70	0.75	0	0	0	0
1634321040.87	750	31.392034	0.0	439044	85	0.75	0	0	0	0
1634321041.07	750	35.228377	0.0	407056	66	0.75	0	0	0	0
1634321041.27	750	39.026422	0.0	431257	72	0.75	0	0	0	0
1634321041.46	750	42.823411	0.0	424931	62	0.75	0	0	0	0
1634321041.66	750	46.621653	0.0	415862	79	0.75	0	0	0	0
1634321041.87	750	50.419974	0.0	417958	67	0.75	0	0	0	0
1634321042.08	750	54.176385	0.0	418039	68	0.75	0	0	0	0
1634321042.25	750	58.013623	0.0	441262	65	0.75	0	0	0	0
1634321044.95	750	59.461801	0.0	464095	65	0.75	4.608	0	85	0
1634321048.7	750	59.756758	0.0	462002	100	0.75	8.606	0	205	30.015007503751875
1634321052.91	750	59.500538	0.0	416260	23	0.75	12.606	0	325	30
1634321056.62	750	59.846918	0.0	426855	55	0.75	16.607	0	445	29.99250187453137
1634321060.86	750	59.534203	0.0	423992	59	0.75	20.608	0	565	29.992501874531357
1634321064.57	750	59.838436	0.0	443256	79	0.75	24.607	0	685	30.007501875468876
1634321068.8	750	59.568565	0.0	420854	81	0.75	28.607	0	805	30
1634321072.55	750	59.881144	0.0	434977	65	0.75	32.608	0	925	29.992501874531385
1634321076.8	750	59.6598	0.0	427693	77	0.75	36.608	0	1045	30
1634321080.5	750	59.971254	0.0	435879	60	0.75	40.608	0	1165	30
1634321084.76	750	59.694572	0.0	458523	78	0.75	44.608	0	1285	30
1634321088.49	750	59.994979	0.0	389475	31	0.75	48.609	0	1405	29.99250187453133
1634321092.71	750	59.735463	0.0	412786	62	0.75	52.627	0	1525	29.86560477849676
1634321096.92	750	59.463551	0.0	423981	62	0.75	56.628	0	1645	29.992501874531385
1634321100.64	750	59.766667	0.0	411450	87	0.75	60.627	0	1765	30.00750187546885
1634321104.84	750	59.533334	0.0	415853	74	0.75	64.628	0	1885	29.992501874531385
1634321108.6	750	59.829899	0.0	410977	57	0.75	68.628	0	2005	30
1634321112.87	750	59.617777	0.0	419815	77	0.75	72.63	0	2125	29.98500749625191
1634321116.63	750	59.711585	0.0	418828	74	0.75	76.629	0	2245	30.007501875468797
1634321120.87	750	59.453199	0.0	422899	71	0.75	80.629	0	2365	30
1634321124.59	750	59.802252	0.0	461245	80	0.75	84.63	0	2485	29.99250187453144
1634321128.83	750	59.535448	0.0	420927	79	0.75	88.63	0	2605	30
1634321132.54	750	59.844737	0.0	434125	59	0.75	92.63	0	2725	30
1634321136.77	750	59.57695	0.0	438085	76	0.75	96.63	0	2845	30
1634321140.52	750	59.880388	0.0	426879	88	0.75	100.63	0	2965	30
1634321144.76	750	59.619568	0.0	423829	81	0.75	104.631	0	3085	29.99250187453133
1634321148.51	750	59.921378	0.0	440437	65	0.75	108.631	0	3205	30
1634321152.75	750	59.69346	0.0	464617	81	0.75	112.632	0	3325	29.99250187453133
1634321156.55	750	59.992704	0.0	482901	85	0.75	116.632	0	3445	30
1634321160.8	750	59.762593	0.0	478486	83	0.75	120.632	0	3565	30
