1634352205.31	750	4	0.147	391964	73	-0.6271	0	0	0	0
1634352205.8	1850	8	0.0	2068530	320	0.75	0	0	0	0
1634352206.28	1850	11.793588	0.0	2231919	344	1.85	0	0	0	0
1634352206.77	1850	15.309789	0.0	2071679	317	1.85	0	0	0	0
1634352207.28	1850	18.826384	0.0	2075075	330	1.85	0	0	0	0
1634352207.85	1850	22.25784	0.0	2324573	375	1.85	0	0	0	0
1634352208.4	1850	25.690974	0.0	2327434	404	1.85	0	0	0	0
1634352209.02	1850	29.084955	0.0	2160877	400	1.85	4.585	0	79	0
1634352209.5	1850	32.601079	0.0	2004753	316	1.85	4.585	0	79	0
1634352209.98	1850	36.116641	0.0	2057086	319	1.85	4.585	0	79	0
1634352210.46	1850	39.631138	0.0	2101929	313	1.85	4.585	0	79	0
1634352210.94	1850	43.148036	0.0	2052018	323	1.85	4.585	0	79	0
1634352211.44	1850	46.662174	0.0	2085705	332	1.85	4.585	0	79	0
1634352211.98	1850	50.096698	0.0	2112772	322	1.85	4.585	0	79	0
1634352212.47	1850	53.612862	0.0	2222688	346	1.85	4.585	0	79	0
1634352212.96	1850	57.129112	0.0	2169593	342	1.85	8.584	1	199	29.757439359839964
1634352214.48	1850	59.793394	0.0	2267471	358	1.85	8.584	1	199	29.757439359839964
1634352218.51	1850	59.814662	0.0	2094437	292	1.85	12.585	1	319	29.992501874531357
1634352222.57	1850	59.586645	0.0	2148255	346	1.85	16.586	1	439	29.992501874531385
1634352226.59	1850	59.681313	0.0	2132587	317	1.85	20.586	1	559	30
1634352230.63	1850	59.726398	0.0	2151407	287	1.85	24.586	1	679	30
1634352234.62	1850	59.517906	0.0	2063523	322	1.85	28.586	1	799	30
1634352238.67	1850	59.572743	0.0	2103042	316	1.85	32.587	1	920	30.242439390152427
1634352242.23	1850	59.916211	0.0	2103040	310	1.85	36.614	1	1040	29.798857710454477
1634352246.31	1850	59.957467	0.0	2114688	367	1.85	40.615	1	1160	29.99250187453133
1634352250.4	1850	59.978587	0.0	2240212	367	1.85	44.615	1	1280	30
1634352254.43	1850	59.721368	0.0	2002951	313	1.85	48.615	1	1400	30
1634352258.44	1850	59.746022	0.0	1961003	309	1.85	52.616	1	1520	29.992501874531385
1634352262.49	1850	59.763874	0.0	1969295	316	1.85	56.615	1	1640	30.00750187546885
1634352266.5	1850	59.829011	0.0	2042142	296	1.85	60.616	1	1760	29.992501874531385
1634352270.58	1850	59.580627	0.0	2087704	314	1.85	64.616	1	1880	30
1634352274.67	1850	59.610132	0.0	2022676	301	1.85	68.629	1	2001	30.152005980563132
1634352278.22	1850	59.915453	0.0	2027226	310	1.85	72.63	1	2121	29.99250187453144
1634352282.22	1850	59.936814	0.0	1993205	313	1.85	76.63	1	2241	30
1634352286.29	1850	59.960138	0.0	2185074	334	1.85	80.63	1	2361	30
1634352290.41	1850	59.694894	0.0	2416062	376	1.85	84.63	1	2481	30
1634352294.4	1850	59.716201	0.0	1975785	299	1.85	88.631	1	2601	29.99250187453133
1634352298.41	1850	59.737841	0.0	2017826	319	1.85	92.631	1	2721	30
1634352302.45	1850	59.764212	0.0	2236854	360	1.85	96.631	1	2841	30
1634352306.6	1850	59.774964	0.0	2165385	412	1.85	100.632	1	2961	29.99250187453133
1634352310.64	1850	59.500634	0.0	2021844	322	1.85	104.631	1	3081	30.007501875468904
1634352314.72	1850	59.515006	0.0	2100101	361	1.85	108.632	1	3201	29.99250187453133
1634352318.29	1850	59.860833	0.0	2192105	348	1.85	112.632	1	3321	30
1634352322.42	1850	59.923037	0.0	2446938	384	1.85	116.637	1	3441	29.962546816479435
1634352326.51	1850	59.666963	0.0	2298336	353	1.85	120.637	1	3561	30
