1634303778.83	750	4	0.168	391964	88	-0.7173999999999999	0	0	0	0
1634303779.02	300	8	0.0	212073	37	-0.15000000000000002	0	0	0	0
1634303779.16	300	12	0.0	209182	51	0.3	0	0	0	0
1634303779.3	300	16	0.0	227172	41	0.3	0	0	0	0
1634303779.45	300	19.958568	0.0	238359	51	0.3	0	0	0	0
1634303779.58	300	23.837907	0.0	239351	44	0.3	0	0	0	0
1634303779.72	300	27.717238	0.0	228239	44	0.3	0	0	0	0
1634303779.85	300	31.555957	0.0	217009	35	0.3	0	0	0	0
1634303779.99	300	35.43511	0.0	207641	34	0.3	0	0	0	0
1634303780.17	300	39.273953	0.0	218897	37	0.3	0	0	0	0
1634303780.3	300	43.112547	0.0	219759	17	0.3	0	0	0	0
1634303780.49	300	46.950757	0.0	203704	44	0.3	0	0	0	0
1634303780.67	300	50.748069	0.0	211384	48	0.3	0	0	0	0
1634303780.84	300	54.585409	0.0	213546	26	0.3	0	0	0	0
1634303780.98	300	58.463993	0.0	246294	36	0.3	0	0	0	0
1634303784.18	300	59.46324	0.0	253840	58	0.3	4.623	0	86	0
1634303787.93	300	59.512821	0.0	239526	51	0.3	8.626	0	206	29.97751686235324
1634303792.14	300	59.530853	0.0	208664	36	0.3	12.626	0	326	30
1634303795.87	300	59.833536	0.0	215978	40	0.3	16.627	0	446	29.99250187453137
1634303800.03	300	59.594258	0.0	214741	42	0.3	20.626	0	566	30.00750187546885
1634303803.8	300	59.891088	0.0	229698	46	0.3	24.626	0	686	30
1634303807.51	300	59.909549	0.0	216304	54	0.3	28.627	0	806	29.992501874531385
1634303811.77	300	59.93064	0.0	219079	58	0.3	32.627	0	926	29.999999999999975
1634303815.96	300	59.671546	0.0	220595	36	0.3	36.628	0	1046	29.992501874531385
1634303819.73	300	59.974096	0.0	208066	52	0.3	40.628	0	1166	30
1634303823.93	300	59.739639	0.0	217725	40	0.3	44.628	0	1286	30
1634303828.13	300	59.473434	0.0	207408	33	0.3	48.629	0	1406	29.992501874531385
1634303831.82	300	59.781777	0.0	202241	37	0.3	52.628	0	1526	30.00750187546885
1634303836.04	300	59.52448	0.0	213768	18	0.3	56.629	0	1646	29.992501874531385
1634303839.73	300	59.874994	0.0	206170	32	0.3	60.628	0	1766	30.00750187546885
1634303843.9	300	59.682245	0.0	209147	34	0.3	64.629	0	1886	29.99250187453133
1634303848.13	300	59.460532	0.0	203399	15	0.3	68.633	0	2006	29.97002997003004
1634303851.85	300	59.755066	0.0	208834	11	0.3	72.634	0	2126	29.99250187453133
1634303856.24	300	59.48495	0.0	210493	34	0.3	76.636	0	2246	29.98500749625191
1634303859.92	300	59.774876	0.0	214341	37	0.3	80.635	0	2366	30.007501875468797
1634303864.1	300	59.539577	0.0	236978	42	0.3	84.636	0	2486	29.99250187453144
1634303867.79	300	59.860278	0.0	206432	22	0.3	88.637	0	2606	29.99250187453133
1634303871.96	300	59.624779	0.0	213940	46	0.3	92.636	0	2726	30.007501875468904
1634303875.62	300	59.920313	0.0	217550	37	0.3	96.636	0	2846	30
1634303879.82	300	59.720986	0.0	217543	47	0.3	100.637	0	2966	29.99250187453133
1634303884.01	300	59.453242	0.0	207114	29	0.3	104.637	0	3086	30
1634303887.7	300	59.749062	0.0	230790	50	0.3	108.638	0	3206	29.99250187453133
1634303891.9	300	59.786723	0.0	242484	45	0.3	112.637	0	3326	30.007501875468904
1634303896.06	300	59.537693	0.0	244433	52	0.3	116.637	0	3446	30
1634303899.73	300	59.885394	0.0	245567	30	0.3	120.638	0	3566	29.99250187453133
