1634333802.94	750	4	0.203	391964	37	-0.8679	0	0	0	0
1634333803.14	750	8	0.0	411055	66	0.75	0	0	0	0
1634333803.3	750	12	0.0	428763	59	0.75	0	0	0	0
1634333803.54	750	16	0.0	426503	89	0.75	0	0	0	0
1634333803.74	750	20	0.0	417864	75	0.75	0	0	0	0
1634333803.93	750	24	0.0	462833	93	0.75	0	0	0	0
1634333804.1	750	28	0.0	444447	78	0.75	0	0	0	0
1634333804.29	750	32	0.0	439044	86	0.75	0	0	0	0
1634333804.44	750	36	0.0	407056	60	0.75	0	0	0	0
1634333804.62	750	39.874163	0.0	431257	69	0.75	0	0	0	0
1634333804.79	750	43.672753	0.0	424931	75	0.75	0	0	0	0
1634333804.96	750	47.510466	0.0	415862	67	0.75	0	0	0	0
1634333805.14	750	51.349321	0.0	417958	90	0.75	0	0	0	0
1634333805.3	750	55.188316	0.0	418039	68	0.75	0	0	0	0
1634333805.48	750	58.986887	0.0	441262	71	0.75	0	0	0	0
1634333809.21	750	59.451521	0.0	464095	80	0.75	5.22	0	53	0
1634333812.94	750	59.76738	0.0	462002	79	0.75	9.219	0	173	30.00750187546887
1634333816.71	750	59.784348	0.0	416260	98	0.75	13.219	0	293	30
1634333820.95	750	59.795151	0.0	426855	96	0.75	17.219	0	413	29.999999999999986
1634333824.69	750	59.809892	0.0	423992	102	0.75	21.22	0	533	29.992501874531385
1634333828.92	750	59.830788	0.0	443256	75	0.75	25.22	0	653	30
1634333832.61	750	59.87775	0.0	420854	73	0.75	29.22	0	773	30
1634333836.82	750	59.894608	0.0	434977	62	0.75	33.221	0	893	29.992501874531385
1634333841.03	750	59.626108	0.0	427693	71	0.75	37.221	0	1013	30
1634333844.77	750	59.926959	0.0	435879	54	0.75	41.221	0	1133	30
1634333849.0	750	59.661135	0.0	458523	71	0.75	45.222	0	1253	29.99250187453133
1634333852.71	750	59.976239	0.0	389475	67	0.75	49.222	0	1373	30
1634333856.98	750	59.740691	0.0	412786	74	0.75	53.224	0	1493	29.98500749625191
1634333861.21	750	59.471906	0.0	423981	67	0.75	57.224	0	1613	30
1634333864.92	750	59.778474	0.0	411450	55	0.75	61.225	0	1733	29.99250187453133
1634333869.2	750	59.513403	0.0	415853	65	0.75	65.225	0	1853	30.000000000000053
1634333872.9	750	59.82437	0.0	410977	86	0.75	69.225	0	1973	30
1634333877.11	750	59.566667	0.0	419815	96	0.75	73.226	0	2093	29.99250187453133
1634333880.82	750	59.863544	0.0	418828	74	0.75	77.226	0	2213	30
1634333884.57	750	59.924984	0.0	422899	100	0.75	81.226	0	2333	30
1634333888.78	750	59.689455	0.0	461245	73	0.75	85.226	0	2453	30
1634333893.0	750	59.755258	0.0	420927	78	0.75	89.227	0	2573	29.99250187453133
1634333897.22	750	59.485236	0.0	434125	81	0.75	93.227	0	2693	30
1634333901.01	750	59.786616	0.0	438085	68	0.75	97.227	0	2813	30
1634333904.72	750	59.8	0.0	426879	79	0.75	101.226	0	2933	30.007501875468904
1634333908.94	750	59.819856	0.0	423829	72	0.75	105.228	0	3053	29.98500749625191
1634333912.68	750	59.844526	0.0	440437	45	0.75	109.229	0	3173	29.99250187453133
1634333916.87	750	59.856661	0.0	464617	75	0.75	113.229	0	3293	30
1634333920.61	750	59.919803	0.0	482901	79	0.75	117.23	0	3414	30.242439390152427
1634333924.82	750	59.67286	0.0	478486	73	0.75	121.23	0	3534	30
