1634301432.27	750	4	0.154	391964	56	-0.6571999999999999	0	0	0	0
1634301432.82	1850	8	0.0	2068530	317	0.75	0	0	0	0
1634301433.4	1850	12	0.0	2231919	373	1.85	0	0	0	0
1634301433.91	1850	15.952434	0.0	2071679	363	1.85	0	0	0	0
1634301434.44	1850	19.429211	0.0	2075075	353	1.85	0	0	0	0
1634301435.04	1850	22.822482	0.0	2324573	419	1.85	0	0	0	0
1634301435.6	1850	26.257897	0.0	2327434	393	1.85	0	0	0	0
1634301436.12	1850	29.733618	0.0	2160877	353	1.85	5.228	0	55	0
1634301436.63	1850	33.249489	0.0	2004753	324	1.85	5.228	0	55	0
1634301437.17	1850	36.682925	0.0	2057086	351	1.85	5.228	0	55	0
1634301437.75	1850	40.118763	0.0	2101929	350	1.85	5.228	0	55	0
1634301438.26	1850	43.594844	0.0	2052018	336	1.85	5.228	0	55	0
1634301438.75	1850	47.110662	0.0	2085705	340	1.85	5.228	0	55	0
1634301439.25	1850	50.586442	0.0	2112772	362	1.85	5.228	0	55	0
1634301439.8	1850	54.060989	0.0	2222688	396	1.85	9.228	1	175	29.75
1634301440.33	1850	57.536286	0.0	2169593	382	1.85	9.228	1	175	29.75
1634301442.44	1850	59.518272	0.0	2267471	425	1.85	9.228	1	175	29.75
1634301446.48	1850	59.539133	0.0	2094437	316	1.85	13.228	1	295	30
1634301450.01	1850	59.886934	0.0	2148255	341	1.85	17.229	1	415	29.99250187453137
1634301454.1	1850	59.911946	0.0	2132587	354	1.85	21.249	1	535	29.85074626865672
1634301458.13	1850	59.982423	0.0	2151407	325	1.85	25.249	1	655	30
1634301462.27	1850	59.760057	0.0	2063523	352	1.85	29.249	1	775	30
1634301466.39	1850	59.544544	0.0	2103042	334	1.85	33.25	1	895	29.992501874531357
1634301470.43	1850	59.616596	0.0	2103040	315	1.85	37.25	1	1015	30
1634301474.02	1850	59.928663	0.0	2114688	344	1.85	41.251	1	1135	29.992501874531385
1634301478.1	1850	59.961839	0.0	2240212	350	1.85	45.256	1	1255	29.96254681647938
1634301482.15	1850	59.964794	0.0	2002951	320	1.85	49.251	1	1375	30.0375469336671
1634301486.64	1850	59.716876	0.0	1961003	319	1.85	53.251	1	1495	30
1634301490.47	1850	59.463748	0.0	1969295	151	1.85	57.251	2	1615	29.75
1634301494.04	1850	59.876491	0.0	2042142	117	1.85	61.254	9	1735	28.228828378715964
1634301498.14	1850	59.90046	0.0	2087704	347	1.85	65.252	9	1855	30.015007503751896
1634301502.22	1850	59.660865	0.0	2022676	321	1.85	69.252	9	1975	30
1634301506.28	1850	59.681955	0.0	2027226	361	1.85	73.252	9	2095	30
1634301510.34	1850	59.712404	0.0	1993205	350	1.85	77.252	9	2215	30
1634301514.4	1850	59.45396	0.0	2185074	337	1.85	81.253	9	2335	29.99250187453133
1634301518.51	1850	59.480718	0.0	2416062	406	1.85	85.253	9	2455	30
1634301522.51	1850	59.559771	0.0	1975785	311	1.85	89.253	9	2575	30
1634301526.04	1850	59.857257	0.0	2017826	291	1.85	93.253	9	2695	30
1634301530.14	1850	59.894025	0.0	2236854	413	1.85	97.255	9	2815	29.98500749625191
1634301534.27	1850	59.638211	0.0	2165385	361	1.85	101.255	9	2935	30
1634301538.34	1850	59.661741	0.0	2021844	383	1.85	105.259	9	3056	30.219780219780183
1634301541.91	1850	59.98057	0.0	2100101	383	1.85	109.255	9	3175	29.779779779779815
1634301545.97	1850	59.994417	0.0	2192105	368	1.85	113.256	9	3295	29.99250187453133
1634301550.18	1850	59.779128	0.0	2446938	426	1.85	117.256	10	3415	29.75
1634301554.55	1850	59.531812	0.0	2298336	414	1.85	121.267	10	3536	30.16704063824486
