1634291372.79	750	4	0.18	427465	72	-0.769	0	0	0	0
1634291373.93	2850	8	0.0	4860073	795	0.75	0	0	0	0
1634291375.13	2850	11.55	0.0	5306756	782	2.85	0	0	0	0
1634291376.39	2850	14.3	0.0	5542685	901	2.85	5.336	12	89	0
1634291377.62	2850	17.083334	0.0	5302108	868	2.85	5.336	12	89	0
1634291378.98	2850	19.85	0.0	5631224	958	2.85	5.336	12	89	0
1634291380.3	2850	22.433334	0.0	5641793	889	2.85	9.35	76	330	44.09566517189836
1634291381.51	2850	25.216667	0.0	5361170	796	2.85	9.35	76	330	44.09566517189836
1634291382.65	2850	28.033334	0.0	5091418	812	2.85	9.35	76	330	44.09566517189836
1634291383.86	2850	30.85	0.0	5227125	866	2.85	9.35	76	330	44.09566517189836
1634291385.04	2850	33.666667	0.0	4841602	819	2.85	13.35	158	570	39.5
1634291386.12	2850	36.55	0.0	4865486	760	2.85	13.35	158	570	39.5
1634291387.21	2850	39.466667	0.0	4882046	787	2.85	13.35	158	570	39.5
1634291388.38	2850	42.333334	0.0	5028620	788	2.85	17.35	206	810	47.99999999999998
1634291389.65	2850	45.066667	0.0	5503564	860	2.85	17.35	206	810	47.99999999999998
1634291390.96	2850	47.783334	0.0	5599662	803	2.85	17.35	206	810	47.99999999999998
