1634317332.43	750	4	0.175	427465	82	-0.7474999999999999	0	0	0	0
1634317332.74	750	8	0.0	647387	153	0.75	0	0	0	0
1634317333.0	750	12	0.0	677925	130	0.75	0	0	0	0
1634317333.25	750	16	0.0	706841	112	0.75	0	0	0	0
1634317333.47	750	20	0.0	701203	120	0.75	0	0	0	0
1634317333.71	750	24	0.0	737962	124	0.75	0	0	0	0
1634317333.94	750	28	0.0	699376	119	0.75	0	0	0	0
1634317334.2	750	31.833879	0.0	691941	103	0.75	0	0	0	0
1634317334.41	750	35.631575	0.0	635193	104	0.75	0	0	0	0
1634317334.63	750	39.389883	0.0	655855	111	0.75	0	0	0	0
1634317334.85	750	43.18854	0.0	626785	105	0.75	0	0	0	0
1634317335.06	750	46.946892	0.0	641824	112	0.75	0	0	0	0
1634317335.28	750	50.744093	0.0	657300	117	0.75	0	0	0	0
1634317335.49	750	54.542796	0.0	650171	111	0.75	0	0	0	0
1634317335.72	750	58.301269	0.0	713528	111	0.75	0	0	0	0
1634317338.64	750	59.470474	0.0	758246	139	0.75	5.406	0	112	0
1634317342.47	750	59.773254	0.0	743893	113	0.75	9.406	0	352	59.999999999999986
1634317346.26	750	59.835847	0.0	682559	114	0.75	13.407	0	592	59.98500374906274
1634317350.55	750	59.597532	0.0	689486	110	0.75	17.407	0	832	60
1634317354.31	750	59.902884	0.0	689027	113	0.75	21.408	0	1072	59.98500374906271
1634317358.56	750	59.65	0.0	673540	117	0.75	25.407	0	1312	60.01500375093775
1634317362.31	750	59.971983	0.0	640816	103	0.75	29.407	0	1552	60
1634317366.56	750	59.7266	0.0	681370	113	0.75	33.408	0	1792	59.98500374906271
1634317370.35	750	59.754225	0.0	689141	118	0.75	37.408	0	2032	60
1634317374.65	750	59.492858	0.0	656898	112	0.75	41.407	0	2272	60.01500375093781
1634317378.44	750	59.800661	0.0	670951	125	0.75	45.408	0	2512	59.98500374906266
1634317382.25	750	59.828064	0.0	618544	129	0.75	49.408	0	2752	60
1634317386.5	750	59.570341	0.0	618247	98	0.75	53.411	0	2993	60.20484636522608
1634317390.29	750	59.877761	0.0	671894	105	0.75	57.413	0	3233	59.97001499250382
1634317394.11	750	59.934042	0.0	642169	102	0.75	61.413	0	3473	60
1634317398.38	750	59.672382	0.0	635411	109	0.75	65.413	0	3713	60
1634317402.19	750	59.9785	0.0	644615	121	0.75	69.414	0	3953	59.98500374906266
1634317406.51	750	59.796201	0.0	672342	104	0.75	73.415	0	4193	59.98500374906266
1634317410.3	750	59.814431	0.0	666301	133	0.75	77.414	0	4433	60.01500375093781
1634317414.57	750	59.548562	0.0	665276	111	0.75	81.416	0	4673	59.97001499250382
1634317418.38	750	59.892641	0.0	696340	105	0.75	85.416	0	4913	60
1634317422.15	750	59.909318	0.0	634337	117	0.75	89.416	0	5153	60
1634317426.43	750	59.65469	0.0	642800	110	0.75	93.416	0	5393	60
1634317430.71	750	59.434313	0.0	660587	99	0.75	97.417	0	5633	59.98500374906266
1634317434.46	750	59.7358	0.0	654618	96	0.75	101.416	0	5873	60.01500375093781
1634317438.73	750	59.469177	0.0	644116	111	0.75	105.417	0	6113	59.98500374906266
1634317442.25	750	59.77264	0.0	677809	3	0.75	109.418	0	6353	59.98500374906266
1634317446.56	750	59.516667	0.0	722701	106	0.75	113.417	0	6593	60.01500375093781
1634317450.4	750	59.824887	0.0	750718	154	0.75	117.417	0	6833	60
1634317454.63	750	59.564022	0.0	708690	116	0.75	121.418	0	7073	59.98500374906266
