1634322778.32	750	4	0.164	427465	96	-0.7001999999999999	0	0	0	0
1634322779.08	1850	7.85	0.0	3156042	507	0.75	0	0	0	0
1634322779.83	1850	11.133334	0.0	3331786	545	1.85	0	0	0	0
1634322780.69	1850	14.316667	0.0	3470899	609	1.85	0	0	0	0
1634322781.46	1850	17.483334	0.0	3391540	569	1.85	0	0	0	0
1634322782.33	1850	20.683334	0.0	3653733	610	1.85	4.597	11	172	0
1634322783.24	1850	23.733334	0.0	3500753	615	1.85	4.597	11	172	0
1634322784.01	1850	26.95	0.0	3417687	565	1.85	4.597	11	172	0
1634322784.75	1850	30.233334	0.0	3185216	502	1.85	4.597	11	172	0
1634322785.51	1850	33.433334	0.0	3286263	550	1.85	4.597	11	172	0
1634322786.45	1850	36.55	0.0	3082343	637	1.85	8.596	35	412	54.01350337584397
1634322787.21	1850	39.783334	0.0	3170736	521	1.85	8.596	35	412	54.01350337584397
1634322787.91	1850	43.033805	0.0	3196938	515	1.85	8.596	35	412	54.01350337584397
1634322788.61	1850	46.333334	0.0	3228009	510	1.85	8.596	35	412	54.01350337584397
1634322789.44	1850	49.566667	0.0	3513138	580	1.85	8.596	35	412	54.01350337584397
1634322790.26	1850	52.75	0.0	3686191	570	1.85	12.596	60	652	53.75
1634322791.14	1850	55.833334	0.0	3630324	597	1.85	12.596	60	652	53.75
1634322791.9	1850	59.066667	0.0	3348330	551	1.85	12.596	60	652	53.75
1634322795.19	1850	59.947932	0.0	3272823	532	1.85	16.597	90	892	52.48687828042988
1634322798.98	1850	59.975705	0.0	3263947	537	1.85	20.597	92	1132	59.5
1634322803.32	1850	59.717424	0.0	3246736	547	1.85	24.599	98	1372	58.470764617691174
1634322807.66	1850	59.460201	0.0	3067619	569	1.85	28.599	103	1612	58.75
1634322811.44	1850	59.763664	0.0	3258491	515	1.85	32.599	105	1852	59.50000000000005
1634322815.19	1850	59.78468	0.0	3217708	528	1.85	36.6	107	2092	59.48512871782047
1634322819.49	1850	59.523337	0.0	3168556	559	1.85	40.601	112	2332	58.7353161709573
1634322823.25	1850	59.83557	0.0	3254799	519	1.85	44.601	114	2572	59.5
1634322827.52	1850	59.615094	0.0	3101633	483	1.85	48.6	118	2812	59.01475368842207
1634322831.32	1850	59.642352	0.0	3052590	515	1.85	52.601	122	3052	58.98525368657839
1634322835.09	1850	59.95	0.0	3262551	539	1.85	56.601	124	3292	59.5
1634322839.4	1850	59.728717	0.0	3205725	500	1.85	60.602	127	3532	59.23519120219949
1634322843.68	1850	59.465038	0.0	3241632	511	1.85	64.602	129	3772	59.49999999999989
1634322847.45	1850	59.773392	0.0	3163365	500	1.85	68.602	131	4012	59.5
1634322851.26	1850	59.839187	0.0	3382463	561	1.85	72.602	133	4252	59.5
1634322855.06	1850	59.897782	0.0	3208848	529	1.85	76.603	138	4492	58.7353161709574
1634322859.35	1850	59.63788	0.0	3316907	553	1.85	80.603	142	4732	59
1634322863.21	1850	59.95	0.0	3609809	565	1.85	84.603	149	4972	58.25
1634322867.0	1850	59.977565	0.0	3086911	529	1.85	88.603	152	5212	59.25
1634322871.25	1850	59.710408	0.0	3072632	500	1.85	92.605	153	5452	59.72013993003484
1634322875.59	1850	59.447561	0.0	3430637	574	1.85	96.607	160	5692	58.220889555222456
1634322879.47	1850	59.510138	0.0	3304164	582	1.85	100.61	167	5933	58.45615788158881
1634322883.26	1850	59.826365	0.0	3182442	493	1.85	104.61	171	6173	59
1634322887.07	1850	59.89038	0.0	3143744	482	1.85	108.61	175	6413	59
1634322891.43	1850	59.592135	0.0	3477665	560	1.85	112.61	188	6653	56.75
1634322895.36	1850	59.614573	0.0	3803623	622	1.85	116.611	204	6893	55.986003499125154
1634322899.14	1850	59.92137	0.0	3387153	549	1.85	120.611	207	7133	59.25
