1634644287.98	750	4	0.865	3873109	676	-3.7145	0	0	0	0
1634644288.76	2850	8	0.0	3278264	510	0.75	0	0	0	0
1634644289.72	2850	11.870823	0.0	4479625	719	2.85	0	0	0	0
1634644290.61	2850	15.066667	0.0	3495272	547	2.85	0	0	0	0
1634644291.38	2850	18.215612	0.0	3525421	563	2.85	5.434	0	33	0
1634644292.39	2850	21.233334	0.0	4652033	723	2.85	5.434	0	33	0
1634644293.38	2850	24.266667	0.0	4298145	685	2.85	5.434	0	33	0
1634644294.25	2850	27.30916	0.0	4054420	642	2.85	5.434	0	33	0
1634644295.14	2850	30.466667	0.0	3887575	606	2.85	9.433	3	153	29.257314328582147
1634644296.07	2850	33.5	0.0	4241421	691	2.85	9.433	3	153	29.257314328582147
1634644296.85	2850	36.72551	0.0	3616621	556	2.85	9.433	3	153	29.257314328582147
1634644297.7	2850	39.878887	0.0	3962980	589	2.85	9.433	3	153	29.257314328582147
1634644298.65	2850	42.933334	0.0	4314183	689	2.85	9.433	3	153	29.257314328582147
1634644299.55	2850	46.022578	0.0	4310059	680	2.85	13.468	4	274	29.739776951672862
1634644300.44	2850	49.134652	0.0	4053167	606	2.85	13.468	4	274	29.739776951672862
1634644301.34	2850	52.246233	0.0	4086458	589	2.85	13.468	4	274	29.739776951672862
1634644302.3	2850	55.3	0.0	4236208	646	2.85	13.468	4	274	29.739776951672862
