1634341833.07	750	4	0.148	427465	68	-0.6314	0	0	0	0
1634341834.12	2850	7.6	0.0	4860073	751	0.75	0	0	0	0
1634341835.22	2850	10.516667	0.0	5306756	873	2.85	0	0	0	0
1634341836.48	2850	13.283334	0.0	5542685	998	2.85	0	0	0	0
1634341837.62	2850	16.166667	0.0	5302108	838	2.85	4.705	17	173	0
1634341838.8	2850	18.966667	0.0	5631224	907	2.85	4.705	17	173	0
1634341840.0	2850	21.783334	0.0	5641793	905	2.85	4.705	17	173	0
1634341841.12	2850	24.633334	0.0	5361170	877	2.85	8.704	60	413	49.262315578894714
1634341842.23	2850	27.533334	0.0	5091418	845	2.85	8.704	60	413	49.262315578894714
1634341843.33	2850	30.416667	0.0	5227125	846	2.85	8.704	60	413	49.262315578894714
1634341844.35	2850	33.4	0.0	4841602	766	2.85	8.704	60	413	49.262315578894714
1634341845.36	2850	36.366667	0.0	4865486	773	2.85	12.705	97	653	50.737315671082236
1634341846.4	2850	39.266667	0.0	4882046	783	2.85	12.705	97	653	50.737315671082236
1634341847.47	2850	42.266667	0.0	5028620	829	2.85	12.705	97	653	50.737315671082236
1634341848.67	2850	45.116667	0.0	5503564	886	2.85	16.705	114	892	55.50000000000002
1634341849.84	2850	47.9	0.0	5599662	925	2.85	16.705	114	892	55.50000000000002
1634341851.05	2850	50.733334	0.0	5795623	918	2.85	16.705	114	892	55.50000000000002
1634341852.22	2850	53.533334	0.0	5156941	920	2.85	16.705	114	892	55.50000000000002
1634341853.36	2850	56.4	0.0	5325355	883	2.85	20.705	153	1134	50.75
1634341854.44	2850	59.316667	0.0	5072821	833	2.85	20.705	153	1134	50.75
1634341858.16	2850	59.747387	0.0	5221211	925	2.85	24.707	180	1374	53.223388305847045
1634341862.25	2850	59.497351	0.0	4991290	806	2.85	28.706	190	1614	57.51437859464868
1634341866.0	2850	59.846982	0.0	5164068	882	2.85	32.708	198	1854	57.97101449275364
1634341870.11	2850	59.578733	0.0	5005269	837	2.85	36.709	206	2094	57.98550362409391
1634341873.84	2850	59.893744	0.0	5068042	886	2.85	40.709	216	2334	57.5
1634341878.2	2850	59.603454	0.0	5237110	1032	2.85	44.709	230	2574	56.5
1634341881.82	2850	59.920529	0.0	4821435	789	2.85	48.709	243	2814	56.75
1634341885.93	2850	59.904215	0.0	4701041	741	2.85	52.71	250	3054	58.23544113971511
1634341890.11	2850	59.690041	0.0	5120086	823	2.85	56.713	259	3294	57.70671996002998
1634341894.31	2850	59.472589	0.0	5250336	866	2.85	60.713	273	3534	56.5
1634341897.93	2850	59.776103	0.0	5232468	835	2.85	64.713	284	3774	57.2500000000001
1634341902.04	2850	59.83129	0.0	4935497	820	2.85	68.714	292	4014	57.98550362409391
1634341906.21	2850	59.568949	0.0	5346034	864	2.85	72.714	301	4254	57.75
1634341909.86	2850	59.883442	0.0	5134134	821	2.85	76.715	314	4494	56.735816045988436
1634341914.2	2850	59.628487	0.0	5368213	991	2.85	80.715	326	4734	57
1634341918.0	2850	59.895531	0.0	5612239	953	2.85	84.715	340	4974	56.5
1634341922.07	2850	59.67185	0.0	4811747	778	2.85	88.726	349	5215	57.84093742208932
1634341926.17	2850	59.646448	0.0	4933279	799	2.85	92.726	356	5455	58.25
1634341929.95	2850	59.95768	0.0	5486100	925	2.85	96.734	369	5695	56.63672654690625
1634341934.11	2850	59.69428	0.0	5218313	833	2.85	100.734	382	5935	56.75
1634341937.81	2850	59.998201	0.0	4977187	922	2.85	104.735	387	6175	58.73531617095719
1634341941.94	2850	59.779829	0.0	5061968	812	2.85	108.734	401	6415	56.5141285321331
1634341946.14	2850	59.798212	0.0	5225870	876	2.85	112.735	413	6655	56.98575356160953
1634341949.95	2850	59.823147	0.0	6017300	956	2.85	116.736	429	6895	55.986003499125154
1634341954.15	2850	59.566667	0.0	5509165	872	2.85	120.735	446	7135	55.76394098524638
