1634311412.88	750	4	0.167	427465	90	-0.7131000000000001	0	0	0	0
1634311413.13	750	8	0.0	647387	115	0.75	0	0	0	0
1634311413.37	750	12	0.0	677925	120	0.75	0	0	0	0
1634311413.61	750	15.833545	0.0	706841	108	0.75	0	0	0	0
1634311413.84	750	19.591325	0.0	701203	113	0.75	0	0	0	0
1634311414.16	750	23.309312	0.0	737962	172	0.75	0	0	0	0
1634311414.47	750	26.946453	0.0	699376	121	0.75	0	0	0	0
1634311414.73	750	30.744624	0.0	691941	117	0.75	0	0	0	0
1634311414.96	750	34.502909	0.0	635193	103	0.75	0	0	0	0
1634311415.17	750	38.261125	0.0	655855	109	0.75	0	0	0	0
1634311415.39	750	42.059665	0.0	626785	97	0.75	0	0	0	0
1634311415.62	750	45.817162	0.0	641824	106	0.75	0	0	0	0
1634311415.83	750	49.614009	0.0	657300	99	0.75	0	0	0	0
1634311416.08	750	53.372064	0.0	650171	106	0.75	0	0	0	0
1634311416.32	750	57.129867	0.0	713528	111	0.75	4.62	0	172	0
1634311417.59	750	59.872535	0.0	758246	117	0.75	4.62	0	172	0
1634311421.89	750	59.573031	0.0	743893	137	0.75	8.62	2	412	59.500000000000014
1634311425.71	750	59.879223	0.0	682559	144	0.75	12.62	2	652	60
1634311430.0	750	59.621074	0.0	689486	113	0.75	16.621	2	893	60.23494126468384
1634311433.82	750	59.933334	0.0	689027	153	0.75	20.621	2	1133	60
1634311437.7	750	59.95165	0.0	673540	207	0.75	24.622	2	1373	59.98500374906271
1634311441.48	750	59.978121	0.0	640816	107	0.75	28.628	2	1613	59.910134797803295
1634311445.76	750	59.707255	0.0	681370	132	0.75	32.63	2	1853	59.970014992503714
1634311450.02	750	59.454842	0.0	689141	117	0.75	36.629	2	2093	60.01500375093781
1634311453.81	750	59.765318	0.0	656898	123	0.75	40.63	2	2333	59.98500374906266
1634311458.07	750	59.505272	0.0	670951	110	0.75	44.63	2	2573	60
1634311461.83	750	59.803891	0.0	618544	99	0.75	48.63	2	2813	60
1634311466.11	750	59.541283	0.0	618247	108	0.75	52.63	2	3053	60
1634311469.89	750	59.578569	0.0	671894	103	0.75	56.63	2	3293	60
1634311473.69	750	59.890447	0.0	642169	140	0.75	60.631	2	3533	59.98500374906277
1634311477.99	750	59.596065	0.0	635411	148	0.75	64.631	2	3773	60
1634311481.83	750	59.662119	0.0	644615	129	0.75	68.632	2	4013	59.98500374906266
1634311485.63	750	59.966667	0.0	672342	141	0.75	72.645	2	4254	60.054821829055705
1634311489.95	750	59.73955	0.0	666301	154	0.75	76.645	2	4494	60
1634311493.77	750	59.79509	0.0	665276	159	0.75	80.645	2	4734	60
1634311498.08	750	59.541845	0.0	696340	148	0.75	84.646	2	4974	59.98500374906266
1634311501.84	750	59.855488	0.0	634337	115	0.75	88.647	2	5214	59.98500374906266
1634311505.62	750	59.880995	0.0	642800	132	0.75	92.647	2	5454	60
1634311509.92	750	59.618459	0.0	660587	118	0.75	96.647	2	5694	60
1634311513.69	750	59.911608	0.0	654618	112	0.75	100.648	2	5934	59.98500374906288
1634311519.2	750	59.692458	0.0	644116	100	0.75	104.651	2	6174	59.95503372470647
1634311522.08	750	59.431576	0.0	677809	9	0.75	108.651	2	6414	60
1634311525.89	750	59.738012	0.0	722701	156	0.75	112.651	2	6654	60
1634311529.71	750	59.758506	0.0	750718	153	0.75	116.651	2	6894	60
1634311533.99	750	59.49358	0.0	708690	123	0.75	120.652	2	7134	59.98500374906266
