1634329418.78	750	4	0.173	427465	79	-0.7389	0	0	0	0
1634329419.32	1200	8	0.0	1719226	283	0.75	0	0	0	0
1634329419.76	1200	12	0.0	1824230	305	1.2	0	0	0	0
1634329420.21	1200	16	0.0	1882039	302	1.2	0	0	0	0
1634329420.64	1200	19.836245	0.0	1838337	286	1.2	0	0	0	0
1634329421.14	1200	23.351245	0.0	1953398	314	1.2	0	0	0	0
1634329421.65	1200	26.866667	0.0	1841430	294	1.2	0	0	0	0
1634329422.25	1200	30.221887	0.0	1838080	437	1.2	5.521	4	99	0
1634329422.68	1200	33.777193	0.0	1692604	272	1.2	5.521	4	99	0
1634329423.09	1200	37.373082	0.0	1727189	270	1.2	5.521	4	99	0
1634329423.55	1200	40.933334	0.0	1715705	280	1.2	5.521	4	99	0
1634329424.04	1200	44.443833	0.0	1729349	281	1.2	5.521	4	99	0
1634329424.58	1200	47.933334	0.0	1754261	304	1.2	5.521	4	99	0
1634329425.03	1200	51.429444	0.0	1778755	311	1.2	5.521	4	99	0
1634329425.47	1200	54.983925	0.0	1915304	294	1.2	5.521	4	99	0
1634329426.01	1200	58.483334	0.0	1992580	348	1.2	5.521	4	99	0
1634329428.53	1200	59.986367	0.0	2012653	321	1.2	9.52	11	339	58.26456614153539
1634329433.05	1200	59.43791	0.0	1822103	308	1.2	13.521	12	579	59.73506623344162
1634329437.06	1200	59.503432	0.0	1832177	310	1.2	17.521	12	819	60
1634329441.06	1200	59.530707	0.0	1820480	300	1.2	21.521	12	1059	60
1634329445.44	1200	59.560178	0.0	1799178	320	1.2	25.522	14	1299	59.48512871782058
1634329449.09	1200	59.475195	0.0	1709916	236	1.2	29.522	17	1539	59.25
1634329453.08	1200	59.486349	0.0	1771595	284	1.2	33.524	18	1779	59.72013993003495
1634329457.11	1200	59.755398	0.0	1761173	293	1.2	37.56	23	2021	58.721506442021784
