1634352441.52	750	4	0.159	391964	71	-0.6787	0	0	0	0
1634352441.88	1200	8	0.0	1027639	154	0.75	0	0	0	0
1634352442.17	1200	12	0.0	1094547	178	1.2	0	0	0	0
1634352442.45	1200	16	0.0	1068941	158	1.2	0	0	0	0
1634352442.75	1200	20	0.0	1069226	166	1.2	0	0	0	0
1634352443.06	1200	24	0.0	1157353	175	1.2	0	0	0	0
1634352443.37	1200	28	0.0	1168829	182	1.2	0	0	0	0
1634352443.67	1200	31.755172	0.0	1093471	163	1.2	0	0	0	0
1634352443.96	1200	35.473566	0.0	1020028	173	1.2	0	0	0	0
1634352444.26	1200	39.150047	0.0	1051427	173	1.2	0	0	0	0
1634352444.56	1200	42.864853	0.0	1070992	180	1.2	0	0	0	0
1634352444.83	1200	46.58252	0.0	1063461	164	1.2	0	0	0	0
1634352445.19	1200	50.260432	0.0	1074096	228	1.2	5.246	0	44	0
1634352445.48	1200	53.937541	0.0	1080192	170	1.2	5.246	0	44	0
1634352445.8	1200	57.614652	0.0	1139934	182	1.2	5.246	0	44	0
1634352448.13	1200	59.430233	0.0	1145330	187	1.2	5.246	0	44	0
1634352452.01	1200	59.449599	0.0	1173744	208	1.2	9.248	0	164	29.98500749625188
1634352455.85	1200	59.758086	0.0	1061602	202	1.2	13.247	0	284	30.00750187546886
1634352459.67	1200	59.778774	0.0	1076224	156	1.2	17.247	0	404	30
1634352464.02	1200	59.511846	0.0	1068038	152	1.2	21.252	0	524	29.962546816479406
1634352467.84	1200	59.829976	0.0	1097493	171	1.2	25.252	0	644	30
1634352471.7	1200	59.869053	0.0	1072339	155	1.2	29.252	0	765	30.25
1634352475.55	1200	59.913627	0.0	1067889	195	1.2	33.253	0	884	29.742564358910265
1634352479.98	1200	59.649039	0.0	1067959	243	1.2	37.253	0	1005	30.25
1634352483.8	1200	59.705088	0.0	1077712	171	1.2	41.253	0	1125	30
1634352487.71	1200	59.729806	0.0	1138441	253	1.2	45.261	0	1245	29.94011976047902
1634352492.03	1200	59.479224	0.0	1027213	188	1.2	49.254	0	1365	30.05259203606315
1634352495.84	1200	59.807417	0.0	1019513	170	1.2	53.254	0	1485	30
1634352499.65	1200	59.83525	0.0	1030601	176	1.2	57.254	0	1605	30
1634352503.98	1200	59.60993	0.0	1059459	181	1.2	61.254	0	1725	30
1634352507.83	1200	59.625172	0.0	1058483	181	1.2	65.255	0	1845	29.992501874531385
1634352511.7	1200	59.941865	0.0	1026788	218	1.2	69.255	0	1965	30
1634352515.59	1200	59.978827	0.0	1034920	222	1.2	73.256	0	2085	29.99250187453133
1634352519.97	1200	59.446467	0.0	1024487	156	1.2	77.256	0	2205	30
1634352523.82	1200	59.752484	0.0	1088769	191	1.2	81.256	0	2325	30
1634352527.69	1200	59.777142	0.0	1213691	210	1.2	85.259	0	2445	29.977516862353234
1634352532.02	1200	59.542753	0.0	996535	178	1.2	89.258	0	2565	30.007501875468904
1634352535.88	1200	59.603405	0.0	1040309	219	1.2	93.259	0	2685	29.99250187453133
1634352539.77	1200	59.911683	0.0	1135519	188	1.2	97.259	0	2805	30
1634352543.59	1200	59.930561	0.0	1080635	186	1.2	101.259	0	2925	30
1634352547.43	1200	59.987867	0.0	1037366	177	1.2	105.26	0	3045	29.99250187453133
1634352552.47	1200	59.737521	0.0	1075257	180	1.2	109.26	0	3165	30
1634352556.5	1200	59.630452	0.0	1145173	180	1.2	113.292	0	3286	30.00992063492066
1634352559.85	1200	59.947142	0.0	1216507	186	1.2	117.296	0	3405	29.720279720279684
1634352563.85	1200	59.737316	0.0	1142437	188	1.2	121.306	9	3526	27.930174563591084
