1634332239.57	750	4	0.16	391964	78	-0.6829999999999999	0	0	0	0
1634332240.18	1850	8	0.0	2068530	419	0.75	0	0	0	0
1634332240.76	1850	12	0.0	2231919	412	1.85	0	0	0	0
1634332241.27	1850	15.833749	0.0	2071679	359	1.85	0	0	0	0
1634332241.8	1850	19.309592	0.0	2075075	352	1.85	0	0	0	0
1634332242.35	1850	22.743649	0.0	2324573	376	1.85	0	0	0	0
1634332243.0	1850	26.21951	0.0	2327434	386	1.85	5.24	0	53	0
1634332243.56	1850	29.573567	0.0	2160877	367	1.85	5.24	0	53	0
1634332244.15	1850	32.968808	0.0	2004753	389	1.85	5.24	0	53	0
1634332244.7	1850	36.405271	0.0	2057086	342	1.85	5.24	0	53	0
1634332245.2	1850	40	0.0	2101929	319	1.85	5.24	0	53	0
1634332245.69	1850	43.43513	0.0	2052018	332	1.85	5.24	0	53	0
1634332246.21	1850	46.910027	0.0	2085705	337	1.85	5.24	0	53	0
1634332246.72	1850	50.384866	0.0	2112772	340	1.85	5.24	0	53	0
1634332247.26	1850	53.859453	0.0	2222688	364	1.85	9.239	3	173	29.25731432858214
1634332247.82	1850	57.293572	0.0	2169593	360	1.85	9.239	3	173	29.25731432858214
1634332249.36	1850	59.920597	0.0	2267471	347	1.85	9.239	3	173	29.25731432858214
1634332253.46	1850	59.654013	0.0	2094437	330	1.85	13.264	3	294	30.062111801242246
1634332257.56	1850	59.680993	0.0	2148255	328	1.85	17.264	3	414	30
1634332261.12	1850	59.995468	0.0	2132587	331	1.85	21.264	3	534	30
1634332265.68	1850	59.49315	0.0	2151407	345	1.85	25.265	3	654	29.992501874531357
1634332270.05	1850	59.529696	0.0	2063523	317	1.85	29.265	3	774	30
