1634342207.02	750	4	0.183	427465	80	-0.7818999999999999	0	0	0	0
1634342207.74	1850	8	0.0	3156042	514	0.75	0	0	0	0
1634342208.47	1850	12	0.0	3331786	501	1.85	0	0	0	0
1634342209.24	1850	15.333334	0.0	3470899	542	1.85	0	0	0	0
1634342210.08	1850	18.5	0.0	3391540	615	1.85	0	0	0	0
1634342210.91	1850	21.666667	0.0	3653733	600	1.85	5.196	6	109	0
1634342211.73	1850	24.85	0.0	3500753	579	1.85	5.196	6	109	0
1634342212.55	1850	28.066667	0.0	3417687	540	1.85	5.196	6	109	0
1634342213.27	1850	31.283334	0.0	3185216	526	1.85	5.196	6	109	0
1634342214.0	1850	34.566667	0.0	3286263	533	1.85	5.196	6	109	0
1634342214.68	1850	37.889308	0.0	3082343	487	1.85	9.195	46	349	50.012503125781436
1634342215.39	1850	41.166667	0.0	3170736	497	1.85	9.195	46	349	50.012503125781436
1634342216.19	1850	44.416667	0.0	3196938	504	1.85	9.195	46	349	50.012503125781436
1634342216.92	1850	47.633334	0.0	3228009	520	1.85	9.195	46	349	50.012503125781436
1634342217.72	1850	50.883334	0.0	3513138	559	1.85	9.195	46	349	50.012503125781436
1634342218.54	1850	54.066667	0.0	3686191	534	1.85	13.196	61	589	56.235941014746324
1634342219.41	1850	57.15	0.0	3630324	586	1.85	13.196	61	589	56.235941014746324
1634342220.69	1850	59.904773	0.0	3348330	541	1.85	13.196	61	589	56.235941014746324
1634342224.99	1850	59.6512	0.0	3272823	522	1.85	17.196	79	829	55.49999999999998
1634342228.8	1850	59.967998	0.0	3263947	549	1.85	21.196	86	1069	58.25
1634342232.95	1850	59.714338	0.0	3246736	846	1.85	25.196	89	1309	59.25
1634342237.2	1850	59.462325	0.0	3067619	477	1.85	29.197	94	1549	58.7353161709573
1634342240.99	1850	59.779743	0.0	3258491	512	1.85	33.196	104	1789	57.51437859464868
1634342244.86	1850	59.85	0.0	3217708	493	1.85	37.197	107	2029	59.23519120219938
1634342249.33	1850	59.606812	0.0	3168556	579	1.85	41.2	149	2268	49.213090182363224
1634342253.78	1850	59.476096	0.0	3254799	517	1.85	45.213	164	2510	56.56615998006482
