1634322475.95	750	4	0.289	427465	191	-1.2377000000000002	0	0	0	0
1634322476.73	1850	8	0.0	3156042	534	0.75	0	0	0	0
1634322477.45	1850	12	0.0	3331786	522	1.85	0	0	0	0
1634322478.21	1850	15.4	0.0	3470899	554	1.85	0	0	0	0
1634322479.01	1850	18.65	0.0	3391540	557	1.85	0	0	0	0
1634322479.83	1850	21.816667	0.0	3653733	578	1.85	5.156	7	93	0
1634322480.59	1850	25.033334	0.0	3500753	557	1.85	5.156	7	93	0
1634322481.44	1850	28.25	0.0	3417687	573	1.85	5.156	7	93	0
1634322482.18	1850	31.45	0.0	3185216	504	1.85	5.156	7	93	0
1634322482.91	1850	34.716667	0.0	3286263	522	1.85	5.156	7	93	0
1634322483.61	1850	38.016667	0.0	3082343	477	1.85	9.156	51	333	48.999999999999986
1634322484.37	1850	41.25	0.0	3170736	492	1.85	9.156	51	333	48.999999999999986
1634322485.09	1850	44.533334	0.0	3196938	515	1.85	9.156	51	333	48.999999999999986
1634322485.82	1850	47.8	0.0	3228009	520	1.85	9.156	51	333	48.999999999999986
1634322486.66	1850	50.983334	0.0	3513138	612	1.85	9.156	51	333	48.999999999999986
1634322487.48	1850	54.15	0.0	3686191	596	1.85	13.156	68	573	55.75
1634322488.3	1850	57.333334	0.0	3630324	596	1.85	13.156	68	573	55.75
