1634295494.98	750	4	0.22	391964	102	-0.941	0	0	0	0
1634295495.3	1200	8	0.0	1027639	169	0.75	0	0	0	0
1634295495.59	1200	12	0.0	1094547	185	1.2	0	0	0	0
1634295495.89	1200	16	0.0	1068941	162	1.2	0	0	0	0
1634295496.17	1200	20	0.0	1069226	177	1.2	0	0	0	0
1634295496.5	1200	24	0.0	1157353	193	1.2	0	0	0	0
1634295496.86	1200	27.913287	0.0	1168829	213	1.2	0	0	0	0
1634295497.18	1200	31.590506	0.0	1093471	209	1.2	0	0	0	0
1634295497.47	1200	35.307958	0.0	1020028	166	1.2	0	0	0	0
1634295497.77	1200	39.024371	0.0	1051427	175	1.2	0	0	0	0
1634295498.08	1200	42.702363	0.0	1070992	176	1.2	0	0	0	0
1634295498.37	1200	46.420645	0.0	1063461	162	1.2	5.156	0	41	0
1634295498.7	1200	50.097354	0.0	1074096	211	1.2	5.156	0	41	0
1634295499.0	1200	53.775129	0.0	1080192	189	1.2	5.156	0	41	0
1634295499.32	1200	57.45325	0.0	1139934	201	1.2	5.156	0	41	0
1634295501.23	1200	59.713947	0.0	1145330	226	1.2	5.156	0	41	0
1634295505.08	1200	59.731889	0.0	1173744	204	1.2	9.156	0	161	29.999999999999993
1634295509.43	1200	59.46889	0.0	1061602	193	1.2	13.161	0	282	30.212234706616737
1634295513.31	1200	59.493526	0.0	1076224	182	1.2	17.16	0	402	30.00750187546886
1634295517.11	1200	59.803135	0.0	1068038	166	1.2	21.161	0	522	29.992501874531357
1634295520.93	1200	59.845434	0.0	1097493	173	1.2	25.161	0	642	30
1634295525.33	1200	59.577444	0.0	1072339	176	1.2	29.161	0	762	30
1634295529.16	1200	59.877438	0.0	1067889	164	1.2	33.161	0	882	30
1634295532.99	1200	59.917707	0.0	1067959	178	1.2	37.172	0	1002	29.91772625280482
1634295537.31	1200	59.65329	0.0	1077712	175	1.2	41.171	0	1122	30.00750187546885
1634295541.14	1200	59.674375	0.0	1138441	162	1.2	45.179	0	1242	29.94011976047902
1634295544.93	1200	59.995499	0.0	1027213	176	1.2	49.172	0	1362	30.05259203606315
1634295549.24	1200	59.757341	0.0	1019513	175	1.2	53.172	0	1482	30
1634295553.07	1200	59.80386	0.0	1030601	180	1.2	57.173	0	1602	29.99250187453133
1634295557.43	1200	59.54381	0.0	1059459	185	1.2	61.173	0	1722	30
1634295561.24	1200	59.57588	0.0	1058483	145	1.2	65.173	0	1842	30
1634295565.08	1200	59.873151	0.0	1026788	169	1.2	69.173	0	1962	30
1634295568.93	1200	59.880492	0.0	1034920	177	1.2	73.174	0	2082	29.99250187453133
1634295573.25	1200	59.624102	0.0	1024487	177	1.2	77.173	0	2202	30.007501875468904
1634295577.13	1200	59.920927	0.0	1088769	167	1.2	81.174	0	2322	29.99250187453133
1634295581.0	1200	59.946631	0.0	1213691	213	1.2	85.174	0	2442	30
1634295584.82	1200	59.986917	0.0	996535	158	1.2	89.174	0	2562	30
1634295589.14	1200	59.71184	0.0	1040309	169	1.2	93.174	0	2682	30
1634295593.04	1200	59.742111	0.0	1135519	195	1.2	97.175	0	2802	29.99250187453144
1634295597.38	1200	59.506761	0.0	1080635	197	1.2	101.175	0	2922	30
1634295601.26	1200	59.526139	0.0	1037366	190	1.2	105.175	0	3042	30
1634295605.64	1200	59.841682	0.0	1075257	162	1.2	109.176	0	3162	29.99250187453133
1634295609.43	1200	59.680688	0.0	1145173	242	1.2	113.179	0	3282	29.977516862353234
1634295613.53	1200	59.680951	0.0	1216507	206	1.2	117.176	0	3402	30.02251688766575
1634295617.11	1200	59.917655	0.0	1142437	186	1.2	121.177	0	3522	29.99250187453133
