1634352678.33	750	4	0.149	391964	44	-0.6356999999999999	0	0	0	0
1634352678.66	1200	8	0.0	1027639	89	0.75	0	0	0	0
1634352678.94	1200	12	0.0	1094547	168	1.2	0	0	0	0
1634352679.24	1200	16	0.0	1068941	170	1.2	0	0	0	0
1634352679.53	1200	20	0.0	1069226	158	1.2	0	0	0	0
1634352679.86	1200	23.954581	0.0	1157353	202	1.2	0	0	0	0
1634352680.18	1200	27.633334	0.0	1168829	192	1.2	0	0	0	0
1634352680.48	1200	31.350889	0.0	1093471	178	1.2	0	0	0	0
1634352680.79	1200	35.027922	0.0	1020028	160	1.2	0	0	0	0
1634352681.08	1200	38.745332	0.0	1051427	160	1.2	0	0	0	0
1634352681.39	1200	42.422837	0.0	1070992	169	1.2	0	0	0	0
1634352681.87	1200	46.138723	0.0	1063461	156	1.2	0	0	0	0
1634352682.17	1200	49.653683	0.0	1074096	168	1.2	5.446	0	64	0
1634352682.49	1200	53.331002	0.0	1080192	182	1.2	5.446	0	64	0
1634352682.81	1200	57.008323	0.0	1139934	163	1.2	5.446	0	64	0
1634352684.14	1200	59.789077	0.0	1145330	181	1.2	5.446	0	64	0
1634352688.03	1200	59.845818	0.0	1173744	158	1.2	9.446	0	184	30
1634352692.4	1200	59.617556	0.0	1061602	163	1.2	13.447	0	304	29.99250187453137
1634352696.23	1200	59.622537	0.0	1076224	149	1.2	17.448	0	424	29.992501874531357
1634352700.13	1200	59.924224	0.0	1068038	184	1.2	21.447	0	544	30.007501875468876
1634352704.02	1200	59.941729	0.0	1097493	163	1.2	25.448	0	664	29.992501874531357
1634352707.88	1200	59.95401	0.0	1072339	171	1.2	29.448	0	784	30
1634352712.21	1200	59.686179	0.0	1067889	175	1.2	33.45	0	904	29.985007496251857
1634352716.11	1200	59.993104	0.0	1067959	162	1.2	37.45	0	1024	30
1634352720.45	1200	59.450187	0.0	1077712	174	1.2	41.45	0	1144	30
1634352724.3	1200	59.749223	0.0	1138441	186	1.2	45.451	0	1264	29.992501874531385
1634352728.13	1200	59.775641	0.0	1027213	157	1.2	49.451	0	1384	30
1634352732.52	1200	59.514859	0.0	1019513	187	1.2	53.451	0	1504	30
1634352736.35	1200	59.547018	0.0	1030601	164	1.2	57.451	0	1624	30
1634352740.17	1200	59.8395	0.0	1059459	159	1.2	61.451	0	1744	30
1634352744.04	1200	59.894619	0.0	1058483	171	1.2	65.452	0	1864	29.992501874531385
1634352747.9	1200	59.952658	0.0	1026788	169	1.2	69.453	0	1984	29.99250187453133
1634352752.26	1200	59.676597	0.0	1034920	163	1.2	73.453	0	2104	30
1634352756.12	1200	59.976805	0.0	1024487	162	1.2	77.453	0	2224	30
1634352759.97	1200	59.996108	0.0	1088769	163	1.2	81.452	0	2344	30.007501875468904
1634352764.39	1200	59.498455	0.0	1213691	154	1.2	85.453	0	2464	29.99250187453133
1634352768.27	1200	59.808251	0.0	996535	154	1.2	89.453	0	2584	30
1634352772.1	1200	59.847713	0.0	1040309	160	1.2	93.454	0	2704	29.99250187453144
1634352775.97	1200	59.867701	0.0	1135519	186	1.2	97.458	0	2824	29.970029970029934
1634352780.31	1200	59.59714	0.0	1080635	174	1.2	101.458	0	2944	30
1634352784.14	1200	59.893976	0.0	1037366	162	1.2	105.458	0	3064	30
1634352788.05	1200	59.923337	0.0	1075257	193	1.2	109.459	0	3184	29.99250187453133
1634352791.98	1200	59.951816	0.0	1145173	242	1.2	113.459	0	3304	30
1634352796.32	1200	59.733334	0.0	1216507	205	1.2	117.459	0	3424	30
1634352800.17	1200	59.751164	0.0	1142437	170	1.2	121.46	0	3544	29.99250187453144
