1634342823.85	750	4	0.222	427465	124	-0.9495999999999999	0	0	0	0
1634342824.34	1200	8	0.0	1719226	276	0.75	0	0	0	0
1634342824.83	1200	12	0.0	1824230	311	1.2	0	0	0	0
1634342825.29	1200	16	0.0	1882039	299	1.2	0	0	0	0
1634342825.78	1200	19.712257	0.0	1838337	326	1.2	0	0	0	0
1634342826.34	1200	23.148516	0.0	1953398	399	1.2	0	0	0	0
1634342826.82	1200	26.66368	0.0	1841430	305	1.2	0	0	0	0
1634342827.39	1200	30.179752	0.0	1838080	327	1.2	5.192	1	105	0
1634342827.88	1200	33.612289	0.0	1692604	276	1.2	5.192	1	105	0
1634342828.35	1200	37.127732	0.0	1727189	306	1.2	5.192	1	105	0
1634342829.14	1200	40.360881	0.0	1715705	611	1.2	5.192	1	105	0
1634342829.69	1200	43.792899	0.0	1729349	388	1.2	5.192	1	105	0
1634342830.15	1200	47.348037	0.0	1754261	304	1.2	5.192	1	105	0
1634342830.73	1200	50.74003	0.0	1778755	401	1.2	5.192	1	105	0
1634342831.2	1200	54.295927	0.0	1915304	313	1.2	5.192	1	105	0
1634342831.7	1200	57.772006	0.0	1992580	347	1.2	9.24	3	348	59.53557312252964
1634342833.83	1200	59.75	0.0	2012653	410	1.2	9.24	3	348	59.53557312252964
1634342837.87	1200	59.780886	0.0	1822103	326	1.2	13.241	3	588	59.98500374906274
1634342841.85	1200	59.788805	0.0	1832177	316	1.2	17.242	3	828	59.98500374906271
1634342846.01	1200	59.53928	0.0	1820480	467	1.2	21.242	3	1068	60
1634342850.01	1200	59.566943	0.0	1799178	311	1.2	25.242	3	1308	60
1634342854.03	1200	59.590297	0.0	1709916	323	1.2	29.243	3	1548	59.98500374906277
1634342857.62	1200	59.897042	0.0	1771595	395	1.2	33.243	3	1788	59.99999999999995
1634342861.64	1200	59.907443	0.0	1761173	335	1.2	37.243	3	2028	60
1634342865.62	1200	59.93517	0.0	1733302	294	1.2	41.246	3	2268	59.95503372470647
1634342869.91	1200	59.6768	0.0	1784941	575	1.2	45.247	3	2508	59.98500374906277
1634342873.91	1200	59.689579	0.0	1702509	304	1.2	49.247	3	2748	60
1634342877.9	1200	59.709864	0.0	1694307	300	1.2	53.247	3	2988	60
1634342881.91	1200	59.738553	0.0	1839362	311	1.2	57.247	3	3228	60
1634342885.89	1200	59.763463	0.0	1715553	317	1.2	61.247	3	3468	60
1634342889.93	1200	59.791075	0.0	1737144	271	1.2	65.247	3	3708	60
1634342893.97	1200	59.576782	0.0	1718570	326	1.2	69.247	3	3948	60
1634342897.98	1200	59.60586	0.0	1799075	315	1.2	73.248	3	4188	59.98500374906266
1634342901.53	1200	59.960172	0.0	1764247	354	1.2	77.248	3	4428	60
1634342905.5	1200	59.980623	0.0	1792164	286	1.2	81.249	3	4669	60.23494126468397
1634342910.08	1200	59.443028	0.0	1923129	393	1.2	85.249	3	4908	59.75
1634342914.04	1200	59.4593	0.0	1619018	290	1.2	89.249	3	5148	60
1634342918.05	1200	59.478873	0.0	1766623	317	1.2	93.249	3	5389	60.25
1634342922.04	1200	59.514279	0.0	1805304	321	1.2	97.25	3	5629	59.98500374906266
1634342926.13	1200	59.539823	0.0	1754155	441	1.2	101.25	3	5869	60
1634342930.13	1200	59.561409	0.0	1739691	299	1.2	105.251	3	6109	59.98500374906266
1634342933.66	1200	59.879261	0.0	1734417	295	1.2	109.252	3	6349	59.98500374906288
1634342937.76	1200	59.900512	0.0	1932720	369	1.2	113.253	3	6589	59.98500374906266
1634342941.79	1200	59.923478	0.0	2017647	324	1.2	117.253	3	6829	60
1634342945.8	1200	59.670079	0.0	1827933	339	1.2	121.261	3	7069	59.88023952095815
