1634645429.03	750	4	0.789	3873109	617	-3.3876999999999997	0	0	0	0
1634645429.77	2850	8	0.0	3278264	510	0.75	0	0	0	0
1634645430.8	2850	11.066667	0.0	4479625	698	2.85	0	0	0	0
1634645431.59	2850	14.219534	0.0	3495272	539	2.85	0	0	0	0
1634645432.46	2850	17.4	0.0	3525421	549	2.85	4.617	2	62	0
1634645433.49	2850	20.333334	0.0	4652033	719	2.85	4.617	2	62	0
1634645434.45	2850	23.353307	0.0	4298145	682	2.85	4.617	2	62	0
1634645435.36	2850	26.466667	0.0	4054420	634	2.85	4.617	2	62	0
1634645436.3	2850	29.566667	0.0	3887575	612	2.85	8.617	4	182	29.499999999999993
1634645437.29	2850	32.533334	0.0	4241421	662	2.85	8.617	4	182	29.499999999999993
1634645438.28	2850	35.566667	0.0	3616621	677	2.85	8.617	4	182	29.499999999999993
1634645439.15	2850	38.633334	0.0	3962980	616	2.85	8.617	4	182	29.499999999999993
1634645440.19	2850	41.633334	0.0	4314183	736	2.85	12.618	7	302	29.24268932766809
1634645441.18	2850	44.633334	0.0	4310059	722	2.85	12.618	7	302	29.24268932766809
1634645442.1	2850	47.7	0.0	4053167	675	2.85	12.618	7	302	29.24268932766809
1634645442.97	2850	50.828483	0.0	4086458	634	2.85	12.618	7	302	29.24268932766809
1634645443.99	2850	53.866667	0.0	4236208	694	2.85	16.618	10	422	29.250000000000014
1634645444.98	2850	56.806403	0.0	4627495	728	2.85	16.618	10	422	29.250000000000014
1634645445.86	2850	59.918178	0.0	4132961	665	2.85	16.618	10	422	29.250000000000014
1634645449.85	2850	59.97644	0.0	4330790	683	2.85	20.618	13	542	29.25
1634645453.86	2850	59.987925	0.0	4120215	656	2.85	24.618	13	662	30
1634645457.83	2850	59.994212	0.0	4019609	646	2.85	28.618	13	782	30
1634645462.45	2850	59.480138	0.0	4247039	714	2.85	32.619	16	902	29.242689327668074
1634645466.41	2850	59.555904	0.0	4124058	661	2.85	36.621	16	1022	29.985007496251857
1634645469.91	2850	59.896942	0.0	3926768	700	2.85	40.62	16	1142	30.007501875468904
1634645473.93	2850	59.946908	0.0	3943735	668	2.85	44.621	16	1262	29.99250187453133
1634645477.88	2850	59.997036	0.0	3670575	656	2.85	48.621	16	1382	30
1634645482.29	2850	59.720986	0.0	3794223	623	2.85	52.622	16	1502	29.992501874531385
1634645486.34	2850	59.496078	0.0	4668334	746	2.85	56.622	17	1622	29.75
1634645490.41	2850	59.519298	0.0	4252092	749	2.85	60.622	17	1742	30
1634645493.99	2850	59.859387	0.0	4278890	705	2.85	64.622	17	1862	30
1634645497.98	2850	59.872507	0.0	3680627	649	2.85	68.623	17	1982	29.99250187453133
1634645502.21	2850	59.604511	0.0	4170657	901	2.85	72.624	17	2102	29.99250187453144
1634645506.22	2850	59.60932	0.0	3999127	684	2.85	76.625	17	2222	29.99250187453133
1634645510.32	2850	59.634155	0.0	4663093	787	2.85	80.642	18	2343	29.873039581777476
1634645514.02	2850	59.938538	0.0	4561873	851	2.85	84.643	20	2463	29.49262684328914
1634645518.29	2850	59.661658	0.0	3117100	508	2.85	88.643	20	2583	30
1634645522.3	2850	59.678785	0.0	3492326	663	2.85	92.643	21	2703	29.75
1634645526.13	2850	59.692916	0.0	4219470	915	2.85	96.644	23	2823	29.49262684328914
1634645530.18	2850	59.718858	0.0	4003993	685	2.85	100.644	25	2943	29.5
1634645534.2	2850	59.729207	0.0	3912267	737	2.85	104.644	25	3063	30
1634645538.03	2850	59.780376	0.0	3014116	552	2.85	108.644	25	3183	30
1634645542.34	2850	59.514369	0.0	3111089	532	2.85	112.645	25	3303	29.99250187453144
1634645546.0	2850	59.810631	0.0	4886444	811	2.85	116.645	26	3423	29.75
1634645549.99	2850	59.824958	0.0	4218237	703	2.85	120.645	28	3543	29.5
