1634335472.25	750	4	0.162	427465	79	-0.6916	0	0	0	0
1634335472.98	1850	8	0.0	3156042	480	0.75	0	0	0	0
1634335473.77	1850	12	0.0	3331786	534	1.85	0	0	0	0
1634335474.6	1850	15.316667	0.0	3470899	548	1.85	0	0	0	0
1634335475.36	1850	18.533334	0.0	3391540	538	1.85	0	0	0	0
1634335476.19	1850	21.716667	0.0	3653733	582	1.85	5.217	7	104	0
1634335477.05	1850	24.9	0.0	3500753	527	1.85	5.217	7	104	0
1634335477.82	1850	28.1	0.0	3417687	519	1.85	5.217	7	104	0
1634335478.61	1850	31.333334	0.0	3185216	488	1.85	5.217	7	104	0
1634335479.34	1850	34.55	0.0	3286263	486	1.85	5.217	7	104	0
1634335480.08	1850	37.816667	0.0	3082343	506	1.85	9.217	47	344	49.999999999999986
1634335480.89	1850	41.033334	0.0	3170736	549	1.85	9.217	47	344	49.999999999999986
1634335481.61	1850	44.283334	0.0	3196938	494	1.85	9.217	47	344	49.999999999999986
1634335482.33	1850	47.566667	0.0	3228009	482	1.85	9.217	47	344	49.999999999999986
1634335483.13	1850	50.8	0.0	3513138	547	1.85	9.217	47	344	49.999999999999986
1634335484.04	1850	53.866667	0.0	3686191	653	1.85	13.237	67	585	54.975124378109456
1634335484.91	1850	57.016667	0.0	3630324	601	1.85	13.237	67	585	54.975124378109456
1634335486.16	1850	59.771875	0.0	3348330	534	1.85	13.237	67	585	54.975124378109456
