1634295966.82	750	4	0.19	391964	121	-0.8119999999999999	0	0	0	0
1634295967.2	1200	8	0.0	1027639	194	0.75	0	0	0	0
1634295967.54	1200	11.951426	0.0	1094547	219	1.2	0	0	0	0
1634295967.85	1200	15.669285	0.0	1068941	190	1.2	0	0	0	0
1634295968.14	1200	19.347247	0.0	1069226	181	1.2	0	0	0	0
1634295968.48	1200	23.024476	0.0	1157353	193	1.2	0	0	0	0
1634295968.85	1200	26.661225	0.0	1168829	192	1.2	0	0	0	0
1634295969.22	1200	30.297941	0.0	1093471	175	1.2	0	0	0	0
1634295969.52	1200	33.975357	0.0	1020028	171	1.2	0	0	0	0
1634295969.81	1200	37.693286	0.0	1051427	177	1.2	0	0	0	0
1634295970.11	1200	41.406935	0.0	1070992	191	1.2	0	0	0	0
1634295970.44	1200	45.082456	0.0	1063461	188	1.2	4.597	0	82	0
1634295970.93	1200	48.595506	0.0	1074096	307	1.2	4.597	0	82	0
1634295971.27	1200	52.231522	0.0	1080192	191	1.2	4.597	0	82	0
1634295971.63	1200	55.868359	0.0	1139934	221	1.2	4.597	0	82	0
1634295971.96	1200	59.545712	0.0	1145330	190	1.2	4.597	0	82	0
1634295975.85	1200	59.812213	0.0	1173744	215	1.2	8.596	0	202	30.00750187546887
1634295979.8	1200	59.877126	0.0	1061602	177	1.2	12.596	0	322	30
1634295983.68	1200	59.901696	0.0	1076224	186	1.2	16.597	0	442	29.992501874531357
1634295988.02	1200	59.671825	0.0	1068038	157	1.2	20.597	0	562	30
1634295991.9	1200	59.692944	0.0	1097493	161	1.2	24.597	0	682	30
1634295996.27	1200	59.423663	0.0	1072339	188	1.2	28.597	0	802	30
1634296000.16	1200	59.49766	0.0	1067889	191	1.2	32.597	0	922	30
1634296004.02	1200	59.525789	0.0	1067959	178	1.2	36.599	0	1042	29.98500749625191
1634296007.9	1200	59.82056	0.0	1077712	190	1.2	40.6	0	1162	29.99250187453133
1634296011.73	1200	59.870365	0.0	1138441	187	1.2	44.6	0	1282	30
1634296016.08	1200	59.602778	0.0	1027213	182	1.2	48.601	0	1402	29.992501874531385
1634296019.89	1200	59.61949	0.0	1019513	169	1.2	52.601	0	1522	30
1634296023.74	1200	59.921421	0.0	1030601	180	1.2	56.6	0	1642	30.00750187546885
1634296028.06	1200	59.649897	0.0	1059459	167	1.2	60.601	0	1762	29.992501874531385
1634296031.9	1200	59.66973	0.0	1058483	153	1.2	64.601	0	1882	30
1634296035.75	1200	59.980605	0.0	1026788	182	1.2	68.601	0	2002	30
1634296040.13	1200	59.469678	0.0	1034920	173	1.2	72.603	0	2122	29.98500749625191
1634296043.98	1200	59.817852	0.0	1024487	186	1.2	76.602	0	2242	30.007501875468797
1634296047.89	1200	59.868627	0.0	1088769	213	1.2	80.603	0	2362	29.99250187453144
1634296051.8	1200	59.889968	0.0	1213691	206	1.2	84.604	0	2482	29.99250187453133
1634296055.63	1200	59.896859	0.0	996535	159	1.2	88.604	0	2602	30
1634296059.95	1200	59.625934	0.0	1040309	176	1.2	92.604	0	2722	30
1634296063.83	1200	59.964245	0.0	1135519	202	1.2	96.604	0	2842	30
1634296067.72	1200	59.991451	0.0	1080635	206	1.2	100.604	0	2962	30
1634296072.08	1200	59.443666	0.0	1037366	193	1.2	104.605	0	3082	29.99250187453133
1634296075.93	1200	59.747782	0.0	1075257	185	1.2	108.605	0	3202	30
1634296079.78	1200	59.767622	0.0	1145173	195	1.2	112.605	0	3322	30
1634296084.21	1200	59.506595	0.0	1216507	221	1.2	116.605	0	3442	30
1634296088.14	1200	59.534806	0.0	1142437	200	1.2	120.606	0	3562	29.99250187453144
