1634329813.59	750	4	0.169	427465	90	-0.7216999999999999	0	0	0	0
1634329814.06	1200	8	0.0	1719226	279	0.75	0	0	0	0
1634329814.51	1200	11.716667	0.0	1824230	299	1.2	0	0	0	0
1634329814.99	1200	15.25	0.0	1882039	304	1.2	0	0	0	0
1634329815.45	1200	18.788538	0.0	1838337	297	1.2	0	0	0	0
1634329815.92	1200	22.30448	0.0	1953398	303	1.2	0	0	0	0
1634329816.39	1200	25.820523	0.0	1841430	305	1.2	0	0	0	0
1634329816.9	1200	29.366667	0.0	1838080	294	1.2	0	0	0	0
1634329817.4	1200	32.850892	0.0	1692604	308	1.2	4.637	4	167	0
1634329817.93	1200	36.285538	0.0	1727189	323	1.2	4.637	4	167	0
1634329818.37	1200	39.841124	0.0	1715705	291	1.2	4.637	4	167	0
1634329818.85	1200	43.397323	0.0	1729349	316	1.2	4.637	4	167	0
1634329819.33	1200	46.916667	0.0	1754261	286	1.2	4.637	4	167	0
1634329819.77	1200	50.466667	0.0	1778755	283	1.2	4.637	4	167	0
1634329820.29	1200	53.983334	0.0	1915304	307	1.2	4.637	4	167	0
1634329820.77	1200	57.456176	0.0	1992580	340	1.2	4.637	4	167	0
1634329822.78	1200	59.509648	0.0	2012653	328	1.2	8.643	12	408	58.16275586620068
1634329826.76	1200	59.522633	0.0	1822103	288	1.2	12.643	12	648	60
1634329830.77	1200	59.543933	0.0	1832177	291	1.2	16.646	12	888	59.95503372470647
1634329834.76	1200	59.563267	0.0	1820480	274	1.2	20.646	12	1128	60
1634329838.74	1200	59.583334	0.0	1799178	295	1.2	24.646	12	1368	60
1634329842.71	1200	59.610423	0.0	1709916	276	1.2	28.647	12	1608	59.98500374906277
1634329846.69	1200	59.680517	0.0	1771595	279	1.2	32.647	12	1848	60
1634329850.72	1200	59.704119	0.0	1761173	301	1.2	36.648	13	2088	59.73506623344157
1634329854.7	1200	59.725997	0.0	1733302	263	1.2	40.647	13	2328	60.01500375093781
1634329858.68	1200	59.751391	0.0	1784941	272	1.2	44.648	13	2568	59.98500374906266
1634329862.69	1200	59.770831	0.0	1702509	274	1.2	48.648	14	2808	59.75
1634329866.71	1200	59.829634	0.0	1694307	312	1.2	52.649	14	3048	59.98500374906277
1634329870.72	1200	59.558143	0.0	1839362	299	1.2	56.649	14	3288	60
1634329874.65	1200	59.584799	0.0	1715553	270	1.2	60.649	14	3528	60
1634329878.64	1200	59.607105	0.0	1737144	278	1.2	64.649	16	3768	59.5
1634329882.62	1200	59.614138	0.0	1718570	282	1.2	68.649	16	4008	60
1634329886.65	1200	59.638474	0.0	1799075	292	1.2	72.65	17	4248	59.73506623344157
1634329890.62	1200	59.659944	0.0	1764247	267	1.2	76.651	17	4488	59.98500374906288
1634329894.65	1200	59.722007	0.0	1792164	317	1.2	80.651	17	4728	60
1634329898.74	1200	59.75	0.0	1923129	321	1.2	84.651	17	4968	60
1634329902.76	1200	59.491615	0.0	1619018	265	1.2	88.667	19	5209	59.51195219123498
1634329906.77	1200	59.514525	0.0	1766623	300	1.2	92.668	20	5449	59.73506623344157
1634329910.81	1200	59.533395	0.0	1805304	320	1.2	96.668	20	5689	60
1634329914.84	1200	59.550914	0.0	1754155	307	1.2	100.668	20	5929	60
1634329918.83	1200	59.576359	0.0	1739691	302	1.2	104.668	20	6169	60
1634329922.79	1200	59.605382	0.0	1734417	280	1.2	108.669	20	6409	59.98500374906288
1634329926.32	1200	59.911124	0.0	1932720	284	1.2	112.669	21	6649	59.75
1634329930.36	1200	59.931217	0.0	2017647	333	1.2	116.669	21	6889	60
1634329934.41	1200	59.957649	0.0	1827933	324	1.2	120.67	22	7129	59.73506623344157
