1634299109.63	750	4	0.204	427465	93	-0.8722	0	0	0	0
1634299110.08	1200	7.756719	0.0	1719226	287	0.75	0	0	0	0
1634299110.54	1200	11.272538	0.0	1824230	308	1.2	0	0	0	0
1634299111.06	1200	14.829067	0.0	1882039	313	1.2	0	0	0	0
1634299111.58	1200	18.266667	0.0	1838337	321	1.2	0	0	0	0
1634299112.53	1200	21.3	0.0	1953398	778	1.2	0	0	0	0
1634299113.06	1200	24.8	0.0	1841430	325	1.2	4.579	2	173	0
1634299113.6	1200	28.243862	0.0	1838080	366	1.2	4.579	2	173	0
1634299114.05	1200	31.8	0.0	1692604	299	1.2	4.579	2	173	0
1634299114.51	1200	35.355917	0.0	1727189	287	1.2	4.579	2	173	0
1634299114.95	1200	38.872946	0.0	1715705	277	1.2	4.579	2	173	0
1634299115.45	1200	42.416667	0.0	1729349	290	1.2	4.579	2	173	0
1634299115.89	1200	45.943643	0.0	1754261	289	1.2	4.579	2	173	0
1634299116.39	1200	49.466667	0.0	1778755	308	1.2	4.579	2	173	0
1634299116.87	1200	52.973576	0.0	1915304	315	1.2	8.579	11	413	57.749999999999986
1634299117.35	1200	56.489262	0.0	1992580	329	1.2	8.579	11	413	57.749999999999986
1634299118.01	1200	59.83928	0.0	2012653	483	1.2	8.579	11	413	57.749999999999986
1634299122.02	1200	59.829182	0.0	1822103	321	1.2	12.578	13	653	59.514878719679935
1634299126.46	1200	59.557145	0.0	1832177	773	1.2	16.579	13	893	59.98500374906271
1634299129.98	1200	59.864341	0.0	1820480	290	1.2	20.579	15	1133	59.5
1634299133.97	1200	59.874437	0.0	1799178	300	1.2	24.58	16	1373	59.73506623344167
1634299137.97	1200	59.892526	0.0	1709916	283	1.2	28.579	17	1613	59.76494123530879
1634299141.97	1200	59.911357	0.0	1771595	269	1.2	32.579	17	1853	60
1634299145.96	1200	59.93621	0.0	1761173	337	1.2	36.582	17	2093	59.95503372470647
1634299149.98	1200	59.956304	0.0	1733302	308	1.2	40.581	17	2333	60.0150037509377
1634299153.96	1200	59.980829	0.0	1784941	290	1.2	44.581	17	2573	60
1634299157.89	1200	59.998343	0.0	1702509	267	1.2	48.582	17	2813	59.98500374906277
1634299162.37	1200	59.735237	0.0	1694307	298	1.2	52.582	17	3053	60
1634299166.41	1200	59.469625	0.0	1839362	319	1.2	56.582	17	3293	60
1634299170.47	1200	59.497554	0.0	1715553	326	1.2	60.582	17	3533	60
1634299174.2	1200	59.795724	0.0	1737144	508	1.2	64.582	17	3773	60.00000000000011
1634299178.2	1200	59.819463	0.0	1718570	319	1.2	68.582	17	4013	60
1634299182.25	1200	59.837843	0.0	1799075	293	1.2	72.582	19	4253	59.5
1634299186.3	1200	59.563974	0.0	1764247	323	1.2	76.583	20	4493	59.73506623344157
1634299190.33	1200	59.590696	0.0	1792164	298	1.2	80.584	20	4733	59.98500374906266
1634299194.37	1200	59.603509	0.0	1923129	325	1.2	84.583	20	4973	60.01500375093781
1634299198.42	1200	59.614729	0.0	1619018	327	1.2	88.586	21	5214	59.95503372470647
1634299201.93	1200	59.95347	0.0	1766623	283	1.2	92.586	21	5454	60
1634299205.94	1200	59.96549	0.0	1805304	309	1.2	96.609	22	5695	59.65697240865032
1634299209.96	1200	59.989878	0.0	1754155	283	1.2	100.61	22	5935	59.98500374906266
1634299214.46	1200	59.437279	0.0	1739691	278	1.2	104.61	22	6175	60
1634299218.44	1200	59.502194	0.0	1734417	281	1.2	108.61	22	6415	60
1634299222.46	1200	59.522936	0.0	1932720	333	1.2	112.61	22	6655	60
1634299226.04	1200	59.863496	0.0	2017647	361	1.2	116.611	24	6895	59.48512871782047
1634299230.05	1200	59.923362	0.0	1827933	325	1.2	120.611	25	7135	59.75
