1634326266.04	750	4	0.153	391964	71	-0.6528999999999999	0	0	0	0
1634326266.37	1200	8	0.0	1027639	182	0.75	0	0	0	0
1634326267.67	1200	12	0.0	1094547	1152	1.2	0	0	0	0
1634326267.96	1200	15.89752	0.0	1068941	168	1.2	0	0	0	0
1634326268.27	1200	19.574354	0.0	1069226	192	1.2	0	0	0	0
1634326268.64	1200	23.208545	0.0	1157353	207	1.2	0	0	0	0
1634326268.99	1200	26.881031	0.0	1168829	234	1.2	0	0	0	0
1634326269.32	1200	30.557712	0.0	1093471	198	1.2	0	0	0	0
1634326269.77	1200	34.073322	0.0	1020028	174	1.2	5.252	0	46	0
1634326270.13	1200	37.750869	0.0	1051427	207	1.2	5.252	0	46	0
1634326270.49	1200	41.388526	0.0	1070992	211	1.2	5.252	0	46	0
1634326270.78	1200	45.106857	0.0	1063461	153	1.2	5.252	0	46	0
1634326271.08	1200	48.784315	0.0	1074096	184	1.2	5.252	0	46	0
1634326271.4	1200	52.460358	0.0	1080192	174	1.2	5.252	0	46	0
1634326271.71	1200	56.137339	0.0	1139934	187	1.2	5.252	0	46	0
1634326272.03	1200	59.85157	0.0	1145330	196	1.2	5.252	0	46	0
1634326276.42	1200	59.488491	0.0	1173744	183	1.2	9.252	0	166	29.999999999999993
1634326280.27	1200	59.8	0.0	1061602	160	1.2	13.252	0	286	30
1634326284.15	1200	59.815129	0.0	1076224	192	1.2	17.254	0	406	29.985007496251868
1634326288.05	1200	59.84328	0.0	1068038	189	1.2	21.254	0	526	30
1634326292.48	1200	59.605272	0.0	1097493	257	1.2	25.254	0	646	30
1634326296.31	1200	59.675606	0.0	1072339	183	1.2	29.254	3	766	29.25
1634326300.18	1200	59.985762	0.0	1067889	187	1.2	33.254	3	886	30.00000000000003
1634326304.57	1200	59.47497	0.0	1067959	196	1.2	37.254	3	1006	30
1634326308.43	1200	59.500206	0.0	1077712	171	1.2	41.255	3	1126	29.99250187453133
1634326312.28	1200	59.847225	0.0	1138441	181	1.2	45.255	3	1246	30
1634326316.17	1200	59.875367	0.0	1027213	177	1.2	49.255	3	1366	30
1634326320.05	1200	59.927349	0.0	1019513	162	1.2	53.255	3	1486	30
1634326324.41	1200	59.691772	0.0	1030601	167	1.2	57.256	3	1606	29.992501874531385
1634326328.31	1200	59.733582	0.0	1059459	189	1.2	61.257	3	1726	29.992501874531385
1634326332.13	1200	59.760321	0.0	1058483	171	1.2	65.257	3	1846	29.999999999999947
1634326336.48	1200	59.500936	0.0	1026788	169	1.2	69.258	3	1966	29.99250187453144
1634326340.36	1200	59.522646	0.0	1034920	186	1.2	73.258	3	2086	30
1634326344.24	1200	59.867015	0.0	1024487	166	1.2	77.259	3	2206	29.99250187453133
1634326348.1	1200	59.928668	0.0	1088769	184	1.2	81.259	3	2326	30
1634326351.98	1200	59.99177	0.0	1213691	179	1.2	85.259	3	2446	30
1634326356.31	1200	59.721751	0.0	996535	145	1.2	89.259	3	2566	30
1634326360.16	1200	59.741878	0.0	1040309	163	1.2	93.259	3	2686	30
1634326364.5	1200	59.497829	0.0	1135519	186	1.2	97.259	3	2806	30
1634326368.4	1200	59.50966	0.0	1080635	182	1.2	101.26	3	2926	29.99250187453133
1634326372.23	1200	59.807542	0.0	1037366	163	1.2	105.26	3	3046	30
1634326376.07	1200	59.820819	0.0	1075257	142	1.2	109.261	3	3166	29.99250187453144
1634326380.4	1200	59.580483	0.0	1145173	190	1.2	113.26	3	3286	30.007501875468797
1634326384.32	1200	59.608494	0.0	1216507	195	1.2	117.261	3	3406	29.99250187453144
1634326388.19	1200	59.914302	0.0	1142437	168	1.2	121.26	3	3526	30.007501875468797
