1634292491.67	750	4	0.23	427465	117	-0.984	0	0	0	0
1634292492.18	1200	8	0.0	1719226	336	0.75	0	0	0	0
1634292492.66	1200	12	0.0	1824230	315	1.2	0	0	0	0
1634292493.17	1200	15.916667	0.0	1882039	319	1.2	0	0	0	0
1634292493.64	1200	19.430176	0.0	1838337	325	1.2	0	0	0	0
1634292494.13	1200	22.946194	0.0	1953398	338	1.2	0	0	0	0
1634292494.61	1200	26.500158	0.0	1841430	323	1.2	0	0	0	0
1634292495.09	1200	30.016667	0.0	1838080	316	1.2	5.195	0	116	0
1634292495.54	1200	33.56898	0.0	1692604	283	1.2	5.195	0	116	0
1634292496.09	1200	37.003655	0.0	1727189	392	1.2	5.195	0	116	0
1634292496.51	1200	40.560168	0.0	1715705	274	1.2	5.195	0	116	0
1634292496.98	1200	44.133334	0.0	1729349	279	1.2	5.195	0	116	0
1634292497.45	1200	47.633334	0.0	1754261	302	1.2	5.195	0	116	0
1634292497.96	1200	51.103065	0.0	1778755	361	1.2	5.195	0	116	0
1634292498.44	1200	54.658605	0.0	1915304	332	1.2	5.195	0	116	0
1634292498.92	1200	58.173448	0.0	1992580	336	1.2	5.195	0	116	0
1634292501.52	1200	59.788322	0.0	2012653	362	1.2	9.194	5	356	58.76469117279319
1634292505.53	1200	59.817058	0.0	1822103	303	1.2	13.194	7	596	59.5
1634292509.51	1200	59.83885	0.0	1832177	312	1.2	17.194	7	836	60.00000000000003
1634292513.54	1200	59.575847	0.0	1820480	301	1.2	21.195	7	1076	59.98500374906271
1634292517.58	1200	59.583999	0.0	1799178	306	1.2	25.195	7	1316	60
1634292521.54	1200	59.617953	0.0	1709916	290	1.2	29.196	7	1556	59.98500374906271
1634292525.56	1200	59.647168	0.0	1771595	309	1.2	33.196	7	1796	60.00000000000006
1634292529.59	1200	59.67926	0.0	1761173	303	1.2	37.197	7	2036	59.98500374906266
1634292533.58	1200	59.69554	0.0	1733302	312	1.2	41.197	7	2276	60
1634292537.59	1200	59.722851	0.0	1784941	272	1.2	45.202	7	2517	60.1747815230962
1634292541.53	1200	59.7596	0.0	1702509	278	1.2	49.197	7	2756	59.824780976220204
1634292545.51	1200	59.788341	0.0	1694307	290	1.2	53.197	7	2996	60
1634292549.58	1200	59.533334	0.0	1839362	341	1.2	57.197	9	3236	59.5
1634292553.53	1200	59.571084	0.0	1715553	277	1.2	61.197	9	3476	60
1634292557.48	1200	59.602145	0.0	1737144	281	1.2	65.198	9	3716	59.98500374906288
1634292561.44	1200	59.913333	0.0	1718570	287	1.2	69.198	9	3956	60
1634292565.44	1200	59.940365	0.0	1799075	292	1.2	73.199	9	4196	59.98500374906266
1634292569.44	1200	59.719063	0.0	1764247	288	1.2	77.199	9	4436	60
1634292573.43	1200	59.752067	0.0	1792164	294	1.2	81.199	9	4676	60
1634292577.47	1200	59.781495	0.0	1923129	330	1.2	85.23	9	4918	60.03473083602075
1634292581.4	1200	59.804884	0.0	1619018	234	1.2	89.231	9	5158	59.98500374906288
1634292585.39	1200	59.83144	0.0	1766623	310	1.2	93.231	9	5398	60
1634292589.37	1200	59.864815	0.0	1805304	293	1.2	97.231	9	5638	60
1634292593.39	1200	59.929726	0.0	1754155	286	1.2	101.232	9	5878	59.98500374906266
1634292597.38	1200	59.993005	0.0	1739691	296	1.2	105.232	9	6118	60
1634292601.36	1200	59.7369	0.0	1734417	287	1.2	109.232	9	6358	60
1634292605.4	1200	59.75944	0.0	1932720	306	1.2	113.237	10	6599	59.92509363295887
1634292609.45	1200	59.835796	0.0	2017647	349	1.2	117.236	10	6839	60.015003750937595
1634292613.42	1200	59.864273	0.0	1827933	276	1.2	121.242	10	7079	59.910134797803295
