1634304144.78	750	4	0.191	427465	90	-0.8162999999999999	0	0	0	0
1634304146.02	2850	8	0.0	4860073	898	0.75	0	0	0	0
1634304147.26	2850	11.25	0.0	5306756	882	2.85	0	0	0	0
1634304148.42	2850	13.983334	0.0	5542685	929	2.85	5.283	4	104	0
1634304149.68	2850	16.75	0.0	5302108	983	2.85	5.283	4	104	0
1634304151.12	2850	19.35	0.0	5631224	1111	2.85	5.283	4	104	0
1634304152.34	2850	22.1	0.0	5641793	932	2.85	9.281	48	344	49.02451225612806
1634304153.47	2850	24.95	0.0	5361170	825	2.85	9.281	48	344	49.02451225612806
1634304154.58	2850	27.816667	0.0	5091418	851	2.85	9.281	48	344	49.02451225612806
1634304155.74	2850	30.716667	0.0	5227125	853	2.85	9.281	48	344	49.02451225612806
1634304156.92	2850	33.483334	0.0	4841602	940	2.85	13.28	90	584	49.51237809452365
1634304158.01	2850	36.416667	0.0	4865486	807	2.85	13.28	90	584	49.51237809452365
1634304159.16	2850	39.25	0.0	4882046	886	2.85	13.28	90	584	49.51237809452365
1634304160.26	2850	42.133334	0.0	5028620	847	2.85	17.281	109	824	55.23619095226194
1634304161.5	2850	44.916667	0.0	5503564	975	2.85	17.281	109	824	55.23619095226194
1634304162.77	2850	47.666667	0.0	5599662	996	2.85	17.281	109	824	55.23619095226194
1634304164.08	2850	50.333334	0.0	5795623	973	2.85	21.281	141	1056	50
