1634356455.89	750	4	0.156	427465	66	-0.6658	0	0	0	0
1634356456.21	750	8	0.0	647387	103	0.75	0	0	0	0
1634356456.44	750	12	0.0	677925	79	0.75	0	0	0	0
1634356456.68	750	16	0.0	706841	118	0.75	0	0	0	0
1634356456.88	750	20	0.0	701203	103	0.75	0	0	0	0
1634356457.13	750	24	0.0	737962	137	0.75	0	0	0	0
1634356457.36	750	27.996214	0.0	699376	103	0.75	0	0	0	0
1634356457.56	750	31.793585	0.0	691941	105	0.75	0	0	0	0
1634356457.79	750	35.550858	0.0	635193	100	0.75	0	0	0	0
1634356458.04	750	39.307128	0.0	655855	109	0.75	0	0	0	0
1634356458.29	750	43.064727	0.0	626785	106	0.75	0	0	0	0
1634356458.54	750	46.821688	0.0	641824	100	0.75	0	0	0	0
1634356458.79	750	50.539467	0.0	657300	110	0.75	0	0	0	0
1634356459.03	750	54.336828	0.0	650171	101	0.75	0	0	0	0
1634356459.45	750	57.933334	0.0	713528	222	0.75	5.282	0	115	0
1634356461.72	750	59.739597	0.0	758246	121	0.75	5.282	0	115	0
1634356466.06	750	59.521641	0.0	743893	109	0.75	9.282	2	355	59.5
1634356469.84	750	59.537253	0.0	682559	98	0.75	13.282	2	595	60
1634356473.65	750	59.840381	0.0	689486	118	0.75	17.283	2	835	59.98500374906271
1634356477.94	750	59.577744	0.0	689027	117	0.75	21.283	2	1075	60
1634356481.7	750	59.644572	0.0	673540	108	0.75	25.284	2	1315	59.98500374906277
1634356485.46	750	59.951578	0.0	640816	96	0.75	29.284	2	1555	60
1634356489.82	750	59.688017	0.0	681370	109	0.75	33.283	2	1795	60.0150037509377
1634356493.61	750	59.995409	0.0	689141	102	0.75	37.284	2	2035	59.98500374906277
1634356497.87	750	59.736754	0.0	656898	120	0.75	41.284	2	2275	60
1634356501.62	750	59.796705	0.0	670951	103	0.75	45.285	2	2515	59.98500374906277
1634356505.89	750	59.537837	0.0	618544	104	0.75	49.289	2	2755	59.94005994005987
1634356509.63	750	59.85	0.0	618247	96	0.75	53.289	2	2995	60
1634356513.89	750	59.608319	0.0	671894	109	0.75	57.289	2	3235	60
1634356517.63	750	59.91688	0.0	642169	99	0.75	61.29	2	3475	59.98500374906277
1634356521.43	750	59.929779	0.0	635411	93	0.75	65.292	2	3715	59.970014992503714
1634356525.72	750	59.742868	0.0	644615	98	0.75	69.292	2	3955	60
1634356529.52	750	59.84295	0.0	672342	97	0.75	73.293	2	4195	59.98500374906266
1634356533.8	750	59.583334	0.0	666301	89	0.75	77.293	2	4435	60
1634356537.59	750	59.901479	0.0	665276	119	0.75	81.294	2	4675	59.98500374906288
1634356541.87	750	59.650871	0.0	696340	106	0.75	85.293	2	4915	60.015003750937595
1634356545.66	750	59.963267	0.0	634337	86	0.75	89.293	2	5155	60
1634356549.42	750	59.98175	0.0	642800	90	0.75	93.294	2	5395	59.98500374906288
1634356553.66	750	59.723756	0.0	660587	109	0.75	97.294	2	5635	60
1634356557.94	750	59.458648	0.0	654618	122	0.75	101.294	2	5876	60.25
1634356561.72	750	59.771267	0.0	644116	113	0.75	105.295	2	6116	59.98500374906266
1634356565.83	750	59.511756	0.0	677809	11	0.75	109.302	2	6356	59.895183428999175
1634356569.61	750	59.826272	0.0	722701	127	0.75	113.303	2	6596	59.98500374906288
1634356573.91	750	59.567356	0.0	750718	113	0.75	117.303	2	6836	60
1634356577.7	750	59.877856	0.0	708690	113	0.75	121.306	2	7076	59.95503372470647
