1634296907.17	750	4	0.156	391964	72	-0.6658	0	0	0	0
1634296907.31	300	8	0.0	212073	31	-0.15000000000000002	0	0	0	0
1634296907.47	300	12	0.0	209182	36	0.3	0	0	0	0
1634296907.61	300	16	0.0	227172	51	0.3	0	0	0	0
1634296907.78	300	20	0.0	238359	43	0.3	0	0	0	0
1634296907.9	300	24	0.0	239351	43	0.3	0	0	0	0
1634296908.04	300	28	0.0	228239	50	0.3	0	0	0	0
1634296908.16	300	32	0.0	217009	37	0.3	0	0	0	0
1634296908.32	300	36	0.0	207641	54	0.3	0	0	0	0
1634296908.45	300	40	0.0	218897	58	0.3	0	0	0	0
1634296908.59	300	44	0.0	219759	56	0.3	0	0	0	0
1634296908.72	300	48	0.0	203704	33	0.3	0	0	0	0
1634296908.88	300	51.956675	0.0	211384	6	0.3	0	0	0	0
1634296909.01	300	55.793843	0.0	213546	46	0.3	0	0	0	0
1634296909.18	300	59.633334	0.0	246294	70	0.3	0	0	0	0
1634296913.38	300	59.447644	0.0	253840	45	0.3	5.24	0	51	0
1634296917.17	300	59.757269	0.0	239526	25	0.3	9.239	0	171	30.00750187546886
1634296921.38	300	59.561619	0.0	208664	28	0.3	13.243	0	291	29.970029970029973
1634296925.05	300	59.86684	0.0	215978	42	0.3	17.245	0	411	29.985007496251868
1634296929.24	300	59.884831	0.0	214741	41	0.3	21.247	0	531	29.98500749625188
1634296932.97	300	59.894135	0.0	229698	50	0.3	25.248	0	651	29.992501874531357
1634296937.13	300	59.680627	0.0	216304	27	0.3	29.247	0	771	30.007501875468876
1634296941.3	300	59.723531	0.0	219079	39	0.3	33.248	0	891	29.992501874531385
1634296945.49	300	59.45114	0.0	220595	40	0.3	37.252	0	1011	29.970029970029934
1634296949.16	300	59.753739	0.0	208066	35	0.3	41.258	0	1131	29.955067398901647
1634296953.39	300	59.481396	0.0	217725	43	0.3	45.264	0	1251	29.955067398901647
1634296957.07	300	59.788048	0.0	207408	38	0.3	49.259	0	1371	30.0375469336671
1634296961.25	300	59.794736	0.0	202241	44	0.3	53.258	0	1491	30.00750187546885
1634296965.44	300	59.536173	0.0	213768	48	0.3	57.259	0	1611	29.992501874531385
1634296969.14	300	59.876907	0.0	206170	32	0.3	61.259	0	1731	30
1634296973.33	300	59.615732	0.0	209147	35	0.3	65.259	0	1851	30
1634296977.57	300	59.429887	0.0	203399	61	0.3	69.261	0	1971	29.98500749625191
1634296981.28	300	59.729437	0.0	208834	41	0.3	73.263	0	2091	29.985007496251804
1634296985.46	300	59.454705	0.0	210493	37	0.3	77.263	0	2211	30
1634296989.14	300	59.830944	0.0	214341	44	0.3	81.263	0	2331	30
1634296993.38	300	59.573566	0.0	236978	56	0.3	85.263	0	2451	30
1634296997.05	300	59.88799	0.0	206432	39	0.3	89.264	0	2571	29.99250187453144
1634297001.22	300	59.649641	0.0	213940	41	0.3	93.264	0	2691	30
1634297004.9	300	59.962905	0.0	217550	40	0.3	97.264	0	2811	30
1634297009.1	300	59.979764	0.0	217543	36	0.3	101.265	0	2931	29.99250187453133
1634297013.31	300	59.739909	0.0	207114	30	0.3	105.265	0	3051	30
1634297017.48	300	59.506876	0.0	230790	38	0.3	109.265	0	3171	30
1634297021.15	300	59.84553	0.0	242484	26	0.3	113.265	0	3291	30
1634297025.38	300	59.586578	0.0	244433	50	0.3	117.265	0	3411	30
1634297029.06	300	59.91098	0.0	245567	40	0.3	121.266	0	3531	29.99250187453133
