1634644788.04	750	4	0.843	3873109	647	-3.6199	0	0	0	0
1634644788.84	2850	8	0.0	3278264	533	0.75	0	0	0	0
1634644790.44	2850	11.145712	0.0	4479625	1363	2.85	0	0	0	0
1634644791.26	2850	14.339323	0.0	3495272	579	2.85	5.276	0	33	0
1634644792.06	2850	17.531594	0.0	3525421	561	2.85	5.276	0	33	0
1634644793.09	2850	20.533334	0.0	4652033	740	2.85	5.276	0	33	0
1634644794.1	2850	23.533334	0.0	4298145	680	2.85	5.276	0	33	0
1634644795.01	2850	26.580844	0.0	4054420	645	2.85	9.275	2	153	29.50737684421105
1634644795.93	2850	29.666667	0.0	3887575	649	2.85	9.275	2	153	29.50737684421105
1634644796.87	2850	32.733334	0.0	4241421	669	2.85	9.275	2	153	29.50737684421105
1634644797.74	2850	35.834491	0.0	3616621	587	2.85	9.275	2	153	29.50737684421105
1634644798.64	2850	38.945525	0.0	3962980	638	2.85	9.275	2	153	29.50737684421105
1634644799.86	2850	41.733334	0.0	4314183	967	2.85	13.303	2	274	30.03972194637537
1634644800.76	2850	44.836856	0.0	4310059	632	2.85	13.303	2	274	30.03972194637537
1634644801.74	2850	47.866667	0.0	4053167	606	2.85	13.303	2	274	30.03972194637537
1634644802.77	2850	50.801069	0.0	4086458	697	2.85	17.303	3	394	29.75
1634644803.72	2850	53.869232	0.0	4236208	649	2.85	17.303	3	394	29.75
1634644804.79	2850	56.8	0.0	4627495	813	2.85	17.303	3	394	29.75
