1634329015.39	750	4	0.172	427465	83	-0.7346	0	0	0	0
1634329016.18	1850	8	0.0	3156042	549	0.75	0	0	0	0
1634329016.93	1850	12	0.0	3331786	554	1.85	0	0	0	0
1634329017.7	1850	15.366667	0.0	3470899	530	1.85	0	0	0	0
1634329018.47	1850	18.623761	0.0	3391540	518	1.85	0	0	0	0
1634329019.25	1850	21.8	0.0	3653733	555	1.85	5.172	3	103	0
1634329020.02	1850	25.066667	0.0	3500753	547	1.85	5.172	3	103	0
1634329020.81	1850	28.283334	0.0	3417687	535	1.85	5.172	3	103	0
1634329021.51	1850	31.533334	0.0	3185216	485	1.85	5.172	3	103	0
1634329022.22	1850	34.8217	0.0	3286263	526	1.85	5.172	3	103	0
1634329023.09	1850	37.983334	0.0	3082343	613	1.85	9.17	23	343	55.027513756878434
1634329023.82	1850	41.243046	0.0	3170736	483	1.85	9.17	23	343	55.027513756878434
1634329024.54	1850	44.515252	0.0	3196938	471	1.85	9.17	23	343	55.027513756878434
1634329025.27	1850	47.766667	0.0	3228009	518	1.85	9.17	23	343	55.027513756878434
1634329026.1	1850	51.016667	0.0	3513138	562	1.85	9.17	23	343	55.027513756878434
1634329027.39	1850	53.683334	0.0	3686191	1037	1.85	13.171	42	583	55.23619095226194
1634329028.2	1850	56.866667	0.0	3630324	594	1.85	13.171	42	583	55.23619095226194
1634329029.48	1850	59.666667	0.0	3348330	527	1.85	13.171	42	583	55.23619095226194
1634329033.73	1850	59.496242	0.0	3272823	519	1.85	17.172	70	823	52.98675331167207
1634329037.52	1850	59.811249	0.0	3263947	521	1.85	21.171	73	1063	59.26481620405103
1634329041.27	1850	59.833334	0.0	3246736	502	1.85	25.172	77	1303	58.98525368657834
1634329045.56	1850	59.602135	0.0	3067619	416	1.85	29.171	79	1543	59.514878719679935
1634329049.68	1850	59.603525	0.0	3258491	572	1.85	33.172	83	1783	58.98525368657839
1634329053.81	1850	59.63337	0.0	3217708	505	1.85	37.172	101	2023	55.5
1634329057.77	1850	59.848581	0.0	3168556	444	1.85	41.174	110	2263	57.72113943028482
1634329061.59	1850	59.597391	0.0	3254799	500	1.85	45.199	113	2494	56.64596273291927
1634329065.59	1850	59.902873	0.0	3101633	813	1.85	49.173	212	2741	37.24207347760439
