1634313017.36	750	4	0.167	391964	82	-0.7131000000000001	0	0	0	0
1634313017.96	1850	8	0.0	2068530	379	0.75	0	0	0	0
1634313018.62	1850	12	0.0	2231919	481	1.85	0	0	0	0
1634313019.14	1850	15.633334	0.0	2071679	373	1.85	0	0	0	0
1634313019.68	1850	19.067571	0.0	2075075	353	1.85	0	0	0	0
1634313020.25	1850	22.542227	0.0	2324573	382	1.85	0	0	0	0
1634313020.86	1850	25.89516	0.0	2327434	390	1.85	5.097	0	57	0
1634313021.51	1850	29.249859	0.0	2160877	470	1.85	5.097	0	57	0
1634313022.06	1850	32.684271	0.0	2004753	362	1.85	5.097	0	57	0
1634313022.6	1850	36.160851	0.0	2057086	364	1.85	5.097	0	57	0
1634313023.21	1850	39.555846	0.0	2101929	414	1.85	5.097	0	57	0
1634313023.75	1850	42.99155	0.0	2052018	357	1.85	5.097	0	57	0
1634313024.35	1850	46.427313	0.0	2085705	439	1.85	5.097	0	57	0
1634313025.0	1850	49.782011	0.0	2112772	450	1.85	9.097	1	177	29.750000000000007
1634313025.69	1850	53.05469	0.0	2222688	493	1.85	9.097	1	177	29.750000000000007
1634313026.29	1850	56.447989	0.0	2169593	443	1.85	9.097	1	177	29.750000000000007
1634313026.95	1850	59.800397	0.0	2267471	501	1.85	9.097	1	177	29.750000000000007
1634313031.08	1850	59.828953	0.0	2094437	400	1.85	13.097	1	297	30
1634313035.17	1850	59.587416	0.0	2148255	379	1.85	17.098	1	417	29.99250187453137
1634313039.2	1850	59.619812	0.0	2132587	358	1.85	21.098	1	537	30
1634313043.26	1850	59.648676	0.0	2151407	363	1.85	25.101	1	657	29.977516862353234
1634313047.29	1850	59.685837	0.0	2063523	342	1.85	29.102	1	777	29.992501874531357
1634313051.42	1850	59.439251	0.0	2103042	443	1.85	33.102	1	897	30.00000000000003
1634313055.04	1850	59.747798	0.0	2103040	408	1.85	37.102	1	1017	30
1634313059.17	1850	59.794628	0.0	2114688	409	1.85	41.103	1	1137	29.99250187453133
1634313063.25	1850	59.545453	0.0	2240212	385	1.85	45.105	1	1257	29.98500749625191
1634313067.3	1850	59.582343	0.0	2002951	314	1.85	49.103	1	1377	30.015007503751843
1634313071.3	1850	59.593706	0.0	1961003	302	1.85	53.103	1	1497	30
1634313075.51	1850	59.635162	0.0	1969295	339	1.85	57.103	1	1617	30
1634313079.17	1850	59.628477	0.0	2042142	262	1.85	61.103	1	1737	30
1634313082.9	1850	59.926263	0.0	2087704	481	1.85	65.103	1	1857	30.000000000000053
1634313087.0	1850	59.960928	0.0	2022676	393	1.85	69.103	1	1977	30
1634313091.04	1850	59.983217	0.0	2027226	317	1.85	73.105	1	2097	29.985007496251804
1634313095.14	1850	59.711584	0.0	1993205	341	1.85	77.105	1	2217	30
1634313099.19	1850	59.723727	0.0	2185074	341	1.85	81.104	1	2337	30.007501875468904
1634313103.33	1850	59.515261	0.0	2416062	342	1.85	85.105	1	2457	29.99250187453133
1634313107.39	1850	59.544605	0.0	1975785	317	1.85	89.109	1	2577	29.97002997003004
1634313110.97	1850	59.846783	0.0	2017826	309	1.85	93.109	1	2697	30
1634313115.03	1850	59.881329	0.0	2236854	367	1.85	97.109	1	2817	30
1634313119.1	1850	59.943121	0.0	2165385	358	1.85	101.125	1	2938	30.129482071713106
1634313123.19	1850	59.712485	0.0	2021844	369	1.85	105.11	1	3057	29.861982434127984
1634313127.18	1850	59.743165	0.0	2100101	333	1.85	109.11	1	3177	30
1634313131.46	1850	59.779025	0.0	2192105	359	1.85	113.11	1	3297	30
1634313135.28	1850	59.738047	0.0	2446938	434	1.85	117.114	1	3417	29.970029970029934
1634313139.63	1850	59.537839	0.0	2298336	342	1.85	121.126	1	3538	30.159521435692916
