1634343995.57	750	4	0.159	427465	61	-0.6787	0	0	0	0
1634343995.75	300	8	0.0	474035	73	-0.15000000000000002	0	0	0	0
1634343995.93	300	12	0.0	448326	64	0.3	0	0	0	0
1634343996.14	300	16	0.0	480048	50	0.3	0	0	0	0
1634343996.35	300	20	0.0	488788	75	0.3	0	0	0	0
1634343996.53	300	24	0.0	487141	80	0.3	0	0	0	0
1634343996.7	300	28	0.0	483526	77	0.3	0	0	0	0
1634343996.89	300	32	0.0	460688	89	0.3	0	0	0	0
1634343997.06	300	36	0.0	444206	70	0.3	0	0	0	0
1634343997.26	300	39.873191	0.0	461617	71	0.3	0	0	0	0
1634343997.44	300	43.671685	0.0	450479	75	0.3	0	0	0	0
1634343997.62	300	47.509345	0.0	473222	80	0.3	0	0	0	0
1634343997.8	300	51.30689	0.0	450253	61	0.3	0	0	0	0
1634343997.99	300	55.143534	0.0	458340	86	0.3	0	0	0	0
1634343998.17	300	58.941501	0.0	501721	86	0.3	0	0	0	0
1634344001.88	300	59.448736	0.0	502943	78	0.3	5.213	0	109	0
1634344005.61	300	59.728769	0.0	495208	89	0.3	9.213	1	349	59.750000000000014
1634344009.86	300	59.475701	0.0	476785	85	0.3	13.212	2	589	59.76494123530882
1634344013.63	300	59.506723	0.0	470301	88	0.3	17.213	2	829	59.98500374906271
1634344017.38	300	59.806116	0.0	478876	101	0.3	21.213	2	1069	60
1634344021.7	300	59.546976	0.0	478683	165	0.3	25.213	2	1309	60
1634344025.43	300	59.848197	0.0	433197	78	0.3	29.214	2	1549	59.98500374906277
1634344029.7	300	59.588656	0.0	463002	113	0.3	33.214	2	1789	60
1634344033.43	300	59.900136	0.0	477800	89	0.3	37.226	2	2030	60.06979062811565
1634344037.2	300	59.921015	0.0	456630	99	0.3	41.227	2	2270	59.98500374906277
1634344041.49	300	59.661412	0.0	459893	127	0.3	45.227	2	2510	60
1634344045.26	300	59.97144	0.0	426253	89	0.3	49.226	2	2750	60.0150037509377
1634344049.47	300	59.711134	0.0	431643	80	0.3	53.227	2	2990	59.98500374906277
1634344053.69	300	59.479992	0.0	467241	81	0.3	57.228	2	3230	59.98500374906266
1634344057.44	300	59.783334	0.0	442868	75	0.3	61.228	2	3470	60
1634344061.7	300	59.55	0.0	437041	98	0.3	65.228	2	3710	60.00000000000011
1634344065.47	300	59.856505	0.0	436753	80	0.3	69.228	2	3950	60
1634344069.7	300	59.627778	0.0	457086	83	0.3	73.229	2	4190	59.98500374906266
1634344073.49	300	59.654262	0.0	471069	97	0.3	77.229	2	4430	60
1634344077.26	300	59.95	0.0	470476	96	0.3	81.229	2	4670	60
1634344081.54	300	59.688036	0.0	478853	130	0.3	85.23	2	4910	59.98500374906266
1634344085.27	300	59.990398	0.0	425308	99	0.3	89.229	2	5150	60.01500375093781
1634344089.52	300	59.756899	0.0	436762	116	0.3	93.23	2	5390	59.98500374906266
1634344093.74	300	59.500944	0.0	447413	73	0.3	97.229	2	5630	60.01500375093781
1634344097.53	300	59.805784	0.0	442185	110	0.3	101.23	2	5870	59.98500374906266
1634344101.76	300	59.546833	0.0	447309	81	0.3	105.23	2	6110	60
1634344105.53	300	59.846867	0.0	475738	124	0.3	109.231	2	6350	59.98500374906288
1634344109.26	300	59.867033	0.0	506145	79	0.3	113.231	2	6590	60
1634344113.49	300	59.878857	0.0	493441	96	0.3	117.231	2	6830	60
1634344117.72	300	59.616667	0.0	480118	92	0.3	121.231	2	7070	60
