1634330285.78	750	4	0.257	427465	83	-1.1000999999999999	0	0	0	0
1634330286.08	750	8	0.0	647387	144	0.75	0	0	0	0
1634330286.3	750	12	0.0	677925	115	0.75	0	0	0	0
1634330286.54	750	16	0.0	706841	116	0.75	0	0	0	0
1634330286.75	750	20	0.0	701203	112	0.75	0	0	0	0
1634330286.97	750	24	0.0	737962	115	0.75	0	0	0	0
1634330287.21	750	28	0.0	699376	127	0.75	0	0	0	0
1634330287.43	750	32	0.0	691941	110	0.75	0	0	0	0
1634330287.65	750	36	0.0	635193	104	0.75	0	0	0	0
1634330287.89	750	40	0.0	655855	117	0.75	0	0	0	0
1634330288.15	750	43.937709	0.0	626785	121	0.75	0	0	0	0
1634330288.38	750	47.695552	0.0	641824	125	0.75	0	0	0	0
1634330288.74	750	51.493655	0.0	657300	106	0.75	0	0	0	0
1634330288.97	750	55.08652	0.0	650171	115	0.75	5.43	0	45	0
1634330289.2	750	58.883334	0.0	713528	115	0.75	5.43	0	45	0
1634330292.53	750	59.718097	0.0	758246	138	0.75	5.43	0	45	0
1634330296.34	750	59.743923	0.0	743893	123	0.75	9.43	2	284	59.25
1634330300.6	750	59.481096	0.0	682559	108	0.75	13.429	2	525	60.265066266566635
1634330304.38	750	59.792585	0.0	689486	110	0.75	17.431	2	765	59.970014992503735
1634330308.65	750	59.526539	0.0	689027	98	0.75	21.432	2	1005	59.98500374906277
1634330312.44	750	59.828778	0.0	673540	118	0.75	25.432	2	1245	60
1634330316.74	750	59.567553	0.0	640816	82	0.75	29.434	2	1485	59.970014992503714
1634330320.5	750	59.579125	0.0	681370	109	0.75	33.453	2	1726	59.965165464045754
1634330324.28	750	59.883534	0.0	689141	113	0.75	37.453	2	1966	60
1634330328.54	750	59.626504	0.0	656898	101	0.75	41.452	2	2206	60.01500375093781
1634330332.33	750	59.932369	0.0	670951	108	0.75	45.453	2	2446	59.98500374906266
1634330336.11	750	59.990163	0.0	618544	99	0.75	49.453	2	2686	60
1634330340.42	750	59.731343	0.0	618247	127	0.75	53.453	2	2926	60
1634330344.73	750	59.476623	0.0	671894	117	0.75	57.453	2	3166	60
1634330348.49	750	59.797129	0.0	642169	129	0.75	61.454	2	3406	59.98500374906277
1634330352.28	750	59.865036	0.0	635411	102	0.75	65.454	2	3646	60.00000000000011
1634330356.6	750	59.597731	0.0	644615	112	0.75	69.455	2	3886	59.98500374906266
1634330360.45	750	59.891478	0.0	672342	100	0.75	73.459	2	4127	60.18981018981012
1634330364.25	750	59.953171	0.0	666301	130	0.75	77.459	2	4367	60
1634330368.5	750	59.694576	0.0	665276	103	0.75	81.459	2	4607	60
1634330372.29	750	59.990395	0.0	696340	124	0.75	85.46	2	4847	59.98500374906288
1634330376.57	750	59.725594	0.0	634337	110	0.75	89.46	2	5087	60
1634330380.33	750	59.761354	0.0	642800	116	0.75	93.46	2	5327	60
1634330384.6	750	59.51679	0.0	660587	119	0.75	97.461	2	5567	59.98500374906266
1634330388.38	750	59.831458	0.0	654618	129	0.75	101.465	2	5807	59.94005994005987
1634330392.18	750	59.94158	0.0	644116	123	0.75	105.465	2	6047	60
1634330396.23	750	59.958943	0.0	677809	16	0.75	109.466	2	6287	59.98500374906288
1634330400.58	750	59.70157	0.0	722701	190	0.75	113.466	2	6527	60
1634330404.4	750	59.729941	0.0	750718	135	0.75	117.465	2	6767	60.015003750937595
1634330408.69	750	59.511646	0.0	708690	150	0.75	121.466	2	7007	59.98500374906288
