1634334270.31	750	4	0.164	391964	66	-0.7001999999999999	0	0	0	0
1634334270.47	300	8	0.0	212073	32	-0.15000000000000002	0	0	0	0
1634334270.59	300	12	0.0	209182	37	0.3	0	0	0	0
1634334270.72	300	16	0.0	227172	46	0.3	0	0	0	0
1634334270.84	300	20	0.0	238359	32	0.3	0	0	0	0
1634334271.01	300	24	0.0	239351	41	0.3	0	0	0	0
1634334271.13	300	28	0.0	228239	36	0.3	0	0	0	0
1634334271.25	300	32	0.0	217009	29	0.3	0	0	0	0
1634334271.38	300	36	0.0	207641	30	0.3	0	0	0	0
1634334271.54	300	40	0.0	218897	48	0.3	0	0	0	0
1634334271.68	300	44	0.0	219759	39	0.3	0	0	0	0
1634334271.8	300	48	0.0	203704	29	0.3	0	0	0	0
1634334271.93	300	51.914972	0.0	211384	33	0.3	0	0	0	0
1634334272.08	300	55.749036	0.0	213546	33	0.3	0	0	0	0
1634334272.21	300	59.628138	0.0	246294	36	0.3	0	0	0	0
1634334276.41	300	59.446243	0.0	253840	41	0.3	5.168	0	55	0
1634334280.1	300	59.750609	0.0	239526	54	0.3	9.168	0	175	30.000000000000007
1634334284.29	300	59.779205	0.0	208664	40	0.3	13.169	0	295	29.992501874531357
1634334288.49	300	59.513065	0.0	215978	32	0.3	17.168	0	415	30.007501875468876
1634334292.17	300	59.814789	0.0	214741	28	0.3	21.169	0	535	29.992501874531357
1634334296.35	300	59.610569	0.0	229698	44	0.3	25.187	0	656	30.114484818317568
1634334300.01	300	59.963444	0.0	216304	38	0.3	29.187	0	776	30
1634334304.19	300	59.715711	0.0	219079	57	0.3	33.187	0	896	30.00000000000003
1634334308.33	300	59.755056	0.0	220595	40	0.3	37.187	0	1016	30
1634334312.55	300	59.48143	0.0	208066	49	0.3	41.187	0	1136	30
1634334316.24	300	59.77735	0.0	217725	39	0.3	45.193	0	1256	29.955067398901647
1634334320.44	300	59.523469	0.0	207408	39	0.3	49.187	0	1376	30.045067601402106
1634334324.11	300	59.833334	0.0	202241	43	0.3	53.187	0	1496	30
1634334328.27	300	59.6	0.0	213768	39	0.3	57.187	0	1616	30
1634334331.92	300	59.910839	0.0	206170	34	0.3	61.188	0	1736	29.99250187453133
1634334336.11	300	59.923458	0.0	209147	38	0.3	65.188	0	1856	30
1634334340.31	300	59.650178	0.0	203399	44	0.3	69.189	0	1976	29.99250187453144
1634334344.02	300	59.960507	0.0	208834	62	0.3	73.188	0	2096	30.007501875468797
1634334348.23	300	59.771681	0.0	210493	46	0.3	77.188	0	2216	30
1634334352.43	300	59.535696	0.0	214341	41	0.3	81.19	0	2336	29.98500749625191
1634334356.11	300	59.839106	0.0	236978	49	0.3	85.19	0	2456	30
1634334360.3	300	59.574216	0.0	206432	30	0.3	89.191	0	2576	29.99250187453133
1634334364.0	300	59.874892	0.0	213940	39	0.3	93.191	0	2696	30
1634334368.27	300	59.647968	0.0	217550	43	0.3	97.192	0	2816	29.99250187453144
1634334371.97	300	59.954306	0.0	217543	44	0.3	101.193	0	2936	29.99250187453133
1634334376.18	300	59.692494	0.0	207114	57	0.3	105.192	0	3056	30.007501875468904
1634334380.33	300	59.700398	0.0	230790	34	0.3	109.193	0	3176	29.99250187453133
1634334384.51	300	59.474641	0.0	242484	46	0.3	113.193	0	3296	30
1634334388.18	300	59.779822	0.0	244433	42	0.3	117.193	0	3416	30
1634334392.34	300	59.51024	0.0	245567	48	0.3	121.193	0	3536	30
