1634323938.55	750	4	0.159	427465	68	-0.6787	0	0	0	0
1634323938.86	750	8	0.0	647387	106	0.75	0	0	0	0
1634323939.11	750	12	0.0	677925	129	0.75	0	0	0	0
1634323939.32	750	16	0.0	706841	111	0.75	0	0	0	0
1634323939.53	750	20	0.0	701203	112	0.75	0	0	0	0
1634323939.78	750	24	0.0	737962	126	0.75	0	0	0	0
1634323940.0	750	28	0.0	699376	119	0.75	0	0	0	0
1634323940.27	750	31.794026	0.0	691941	132	0.75	0	0	0	0
1634323940.5	750	35.548133	0.0	635193	118	0.75	0	0	0	0
1634323940.74	750	39.305683	0.0	655855	105	0.75	0	0	0	0
1634323940.98	750	43.063647	0.0	626785	111	0.75	0	0	0	0
1634323941.24	750	46.821952	0.0	641824	102	0.75	0	0	0	0
1634323941.48	750	50.580145	0.0	657300	102	0.75	0	0	0	0
1634323941.7	750	54.336334	0.0	650171	109	0.75	0	0	0	0
1634323942.14	750	57.933362	0.0	713528	290	0.75	5.25	0	109	0
1634323944.43	750	59.748079	0.0	758246	122	0.75	5.25	0	109	0
1634323948.76	750	59.490389	0.0	743893	112	0.75	9.249	1	349	59.76494123530882
1634323952.55	750	59.556491	0.0	682559	82	0.75	13.249	1	589	60
1634323956.38	750	59.866686	0.0	689486	122	0.75	17.249	1	829	60.00000000000003
1634323960.17	750	59.919898	0.0	689027	109	0.75	21.25	1	1069	59.98500374906271
1634323964.44	750	59.66092	0.0	673540	109	0.75	25.251	1	1309	59.98500374906271
1634323968.19	750	59.973214	0.0	640816	106	0.75	29.251	1	1549	60
1634323972.44	750	59.703182	0.0	681370	118	0.75	33.251	1	1789	60.00000000000006
1634323976.73	750	59.446169	0.0	689141	106	0.75	37.252	1	2029	59.98500374906266
1634323980.54	750	59.783937	0.0	656898	104	0.75	41.253	1	2269	59.98500374906277
1634323984.3	750	59.8048	0.0	670951	112	0.75	45.255	1	2509	59.970014992503714
1634323988.57	750	59.621593	0.0	618544	99	0.75	49.255	1	2749	60
1634323992.35	750	59.931037	0.0	618247	107	0.75	53.255	1	2989	60
1634323996.11	750	59.946802	0.0	671894	110	0.75	57.256	1	3229	59.98500374906277
1634324000.38	750	59.679424	0.0	642169	115	0.75	61.256	1	3469	60
1634324004.13	750	59.987718	0.0	635411	100	0.75	65.256	1	3709	60
1634324008.46	750	59.763406	0.0	644615	126	0.75	69.256	1	3949	60
1634324012.27	750	59.821746	0.0	672342	130	0.75	73.256	1	4189	60
1634324016.61	750	59.563717	0.0	666301	98	0.75	77.256	1	4429	60
1634324020.39	750	59.87077	0.0	665276	113	0.75	81.257	1	4669	59.98500374906266
1634324024.16	750	59.92668	0.0	696340	102	0.75	85.258	1	4909	59.98500374906288
1634324028.4	750	59.664714	0.0	634337	106	0.75	89.258	1	5149	60
1634324032.17	750	59.975234	0.0	642800	110	0.75	93.259	1	5390	60.234941264683755
1634324036.44	750	59.713439	0.0	660587	113	0.75	97.259	1	5629	59.75
1634324040.73	750	59.444828	0.0	654618	128	0.75	101.259	1	5870	60.25
1634324044.53	750	59.752117	0.0	644116	130	0.75	105.264	1	6110	59.92509363295887
1634324048.6	750	59.532096	0.0	677809	15	0.75	109.264	1	6350	60
1634324052.36	750	59.872891	0.0	722701	118	0.75	113.265	1	6590	59.98500374906266
1634324056.17	750	59.900046	0.0	750718	174	0.75	117.265	1	6830	60
1634324060.45	750	59.642125	0.0	708690	132	0.75	121.275	1	7070	59.85037406483783
