1634320572.07	750	4	0.207	391964	87	-0.8850999999999999	0	0	0	0
1634320572.28	750	8	0.0	411055	69	0.75	0	0	0	0
1634320572.47	750	12	0.0	428763	77	0.75	0	0	0	0
1634320572.73	750	16	0.0	426503	67	0.75	0	0	0	0
1634320572.9	750	20	0.0	417864	79	0.75	0	0	0	0
1634320573.07	750	24	0.0	462833	74	0.75	0	0	0	0
1634320573.23	750	28	0.0	444447	65	0.75	0	0	0	0
1634320573.41	750	32	0.0	439044	67	0.75	0	0	0	0
1634320573.62	750	35.872534	0.0	407056	52	0.75	0	0	0	0
1634320573.83	750	39.670739	0.0	431257	79	0.75	0	0	0	0
1634320574.01	750	43.468931	0.0	424931	67	0.75	0	0	0	0
1634320574.2	750	47.307726	0.0	415862	59	0.75	0	0	0	0
1634320574.44	750	51.063889	0.0	417958	74	0.75	0	0	0	0
1634320574.62	750	54.860993	0.0	418039	80	0.75	0	0	0	0
1634320574.81	750	58.698872	0.0	441262	82	0.75	0	0	0	0
1634320577.5	750	59.983262	0.0	464095	65	0.75	5.295	0	55	0
1634320582.19	750	59.434701	0.0	462002	72	0.75	9.296	0	175	29.99250187453137
1634320585.91	750	59.778719	0.0	416260	68	0.75	13.297	0	295	29.992501874531357
1634320590.12	750	59.519482	0.0	426855	71	0.75	17.297	0	416	30.25
1634320593.83	750	59.810229	0.0	423992	67	0.75	21.297	0	536	30
1634320598.05	750	59.545268	0.0	443256	78	0.75	25.299	0	656	29.98500749625188
1634320601.73	750	59.854037	0.0	420854	52	0.75	29.298	0	776	30.007501875468876
1634320605.96	750	59.642261	0.0	434977	85	0.75	33.298	0	896	29.999999999999975
1634320609.67	750	59.960194	0.0	427693	68	0.75	37.298	0	1016	30
1634320613.89	750	59.688655	0.0	435879	84	0.75	41.299	0	1136	29.992501874531385
1634320617.63	750	59.996928	0.0	458523	66	0.75	45.308	0	1256	29.93265153404839
1634320621.88	750	59.809884	0.0	389475	58	0.75	49.299	0	1376	30.067652217489353
1634320626.13	750	59.543298	0.0	412786	66	0.75	53.299	0	1496	30
1634320629.83	750	59.845191	0.0	423981	76	0.75	57.299	0	1616	30
1634320634.12	750	59.582268	0.0	411450	71	0.75	61.3	0	1736	29.992501874531385
1634320637.85	750	59.888858	0.0	415853	80	0.75	65.3	0	1856	30
1634320642.04	750	59.631221	0.0	410977	75	0.75	69.3	0	1976	30
1634320645.73	750	59.955557	0.0	419815	79	0.75	73.301	0	2096	29.99250187453133
1634320649.98	750	59.713566	0.0	418828	61	0.75	77.301	0	2216	30
1634320654.16	750	59.458201	0.0	422899	70	0.75	81.301	0	2336	30
1634320657.89	750	59.768341	0.0	461245	82	0.75	85.302	0	2456	29.99250187453133
1634320662.1	750	59.539413	0.0	420927	62	0.75	89.302	0	2576	30
1634320665.84	750	59.842008	0.0	434125	66	0.75	93.302	0	2696	30
1634320670.03	750	59.600028	0.0	438085	54	0.75	97.303	0	2816	29.99250187453144
1634320673.79	750	59.909945	0.0	426879	81	0.75	101.303	0	2936	30
1634320678.03	750	59.648087	0.0	423829	79	0.75	105.304	0	3056	29.99250187453133
1634320681.73	750	59.955261	0.0	440437	52	0.75	109.304	0	3176	30
1634320685.97	750	59.755494	0.0	464617	63	0.75	113.305	0	3296	29.99250187453133
1634320689.66	750	59.86004	0.0	482901	87	0.75	117.306	0	3416	29.99250187453144
1634320693.87	750	59.881593	0.0	478486	95	0.75	121.306	0	3536	30
