1634336649.88	750	4	0.171	427465	55	-0.7303	0	0	0	0
1634336650.15	750	8	0.0	647387	99	0.75	0	0	0	0
1634336650.36	750	12	0.0	677925	110	0.75	0	0	0	0
1634336650.61	750	16	0.0	706841	107	0.75	0	0	0	0
1634336650.82	750	20	0.0	701203	108	0.75	0	0	0	0
1634336651.06	750	24	0.0	737962	126	0.75	0	0	0	0
1634336651.3	750	28	0.0	699376	113	0.75	0	0	0	0
1634336651.53	750	31.796121	0.0	691941	113	0.75	0	0	0	0
1634336651.76	750	35.593761	0.0	635193	98	0.75	0	0	0	0
1634336652.01	750	39.311268	0.0	655855	102	0.75	0	0	0	0
1634336652.23	750	43.109765	0.0	626785	107	0.75	0	0	0	0
1634336652.47	750	46.867967	0.0	641824	102	0.75	0	0	0	0
1634336652.69	750	50.62433	0.0	657300	115	0.75	0	0	0	0
1634336652.89	750	54.422069	0.0	650171	99	0.75	0	0	0	0
1634336653.13	750	58.180084	0.0	713528	104	0.75	5.289	0	109	0
1634336656.02	750	59.473169	0.0	758246	118	0.75	5.289	0	109	0
1634336659.83	750	59.780185	0.0	743893	80	0.75	9.29	0	349	59.98500374906274
1634336663.58	750	59.800849	0.0	682559	108	0.75	13.29	0	589	60
1634336667.85	750	59.535532	0.0	689486	115	0.75	17.29	0	829	60
1634336671.64	750	59.878611	0.0	689027	113	0.75	21.29	0	1069	60
1634336675.95	750	59.618771	0.0	673540	103	0.75	25.299	0	1309	59.86530306809678
1634336679.69	750	59.641167	0.0	640816	100	0.75	29.299	0	1549	60
1634336683.42	750	59.962295	0.0	681370	106	0.75	33.299	0	1789	60
1634336687.7	750	59.714211	0.0	689141	109	0.75	37.3	0	2029	59.98500374906277
1634336691.95	750	59.436247	0.0	656898	101	0.75	41.299	0	2269	60.0150037509377
1634336695.79	750	59.731235	0.0	670951	111	0.75	45.3	0	2509	59.98500374906277
1634336700.06	750	59.470575	0.0	618544	63	0.75	49.3	0	2749	60
1634336703.84	750	59.490704	0.0	618247	92	0.75	53.3	0	2989	60
1634336707.57	750	59.805974	0.0	671894	107	0.75	57.3	0	3229	60
1634336711.83	750	59.55	0.0	642169	120	0.75	61.3	0	3469	60
1634336715.57	750	59.944976	0.0	635411	95	0.75	65.309	0	3710	60.11474183088051
1634336719.38	750	59.971908	0.0	644615	103	0.75	69.31	0	3950	59.98500374906266
1634336723.73	750	59.712272	0.0	672342	141	0.75	73.31	0	4190	60
1634336727.99	750	59.450386	0.0	666301	113	0.75	77.31	0	4430	60
1634336731.8	750	59.754086	0.0	665276	103	0.75	81.311	0	4670	59.98500374906266
1634336735.56	750	59.780986	0.0	696340	106	0.75	85.311	0	4910	60
1634336739.83	750	59.520343	0.0	634337	97	0.75	89.311	0	5150	60
1634336743.57	750	59.821209	0.0	642800	96	0.75	93.311	0	5390	60
1634336747.86	750	59.596907	0.0	660587	120	0.75	97.312	0	5630	59.98500374906288
1634336751.6	750	59.900603	0.0	654618	102	0.75	101.313	0	5870	59.98500374906266
1634336755.86	750	59.650424	0.0	644116	100	0.75	105.313	0	6110	60
1634336759.78	750	59.680726	0.0	677809	7	0.75	109.313	0	6350	60
1634336763.54	750	59.991202	0.0	722701	81	0.75	113.314	0	6590	59.98500374906288
1634336767.8	750	59.729343	0.0	750718	115	0.75	117.314	0	6830	60
1634336771.61	750	59.755286	0.0	708690	107	0.75	121.314	0	7070	60
