1634301901.97	750	4	0.183	391964	70	-0.7818999999999999	0	0	0	0
1634301902.38	1200	8	0.0	1027639	200	0.75	0	0	0	0
1634301902.7	1200	12	0.0	1094547	195	1.2	0	0	0	0
1634301903.02	1200	16	0.0	1068941	193	1.2	0	0	0	0
1634301903.35	1200	20	0.0	1069226	204	1.2	0	0	0	0
1634301903.64	1200	23.863979	0.0	1157353	173	1.2	0	0	0	0
1634301903.98	1200	27.541202	0.0	1168829	204	1.2	0	0	0	0
1634301904.33	1200	31.177222	0.0	1093471	210	1.2	0	0	0	0
1634301904.66	1200	34.854951	0.0	1020028	166	1.2	0	0	0	0
1634301905.02	1200	38.48945	0.0	1051427	187	1.2	0	0	0	0
1634301905.47	1200	42.045527	0.0	1070992	302	1.2	5.146	0	53	0
1634301905.76	1200	45.763681	0.0	1063461	178	1.2	5.146	0	53	0
1634301906.07	1200	49.441535	0.0	1074096	179	1.2	5.146	0	53	0
1634301906.4	1200	53.119118	0.0	1080192	177	1.2	5.146	0	53	0
1634301906.76	1200	56.755658	0.0	1139934	189	1.2	5.146	0	53	0
1634301908.13	1200	59.501568	0.0	1145330	196	1.2	5.146	0	53	0
1634301912.02	1200	59.55681	0.0	1173744	212	1.2	9.146	0	173	29.999999999999993
1634301915.87	1200	59.869507	0.0	1061602	165	1.2	13.146	0	293	30
1634301919.69	1200	59.903281	0.0	1076224	181	1.2	17.146	0	413	30
1634301924.06	1200	59.639236	0.0	1068038	186	1.2	21.148	0	533	29.98500749625188
1634301927.92	1200	59.678461	0.0	1097493	202	1.2	25.148	0	653	30
1634301932.24	1200	59.463569	0.0	1072339	179	1.2	29.148	0	773	30
1634301936.08	1200	59.493151	0.0	1067889	187	1.2	33.149	0	893	29.992501874531357
1634301939.92	1200	59.802933	0.0	1067959	186	1.2	37.148	0	1013	30.00750187546885
1634301943.77	1200	59.825581	0.0	1077712	169	1.2	41.148	0	1133	30
1634301948.14	1200	59.556952	0.0	1138441	180	1.2	45.15	0	1253	29.98500749625191
1634301951.97	1200	59.568564	0.0	1027213	179	1.2	49.15	0	1373	30
1634301955.8	1200	59.874923	0.0	1019513	161	1.2	53.151	0	1493	29.99250187453133
1634301959.64	1200	59.940012	0.0	1030601	179	1.2	57.151	0	1613	30
1634301963.99	1200	59.685199	0.0	1059459	170	1.2	61.181	0	1734	30.024813895781683
1634301967.86	1200	59.705041	0.0	1058483	175	1.2	65.181	0	1854	30
1634301972.23	1200	59.478138	0.0	1026788	180	1.2	69.18	0	1974	30.007501875468797
1634301976.11	1200	59.455764	0.0	1034920	176	1.2	73.181	0	2094	29.99250187453144
1634301979.95	1200	59.756293	0.0	1024487	165	1.2	77.181	0	2214	30
1634301983.86	1200	59.774342	0.0	1088769	174	1.2	81.182	0	2334	29.99250187453133
1634301987.79	1200	59.833334	0.0	1213691	198	1.2	85.182	0	2454	30
1634301992.13	1200	59.570434	0.0	996535	198	1.2	89.182	0	2574	30
1634301996.0	1200	59.595298	0.0	1040309	191	1.2	93.183	0	2694	29.99250187453133
1634301999.89	1200	59.625555	0.0	1135519	193	1.2	97.183	0	2814	30
1634302003.79	1200	59.926292	0.0	1080635	188	1.2	101.205	0	2934	29.83590253605178
1634302007.64	1200	59.966667	0.0	1037366	192	1.2	105.204	0	3054	30.007501875468904
1634302011.54	1200	59.98855	0.0	1075257	175	1.2	109.204	0	3174	30
1634302015.9	1200	59.7245	0.0	1145173	202	1.2	113.205	0	3294	29.99250187453133
1634302020.25	1200	59.468789	0.0	1216507	216	1.2	117.205	0	3414	30
1634302024.07	1200	59.513329	0.0	1142437	193	1.2	121.205	0	3534	30
