1634333332.16	750	4	0.154	391964	67	-0.6571999999999999	0	0	0	0
1634333332.47	1200	8	0.0	1027639	163	0.75	0	0	0	0
1634333332.77	1200	11.916528	0.0	1094547	162	1.2	0	0	0	0
1634333333.11	1200	15.594109	0.0	1068941	165	1.2	0	0	0	0
1634333333.38	1200	19.312312	0.0	1069226	165	1.2	0	0	0	0
1634333333.71	1200	22.989879	0.0	1157353	196	1.2	0	0	0	0
1634333334.03	1200	26.667373	0.0	1168829	204	1.2	0	0	0	0
1634333334.34	1200	30.342927	0.0	1093471	165	1.2	0	0	0	0
1634333334.61	1200	34.100924	0.0	1020028	160	1.2	0	0	0	0
1634333334.88	1200	37.818368	0.0	1051427	159	1.2	0	0	0	0
1634333335.21	1200	41.495881	0.0	1070992	166	1.2	0	0	0	0
1634333335.53	1200	45.17283	0.0	1063461	157	1.2	0	0	0	0
1634333335.86	1200	48.849509	0.0	1074096	195	1.2	4.622	0	89	0
1634333336.19	1200	52.486527	0.0	1080192	174	1.2	4.622	0	89	0
1634333336.61	1200	56.160236	0.0	1139934	180	1.2	4.622	0	89	0
1634333336.9	1200	59.795204	0.0	1145330	170	1.2	4.622	0	89	0
1634333341.25	1200	59.441368	0.0	1173744	192	1.2	8.621	0	209	30.00750187546886
1634333345.18	1200	59.742008	0.0	1061602	239	1.2	12.621	0	329	30
1634333349.05	1200	59.762684	0.0	1076224	169	1.2	16.622	0	449	29.99250187453137
1634333353.39	1200	59.502168	0.0	1068038	164	1.2	20.622	0	569	30
1634333357.2	1200	59.55484	0.0	1097493	167	1.2	24.622	0	689	30
1634333361.05	1200	59.857314	0.0	1072339	179	1.2	28.623	0	809	29.992501874531357
1634333364.89	1200	59.90741	0.0	1067889	159	1.2	32.623	0	929	30.00000000000003
1634333368.75	1200	59.967319	0.0	1067959	155	1.2	36.623	0	1049	30
1634333373.11	1200	59.71015	0.0	1077712	161	1.2	40.628	0	1169	29.96254681647938
1634333376.98	1200	59.714879	0.0	1138441	174	1.2	44.624	0	1289	30.030030030030012
1634333381.33	1200	59.452632	0.0	1027213	178	1.2	48.624	0	1409	30
1634333385.15	1200	59.753755	0.0	1019513	163	1.2	52.624	0	1529	30
1634333389.0	1200	59.775717	0.0	1030601	151	1.2	56.625	0	1649	29.992501874531385
1634333393.35	1200	59.514814	0.0	1059459	150	1.2	60.626	0	1769	29.992501874531385
1634333397.19	1200	59.569961	0.0	1058483	165	1.2	64.626	0	1889	29.999999999999947
1634333401.04	1200	59.882211	0.0	1026788	160	1.2	68.626	0	2009	30
1634333404.86	1200	59.901249	0.0	1034920	166	1.2	72.626	0	2129	30
1634333408.71	1200	59.981945	0.0	1024487	186	1.2	76.626	0	2249	30
1634333413.04	1200	59.715802	0.0	1088769	179	1.2	80.627	0	2369	29.99250187453144
1634333417.4	1200	59.433793	0.0	1213691	201	1.2	84.627	0	2489	30
1634333421.31	1200	59.448871	0.0	996535	231	1.2	88.627	0	2609	30
1634333425.12	1200	59.820901	0.0	1040309	154	1.2	92.628	0	2729	29.99250187453133
1634333429.03	1200	59.835586	0.0	1135519	229	1.2	96.628	0	2849	30
1634333432.91	1200	59.853386	0.0	1080635	214	1.2	100.628	0	2969	30
1634333437.24	1200	59.590136	0.0	1037366	172	1.2	104.633	0	3090	30.212234706616762
1634333441.06	1200	59.886284	0.0	1075257	174	1.2	108.634	0	3210	29.99250187453133
1634333444.89	1200	59.9	0.0	1145173	195	1.2	112.634	0	3330	30
1634333449.22	1200	59.641619	0.0	1216507	207	1.2	116.639	0	3450	29.962546816479435
1634333453.09	1200	59.66112	0.0	1142437	212	1.2	120.637	0	3570	30.015007503751843
