1634340843.65	750	4	0.169	391964	72	-0.7216999999999999	0	0	0	0
1634340843.78	300	8	0.0	212073	32	-0.15000000000000002	0	0	0	0
1634340843.95	300	12	0.0	209182	39	0.3	0	0	0	0
1634340844.09	300	16	0.0	227172	39	0.3	0	0	0	0
1634340844.22	300	20	0.0	238359	39	0.3	0	0	0	0
1634340844.34	300	24	0.0	239351	39	0.3	0	0	0	0
1634340844.46	300	28	0.0	228239	40	0.3	0	0	0	0
1634340844.58	300	32	0.0	217009	31	0.3	0	0	0	0
1634340844.7	300	36	0.0	207641	24	0.3	0	0	0	0
1634340844.82	300	40	0.0	218897	33	0.3	0	0	0	0
1634340844.97	300	44	0.0	219759	61	0.3	0	0	0	0
1634340845.1	300	48	0.0	203704	19	0.3	0	0	0	0
1634340845.23	300	51.914389	0.0	211384	36	0.3	0	0	0	0
1634340845.42	300	55.712798	0.0	213546	38	0.3	0	0	0	0
1634340845.55	300	59.591836	0.0	246294	40	0.3	0	0	0	0
1634340849.74	300	59.46736	0.0	253840	44	0.3	5.091	0	57	0
1634340853.46	300	59.773218	0.0	239526	53	0.3	9.09	0	177	30.00750187546887
1634340857.67	300	59.58226	0.0	208664	47	0.3	13.108	0	298	30.114484818317568
1634340861.35	300	59.885578	0.0	215978	33	0.3	17.11	0	418	29.98500749625188
1634340865.59	300	59.606144	0.0	214741	35	0.3	21.11	0	538	30
1634340869.27	300	59.916047	0.0	229698	40	0.3	25.111	0	658	29.992501874531357
1634340873.48	300	59.952985	0.0	216304	36	0.3	29.111	0	778	30
1634340877.7	300	59.733791	0.0	219079	36	0.3	33.111	0	898	30.00000000000003
1634340881.86	300	59.467454	0.0	220595	42	0.3	37.113	0	1018	29.985007496251857
1634340885.56	300	59.766997	0.0	208066	32	0.3	41.113	0	1138	30
1634340889.74	300	59.520642	0.0	217725	35	0.3	45.116	0	1258	29.977516862353234
1634340893.41	300	59.848552	0.0	207408	46	0.3	49.116	0	1378	30
1634340897.55	300	59.610692	0.0	202241	32	0.3	53.116	0	1498	30
1634340901.21	300	59.916515	0.0	213768	38	0.3	57.117	0	1618	29.992501874531385
1634340905.42	300	59.973107	0.0	206170	34	0.3	61.117	0	1738	30
1634340909.59	300	59.740323	0.0	209147	36	0.3	65.116	0	1858	30.00750187546885
1634340913.79	300	59.544237	0.0	203399	29	0.3	69.117	0	1978	29.99250187453133
1634340917.47	300	59.85093	0.0	208834	35	0.3	73.118	0	2098	29.99250187453144
1634340921.66	300	59.587434	0.0	210493	39	0.3	77.118	0	2218	30
1634340925.4	300	59.93074	0.0	214341	36	0.3	81.118	0	2338	30
1634340929.61	300	59.647248	0.0	236978	33	0.3	85.118	0	2458	30
1634340933.28	300	59.948026	0.0	206432	24	0.3	89.119	0	2578	29.99250187453133
1634340937.49	300	59.712015	0.0	213940	41	0.3	93.119	0	2698	30
1634340941.68	300	59.482312	0.0	217550	36	0.3	97.119	0	2818	30
1634340945.37	300	59.787765	0.0	217543	37	0.3	101.135	0	2938	29.88047808764936
1634340949.54	300	59.803007	0.0	207114	24	0.3	105.135	0	3058	30
1634340953.76	300	59.566667	0.0	230790	34	0.3	109.136	0	3178	29.99250187453144
1634340957.45	300	59.858712	0.0	242484	60	0.3	113.136	0	3298	30
1634340961.65	300	59.647605	0.0	244433	42	0.3	117.136	0	3418	30
1634340965.34	300	59.985921	0.0	245567	37	0.3	121.136	0	3538	30
