1634318273.4	750	4	0.186	427465	62	-0.7948	0	0	0	0
1634318273.6	300	8	0.0	474035	64	-0.15000000000000002	0	0	0	0
1634318273.79	300	12	0.0	448326	71	0.3	0	0	0	0
1634318273.97	300	16	0.0	480048	50	0.3	0	0	0	0
1634318274.14	300	20	0.0	488788	76	0.3	0	0	0	0
1634318274.32	300	24	0.0	487141	74	0.3	0	0	0	0
1634318274.5	300	28	0.0	483526	84	0.3	0	0	0	0
1634318274.69	300	32	0.0	460688	69	0.3	0	0	0	0
1634318274.86	300	36	0.0	444206	63	0.3	0	0	0	0
1634318275.04	300	39.912539	0.0	461617	44	0.3	0	0	0	0
1634318275.24	300	43.710437	0.0	450479	79	0.3	0	0	0	0
1634318275.45	300	47.50906	0.0	473222	83	0.3	0	0	0	0
1634318275.66	300	51.307146	0.0	450253	78	0.3	0	0	0	0
1634318275.87	300	55.104723	0.0	458340	84	0.3	0	0	0	0
1634318276.1	300	58.863258	0.0	501721	89	0.3	0	0	0	0
1634318279.32	300	59.824954	0.0	502943	63	0.3	5.135	0	109	0
1634318283.57	300	59.571683	0.0	495208	76	0.3	9.135	0	349	60
1634318287.31	300	59.879279	0.0	476785	65	0.3	13.135	0	589	60
1634318291.07	300	59.907629	0.0	470301	82	0.3	17.169	0	831	59.99008428358948
1634318295.32	300	59.930179	0.0	478876	79	0.3	21.168	0	1071	60.01500375093775
1634318299.07	300	59.953991	0.0	478683	75	0.3	25.169	0	1311	59.98500374906271
1634318303.29	300	59.692329	0.0	433197	66	0.3	29.168	0	1551	60.01500375093775
1634318307.55	300	59.439561	0.0	463002	72	0.3	33.169	0	1792	60.23494126468386
1634318311.27	300	59.754835	0.0	477800	79	0.3	37.169	0	2031	59.75
1634318315.52	300	59.492384	0.0	456630	111	0.3	41.17	0	2272	60.234941264683755
1634318319.3	300	59.806469	0.0	459893	84	0.3	45.171	0	2512	59.98500374906277
1634318323.54	300	59.556405	0.0	426253	76	0.3	49.17	0	2752	60.0150037509377
1634318327.26	300	59.86211	0.0	431643	73	0.3	53.175	0	2992	59.92509363295887
1634318331.49	300	59.614705	0.0	467241	75	0.3	57.176	0	3232	59.98500374906266
1634318335.19	300	59.929827	0.0	442868	75	0.3	61.176	0	3472	60
1634318339.42	300	59.664701	0.0	437041	74	0.3	65.176	0	3712	60
1634318343.66	300	59.445128	0.0	436753	62	0.3	69.176	0	3952	60
1634318347.39	300	59.753251	0.0	457086	77	0.3	73.176	0	4192	60
1634318351.61	300	59.493343	0.0	471069	86	0.3	77.177	0	4432	59.98500374906266
1634318355.32	300	59.838702	0.0	470476	61	0.3	81.177	0	4672	60
1634318359.57	300	59.58455	0.0	478853	69	0.3	85.176	0	4912	60.01500375093781
1634318363.3	300	59.894973	0.0	425308	35	0.3	89.177	0	5152	59.98500374906266
1634318367.08	300	59.933334	0.0	436762	85	0.3	93.177	0	5392	60
1634318371.3	300	59.674678	0.0	447413	58	0.3	97.178	0	5632	59.98500374906288
1634318375.53	300	59.450676	0.0	442185	72	0.3	101.178	0	5872	60
1634318379.27	300	59.763265	0.0	447309	77	0.3	105.178	0	6112	60
1634318383.49	300	59.517436	0.0	475738	74	0.3	109.178	0	6352	60
1634318387.2	300	59.841598	0.0	506145	93	0.3	113.178	0	6592	60
1634318391.42	300	59.579747	0.0	493441	83	0.3	117.179	0	6832	59.98500374906266
1634318395.12	300	59.886267	0.0	480118	85	0.3	121.18	0	7072	59.98500374906266
