1634340604.96	750	4	0.15	391964	75	-0.64	0	0	0	0
1634340605.11	300	8	0.0	212073	37	-0.15000000000000002	0	0	0	0
1634340605.31	300	12	0.0	209182	34	0.3	0	0	0	0
1634340605.48	300	16	0.0	227172	36	0.3	0	0	0	0
1634340605.64	300	20	0.0	238359	55	0.3	0	0	0	0
1634340605.78	300	24	0.0	239351	36	0.3	0	0	0	0
1634340605.93	300	28	0.0	228239	47	0.3	0	0	0	0
1634340606.07	300	32	0.0	217009	38	0.3	0	0	0	0
1634340606.2	300	36	0.0	207641	29	0.3	0	0	0	0
1634340606.37	300	40	0.0	218897	47	0.3	0	0	0	0
1634340606.52	300	44	0.0	219759	40	0.3	0	0	0	0
1634340606.64	300	47.91518	0.0	203704	23	0.3	0	0	0	0
1634340606.78	300	51.794467	0.0	211384	30	0.3	0	0	0	0
1634340606.93	300	55.633334	0.0	213546	40	0.3	0	0	0	0
1634340607.06	300	59.511654	0.0	246294	36	0.3	0	0	0	0
1634340611.25	300	59.467212	0.0	253840	43	0.3	5.189	0	54	0
1634340615.0	300	59.821725	0.0	239526	50	0.3	9.188	0	174	30.00750187546886
1634340618.74	300	59.879075	0.0	208664	33	0.3	13.188	0	294	30
1634340622.92	300	59.890256	0.0	215978	37	0.3	17.19	0	414	29.985007496251868
1634340627.12	300	59.618241	0.0	214741	35	0.3	21.19	0	534	30
1634340630.83	300	59.95571	0.0	229698	33	0.3	25.191	0	654	29.992501874531385
1634340635.02	300	59.710139	0.0	216304	45	0.3	29.191	0	774	30
1634340639.21	300	59.487246	0.0	219079	24	0.3	33.191	0	894	29.999999999999975
1634340642.86	300	59.786171	0.0	220595	35	0.3	37.191	0	1014	30
1634340647.02	300	59.560495	0.0	208066	35	0.3	41.191	0	1134	30
1634340650.73	300	59.895493	0.0	217725	39	0.3	45.193	0	1254	29.98500749625191
1634340654.92	300	59.668367	0.0	207408	35	0.3	49.192	0	1374	30.00750187546885
1634340659.1	300	59.468337	0.0	202241	28	0.3	53.192	0	1494	30
1634340663.26	300	59.49432	0.0	213768	41	0.3	57.193	0	1614	29.992501874531385
1634340666.95	300	59.808286	0.0	206170	6	0.3	61.193	0	1734	30
1634340671.16	300	59.58763	0.0	209147	10	0.3	65.194	0	1854	29.99250187453133
1634340674.86	300	59.892968	0.0	203399	5	0.3	69.194	0	1974	30
1634340679.04	300	59.625743	0.0	208834	48	0.3	73.196	0	2094	29.98500749625191
1634340682.72	300	59.975071	0.0	210493	44	0.3	77.196	0	2214	30
1634340686.91	300	59.710101	0.0	214341	49	0.3	81.198	0	2334	29.98500749625191
1634340691.08	300	59.719604	0.0	236978	39	0.3	85.198	0	2454	30
1634340695.25	300	59.442388	0.0	206432	32	0.3	89.198	0	2574	30
1634340698.92	300	59.753398	0.0	213940	48	0.3	93.198	0	2694	30
1634340703.08	300	59.494971	0.0	217550	36	0.3	97.199	0	2814	29.99250187453133
1634340707.24	300	59.536043	0.0	217543	33	0.3	101.199	0	2934	30
1634340710.9	300	59.857829	0.0	207114	2	0.3	105.199	0	3054	30
1634340715.07	300	59.61311	0.0	230790	42	0.3	109.199	0	3174	30
1634340718.73	300	59.923037	0.0	242484	41	0.3	113.247	0	3295	29.891304347826072
1634340722.9	300	59.947086	0.0	244433	31	0.3	117.247	0	3415	30
1634340727.07	300	59.682592	0.0	245567	42	0.3	121.247	0	3535	30
