1634324171.0	750	4	0.161	427465	76	-0.6872999999999999	0	0	0	0
1634324171.24	750	8	0.0	647387	102	0.75	0	0	0	0
1634324171.45	750	12	0.0	677925	108	0.75	0	0	0	0
1634324171.67	750	15.918626	0.0	706841	119	0.75	0	0	0	0
1634324171.9	750	19.717459	0.0	701203	108	0.75	0	0	0	0
1634324172.15	750	23.474633	0.0	737962	120	0.75	0	0	0	0
1634324172.37	750	27.233334	0.0	699376	112	0.75	0	0	0	0
1634324172.64	750	30.990661	0.0	691941	123	0.75	0	0	0	0
1634324172.87	750	34.747392	0.0	635193	90	0.75	0	0	0	0
1634324173.1	750	38.505574	0.0	655855	111	0.75	0	0	0	0
1634324173.35	750	42.26306	0.0	626785	91	0.75	0	0	0	0
1634324173.56	750	46.061203	0.0	641824	103	0.75	0	0	0	0
1634324173.75	750	49.859926	0.0	657300	101	0.75	0	0	0	0
1634324173.97	750	53.657848	0.0	650171	106	0.75	0	0	0	0
1634324174.23	750	57.37537	0.0	713528	125	0.75	0	0	0	0
1634324176.02	750	59.755351	0.0	758246	123	0.75	4.61	0	173	0
1634324180.33	750	59.494731	0.0	743893	128	0.75	8.61	1	413	59.750000000000014
1634324184.14	750	59.523097	0.0	682559	114	0.75	12.611	1	653	59.98500374906271
1634324187.93	750	59.834956	0.0	689486	141	0.75	16.611	1	893	60
1634324192.21	750	59.569608	0.0	689027	109	0.75	20.61	1	1133	60.01500375093775
1634324195.95	750	59.883334	0.0	673540	104	0.75	24.611	1	1373	59.98500374906271
1634324199.72	750	59.909501	0.0	640816	100	0.75	28.611	1	1613	60
1634324203.98	750	59.693251	0.0	681370	112	0.75	32.612	1	1853	59.98500374906271
1634324208.26	750	59.442317	0.0	689141	127	0.75	36.612	1	2093	60
1634324212.05	750	59.747576	0.0	656898	103	0.75	40.614	1	2333	59.97001499250382
1634324216.32	750	59.488807	0.0	670951	92	0.75	44.615	1	2573	59.98500374906266
1634324220.07	750	59.795252	0.0	618544	76	0.75	48.614	1	2813	60.01500375093781
1634324223.8	750	59.824973	0.0	618247	97	0.75	52.615	1	3053	59.98500374906266
1634324228.11	750	59.561765	0.0	671894	121	0.75	56.616	1	3293	59.98500374906277
1634324231.9	750	59.860438	0.0	642169	98	0.75	60.616	1	3533	60
1634324236.21	750	59.60664	0.0	635411	119	0.75	64.616	1	3773	60
1634324239.98	750	59.650253	0.0	644615	105	0.75	68.615	1	4013	60.01500375093781
1634324244.26	750	59.444313	0.0	672342	116	0.75	72.616	1	4253	59.98500374906266
1634324248.03	750	59.74757	0.0	666301	108	0.75	76.616	1	4493	60
1634324252.3	750	59.48938	0.0	665276	120	0.75	80.616	1	4733	60
1634324256.07	750	59.789414	0.0	696340	97	0.75	84.616	1	4973	60
1634324259.82	750	59.811293	0.0	634337	105	0.75	88.617	1	5213	59.98500374906266
1634324264.08	750	59.551387	0.0	642800	109	0.75	92.617	1	5453	60
1634324267.87	750	59.859191	0.0	660587	100	0.75	96.617	1	5693	60
1634324272.13	750	59.586301	0.0	654618	106	0.75	100.618	1	5933	59.98500374906288
1634324275.91	750	59.888549	0.0	644116	109	0.75	104.618	1	6173	60
1634324280.13	750	59.625455	0.0	677809	5	0.75	108.619	1	6413	59.98500374906266
1634324283.9	750	59.929421	0.0	722701	131	0.75	112.618	1	6653	60.01500375093781
1634324287.7	750	59.986725	0.0	750718	129	0.75	116.619	1	6893	59.98500374906266
1634324291.98	750	59.728763	0.0	708690	118	0.75	120.619	1	7133	60
