1634645799.44	750	4	0.817	3873109	602	-3.5081	0	0	0	0
1634645800.25	2850	8	0.0	3278264	555	0.75	0	0	0	0
1634645801.22	2850	11.673179	0.0	4479625	734	2.85	0	0	0	0
1634645801.98	2850	14.906725	0.0	3495272	562	2.85	0	0	0	0
1634645803.02	2850	17.856806	0.0	3525421	553	2.85	5.459	0	42	0
1634645804.06	2850	20.833334	0.0	4652033	754	2.85	5.459	0	42	0
1634645805.03	2850	23.876458	0.0	4298145	707	2.85	5.459	0	42	0
1634645806.33	2850	26.566667	0.0	4054420	957	2.85	9.457	1	162	29.764882441220603
1634645807.2	2850	29.691345	0.0	3887575	664	2.85	9.457	1	162	29.764882441220603
1634645808.14	2850	32.766667	0.0	4241421	640	2.85	9.457	1	162	29.764882441220603
1634645808.96	2850	35.946962	0.0	3616621	586	2.85	9.457	1	162	29.764882441220603
1634645809.86	2850	39.033334	0.0	3962980	638	2.85	9.457	1	162	29.764882441220603
1634645810.84	2850	42.066667	0.0	4314183	680	2.85	13.457	1	282	30
1634645811.88	2850	45	0.0	4310059	759	2.85	13.457	1	282	30
1634645812.76	2850	48.108872	0.0	4053167	619	2.85	13.457	1	282	30
1634645813.65	2850	51.22189	0.0	4086458	653	2.85	13.457	1	282	30
1634645814.58	2850	54.3	0.0	4236208	658	2.85	17.457	2	402	29.75
1634645815.56	2850	57.321347	0.0	4627495	713	2.85	17.457	2	402	29.75
