1634357159.68	750	4	0.163	427465	64	-0.6959	0	0	0	0
1634357159.86	300	8	0.0	474035	73	-0.15000000000000002	0	0	0	0
1634357160.14	300	12	0.0	448326	83	0.3	0	0	0	0
1634357160.34	300	16	0.0	480048	106	0.3	0	0	0	0
1634357160.52	300	20	0.0	488788	80	0.3	0	0	0	0
1634357160.69	300	24	0.0	487141	77	0.3	0	0	0	0
1634357160.87	300	28	0.0	483526	86	0.3	0	0	0	0
1634357161.07	300	32	0.0	460688	73	0.3	0	0	0	0
1634357161.23	300	35.873172	0.0	444206	27	0.3	0	0	0	0
1634357161.4	300	39.711596	0.0	461617	73	0.3	0	0	0	0
1634357161.62	300	43.508997	0.0	450479	72	0.3	0	0	0	0
1634357161.81	300	47.30774	0.0	473222	84	0.3	0	0	0	0
1634357162.01	300	51.106177	0.0	450253	80	0.3	0	0	0	0
1634357162.19	300	54.945147	0.0	458340	76	0.3	0	0	0	0
1634357162.39	300	58.743773	0.0	501721	81	0.3	0	0	0	0
1634357165.68	300	59.540542	0.0	502943	81	0.3	5.231	0	116	0
1634357169.42	300	59.859904	0.0	495208	88	0.3	9.23	0	356	60.01500375093772
1634357173.66	300	59.613797	0.0	476785	80	0.3	13.231	0	596	59.98500374906274
1634357177.38	300	59.980356	0.0	470301	76	0.3	17.231	0	836	59.99999999999997
1634357181.6	300	59.726594	0.0	478876	77	0.3	21.232	0	1076	59.98500374906277
1634357185.85	300	59.476832	0.0	478683	84	0.3	25.231	0	1316	60.0150037509377
1634357189.59	300	59.792417	0.0	433197	73	0.3	29.249	0	1557	59.98008959681438
1634357193.33	300	59.80271	0.0	463002	89	0.3	33.25	0	1797	59.98500374906271
1634357197.57	300	59.828251	0.0	477800	77	0.3	37.251	0	2037	59.98500374906277
1634357201.3	300	59.847737	0.0	456630	86	0.3	41.25	0	2277	60.0150037509377
1634357205.49	300	59.883826	0.0	459893	73	0.3	45.251	0	2517	59.98500374906277
1634357209.21	300	59.913737	0.0	426253	69	0.3	49.25	0	2757	60.0150037509377
1634357213.41	300	59.942565	0.0	431643	65	0.3	53.251	0	2997	59.98500374906277
1634357217.64	300	59.685691	0.0	467241	79	0.3	57.251	0	3237	60
1634357221.86	300	59.43737	0.0	442868	72	0.3	61.251	0	3477	60
1634357225.58	300	59.74713	0.0	437041	59	0.3	65.252	0	3717	59.98500374906277
1634357229.86	300	59.49223	0.0	436753	64	0.3	69.257	0	3958	60.17478152309599
1634357233.59	300	59.571218	0.0	457086	71	0.3	73.257	0	4198	60
1634357237.33	300	59.874466	0.0	471069	84	0.3	77.257	0	4438	60
1634357241.57	300	59.622053	0.0	470476	75	0.3	81.258	0	4678	59.98500374906288
1634357245.3	300	59.93791	0.0	478853	72	0.3	85.258	0	4918	60
1634357249.52	300	59.671758	0.0	425308	77	0.3	89.258	0	5158	60
1634357253.24	300	59.978859	0.0	436762	82	0.3	93.259	0	5398	59.98500374906266
1634357257.5	300	59.726307	0.0	447413	68	0.3	97.259	0	5638	60
1634357261.72	300	59.483334	0.0	442185	80	0.3	101.259	0	5878	60
1634357265.44	300	59.808707	0.0	447309	73	0.3	105.259	0	6118	60
1634357269.23	300	59.90618	0.0	475738	98	0.3	109.259	0	6358	60
1634357273.45	300	59.921709	0.0	506145	85	0.3	113.26	0	6598	59.98500374906266
1634357277.16	300	59.956758	0.0	493441	78	0.3	117.259	0	6838	60.01500375093781
1634357281.37	300	59.983334	0.0	480118	76	0.3	121.261	0	7078	59.97001499250382
