1634644156.27	750	4	0.87	3873109	681	-3.736	0	0	0	0
1634644157.02	2850	8	0.0	3278264	518	0.75	0	0	0	0
1634644157.99	2850	12	0.0	4479625	676	2.85	0	0	0	0
1634644158.75	2850	15.266667	0.0	3495272	543	2.85	0	0	0	0
1634644159.52	2850	18.5	0.0	3525421	562	2.85	5.261	0	26	0
1634644160.51	2850	21.5	0.0	4652033	747	2.85	5.261	0	26	0
1634644161.51	2850	24.5	0.0	4298145	745	2.85	5.261	0	26	0
1634644162.46	2850	27.566667	0.0	4054420	608	2.85	5.261	0	26	0
1634644163.55	2850	30.456757	0.0	3887575	817	2.85	9.26	1	146	29.757439359839964
1634644164.58	2850	33.442337	0.0	4241421	799	2.85	9.26	1	146	29.757439359839964
1634644165.48	2850	36.553851	0.0	3616621	645	2.85	9.26	1	146	29.757439359839964
1634644166.38	2850	39.621228	0.0	3962980	634	2.85	9.26	1	146	29.757439359839964
1634644167.32	2850	42.7	0.0	4314183	673	2.85	13.26	1	266	30
1634644168.25	2850	45.766667	0.0	4310059	606	2.85	13.26	1	266	30
