1634327206.37	750	4	0.15	391964	62	-0.64	0	0	0	0
1634327206.54	750	8	0.0	411055	69	0.75	0	0	0	0
1634327206.74	750	12	0.0	428763	105	0.75	0	0	0	0
1634327206.95	750	16	0.0	426503	80	0.75	0	0	0	0
1634327207.12	750	20	0.0	417864	60	0.75	0	0	0	0
1634327207.29	750	24	0.0	462833	75	0.75	0	0	0	0
1634327207.46	750	28	0.0	444447	64	0.75	0	0	0	0
1634327207.67	750	32	0.0	439044	62	0.75	0	0	0	0
1634327207.85	750	36	0.0	407056	64	0.75	0	0	0	0
1634327208.01	750	39.8766	0.0	431257	66	0.75	0	0	0	0
1634327208.16	750	43.715705	0.0	424931	61	0.75	0	0	0	0
1634327208.32	750	47.554494	0.0	415862	69	0.75	0	0	0	0
1634327208.49	750	51.393454	0.0	417958	61	0.75	0	0	0	0
1634327208.64	750	55.231522	0.0	418039	68	0.75	0	0	0	0
1634327208.81	750	59.070356	0.0	441262	75	0.75	0	0	0	0
1634327212.55	750	59.466667	0.0	464095	70	0.75	5.298	0	56	0
1634327216.35	750	59.778362	0.0	462002	69	0.75	9.297	0	176	30.00750187546886
1634327220.08	750	59.840854	0.0	416260	95	0.75	13.299	0	296	29.98500749625188
1634327224.29	750	59.862574	0.0	426855	67	0.75	17.3	0	416	29.992501874531357
1634327228.04	750	59.887906	0.0	423992	75	0.75	21.3	0	536	30
1634327232.25	750	59.617406	0.0	443256	68	0.75	25.3	0	656	30
1634327235.99	750	59.920176	0.0	420854	73	0.75	29.301	0	776	29.992501874531385
1634327240.23	750	59.695618	0.0	434977	65	0.75	33.3	0	896	30.007501875468876
1634327244.45	750	59.442313	0.0	427693	74	0.75	37.301	0	1016	29.99250187453133
1634327248.15	750	59.748367	0.0	435879	64	0.75	41.301	0	1136	30
1634327252.36	750	59.778826	0.0	458523	64	0.75	45.301	0	1256	30
1634327256.12	750	59.808861	0.0	389475	51	0.75	49.301	0	1376	30
1634327260.33	750	59.581997	0.0	412786	71	0.75	53.301	0	1496	30
1634327264.02	750	59.900411	0.0	423981	77	0.75	57.301	0	1616	30
1634327268.24	750	59.920828	0.0	411450	68	0.75	61.301	0	1736	30
1634327271.96	750	59.941343	0.0	415853	52	0.75	65.301	0	1856	30
1634327276.23	750	59.713854	0.0	410977	70	0.75	69.303	0	1976	29.98500749625191
1634327280.45	750	59.448917	0.0	419815	78	0.75	73.303	0	2096	30
1634327284.17	750	59.750442	0.0	418828	62	0.75	77.303	0	2216	30
1634327288.39	750	59.481027	0.0	422899	60	0.75	81.303	0	2336	30
1634327292.11	750	59.819675	0.0	461245	77	0.75	85.303	0	2456	30
1634327296.32	750	59.569816	0.0	420927	62	0.75	89.303	0	2576	30
1634327300.02	750	59.885096	0.0	434125	65	0.75	93.304	0	2696	29.99250187453133
1634327304.22	750	59.893853	0.0	438085	79	0.75	97.304	0	2816	30
1634327308.45	750	59.662887	0.0	426879	68	0.75	101.304	0	2936	30
1634327312.17	750	59.971166	0.0	423829	75	0.75	105.305	0	3056	29.99250187453133
1634327315.89	750	59.986505	0.0	440437	58	0.75	109.305	0	3176	30
1634327320.59	750	59.487758	0.0	464617	65	0.75	113.304	0	3296	30.007501875468904
1634327324.28	750	59.830501	0.0	482901	73	0.75	117.305	0	3416	29.99250187453133
1634327327.99	750	59.885123	0.0	478486	79	0.75	121.306	0	3536	29.99250187453144
