1634321274.84	750	4	0.265	391964	4	-1.1345	0	0	0	0
1634321275.04	300	8	0.0	212073	63	-0.15000000000000002	0	0	0	0
1634321275.17	300	12	0.0	209182	22	0.3	0	0	0	0
1634321275.29	300	16	0.0	227172	25	0.3	0	0	0	0
1634321275.42	300	20	0.0	238359	38	0.3	0	0	0	0
1634321275.53	300	24	0.0	239351	34	0.3	0	0	0	0
1634321275.66	300	28	0.0	228239	34	0.3	0	0	0	0
1634321275.79	300	32	0.0	217009	52	0.3	0	0	0	0
1634321275.91	300	36	0.0	207641	32	0.3	0	0	0	0
1634321276.03	300	40	0.0	218897	34	0.3	0	0	0	0
1634321276.15	300	44	0.0	219759	37	0.3	0	0	0	0
1634321276.27	300	48	0.0	203704	33	0.3	0	0	0	0
1634321276.41	300	52	0.0	211384	42	0.3	0	0	0	0
1634321276.52	300	56	0.0	213546	35	0.3	0	0	0	0
1634321277.67	300	59.98814	0.0	246294	38	0.3	5.671	0	2	0
1634321281.86	300	59.720514	0.0	253840	51	0.3	9.671	0	122	30.000000000000007
1634321286.05	300	59.452211	0.0	239526	36	0.3	13.671	0	242	30
1634321290.2	300	59.464932	0.0	208664	36	0.3	17.672	0	362	29.992501874531357
1634321293.86	300	59.767009	0.0	215978	47	0.3	21.672	0	482	30
1634321298.07	300	59.502509	0.0	214741	28	0.3	25.671	0	602	30.007501875468876
1634321301.76	300	59.8	0.0	229698	46	0.3	29.672	0	722	29.992501874531357
1634321305.94	300	59.821598	0.0	216304	40	0.3	33.673	0	842	29.992501874531357
1634321310.13	300	59.554966	0.0	219079	31	0.3	37.672	0	962	30.007501875468904
1634321313.8	300	59.85576	0.0	220595	38	0.3	41.673	0	1082	29.99250187453133
1634321318.01	300	59.58973	0.0	208066	28	0.3	45.674	0	1202	29.992501874531385
1634321321.69	300	59.894637	0.0	217725	45	0.3	49.674	0	1322	30
1634321325.9	300	59.631513	0.0	207408	26	0.3	53.675	0	1442	29.992501874531385
1634321329.59	300	59.963041	0.0	202241	45	0.3	57.676	0	1562	29.99250187453133
1634321333.79	300	59.978277	0.0	213768	36	0.3	61.677	0	1682	29.992501874531385
1634321337.97	300	59.743843	0.0	206170	45	0.3	65.676	0	1802	30.00750187546885
1634321342.13	300	59.478949	0.0	209147	40	0.3	69.677	0	1922	29.99250187453133
1634321345.87	300	59.77699	0.0	203399	45	0.3	73.677	0	2042	30
1634321350.07	300	59.542717	0.0	208834	43	0.3	77.678	0	2162	29.99250187453144
1634321353.74	300	59.846717	0.0	210493	32	0.3	81.682	0	2282	29.970029970029934
1634321357.92	300	59.584378	0.0	214341	37	0.3	85.683	0	2402	29.99250187453133
1634321361.63	300	59.885384	0.0	236978	41	0.3	89.683	0	2522	30
1634321365.82	300	59.895162	0.0	206432	43	0.3	93.683	0	2642	30
1634321370.04	300	59.640101	0.0	213940	40	0.3	97.684	0	2762	29.99250187453144
1634321373.73	300	59.943988	0.0	217550	32	0.3	101.684	0	2882	30
1634321377.9	300	59.674844	0.0	217543	30	0.3	105.684	0	3002	30
1634321382.09	300	59.442126	0.0	207114	43	0.3	109.684	0	3122	30
1634321385.76	300	59.747943	0.0	230790	51	0.3	113.684	0	3242	30
1634321389.92	300	59.790047	0.0	242484	51	0.3	117.684	0	3362	30
1634321394.08	300	59.52153	0.0	244433	28	0.3	121.685	0	3482	29.99250187453133
1634321397.78	300	59.858872	0.0	245567	41	0.3	125.685	0	3602	30
