1634346062.87	750	4	0.162	391964	44	-0.6916	0	0	0	0
1634346063.31	1200	8	0.0	1027639	164	0.75	0	0	0	0
1634346063.58	1200	12	0.0	1094547	162	1.2	0	0	0	0
1634346063.87	1200	16	0.0	1068941	171	1.2	0	0	0	0
1634346064.15	1200	20	0.0	1069226	166	1.2	0	0	0	0
1634346064.43	1200	24	0.0	1157353	177	1.2	0	0	0	0
1634346064.73	1200	27.755441	0.0	1168829	180	1.2	0	0	0	0
1634346065.02	1200	31.433334	0.0	1093471	175	1.2	0	0	0	0
1634346065.28	1200	35.190772	0.0	1020028	156	1.2	0	0	0	0
1634346065.63	1200	38.828115	0.0	1051427	192	1.2	0	0	0	0
1634346065.96	1200	42.503437	0.0	1070992	172	1.2	0	0	0	0
1634346066.42	1200	46.059764	0.0	1063461	312	1.2	5.316	0	53	0
1634346066.79	1200	49.656537	0.0	1074096	251	1.2	5.316	0	53	0
1634346067.07	1200	53.374376	0.0	1080192	171	1.2	5.316	0	53	0
1634346067.39	1200	57.091052	0.0	1139934	189	1.2	5.316	0	53	0
1634346069.2	1200	59.473732	0.0	1145330	178	1.2	5.316	0	53	0
1634346073.05	1200	59.503721	0.0	1173744	175	1.2	9.317	1	173	29.74256435891027
1634346076.89	1200	59.81248	0.0	1061602	164	1.2	13.316	1	293	30.00750187546886
1634346080.73	1200	59.829017	0.0	1076224	162	1.2	17.317	1	413	29.99250187453137
1634346085.1	1200	59.564236	0.0	1068038	166	1.2	21.317	1	533	30
1634346088.99	1200	59.587922	0.0	1097493	164	1.2	25.317	1	653	30
1634346092.85	1200	59.613378	0.0	1072339	198	1.2	29.317	1	773	30
1634346096.69	1200	59.914017	0.0	1067889	187	1.2	33.318	1	893	29.992501874531385
1634346100.54	1200	59.933334	0.0	1067959	165	1.2	37.341	1	1014	30.07705692269448
1634346104.92	1200	59.657525	0.0	1077712	195	1.2	41.342	1	1134	29.992501874531385
1634346108.8	1200	59.677997	0.0	1138441	187	1.2	45.345	1	1254	29.977516862353234
1634346112.62	1200	59.981496	0.0	1027213	169	1.2	49.344	1	1374	30.00750187546885
1634346116.93	1200	59.714599	0.0	1019513	133	1.2	53.344	1	1494	30
1634346120.74	1200	59.748413	0.0	1030601	157	1.2	57.344	1	1614	30
1634346125.03	1200	59.488181	0.0	1059459	157	1.2	61.346	1	1734	29.98500749625191
1634346128.84	1200	59.797808	0.0	1058483	163	1.2	65.345	1	1854	30.00750187546885
1634346132.65	1200	59.833408	0.0	1026788	153	1.2	69.345	1	1974	30
1634346136.97	1200	59.589335	0.0	1034920	187	1.2	73.345	1	2094	30
1634346140.77	1200	59.906529	0.0	1024487	160	1.2	77.35	1	2214	29.962546816479435
1634346144.62	1200	59.928102	0.0	1088769	179	1.2	81.349	1	2334	30.007501875468797
1634346149.0	1200	59.681219	0.0	1213691	189	1.2	85.349	1	2454	30
1634346152.81	1200	59.721529	0.0	996535	169	1.2	89.349	1	2574	30
1634346157.15	1200	59.468441	0.0	1040309	185	1.2	93.351	1	2694	29.98500749625191
1634346161.01	1200	59.527528	0.0	1135519	161	1.2	97.35	1	2814	30.007501875468904
1634346164.88	1200	59.827879	0.0	1080635	180	1.2	101.351	1	2934	29.99250187453133
1634346168.7	1200	59.840241	0.0	1037366	164	1.2	105.351	1	3054	30
1634346173.07	1200	59.576187	0.0	1075257	161	1.2	109.351	1	3174	30
1634346176.92	1200	59.600301	0.0	1145173	154	1.2	113.352	1	3294	29.99250187453133
1634346180.74	1200	59.914961	0.0	1216507	184	1.2	117.352	1	3414	30
1634346184.67	1200	59.934249	0.0	1142437	195	1.2	121.352	1	3534	30
