1634342069.05	750	4	0.178	427465	87	-0.7604	0	0	0	0
1634342069.74	1850	8	0.0	3156042	459	0.75	0	0	0	0
1634342070.49	1850	12	0.0	3331786	526	1.85	0	0	0	0
1634342071.28	1850	15.283334	0.0	3470899	556	1.85	0	0	0	0
1634342072.07	1850	18.504879	0.0	3391540	542	1.85	0	0	0	0
1634342072.86	1850	21.733334	0.0	3653733	564	1.85	5.274	4	104	0
1634342073.63	1850	24.95	0.0	3500753	547	1.85	5.274	4	104	0
1634342074.5	1850	28.133334	0.0	3417687	582	1.85	5.274	4	104	0
1634342075.28	1850	31.283334	0.0	3185216	534	1.85	5.274	4	104	0
1634342076.04	1850	34.55	0.0	3286263	541	1.85	5.274	4	104	0
1634342076.75	1850	37.816709	0.0	3082343	492	1.85	9.274	25	344	54.750000000000014
1634342077.44	1850	41.116667	0.0	3170736	508	1.85	9.274	25	344	54.750000000000014
1634342078.21	1850	44.383334	0.0	3196938	511	1.85	9.274	25	344	54.750000000000014
1634342078.9	1850	47.65	0.0	3228009	482	1.85	9.274	25	344	54.750000000000014
1634342079.66	1850	50.9	0.0	3513138	557	1.85	9.274	25	344	54.750000000000014
1634342080.51	1850	54.1	0.0	3686191	609	1.85	13.274	35	584	57.5
1634342081.31	1850	57.266667	0.0	3630324	579	1.85	13.274	35	584	57.5
1634342083.07	1850	59.477163	0.0	3348330	558	1.85	13.274	35	584	57.5
1634342086.82	1850	59.788762	0.0	3272823	503	1.85	17.275	55	824	54.986253436640844
