1634345359.52	750	4	0.159	391964	43	-0.6787	0	0	0	0
1634345360.07	1850	8	0.0	2068530	361	0.75	0	0	0	0
1634345360.67	1850	12	0.0	2231919	350	1.85	0	0	0	0
1634345361.17	1850	15.953832	0.0	2071679	352	1.85	0	0	0	0
1634345361.66	1850	19.46984	0.0	2075075	335	1.85	0	0	0	0
1634345362.19	1850	22.946106	0.0	2324573	369	1.85	0	0	0	0
1634345362.74	1850	26.380361	0.0	2327434	357	1.85	0	0	0	0
1634345363.25	1850	29.895031	0.0	2160877	342	1.85	5.239	0	53	0
1634345363.75	1850	33.408277	0.0	2004753	342	1.85	5.239	0	53	0
1634345364.26	1850	36.883985	0.0	2057086	329	1.85	5.239	0	53	0
1634345364.75	1850	40.400435	0.0	2101929	332	1.85	5.239	0	53	0
1634345365.25	1850	43.933334	0.0	2052018	322	1.85	5.239	0	53	0
1634345365.78	1850	47.389724	0.0	2085705	314	1.85	5.239	0	53	0
1634345366.27	1850	50.862694	0.0	2112772	331	1.85	5.239	0	53	0
1634345366.79	1850	54.379508	0.0	2222688	343	1.85	5.239	0	53	0
1634345367.39	1850	57.77548	0.0	2169593	389	1.85	9.238	2	173	29.507376844211056
1634345369.49	1850	59.87173	0.0	2267471	363	1.85	9.238	2	173	29.507376844211056
1634345373.56	1850	59.601199	0.0	2094437	310	1.85	13.238	2	293	30
1634345377.61	1850	59.656722	0.0	2148255	338	1.85	17.239	2	413	29.992501874531357
1634345381.72	1850	59.721112	0.0	2132587	343	1.85	21.24	2	533	29.992501874531385
1634345385.78	1850	59.452189	0.0	2151407	355	1.85	25.239	2	653	30.00750187546885
1634345389.87	1850	59.463601	0.0	2063523	319	1.85	29.24	2	773	29.992501874531385
1634345393.39	1850	59.820868	0.0	2103042	340	1.85	33.24	2	893	29.999999999999975
1634345397.42	1850	59.843445	0.0	2103040	311	1.85	37.241	2	1013	29.992501874531385
1634345401.45	1850	59.860135	0.0	2114688	317	1.85	41.241	2	1133	30
1634345405.54	1850	59.640753	0.0	2240212	368	1.85	45.249	2	1254	30.189620758483013
1634345409.55	1850	59.679741	0.0	2002951	310	1.85	49.241	2	1373	29.809619238476973
1634345413.59	1850	59.72244	0.0	1961003	319	1.85	53.241	2	1494	30.25
1634345417.62	1850	59.774217	0.0	1969295	297	1.85	57.241	2	1614	30
1634345421.64	1850	59.526675	0.0	2042142	320	1.85	61.242	2	1734	29.992501874531385
1634345425.84	1850	59.445574	0.0	2087704	332	1.85	65.242	3	1854	29.749999999999947
1634345429.41	1850	59.805566	0.0	2022676	333	1.85	69.242	3	1974	30
1634345433.47	1850	59.827255	0.0	2027226	318	1.85	73.244	3	2094	29.98500749625191
1634345437.49	1850	59.894891	0.0	1993205	285	1.85	77.243	3	2214	30.007501875468904
1634345441.52	1850	59.630209	0.0	2185074	359	1.85	81.244	3	2334	29.99250187453133
1634345445.6	1850	59.652035	0.0	2416062	389	1.85	85.247	3	2454	29.977516862353234
1634345449.64	1850	59.686796	0.0	1975785	309	1.85	89.246	3	2574	30.007501875468904
1634345453.7	1850	59.434149	0.0	2017826	346	1.85	93.247	3	2694	29.99250187453133
1634345457.78	1850	59.450466	0.0	2236854	354	1.85	97.248	3	2814	29.99250187453133
1634345461.84	1850	59.471701	0.0	2165385	316	1.85	101.248	3	2934	30
1634345465.42	1850	59.779506	0.0	2021844	347	1.85	105.248	3	3054	30
1634345469.47	1850	59.810315	0.0	2100101	343	1.85	109.258	3	3174	29.92518703241902
1634345473.49	1850	59.852886	0.0	2192105	345	1.85	113.248	3	3294	30.075187969924745
1634345477.57	1850	59.607429	0.0	2446938	384	1.85	117.248	3	3414	30
1634345481.21	1850	59.92558	0.0	2298336	423	1.85	121.252	3	3534	29.97002997003004
