1634329581.07	750	4	0.165	427465	67	-0.7045	0	0	0	0
1634329581.57	1200	8	0.0	1719226	287	0.75	0	0	0	0
1634329582.02	1200	12	0.0	1824230	290	1.2	0	0	0	0
1634329582.51	1200	16	0.0	1882039	308	1.2	0	0	0	0
1634329582.95	1200	19.583334	0.0	1838337	293	1.2	0	0	0	0
1634329583.48	1200	23.083334	0.0	1953398	328	1.2	0	0	0	0
1634329583.95	1200	26.613985	0.0	1841430	297	1.2	0	0	0	0
1634329584.4	1200	30.133334	0.0	1838080	293	1.2	0	0	0	0
1634329584.91	1200	33.645504	0.0	1692604	263	1.2	5.406	3	122	0
1634329585.38	1200	37.160362	0.0	1727189	285	1.2	5.406	3	122	0
1634329585.82	1200	40.757242	0.0	1715705	282	1.2	5.406	3	122	0
1634329586.27	1200	44.272707	0.0	1729349	261	1.2	5.406	3	122	0
1634329586.69	1200	47.869665	0.0	1754261	266	1.2	5.406	3	122	0
1634329587.14	1200	51.424983	0.0	1778755	286	1.2	5.406	3	122	0
1634329587.68	1200	54.9	0.0	1915304	327	1.2	5.406	3	122	0
1634329588.15	1200	58.383334	0.0	1992580	313	1.2	5.406	3	122	0
1634329590.68	1200	59.857924	0.0	2012653	344	1.2	9.406	8	362	58.749999999999986
1634329594.67	1200	59.930324	0.0	1822103	313	1.2	13.406	8	602	60
1634329598.65	1200	59.956011	0.0	1832177	302	1.2	17.407	8	842	59.98500374906274
1634329603.23	1200	59.480692	0.0	1820480	323	1.2	21.407	9	1082	59.75
1634329607.2	1200	59.506732	0.0	1799178	290	1.2	25.407	9	1322	60
1634329611.21	1200	59.529686	0.0	1709916	302	1.2	29.408	10	1562	59.73506623344162
1634329615.21	1200	59.548137	0.0	1771595	305	1.2	33.408	10	1802	60
1634329618.77	1200	59.852852	0.0	1761173	304	1.2	37.408	13	2042	59.25
1634329622.72	1200	59.879746	0.0	1733302	290	1.2	41.408	13	2282	60
1634329626.82	1200	59.901557	0.0	1784941	407	1.2	45.409	13	2522	59.98500374906277
1634329630.78	1200	59.928972	0.0	1702509	265	1.2	49.409	13	2762	60
1634329634.73	1200	59.963504	0.0	1694307	272	1.2	53.409	13	3002	60
1634329639.19	1200	59.433334	0.0	1839362	285	1.2	57.41	13	3242	59.98500374906277
1634329643.16	1200	59.469515	0.0	1715553	298	1.2	61.41	13	3482	60
1634329647.1	1200	59.503342	0.0	1737144	275	1.2	65.41	13	3722	60
1634329651.13	1200	59.600254	0.0	1718570	289	1.2	69.41	14	3962	59.75
1634329654.67	1200	59.905551	0.0	1799075	306	1.2	73.411	14	4202	59.98500374906266
1634329658.7	1200	59.934236	0.0	1764247	293	1.2	77.411	16	4442	59.5
1634329662.7	1200	59.95	0.0	1792164	300	1.2	81.411	16	4682	60
1634329666.76	1200	59.973602	0.0	1923129	294	1.2	85.418	17	4923	59.895183428999175
1634329670.7	1200	59.996107	0.0	1619018	248	1.2	89.418	17	5163	60
1634329675.18	1200	59.490167	0.0	1766623	271	1.2	93.42	17	5403	59.97001499250382
1634329679.16	1200	59.52658	0.0	1805304	296	1.2	97.419	17	5643	60.01500375093781
1634329683.13	1200	59.596091	0.0	1754155	279	1.2	101.419	17	5883	60
1634329686.63	1200	59.913224	0.0	1739691	254	1.2	105.419	17	6123	60
1634329690.62	1200	59.937348	0.0	1734417	280	1.2	109.42	17	6363	59.98500374906266
1634329694.64	1200	59.963284	0.0	1932720	343	1.2	113.428	18	6603	59.63073852295416
1634329699.19	1200	59.437831	0.0	2017647	349	1.2	117.428	18	6843	60
1634329703.16	1200	59.46344	0.0	1827933	290	1.2	121.428	18	7083	60
