1634644923.3	750	4	0.79	3873109	614	-3.392	0	0	0	0
1634644924.01	2850	8	0.0	3278264	502	0.75	0	0	0	0
1634644924.96	2850	11.1	0.0	4479625	707	2.85	0	0	0	0
1634644925.69	2850	14.344054	0.0	3495272	541	2.85	0	0	0	0
1634644926.65	2850	17.466667	0.0	3525421	649	2.85	4.685	0	63	0
1634644927.66	2850	20.433334	0.0	4652033	714	2.85	4.685	0	63	0
1634644928.64	2850	23.433334	0.0	4298145	668	2.85	4.685	0	63	0
1634644929.6	2850	26.466667	0.0	4054420	640	2.85	4.685	0	63	0
1634644930.47	2850	29.58053	0.0	3887575	611	2.85	8.685	5	183	28.749999999999993
1634644931.4	2850	32.666667	0.0	4241421	654	2.85	8.685	5	183	28.749999999999993
1634644932.22	2850	35.840818	0.0	3616621	555	2.85	8.685	5	183	28.749999999999993
1634644933.08	2850	38.966667	0.0	3962980	608	2.85	8.685	5	183	28.749999999999993
1634644933.98	2850	42.066667	0.0	4314183	656	2.85	8.685	5	183	28.749999999999993
1634644934.93	2850	45.133334	0.0	4310059	674	2.85	12.685	6	303	29.75
1634644935.87	2850	48.2	0.0	4053167	659	2.85	12.685	6	303	29.75
1634644936.83	2850	51.266667	0.0	4086458	638	2.85	12.685	6	303	29.75
1634644937.83	2850	54.3	0.0	4236208	677	2.85	12.685	6	303	29.75
1634644938.9	2850	57.233334	0.0	4627495	745	2.85	16.688	14	423	27.979015738196363
1634644940.34	2850	59.909663	0.0	4132961	645	2.85	16.688	14	423	27.979015738196363
1634644944.37	2850	59.753159	0.0	4330790	700	2.85	20.687	20	543	28.50712678169541
1634644948.41	2850	59.759714	0.0	4120215	705	2.85	24.688	21	663	29.74256435891029
1634644952.36	2850	59.814326	0.0	4019609	645	2.85	28.688	22	783	29.75
1634644956.41	2850	59.828462	0.0	4247039	762	2.85	32.688	22	903	29.999999999999975
1634644960.39	2850	59.879311	0.0	4124058	695	2.85	36.689	22	1023	29.992501874531385
1634644964.32	2850	59.934345	0.0	3926768	644	2.85	40.688	22	1143	30.00750187546885
1634644968.81	2850	59.441958	0.0	3943735	630	2.85	44.689	23	1263	29.74256435891029
1634644972.77	2850	59.466667	0.0	3670575	660	2.85	48.689	23	1383	30
1634644976.72	2850	59.479673	0.0	3794223	575	2.85	52.69	24	1503	29.74256435891029
1634644980.34	2850	59.825636	0.0	4668334	746	2.85	56.689	25	1623	29.757439359839942
1634644984.37	2850	59.804553	0.0	4252092	686	2.85	60.689	26	1743	29.75
1634644988.39	2850	59.818734	0.0	4278890	681	2.85	64.69	27	1863	29.74256435891029
1634644992.26	2850	59.826443	0.0	3680627	585	2.85	68.691	27	1983	29.99250187453133
1634644996.24	2850	59.888938	0.0	4170657	663	2.85	72.692	27	2103	29.99250187453144
1634645000.18	2850	59.901576	0.0	3999127	642	2.85	76.696	27	2223	29.970029970029934
1634645004.32	2850	59.919235	0.0	4663093	724	2.85	80.696	34	2343	28.25
1634645008.41	2850	59.933334	0.0	4561873	686	2.85	84.696	35	2463	29.75
1634645012.15	2850	59.987143	0.0	3117100	506	2.85	88.696	35	2583	30
1634645016.5	2850	59.720789	0.0	3492326	543	2.85	92.697	35	2703	29.99250187453133
1634645020.5	2850	59.767259	0.0	4219470	658	2.85	96.697	35	2823	30
1634645024.44	2850	59.778227	0.0	4003993	665	2.85	100.698	35	2943	29.99250187453144
1634645028.36	2850	59.790407	0.0	3912267	598	2.85	104.697	35	3063	30.007501875468797
1634645032.63	2850	59.517606	0.0	3014116	505	2.85	108.698	35	3183	29.99250187453144
1634645036.41	2850	59.819761	0.0	3111089	533	2.85	112.698	35	3303	30
1634645040.53	2850	59.58925	0.0	4886444	736	2.85	116.699	37	3423	29.49262684328914
1634645044.51	2850	59.601227	0.0	4218237	700	2.85	120.707	37	3543	29.940119760479075
