1634348458.38	750	4	0.145	427465	58	-0.6185	0	0	0	0
1634348459.45	2850	7.65	0.0	4860073	795	0.75	0	0	0	0
1634348460.53	2850	10.583334	0.0	5306756	829	2.85	0	0	0	0
1634348461.63	2850	13.466667	0.0	5542685	868	2.85	0	0	0	0
1634348462.71	2850	16.4	0.0	5302108	836	2.85	4.582	16	173	0
1634348463.84	2850	19.283334	0.0	5631224	867	2.85	4.582	16	173	0
1634348465.03	2850	22.1	0.0	5641793	920	2.85	4.582	16	173	0
1634348466.18	2850	24.933334	0.0	5361170	886	2.85	8.581	54	413	50.512628157039266
1634348467.31	2850	27.816667	0.0	5091418	844	2.85	8.581	54	413	50.512628157039266
1634348468.45	2850	30.65	0.0	5227125	899	2.85	8.581	54	413	50.512628157039266
1634348469.56	2850	33.6	0.0	4841602	796	2.85	8.581	54	413	50.512628157039266
1634348470.64	2850	36.433334	0.0	4865486	820	2.85	12.587	95	653	49.67548676984523
1634348471.67	2850	39.45	0.0	4882046	757	2.85	12.587	95	653	49.67548676984523
1634348472.69	2850	42.4	0.0	5028620	779	2.85	12.587	95	653	49.67548676984523
1634348473.83	2850	45.283334	0.0	5503564	863	2.85	12.587	95	653	49.67548676984523
1634348475.02	2850	48.133334	0.0	5599662	864	2.85	16.587	121	893	53.5
1634348476.25	2850	50.866667	0.0	5795623	964	2.85	16.587	121	893	53.5
1634348477.4	2850	53.733334	0.0	5156941	877	2.85	16.587	121	893	53.5
1634348478.61	2850	56.483334	0.0	5325355	958	2.85	20.589	160	1133	50.2248875562219
1634348479.68	2850	59.416667	0.0	5072821	813	2.85	20.589	160	1133	50.2248875562219
1634348483.36	2850	59.75524	0.0	5221211	894	2.85	24.589	175	1373	56.25
1634348487.49	2850	59.779683	0.0	4991290	842	2.85	28.59	183	1613	57.98550362409396
1634348491.69	2850	59.526152	0.0	5164068	864	2.85	32.59	195	1853	56.99999999999995
1634348495.33	2850	59.841087	0.0	5005269	774	2.85	36.591	206	2093	57.235691077230726
1634348499.46	2850	59.631282	0.0	5068042	835	2.85	40.591	214	2333	58
1634348503.13	2850	59.966667	0.0	5237110	869	2.85	44.6	224	2574	57.62035420304315
1634348507.2	2850	59.990682	0.0	4821435	732	2.85	48.601	231	2814	58.23544113971511
1634348511.78	2850	59.458228	0.0	4701041	748	2.85	52.601	244	3054	56.75
1634348515.41	2850	59.769551	0.0	5120086	788	2.85	56.6	254	3294	57.514378594648626
1634348519.55	2850	59.505821	0.0	5250336	834	2.85	60.601	263	3534	57.735566108472916
1634348523.67	2850	59.528965	0.0	5232468	821	2.85	64.601	273	3774	57.5
1634348527.23	2850	59.873538	0.0	4935497	793	2.85	68.602	281	4014	57.98550362409391
1634348531.47	2850	59.611224	0.0	5346034	935	2.85	72.602	289	4254	58
1634348535.21	2850	59.962228	0.0	5134134	920	2.85	76.61	297	4495	58.1337325349302
1634348539.4	2850	59.743001	0.0	5368213	881	2.85	80.611	309	4735	56.98575356160953
1634348543.66	2850	59.516667	0.0	5612239	879	2.85	84.612	323	4975	56.48587853036754
1634348547.23	2850	59.905572	0.0	4811747	779	2.85	88.613	333	5215	57.48562859285172
1634348551.34	2850	59.933334	0.0	4933279	803	2.85	92.613	340	5455	58.25
1634348555.1	2850	59.993287	0.0	5486100	930	2.85	96.613	351	5695	57.25
1634348559.32	2850	59.737452	0.0	5218313	903	2.85	100.614	360	5935	57.73556610847281
1634348563.45	2850	59.755712	0.0	4977187	831	2.85	104.615	368	6175	57.985503624094115
1634348567.53	2850	59.78062	0.0	5061968	811	2.85	108.615	375	6415	58.25
1634348571.68	2850	59.522312	0.0	5225870	841	2.85	112.615	385	6655	57.5
1634348575.64	2850	59.547314	0.0	6017300	1140	2.85	116.615	399	6895	56.5
1634348579.6	2850	59.571071	0.0	5509165	1127	2.85	120.615	414	7135	56.25
