1634293899.6	750	4	0.217	427465	82	-0.9280999999999999	0	0	0	0
1634293899.77	300	8	0.0	474035	60	-0.15000000000000002	0	0	0	0
1634293899.93	300	12	0.0	448326	69	0.3	0	0	0	0
1634293900.1	300	16	0.0	480048	62	0.3	0	0	0	0
1634293900.29	300	20	0.0	488788	81	0.3	0	0	0	0
1634293900.47	300	24	0.0	487141	76	0.3	0	0	0	0
1634293900.67	300	28	0.0	483526	86	0.3	0	0	0	0
1634293900.84	300	32	0.0	460688	81	0.3	0	0	0	0
1634293901.13	300	35.953561	0.0	444206	119	0.3	0	0	0	0
1634293901.3	300	39.75214	0.0	461617	79	0.3	0	0	0	0
1634293901.51	300	43.550758	0.0	450479	76	0.3	0	0	0	0
1634293901.71	300	47.348854	0.0	473222	90	0.3	0	0	0	0
1634293901.95	300	51.107064	0.0	450253	121	0.3	0	0	0	0
1634293902.15	300	54.905121	0.0	458340	95	0.3	0	0	0	0
1634293902.38	300	58.662602	0.0	501721	118	0.3	0	0	0	0
1634293905.61	300	59.455695	0.0	502943	84	0.3	5.242	0	108	0
1634293909.34	300	59.762284	0.0	495208	93	0.3	9.241	0	348	60.01500375093774
1634293913.58	300	59.502308	0.0	476785	93	0.3	13.242	0	588	59.98500374906271
1634293917.33	300	59.81213	0.0	470301	106	0.3	17.241	0	828	60.01500375093775
1634293921.59	300	59.542509	0.0	478876	92	0.3	21.242	0	1068	59.98500374906271
1634293925.32	300	59.839906	0.0	478683	91	0.3	25.242	0	1308	60
1634293929.54	300	59.570378	0.0	433197	79	0.3	29.242	0	1548	60
1634293933.26	300	59.872921	0.0	463002	83	0.3	33.242	0	1788	60.00000000000006
1634293937.48	300	59.606915	0.0	477800	85	0.3	37.243	0	2028	59.98500374906266
1634293941.23	300	59.897588	0.0	456630	82	0.3	41.243	0	2268	60
1634293945.45	300	59.633334	0.0	459893	83	0.3	45.266	0	2510	60.15411384538907
1634293949.16	300	59.94135	0.0	426253	86	0.3	49.265	0	2750	60.0150037509377
1634293953.38	300	59.680598	0.0	431643	105	0.3	53.264	0	2990	60.0150037509377
1634293957.12	300	59.980275	0.0	467241	93	0.3	57.267	0	3230	59.95503372470647
1634293961.39	300	59.753447	0.0	442868	93	0.3	61.269	0	3470	59.97001499250382
1634293965.6	300	59.491126	0.0	437041	92	0.3	65.27	0	3710	59.98500374906277
1634293969.32	300	59.8	0.0	436753	78	0.3	69.27	0	3950	60
1634293973.6	300	59.544054	0.0	457086	106	0.3	73.27	0	4190	60
1634293977.37	300	59.846225	0.0	471069	90	0.3	77.27	0	4430	60
1634293981.23	300	59.876119	0.0	470476	157	0.3	81.27	0	4670	60
1634293985.45	300	59.621071	0.0	478853	101	0.3	85.274	0	4910	59.94005994005987
1634293989.18	300	59.911896	0.0	425308	84	0.3	89.275	0	5150	59.98500374906266
1634293993.42	300	59.654369	0.0	436762	79	0.3	93.276	0	5390	59.98500374906288
1634293997.12	300	59.964919	0.0	447413	87	0.3	97.275	0	5630	60.015003750937595
1634294001.38	300	59.710633	0.0	442185	111	0.3	101.276	0	5870	59.98500374906288
1634294005.59	300	59.734817	0.0	447309	61	0.3	105.277	0	6110	59.98500374906266
1634294009.34	300	59.753412	0.0	475738	91	0.3	109.276	0	6350	60.01500375093781
1634294013.61	300	59.517345	0.0	506145	100	0.3	113.276	0	6590	60
1634294017.32	300	59.863118	0.0	493441	84	0.3	117.277	0	6830	59.98500374906266
1634294021.52	300	59.611019	0.0	480118	87	0.3	121.289	0	7071	60.06979062811565
