1634324642.84	750	4	0.163	427465	77	-0.6959	0	0	0	0
1634324643.04	300	8	0.0	474035	87	-0.15000000000000002	0	0	0	0
1634324643.22	300	12	0.0	448326	71	0.3	0	0	0	0
1634324643.42	300	16	0.0	480048	87	0.3	0	0	0	0
1634324643.6	300	20	0.0	488788	67	0.3	0	0	0	0
1634324643.78	300	24	0.0	487141	74	0.3	0	0	0	0
1634324643.94	300	28	0.0	483526	74	0.3	0	0	0	0
1634324644.12	300	32	0.0	460688	78	0.3	0	0	0	0
1634324644.31	300	35.995299	0.0	444206	91	0.3	0	0	0	0
1634324644.47	300	39.833756	0.0	461617	68	0.3	0	0	0	0
1634324644.65	300	43.63191	0.0	450479	80	0.3	0	0	0	0
1634324644.82	300	47.470607	0.0	473222	76	0.3	0	0	0	0
1634324645.0	300	51.3094	0.0	450253	67	0.3	0	0	0	0
1634324645.2	300	55.105597	0.0	458340	82	0.3	0	0	0	0
1634324645.39	300	58.904185	0.0	501721	81	0.3	0	0	0	0
1634324648.62	300	59.736996	0.0	502943	79	0.3	5.209	0	115	0
1634324652.91	300	59.519025	0.0	495208	88	0.3	9.208	0	355	60.01500375093772
1634324656.63	300	59.815808	0.0	476785	74	0.3	13.209	0	595	59.98500374906274
1634324660.88	300	59.545399	0.0	470301	82	0.3	17.21	0	835	59.98500374906271
1634324664.6	300	59.854673	0.0	478876	73	0.3	21.211	0	1075	59.98500374906277
1634324668.84	300	59.628528	0.0	478683	58	0.3	25.211	0	1315	60
1634324672.61	300	59.940461	0.0	433197	44	0.3	29.211	0	1555	60
1634324676.85	300	59.6733	0.0	463002	69	0.3	33.212	0	1795	59.98500374906266
1634324680.55	300	59.983334	0.0	477800	77	0.3	37.211	0	2035	60.01500375093781
1634324684.77	300	59.709337	0.0	456630	80	0.3	41.211	0	2275	60
1634324689.04	300	59.447365	0.0	459893	68	0.3	45.213	0	2515	59.970014992503714
1634324692.79	300	59.751162	0.0	426253	76	0.3	49.213	0	2755	60
1634324697.01	300	59.47615	0.0	431643	71	0.3	53.213	0	2995	60
1634324700.75	300	59.78427	0.0	467241	82	0.3	57.213	0	3235	60
1634324704.47	300	59.817181	0.0	442868	92	0.3	61.213	0	3475	60
1634324708.76	300	59.8286	0.0	437041	89	0.3	65.214	0	3715	59.98500374906277
1634324712.48	300	59.854688	0.0	436753	80	0.3	69.214	0	3955	60
1634324716.7	300	59.856974	0.0	457086	71	0.3	73.214	0	4195	60
1634324720.91	300	59.589415	0.0	471069	79	0.3	77.215	0	4435	59.98500374906266
1634324724.64	300	59.894415	0.0	470476	61	0.3	81.215	0	4675	60
1634324728.86	300	59.62623	0.0	478853	81	0.3	85.215	0	4915	60
1634324732.67	300	59.930797	0.0	425308	76	0.3	89.216	0	5155	59.98500374906288
1634324736.39	300	59.953115	0.0	436762	72	0.3	93.215	0	5395	60.015003750937595
1634324740.63	300	59.688243	0.0	447413	85	0.3	97.216	0	5635	59.98500374906288
1634324744.35	300	59.997352	0.0	442185	70	0.3	101.216	0	5875	60
1634324748.55	300	59.735569	0.0	447309	74	0.3	105.216	0	6115	60
1634324752.79	300	59.760628	0.0	475738	83	0.3	109.217	0	6355	59.98500374906266
1634324756.98	300	59.492875	0.0	506145	72	0.3	113.217	0	6595	60
1634324760.73	300	59.804149	0.0	493441	99	0.3	117.221	0	6835	59.94005994005987
1634324764.95	300	59.529657	0.0	480118	92	0.3	121.231	0	7076	60.09975062344153
