1634358132.7	750	4	0.153	391964	78	-0.6528999999999999	0	0	0	0
1634358133.23	1850	8	0.0	2068530	355	0.75	0	0	0	0
1634358133.78	1850	12	0.0	2231919	363	1.85	0	0	0	0
1634358134.28	1850	15.94941	0.0	2071679	340	1.85	0	0	0	0
1634358134.84	1850	19.385069	0.0	2075075	366	1.85	0	0	0	0
1634358135.38	1850	22.86113	0.0	2324573	368	1.85	0	0	0	0
1634358135.92	1850	26.336756	0.0	2327434	350	1.85	0	0	0	0
1634358136.44	1850	29.810834	0.0	2160877	377	1.85	5.179	0	56	0
1634358136.99	1850	33.287617	0.0	2004753	374	1.85	5.179	0	56	0
1634358137.59	1850	36.64207	0.0	2057086	431	1.85	5.179	0	56	0
1634358138.17	1850	40.075971	0.0	2101929	426	1.85	5.179	0	56	0
1634358138.63	1850	43.591534	0.0	2052018	323	1.85	5.179	0	56	0
1634358139.12	1850	47.108265	0.0	2085705	338	1.85	5.179	0	56	0
1634358139.62	1850	50.624675	0.0	2112772	341	1.85	5.179	0	56	0
1634358140.19	1850	54.06046	0.0	2222688	379	1.85	9.18	1	176	29.742564358910276
1634358140.69	1850	57.536197	0.0	2169593	346	1.85	9.18	1	176	29.742564358910276
1634358142.77	1850	59.505105	0.0	2267471	370	1.85	9.18	1	176	29.742564358910276
1634358146.77	1850	59.571318	0.0	2094437	311	1.85	13.18	1	296	30
1634358150.8	1850	59.619057	0.0	2148255	346	1.85	17.18	1	416	30
1634358154.36	1850	59.926987	0.0	2132587	341	1.85	21.18	1	536	30
1634358158.37	1850	59.957593	0.0	2151407	334	1.85	25.182	1	656	29.98500749625188
1634358162.48	1850	59.946966	0.0	2063523	327	1.85	29.183	1	776	29.992501874531357
1634358167.82	1850	59.654926	0.0	2103042	362	1.85	33.184	2	896	29.74256435891029
1634358170.68	1850	59.71983	0.0	2103040	303	1.85	37.195	2	1016	29.917726252804766
1634358174.92	1850	59.761713	0.0	2114688	336	1.85	41.197	2	1136	29.985007496251857
1634358178.65	1850	59.712154	0.0	2240212	332	1.85	45.211	2	1257	30.14449427005484
