1634350839.82	750	4	0.171	427465	72	-0.7303	0	0	0	0
1634350840.17	300	8	0.0	474035	92	-0.15000000000000002	0	0	0	0
1634350840.35	300	12	0.0	448326	88	0.3	0	0	0	0
1634350840.54	300	16	0.0	480048	83	0.3	0	0	0	0
1634350840.77	300	20	0.0	488788	96	0.3	0	0	0	0
1634350840.95	300	24	0.0	487141	61	0.3	0	0	0	0
1634350841.13	300	28	0.0	483526	60	0.3	0	0	0	0
1634350841.3	300	32	0.0	460688	65	0.3	0	0	0	0
1634350841.46	300	36	0.0	444206	75	0.3	0	0	0	0
1634350841.63	300	40	0.0	461617	70	0.3	0	0	0	0
1634350841.82	300	44	0.0	450479	79	0.3	0	0	0	0
1634350841.99	300	48	0.0	473222	67	0.3	0	0	0	0
1634350842.18	300	52	0.0	450253	73	0.3	0	0	0	0
1634350842.41	300	55.952796	0.0	458340	92	0.3	0	0	0	0
1634350842.62	300	59.750899	0.0	501721	91	0.3	0	0	0	0
1634350846.84	300	59.707714	0.0	502943	83	0.3	5.202	0	47	0
1634350850.64	300	59.771648	0.0	495208	84	0.3	9.201	0	287	60.01500375093772
1634350854.9	300	59.473299	0.0	476785	82	0.3	13.202	0	527	59.98500374906274
1634350858.65	300	59.775831	0.0	470301	85	0.3	17.202	0	767	59.99999999999997
1634350862.88	300	59.555787	0.0	478876	75	0.3	21.201	0	1007	60.01500375093775
1634350866.64	300	59.856386	0.0	478683	76	0.3	25.201	0	1247	60
1634350870.84	300	59.58688	0.0	433197	67	0.3	29.203	0	1487	59.97001499250376
1634350874.61	300	59.898821	0.0	463002	79	0.3	33.203	0	1727	59.99999999999995
1634350878.85	300	59.675261	0.0	477800	75	0.3	37.204	0	1967	59.98500374906277
1634350882.58	300	59.975632	0.0	456630	72	0.3	41.203	0	2207	60.0150037509377
1634350886.81	300	59.71032	0.0	459893	53	0.3	45.204	0	2447	59.98500374906277
1634350891.04	300	59.447608	0.0	426253	69	0.3	49.204	0	2687	60
1634350894.78	300	59.754027	0.0	431643	77	0.3	53.205	0	2927	59.98500374906277
1634350899.01	300	59.522213	0.0	467241	70	0.3	57.206	0	3167	59.98500374906266
1634350902.7	300	59.821652	0.0	442868	74	0.3	61.206	0	3407	60
1634350906.93	300	59.575601	0.0	437041	77	0.3	65.206	0	3647	60
1634350910.67	300	59.877983	0.0	436753	78	0.3	69.206	0	3887	60
1634350914.46	300	59.897555	0.0	457086	75	0.3	73.206	0	4127	60
1634350918.69	300	59.92273	0.0	471069	82	0.3	77.206	0	4367	60
1634350922.5	300	59.95	0.0	470476	110	0.3	81.207	0	4607	59.98500374906288
1634350926.74	300	59.686775	0.0	478853	96	0.3	85.207	0	4847	60
1634350930.96	300	59.453903	0.0	425308	81	0.3	89.207	0	5087	60
1634350934.71	300	59.760935	0.0	436762	118	0.3	93.208	0	5327	59.98500374906266
1634350938.99	300	59.485617	0.0	447413	94	0.3	97.208	0	5567	60
1634350942.79	300	59.780101	0.0	442185	106	0.3	101.21	0	5808	60.21989005497258
1634350946.55	300	59.800743	0.0	447309	111	0.3	105.21	0	6048	60
1634350950.78	300	59.580205	0.0	475738	89	0.3	109.211	0	6288	59.98500374906266
1634350954.55	300	59.873421	0.0	506145	92	0.3	113.211	0	6528	60
1634350958.81	300	59.614809	0.0	493441	111	0.3	117.211	0	6768	60
1634350962.54	300	59.930354	0.0	480118	110	0.3	121.211	0	7008	60
