1634339431.75	750	4	0.218	391964	105	-0.9324	0	0	0	0
1634339432.13	1200	8	0.0	1027639	158	0.75	0	0	0	0
1634339432.43	1200	12	0.0	1094547	175	1.2	0	0	0	0
1634339432.75	1200	16	0.0	1068941	174	1.2	0	0	0	0
1634339433.03	1200	20	0.0	1069226	172	1.2	0	0	0	0
1634339433.32	1200	24	0.0	1157353	180	1.2	0	0	0	0
1634339433.64	1200	27.917551	0.0	1168829	198	1.2	0	0	0	0
1634339434.0	1200	31.555461	0.0	1093471	229	1.2	0	0	0	0
1634339434.29	1200	35.273383	0.0	1020028	170	1.2	0	0	0	0
1634339434.57	1200	38.990048	0.0	1051427	169	1.2	0	0	0	0
1634339434.87	1200	42.707217	0.0	1070992	171	1.2	6.03	0	34	0
1634339435.14	1200	46.424162	0.0	1063461	169	1.2	6.03	0	34	0
1634339435.43	1200	50.141929	0.0	1074096	175	1.2	6.03	0	34	0
1634339435.77	1200	53.778318	0.0	1080192	199	1.2	6.03	0	34	0
1634339436.09	1200	57.456439	0.0	1139934	199	1.2	6.03	0	34	0
1634339437.94	1200	59.714999	0.0	1145330	187	1.2	6.03	0	34	0
1634339442.3	1200	59.454868	0.0	1173744	211	1.2	10.031	0	154	29.992501874531364
1634339446.14	1200	59.47974	0.0	1061602	184	1.2	14.03	0	274	30.007501875468876
1634339450.0	1200	59.786042	0.0	1076224	174	1.2	18.031	0	394	29.99250187453137
1634339453.85	1200	59.801891	0.0	1068038	165	1.2	22.031	0	514	30
1634339458.2	1200	59.565104	0.0	1097493	183	1.2	26.031	0	634	30
1634339462.06	1200	59.583034	0.0	1072339	179	1.2	30.032	0	754	29.992501874531357
1634339465.9	1200	59.884225	0.0	1067889	193	1.2	34.032	0	874	30.00000000000003
1634339469.77	1200	59.926871	0.0	1067959	211	1.2	38.033	0	994	29.99250187453133
1634339474.14	1200	59.653399	0.0	1077712	161	1.2	42.032	0	1114	30.007501875468904
1634339478.02	1200	59.711467	0.0	1138441	190	1.2	46.033	0	1234	29.99250187453133
1634339481.84	1200	59.72662	0.0	1027213	166	1.2	50.037	0	1354	29.970029970029987
1634339486.16	1200	59.441908	0.0	1019513	170	1.2	54.06	0	1475	30.07705692269448
1634339490.01	1200	59.748674	0.0	1030601	208	1.2	58.061	0	1595	29.992501874531385
1634339493.86	1200	59.77839	0.0	1059459	195	1.2	62.061	0	1715	30
1634339498.2	1200	59.555884	0.0	1058483	176	1.2	66.061	0	1835	29.999999999999947
1634339502.04	1200	59.571803	0.0	1026788	187	1.2	70.062	0	1955	29.99250187453144
1634339505.89	1200	59.868034	0.0	1034920	197	1.2	74.062	0	2075	30
1634339509.69	1200	59.895692	0.0	1024487	162	1.2	78.062	0	2195	30
1634339514.07	1200	59.628547	0.0	1088769	204	1.2	82.062	0	2315	30
1634339517.98	1200	59.68925	0.0	1213691	216	1.2	86.063	0	2435	29.99250187453133
1634339521.83	1200	59.992218	0.0	996535	179	1.2	90.063	0	2555	30
1634339526.21	1200	59.464317	0.0	1040309	239	1.2	94.064	0	2675	29.99250187453144
1634339530.09	1200	59.488868	0.0	1135519	183	1.2	98.064	0	2795	30
1634339533.94	1200	59.796483	0.0	1080635	204	1.2	102.065	0	2915	29.99250187453133
1634339537.8	1200	59.823287	0.0	1037366	201	1.2	106.065	0	3035	30
1634339542.13	1200	59.593079	0.0	1075257	185	1.2	110.065	0	3155	30
1634339546.0	1200	59.621248	0.0	1145173	195	1.2	114.065	0	3275	30
1634339549.86	1200	59.928745	0.0	1216507	225	1.2	118.066	0	3395	29.99250187453133
1634339553.72	1200	59.949676	0.0	1142437	205	1.2	122.07	0	3515	29.97002997003004
