1634322240.9	750	4	0.162	427465	76	-0.6916	0	0	0	0
1634322241.99	2850	7.533334	0.0	4860073	801	0.75	0	0	0	0
1634322243.14	2850	10.383334	0.0	5306756	889	2.85	0	0	0	0
1634322244.34	2850	13.183334	0.0	5542685	936	2.85	0	0	0	0
1634322245.8	2850	15.716667	0.0	5302108	1161	2.85	4.614	19	180	0
1634322247.19	2850	18.366667	0.0	5631224	1078	2.85	4.614	19	180	0
1634322248.45	2850	21.066667	0.0	5641793	994	2.85	8.614	52	415	50.499999999999986
1634322249.74	2850	23.866667	0.0	5361170	945	2.85	8.614	52	415	50.499999999999986
1634322251.05	2850	26.5	0.0	5091418	948	2.85	8.614	52	415	50.499999999999986
1634322252.52	2850	29.033334	0.0	5227125	1170	2.85	12.615	92	657	50.487378155461144
1634322253.78	2850	31.716667	0.0	4841602	1012	2.85	12.615	92	657	50.487378155461144
1634322254.97	2850	34.55	0.0	4865486	926	2.85	12.615	92	657	50.487378155461144
1634322256.12	2850	37.383334	0.0	4882046	888	2.85	12.615	92	657	50.487378155461144
1634322257.47	2850	40.05	0.0	5028620	1065	2.85	16.618	128	900	51.71121658755935
1634322258.87	2850	42.666667	0.0	5503564	1034	2.85	16.618	128	900	51.71121658755935
1634322260.39	2850	45.116667	0.0	5599662	1249	2.85	16.618	128	900	51.71121658755935
1634322261.79	2850	47.733334	0.0	5795623	1145	2.85	20.655	158	1141	52.26653455536286
1634322263.02	2850	50.483334	0.0	5156941	966	2.85	20.655	158	1141	52.26653455536286
1634322264.44	2850	53.083334	0.0	5325355	1161	2.85	20.655	158	1141	52.26653455536286
1634322265.74	2850	55.783334	0.0	5072821	966	2.85	24.77	184	1388	53.70595382746053
1634322266.98	2850	58.533334	0.0	5221211	980	2.85	24.77	184	1388	53.70595382746053
1634322269.54	2850	59.958014	0.0	4991290	776	2.85	28.771	208	1629	54.23644088977754
1634322273.76	2850	59.69519	0.0	5164068	831	2.85	32.77	222	1869	56.514128532133
1634322277.89	2850	59.683683	0.0	5005269	849	2.85	36.77	231	2109	57.75
1634322282.01	2850	59.463244	0.0	5068042	796	2.85	40.771	237	2349	58.4853786553362
1634322286.2	2850	59.430814	0.0	5237110	863	2.85	44.772	254	2589	55.736065983504155
1634322289.82	2850	59.741976	0.0	4821435	816	2.85	48.772	264	2829	57.5
1634322293.9	2850	59.574275	0.0	4701041	772	2.85	52.772	273	3069	57.75
1634322298.06	2850	59.525558	0.0	5120086	861	2.85	56.772	283	3309	57.5
1634322301.82	2850	59.834178	0.0	5250336	951	2.85	60.772	293	3549	57.5
1634322306.03	2850	59.533952	0.0	5232468	937	2.85	64.773	301	3789	57.98550362409401
1634322309.67	2850	59.846338	0.0	4935497	865	2.85	68.773	310	4029	57.75
1634322313.89	2850	59.593114	0.0	5346034	895	2.85	72.773	317	4269	58.25
1634322318.07	2850	59.612854	0.0	5134134	838	2.85	76.773	325	4509	58
1634322321.87	2850	59.638843	0.0	5368213	918	2.85	80.777	337	4749	56.943056943056874
1634322325.67	2850	59.95	0.0	5612239	960	2.85	84.778	351	4989	56.48587853036734
1634322329.77	2850	59.695604	0.0	4811747	792	2.85	88.778	360	5229	57.75
1634322333.89	2850	59.721312	0.0	4933279	827	2.85	92.779	371	5469	57.235691077230825
1634322337.63	2850	59.99032	0.0	5486100	914	2.85	96.78	382	5709	57.235691077230626
1634322341.87	2850	59.731368	0.0	5218313	911	2.85	100.781	395	5950	56.98575356160953
1634322346.05	2850	59.478403	0.0	4977187	854	2.85	104.78	404	6190	57.76444111027764
1634322349.7	2850	59.784308	0.0	5061968	877	2.85	108.781	413	6430	57.73556610847281
1634322353.94	2850	59.712633	0.0	5225870	860	2.85	112.78	429	6670	56.01400350087528
1634322357.71	2850	59.953167	0.0	6017300	956	2.85	116.781	442	6910	56.735816045988436
1634322361.98	2850	59.628069	0.0	5509165	910	2.85	120.781	456	7150	56.5
