1634336181.21	750	4	0.171	427465	91	-0.7303	0	0	0	0
1634336181.7	1200	8	0.0	1719226	292	0.75	0	0	0	0
1634336182.13	1200	12	0.0	1824230	298	1.2	0	0	0	0
1634336182.67	1200	16	0.0	1882039	369	1.2	0	0	0	0
1634336183.2	1200	19.672018	0.0	1838337	382	1.2	0	0	0	0
1634336183.66	1200	23.187186	0.0	1953398	312	1.2	0	0	0	0
1634336184.14	1200	26.74379	0.0	1841430	332	1.2	0	0	0	0
1634336184.61	1200	30.260035	0.0	1838080	305	1.2	5.191	0	105	0
1634336185.03	1200	33.855908	0.0	1692604	76	1.2	5.191	0	105	0
1634336185.46	1200	37.409613	0.0	1727189	256	1.2	5.191	0	105	0
1634336185.9	1200	41.005997	0.0	1715705	279	1.2	5.191	0	105	0
1634336186.36	1200	44.522516	0.0	1729349	275	1.2	5.191	0	105	0
1634336186.8	1200	48.079199	0.0	1754261	274	1.2	5.191	0	105	0
1634336187.25	1200	51.634122	0.0	1778755	288	1.2	5.191	0	105	0
1634336187.71	1200	55.15	0.0	1915304	307	1.2	5.191	0	105	0
1634336188.18	1200	58.706608	0.0	1992580	316	1.2	5.191	0	105	0
1634336191.19	1200	59.7975	0.0	2012653	324	1.2	9.191	3	345	59.249999999999986
1634336195.21	1200	59.822803	0.0	1822103	274	1.2	13.191	3	585	60
1634336199.25	1200	59.846115	0.0	1832177	287	1.2	17.191	4	825	59.75000000000003
1634336203.25	1200	59.629296	0.0	1820480	288	1.2	21.192	4	1065	59.98500374906271
1634336207.29	1200	59.650633	0.0	1799178	318	1.2	25.192	6	1305	59.5
1634336211.27	1200	59.681609	0.0	1709916	273	1.2	29.21	6	1546	59.980089596814324
1634336215.27	1200	59.712566	0.0	1771595	280	1.2	33.21	7	1787	60
1634336219.23	1200	59.734737	0.0	1761173	281	1.2	37.21	8	2027	59.75
1634336223.23	1200	59.763952	0.0	1733302	282	1.2	41.21	9	2267	59.75
1634336227.22	1200	59.797297	0.0	1784941	286	1.2	45.211	9	2507	59.98500374906277
1634336231.2	1200	59.824282	0.0	1702509	281	1.2	49.212	10	2747	59.73506623344157
1634336235.16	1200	59.8598	0.0	1694307	231	1.2	53.211	10	2987	60.01500375093781
1634336239.21	1200	59.92102	0.0	1839362	294	1.2	57.212	12	3227	59.48512871782047
1634336243.2	1200	59.668561	0.0	1715553	290	1.2	61.249	12	3469	59.94550408719348
1634336247.15	1200	59.700769	0.0	1737144	271	1.2	65.25	12	3709	59.98500374906277
1634336251.15	1200	59.731765	0.0	1718570	275	1.2	69.25	12	3949	60
1634336255.17	1200	59.804659	0.0	1799075	315	1.2	73.25	12	4189	60
1634336259.14	1200	59.838126	0.0	1764247	261	1.2	77.25	12	4429	60
1634336263.13	1200	59.901151	0.0	1792164	290	1.2	81.251	12	4669	59.98500374906266
1634336267.18	1200	59.929053	0.0	1923129	295	1.2	85.251	12	4909	60
1634336271.14	1200	59.954354	0.0	1619018	255	1.2	89.252	12	5149	59.98500374906288
1634336275.12	1200	59.983512	0.0	1766623	293	1.2	93.252	12	5389	60
1634336279.6	1200	59.449198	0.0	1805304	296	1.2	97.252	12	5629	60
1634336283.14	1200	59.755977	0.0	1754155	280	1.2	101.253	14	5869	59.48512871782047
1634336287.15	1200	59.783334	0.0	1739691	298	1.2	105.253	14	6109	60
1634336291.17	1200	59.817963	0.0	1734417	296	1.2	109.253	14	6349	60
1634336295.2	1200	59.852898	0.0	1932720	355	1.2	113.253	15	6589	59.75
1634336299.27	1200	59.884685	0.0	2017647	315	1.2	117.253	17	6829	59.5
1634336303.41	1200	59.621729	0.0	1827933	355	1.2	121.254	20	7069	59.23519120219938
