1634292723.88	750	4	0.161	427465	81	-0.6872999999999999	0	0	0	0
1634292724.34	1200	8	0.0	1719226	281	0.75	0	0	0	0
1634292724.77	1200	11.838068	0.0	1824230	296	1.2	0	0	0	0
1634292725.25	1200	15.351926	0.0	1882039	316	1.2	0	0	0	0
1634292725.72	1200	18.883334	0.0	1838337	294	1.2	0	0	0	0
1634292726.22	1200	22.4	0.0	1953398	303	1.2	0	0	0	0
1634292726.69	1200	25.9	0.0	1841430	310	1.2	0	0	0	0
1634292727.16	1200	29.452848	0.0	1838080	304	1.2	0	0	0	0
1634292727.58	1200	33.00742	0.0	1692604	277	1.2	4.643	5	163	0
1634292728.06	1200	36.566667	0.0	1727189	279	1.2	4.643	5	163	0
1634292728.51	1200	40.079601	0.0	1715705	290	1.2	4.643	5	163	0
1634292728.94	1200	43.676337	0.0	1729349	279	1.2	4.643	5	163	0
1634292729.39	1200	47.216667	0.0	1754261	274	1.2	4.643	5	163	0
1634292729.86	1200	50.75	0.0	1778755	294	1.2	4.643	5	163	0
1634292730.33	1200	54.266667	0.0	1915304	300	1.2	4.643	5	163	0
1634292730.82	1200	57.783334	0.0	1992580	310	1.2	4.643	5	163	0
1634292732.82	1200	59.794409	0.0	2012653	322	1.2	8.645	12	403	58.22088955522239
1634292736.83	1200	59.820645	0.0	1822103	321	1.2	12.645	13	643	59.75
1634292740.84	1200	59.843177	0.0	1832177	349	1.2	16.645	13	883	60
1634292744.82	1200	59.866667	0.0	1820480	287	1.2	20.646	13	1123	59.98500374906271
1634292748.84	1200	59.9	0.0	1799178	319	1.2	24.646	13	1363	60
1634292752.87	1200	59.914394	0.0	1709916	282	1.2	28.647	13	1603	59.98500374906277
1634292756.9	1200	59.938444	0.0	1771595	312	1.2	32.647	14	1843	59.75
1634292760.85	1200	59.996489	0.0	1761173	288	1.2	36.647	14	2083	60
1634292765.36	1200	59.451958	0.0	1733302	290	1.2	40.648	16	2323	59.48512871782047
1634292769.31	1200	59.477298	0.0	1784941	283	1.2	44.648	16	2563	60
1634292773.29	1200	59.50694	0.0	1702509	267	1.2	48.649	17	2803	59.73506623344167
1634292776.84	1200	59.821861	0.0	1694307	328	1.2	52.648	17	3043	60.0150037509377
1634292780.87	1200	59.837732	0.0	1839362	301	1.2	56.649	19	3283	59.48512871782058
1634292784.85	1200	59.855952	0.0	1715553	275	1.2	60.648	19	3523	60.0150037509377
1634292788.87	1200	59.885748	0.0	1737144	287	1.2	64.649	21	3763	59.48512871782058
1634292792.87	1200	59.89175	0.0	1718570	295	1.2	68.65	22	4003	59.73506623344157
1634292796.87	1200	59.92113	0.0	1799075	308	1.2	72.65	22	4243	60
1634292800.88	1200	59.935129	0.0	1764247	317	1.2	76.65	22	4483	60
1634292804.87	1200	59.960308	0.0	1792164	263	1.2	80.65	22	4723	60
1634292808.89	1200	59.7	0.0	1923129	309	1.2	84.651	22	4963	59.98500374906288
1634292813.35	1200	59.437958	0.0	1619018	267	1.2	88.651	22	5203	60
1634292816.85	1200	59.78361	0.0	1766623	279	1.2	92.651	22	5443	60
1634292820.87	1200	59.80853	0.0	1805304	337	1.2	96.652	24	5683	59.48512871782047
1634292824.86	1200	59.819649	0.0	1754155	300	1.2	100.652	24	5923	60
1634292828.83	1200	59.872445	0.0	1739691	308	1.2	104.652	24	6163	60
1634292832.82	1200	59.893565	0.0	1734417	280	1.2	108.652	24	6403	60
1634292836.85	1200	59.906842	0.0	1932720	332	1.2	112.652	25	6643	59.75
1634292840.93	1200	59.926686	0.0	2017647	365	1.2	116.652	25	6883	60
1634292844.91	1200	59.950865	0.0	1827933	289	1.2	120.653	25	7124	60.234941264683755
