1634358298.83	750	4	0.171	391964	80	-0.7303	0	0	0	0
1634358299.35	1850	8	0.0	2068530	342	0.75	0	0	0	0
1634358299.84	1850	12	0.0	2231919	359	1.85	0	0	0	0
1634358300.34	1850	16	0.0	2071679	327	1.85	0	0	0	0
1634358300.85	1850	19.512084	0.0	2075075	330	1.85	0	0	0	0
1634358301.38	1850	22.988847	0.0	2324573	352	1.85	0	0	0	0
1634358301.91	1850	26.463075	0.0	2327434	356	1.85	0	0	0	0
1634358302.41	1850	29.939063	0.0	2160877	341	1.85	5.33	0	52	0
1634358302.96	1850	33.454895	0.0	2004753	318	1.85	5.33	0	52	0
1634358303.48	1850	36.887744	0.0	2057086	333	1.85	5.33	0	52	0
1634358303.96	1850	40.403193	0.0	2101929	319	1.85	5.33	0	52	0
1634358304.46	1850	44	0.0	2052018	322	1.85	5.33	0	52	0
1634358304.94	1850	47.434744	0.0	2085705	332	1.85	5.33	0	52	0
1634358305.44	1850	50.909513	0.0	2112772	338	1.85	5.33	0	52	0
1634358306.0	1850	54.382716	0.0	2222688	349	1.85	5.33	0	52	0
1634358306.58	1850	57.776348	0.0	2169593	328	1.85	9.346	5	173	28.884462151394423
1634358308.65	1850	59.825767	0.0	2267471	331	1.85	9.346	5	173	28.884462151394423
1634358312.74	1850	59.849373	0.0	2094437	364	1.85	13.346	5	293	30
1634358316.8	1850	59.622396	0.0	2148255	376	1.85	17.346	5	413	30
1634358320.47	1850	59.924432	0.0	2132587	355	1.85	21.346	5	533	30
1634358324.51	1850	59.957849	0.0	2151407	345	1.85	25.349	5	653	29.977516862353234
1634358328.57	1850	59.997038	0.0	2063523	305	1.85	29.349	5	773	30
1634358332.61	1850	59.795571	0.0	2103042	331	1.85	33.349	5	893	30.00000000000003
1634358336.63	1850	59.834904	0.0	2103040	350	1.85	37.349	5	1013	30
1634358340.7	1850	59.862864	0.0	2114688	332	1.85	41.349	5	1133	30
1634358344.52	1850	59.881744	0.0	2240212	623	1.85	45.364	5	1253	29.887920298879198
1634358348.53	1850	59.924432	0.0	2002951	325	1.85	49.35	5	1373	30.105368790767656
1634358352.48	1850	59.960114	0.0	1961003	305	1.85	53.351	5	1493	29.992501874531385
1634358356.5	1850	59.986204	0.0	1969295	321	1.85	57.356	5	1613	29.96254681647938
1634358361.04	1850	59.44062	0.0	2042142	312	1.85	61.357	5	1733	29.992501874531385
1634358365.04	1850	59.471097	0.0	2087704	326	1.85	65.357	5	1853	30
1634358368.55	1850	59.787792	0.0	2022676	315	1.85	69.358	5	1973	29.99250187453133
1634358372.61	1850	59.835968	0.0	2027226	322	1.85	73.358	5	2093	30
1634358376.67	1850	59.85641	0.0	1993205	310	1.85	77.358	5	2213	30
1634358380.74	1850	59.877706	0.0	2185074	362	1.85	81.358	5	2333	30
1634358384.88	1850	59.6	0.0	2416062	371	1.85	85.359	5	2453	29.99250187453144
1634358388.99	1850	59.633762	0.0	1975785	318	1.85	89.359	5	2573	30
1634358392.56	1850	59.951178	0.0	2017826	312	1.85	93.398	5	2694	29.957910373854904
1634358396.6	1850	59.986831	0.0	2236854	365	1.85	97.399	5	2814	29.99250187453133
1634358400.67	1850	59.725772	0.0	2165385	351	1.85	101.399	5	2934	30
1634358404.7	1850	59.756876	0.0	2021844	318	1.85	105.399	5	3054	30
1634358408.72	1850	59.801155	0.0	2100101	365	1.85	109.399	5	3174	30
1634358413.49	1850	59.83412	0.0	2192105	337	1.85	113.399	5	3294	30
1634358416.42	1850	59.994328	0.0	2446938	356	1.85	117.401	5	3415	30.234882558720674
