1634310476.57	750	4	0.185	427465	100	-0.7905	0	0	0	0
1634310477.17	1200	8	0.0	1719226	383	0.75	0	0	0	0
1634310477.7	1200	12	0.0	1824230	387	1.2	0	0	0	0
1634310478.2	1200	16	0.0	1882039	359	1.2	0	0	0	0
1634310478.7	1200	19.671672	0.0	1838337	358	1.2	0	0	0	0
1634310479.38	1200	23.0244	0.0	1953398	507	1.2	0	0	0	0
1634310479.92	1200	26.5	0.0	1841430	371	1.2	5.153	1	77	0
1634310480.41	1200	29.973843	0.0	1838080	345	1.2	5.153	1	77	0
1634310480.89	1200	33.529808	0.0	1692604	329	1.2	5.153	1	77	0
1634310481.39	1200	37.033334	0.0	1727189	305	1.2	5.153	1	77	0
1634310481.86	1200	40.519502	0.0	1715705	310	1.2	5.153	1	77	0
1634310482.36	1200	44.034441	0.0	1729349	335	1.2	5.153	1	77	0
1634310482.83	1200	47.550551	0.0	1754261	257	1.2	5.153	1	77	0
1634310483.3	1200	51.106956	0.0	1778755	328	1.2	5.153	1	77	0
1634310483.81	1200	54.583334	0.0	1915304	343	1.2	9.153	5	317	58.999999999999986
1634310484.38	1200	58.033334	0.0	1992580	389	1.2	9.153	5	317	58.999999999999986
1634310486.95	1200	59.542446	0.0	2012653	401	1.2	9.153	5	317	58.999999999999986
1634310490.57	1200	59.887929	0.0	1822103	380	1.2	13.153	7	557	59.5
1634310494.67	1200	59.918943	0.0	1832177	391	1.2	17.154	8	797	59.73506623344165
1634310498.72	1200	59.948078	0.0	1820480	367	1.2	21.154	8	1037	60
1634310502.75	1200	59.696982	0.0	1799178	337	1.2	25.154	8	1277	60
1634310506.75	1200	59.712397	0.0	1709916	280	1.2	29.155	8	1517	59.98500374906271
1634310510.79	1200	59.741974	0.0	1771595	372	1.2	33.155	8	1757	60
1634310514.88	1200	59.531886	0.0	1761173	380	1.2	37.155	8	1997	60
1634310518.93	1200	59.546584	0.0	1733302	323	1.2	41.155	8	2237	60
1634310522.96	1200	59.56742	0.0	1784941	348	1.2	45.164	8	2478	60.11474183088051
1634310526.96	1200	59.640414	0.0	1702509	307	1.2	49.16	8	2717	59.809809809809884
1634310530.54	1200	59.952412	0.0	1694307	300	1.2	53.161	10	2957	59.48512871782047
1634310534.58	1200	59.970763	0.0	1839362	371	1.2	57.16	10	3197	60.01500375093781
1634310538.58	1200	59.983701	0.0	1715553	303	1.2	61.161	10	3437	59.98500374906266
1634310543.08	1200	59.45	0.0	1737144	299	1.2	65.162	10	3677	59.98500374906266
1634310546.63	1200	59.829592	0.0	1718570	320	1.2	69.161	10	3917	60.01500375093781
1634310550.64	1200	59.884978	0.0	1799075	300	1.2	73.175	10	4158	60.03986048829105
1634310554.66	1200	59.917396	0.0	1764247	340	1.2	77.175	10	4398	60
1634310558.73	1200	59.940668	0.0	1792164	377	1.2	81.176	10	4638	59.98500374906266
1634310562.8	1200	59.67662	0.0	1923129	362	1.2	85.175	10	4878	60.01500375093781
1634310566.82	1200	59.704197	0.0	1619018	320	1.2	89.177	10	5118	59.97001499250361
1634310570.82	1200	59.73492	0.0	1766623	307	1.2	93.177	10	5358	60
1634310574.87	1200	59.75	0.0	1805304	336	1.2	97.176	10	5598	60.01500375093781
1634310578.87	1200	59.766791	0.0	1754155	288	1.2	101.177	10	5838	59.98500374906266
1634310582.87	1200	59.801659	0.0	1739691	307	1.2	105.178	10	6078	59.98500374906288
1634310586.89	1200	59.547658	0.0	1734417	332	1.2	109.178	10	6318	60
1634310590.96	1200	59.583334	0.0	1932720	357	1.2	113.203	10	6560	60.124223602484385
1634310594.5	1200	59.9	0.0	2017647	374	1.2	117.203	10	6800	60
1634310598.51	1200	59.968857	0.0	1827933	331	1.2	121.204	11	7040	59.73506623344178
