1634341075.49	750	4	0.147	391964	66	-0.6271	0	0	0	0
1634341075.65	300	8	0.0	212073	3	-0.15000000000000002	0	0	0	0
1634341075.8	300	12	0.0	209182	33	0.3	0	0	0	0
1634341075.92	300	16	0.0	227172	38	0.3	0	0	0	0
1634341076.04	300	20	0.0	238359	41	0.3	0	0	0	0
1634341076.17	300	23.917804	0.0	239351	48	0.3	0	0	0	0
1634341076.29	300	27.756777	0.0	228239	33	0.3	0	0	0	0
1634341076.42	300	31.636185	0.0	217009	42	0.3	0	0	0	0
1634341076.55	300	35.515411	0.0	207641	34	0.3	0	0	0	0
1634341076.72	300	39.353977	0.0	218897	44	0.3	0	0	0	0
1634341076.86	300	43.19131	0.0	219759	38	0.3	0	0	0	0
1634341076.99	300	47.070223	0.0	203704	31	0.3	0	0	0	0
1634341077.13	300	50.949422	0.0	211384	37	0.3	0	0	0	0
1634341077.27	300	54.787513	0.0	213546	42	0.3	0	0	0	0
1634341077.43	300	58.623924	0.0	246294	39	0.3	0	0	0	0
1634341080.62	300	59.457676	0.0	253840	43	0.3	4.604	0	87	0
1634341084.32	300	59.803217	0.0	239526	47	0.3	8.604	0	207	30.000000000000007
1634341088.54	300	59.612136	0.0	208664	37	0.3	12.604	0	327	30
1634341092.26	300	59.954544	0.0	215978	59	0.3	16.605	0	447	29.992501874531357
1634341096.46	300	59.687653	0.0	214741	41	0.3	20.604	0	567	30.007501875468876
1634341100.13	300	59.988568	0.0	229698	42	0.3	24.606	0	687	29.985007496251857
1634341104.39	300	59.770658	0.0	216304	36	0.3	28.605	0	807	30.007501875468876
1634341108.59	300	59.522403	0.0	219079	34	0.3	32.607	0	927	29.98500749625188
1634341112.27	300	59.823634	0.0	220595	42	0.3	36.607	0	1047	30
1634341116.43	300	59.836218	0.0	208066	36	0.3	40.608	0	1167	29.992501874531385
1634341120.62	300	59.578079	0.0	217725	27	0.3	44.608	0	1287	30
1634341124.27	300	59.919293	0.0	207408	30	0.3	48.608	0	1407	30
1634341128.48	300	59.655312	0.0	202241	48	0.3	52.633	0	1528	30.062111801242192
1634341132.18	300	59.96037	0.0	213768	50	0.3	56.633	0	1648	30
1634341136.34	300	59.978365	0.0	206170	39	0.3	60.634	0	1768	29.992501874531385
1634341140.54	300	59.78338	0.0	209147	35	0.3	64.634	0	1888	30
1634341144.36	300	59.852395	0.0	203399	42	0.3	68.634	0	2008	30
1634341148.64	300	59.659922	0.0	208834	49	0.3	72.674	0	2129	29.950495049504905
1634341152.35	300	59.960369	0.0	210493	40	0.3	76.675	0	2249	29.99250187453144
1634341156.61	300	59.740369	0.0	214341	43	0.3	80.675	0	2369	30
1634341160.32	300	59.761009	0.0	236978	42	0.3	84.675	0	2489	30
1634341164.52	300	59.777899	0.0	206432	46	0.3	88.676	0	2609	29.99250187453133
1634341168.71	300	59.536198	0.0	213940	52	0.3	92.676	0	2729	30
1634341172.42	300	59.878068	0.0	217550	43	0.3	96.676	0	2849	30
1634341176.63	300	59.612152	0.0	217543	41	0.3	100.677	0	2969	29.99250187453133
1634341180.35	300	59.917617	0.0	207114	29	0.3	104.677	0	3089	30
1634341184.53	300	59.650781	0.0	230790	39	0.3	108.678	0	3209	29.99250187453144
1634341188.2	300	59.952518	0.0	242484	46	0.3	112.678	0	3330	30.25
1634341192.42	300	59.724157	0.0	244433	3	0.3	116.678	0	3449	29.75
1634341196.63	300	59.750118	0.0	245567	39	0.3	120.678	0	3570	30.25
