1634353614.61	750	4	0.16	391964	88	-0.6829999999999999	0	0	0	0
1634353614.78	750	8	0.0	411055	70	0.75	0	0	0	0
1634353614.95	750	12	0.0	428763	82	0.75	0	0	0	0
1634353615.11	750	16	0.0	426503	73	0.75	0	0	0	0
1634353615.28	750	20	0.0	417864	77	0.75	0	0	0	0
1634353615.44	750	23.830023	0.0	462833	71	0.75	0	0	0	0
1634353615.6	750	27.668738	0.0	444447	72	0.75	0	0	0	0
1634353615.77	750	31.507285	0.0	439044	75	0.75	0	0	0	0
1634353615.97	750	35.346244	0.0	407056	75	0.75	0	0	0	0
1634353616.18	750	39.103465	0.0	431257	77	0.75	0	0	0	0
1634353616.37	750	42.941716	0.0	424931	77	0.75	0	0	0	0
1634353616.57	750	46.740409	0.0	415862	84	0.75	0	0	0	0
1634353616.76	750	50.537685	0.0	417958	54	0.75	0	0	0	0
1634353616.93	750	54.376444	0.0	418039	77	0.75	0	0	0	0
1634353617.13	750	58.133596	0.0	441262	102	0.75	0	0	0	0
1634353619.82	750	59.508009	0.0	464095	81	0.75	4.615	0	84	0
1634353623.56	750	59.818839	0.0	462002	78	0.75	8.615	0	204	30
1634353627.79	750	59.566667	0.0	416260	69	0.75	12.615	0	324	30
1634353631.58	750	59.863594	0.0	426855	94	0.75	16.615	0	444	30.000000000000014
1634353635.77	750	59.602941	0.0	423992	70	0.75	20.616	0	564	29.992501874531357
1634353639.56	750	59.914178	0.0	443256	116	0.75	24.615	0	684	30.007501875468876
1634353643.84	750	59.662439	0.0	420854	91	0.75	28.616	0	804	29.992501874531357
1634353647.56	750	59.754013	0.0	434977	89	0.75	32.617	0	924	29.992501874531385
1634353651.76	750	59.773677	0.0	427693	94	0.75	36.617	0	1044	30
1634353656.01	750	59.497235	0.0	435879	88	0.75	40.618	0	1164	29.99250187453133
1634353659.75	750	59.804053	0.0	458523	89	0.75	44.618	0	1284	30
1634353663.52	750	59.826673	0.0	389475	104	0.75	48.618	0	1404	30
1634353667.73	750	59.557527	0.0	412786	93	0.75	52.619	0	1524	29.992501874531385
1634353671.46	750	59.89536	0.0	423981	71	0.75	56.619	0	1644	30
1634353675.72	750	59.638905	0.0	411450	98	0.75	60.619	0	1764	30
1634353679.45	750	59.936947	0.0	415853	84	0.75	64.621	0	1884	29.98500749625191
1634353683.64	750	59.675686	0.0	410977	77	0.75	68.62	0	2004	30.007501875468797
1634353687.35	750	59.975426	0.0	419815	64	0.75	72.621	0	2124	29.99250187453144
1634353691.62	750	59.713596	0.0	418828	67	0.75	76.621	0	2244	30
1634353695.82	750	59.49084	0.0	422899	70	0.75	80.621	0	2364	30
1634353699.53	750	59.863659	0.0	461245	74	0.75	84.621	0	2484	30
1634353703.78	750	59.590904	0.0	420927	99	0.75	88.622	0	2604	29.99250187453133
1634353707.5	750	59.894291	0.0	434125	70	0.75	92.622	0	2724	30
1634353711.81	750	59.633381	0.0	438085	91	0.75	96.623	0	2844	29.99250187453133
1634353715.52	750	59.93828	0.0	426879	71	0.75	100.623	0	2964	30
1634353719.71	750	59.67759	0.0	423829	66	0.75	104.623	0	3084	30
1634353723.48	750	59.982268	0.0	440437	92	0.75	108.623	0	3204	30
1634353727.73	750	59.75335	0.0	464617	47	0.75	112.647	0	3325	30.06958250497017
1634353731.96	750	59.4899	0.0	482901	70	0.75	116.646	0	3445	30.007501875468904
1634353735.68	750	59.792474	0.0	478486	80	0.75	120.647	0	3565	29.99250187453133
