1634340369.02	750	4	0.128	391964	52	-0.5454	0	0	0	0
1634340369.18	750	8	0.0	411055	56	0.75	0	0	0	0
1634340369.35	750	12	0.0	428763	23	0.75	0	0	0	0
1634340369.55	750	16	0.0	426503	58	0.75	0	0	0	0
1634340369.73	750	19.878335	0.0	417864	47	0.75	0	0	0	0
1634340369.89	750	23.716537	0.0	462833	75	0.75	0	0	0	0
1634340370.06	750	27.55471	0.0	444447	82	0.75	0	0	0	0
1634340370.24	750	31.3936	0.0	439044	75	0.75	0	0	0	0
1634340370.41	750	35.231809	0.0	407056	66	0.75	0	0	0	0
1634340370.65	750	38.989659	0.0	431257	105	0.75	0	0	0	0
1634340370.83	750	42.788078	0.0	424931	47	0.75	0	0	0	0
1634340371.1	750	46.545868	0.0	415862	79	0.75	0	0	0	0
1634340371.28	750	50.343049	0.0	417958	66	0.75	0	0	0	0
1634340371.46	750	54.181659	0.0	418039	59	0.75	0	0	0	0
1634340371.67	750	57.939494	0.0	441262	95	0.75	0	0	0	0
1634340374.36	750	59.468771	0.0	464095	67	0.75	4.581	0	87	0
1634340378.12	750	59.808797	0.0	462002	71	0.75	8.581	0	207	30.000000000000007
1634340381.85	750	59.870291	0.0	416260	68	0.75	12.582	0	327	29.992501874531357
1634340386.08	750	59.601922	0.0	426855	67	0.75	16.582	0	447	30
1634340389.77	750	59.9	0.0	423992	66	0.75	20.582	0	567	30
1634340393.99	750	59.912417	0.0	443256	80	0.75	24.582	0	687	30
1634340397.72	750	59.925467	0.0	420854	68	0.75	28.582	0	807	30
1634340401.94	750	59.95116	0.0	434977	72	0.75	32.583	0	927	29.992501874531385
1634340406.16	750	59.670214	0.0	427693	57	0.75	36.595	0	1047	29.910269192422728
1634340409.87	750	59.980347	0.0	435879	67	0.75	40.596	0	1167	29.992501874531385
1634340414.11	750	59.713381	0.0	458523	66	0.75	44.595	0	1287	30.00750187546885
1634340418.34	750	59.442554	0.0	389475	68	0.75	48.595	0	1407	30
1634340422.07	750	59.787423	0.0	412786	73	0.75	52.596	0	1527	29.992501874531385
1634340426.3	750	59.523468	0.0	423981	77	0.75	56.597	0	1647	29.99250187453133
1634340430.02	750	59.818232	0.0	411450	44	0.75	60.596	0	1767	30.007501875468904
1634340434.26	750	59.558831	0.0	415853	61	0.75	64.6	0	1887	29.970029970029987
1634340437.98	750	59.861733	0.0	410977	48	0.75	68.6	0	2007	30
1634340442.19	750	59.59054	0.0	419815	57	0.75	72.599	0	2127	30.007501875468797
1634340445.93	750	59.942837	0.0	418828	75	0.75	76.6	0	2247	29.99250187453144
1634340450.16	750	59.674344	0.0	422899	69	0.75	80.624	0	2368	30.06958250497017
1634340453.9	750	59.986935	0.0	461245	67	0.75	84.625	0	2488	29.99250187453133
1634340458.12	750	59.717841	0.0	420927	74	0.75	88.625	0	2608	30
1634340462.34	750	59.448757	0.0	434125	29	0.75	92.625	0	2728	30
1634340466.06	750	59.794619	0.0	438085	64	0.75	96.629	0	2848	29.970029970029934
1634340470.28	750	59.523819	0.0	426879	69	0.75	100.629	0	2968	30
1634340474.02	750	59.819725	0.0	423829	47	0.75	104.629	0	3088	30
1634340478.3	750	59.543101	0.0	440437	54	0.75	108.629	0	3208	30
1634340482.06	750	59.853577	0.0	464617	80	0.75	112.63	0	3328	29.99250187453144
1634340485.89	750	59.87457	0.0	482901	97	0.75	116.629	0	3448	30.007501875468797
1634340490.09	750	59.609262	0.0	478486	78	0.75	120.632	0	3568	29.977516862353234
