1634304655.03	750	4	0.192	427465	92	-0.8205999999999999	0	0	0	0
1634304655.83	1850	8	0.0	3156042	496	0.75	0	0	0	0
1634304656.57	1850	12	0.0	3331786	561	1.85	0	0	0	0
1634304657.39	1850	15.516667	0.0	3470899	623	1.85	0	0	0	0
1634304658.33	1850	18.616667	0.0	3391540	717	1.85	5.197	1	82	0
1634304659.26	1850	21.716667	0.0	3653733	655	1.85	5.197	1	82	0
1634304660.1	1850	24.866667	0.0	3500753	584	1.85	5.197	1	82	0
1634304660.98	1850	28	0.0	3417687	613	1.85	5.197	1	82	0
1634304661.81	1850	31.116667	0.0	3185216	632	1.85	5.197	1	82	0
1634304662.61	1850	34.333334	0.0	3286263	580	1.85	9.196	36	325	52.01300325081271
1634304663.34	1850	37.567773	0.0	3082343	549	1.85	9.196	36	325	52.01300325081271
1634304664.24	1850	40.75	0.0	3170736	623	1.85	9.196	36	325	52.01300325081271
1634304664.99	1850	43.916667	0.0	3196938	561	1.85	9.196	36	325	52.01300325081271
1634304665.79	1850	47.15	0.0	3228009	562	1.85	9.196	36	325	52.01300325081271
1634304666.72	1850	50.2	0.0	3513138	711	1.85	13.197	50	565	56.485878530367415
1634304667.57	1850	53.35	0.0	3686191	659	1.85	13.197	50	565	56.485878530367415
1634304668.41	1850	56.516667	0.0	3630324	644	1.85	13.197	50	565	56.485878530367415
1634304669.18	1850	59.733334	0.0	3348330	582	1.85	13.197	50	565	56.485878530367415
1634304673.01	1850	59.985465	0.0	3272823	571	1.85	17.198	59	805	57.73556610847287
1634304677.36	1850	59.726345	0.0	3263947	530	1.85	21.198	79	1045	55
1634304681.26	1850	59.77967	0.0	3246736	539	1.85	25.198	84	1285	58.75
1634304685.35	1850	59.795811	0.0	3067619	795	1.85	29.198	86	1521	58.5
1634304689.14	1850	59.816694	0.0	3258491	563	1.85	33.199	99	1765	57.735566108472916
1634304693.47	1850	59.562313	0.0	3217708	579	1.85	37.198	104	2005	58.764691172793164
1634304697.34	1850	59.596054	0.0	3168556	586	1.85	41.2	106	2245	59.47026486756618
1634304701.22	1850	59.904731	0.0	3254799	620	1.85	45.21	108	2486	59.60099750623444
1634304705.0	1850	59.957649	0.0	3101633	538	1.85	49.2	109	2725	59.64912280701751
1634304709.31	1850	59.703699	0.0	3052590	597	1.85	53.201	111	2965	59.48512871782058
1634304713.62	1850	59.443653	0.0	3262551	586	1.85	57.201	113	3205	59.5
1634304717.47	1850	59.479432	0.0	3205725	564	1.85	61.201	113	3445	60
