1634359709.67	750	4	0.142	391964	21	-0.6056	0	0	0	0
1634359709.85	750	8	0.0	411055	42	0.75	0	0	0	0
1634359710.01	750	12	0.0	428763	64	0.75	0	0	0	0
1634359710.16	750	16	0.0	426503	67	0.75	0	0	0	0
1634359710.33	750	20	0.0	417864	64	0.75	0	0	0	0
1634359710.5	750	24	0.0	462833	71	0.75	0	0	0	0
1634359710.66	750	28	0.0	444447	73	0.75	0	0	0	0
1634359710.83	750	32	0.0	439044	70	0.75	0	0	0	0
1634359710.99	750	36	0.0	407056	66	0.75	0	0	0	0
1634359711.17	750	40	0.0	431257	75	0.75	0	0	0	0
1634359711.34	750	43.87001	0.0	424931	70	0.75	0	0	0	0
1634359711.51	750	47.706685	0.0	415862	66	0.75	0	0	0	0
1634359711.68	750	51.505266	0.0	417958	70	0.75	0	0	0	0
1634359711.85	750	55.34356	0.0	418039	64	0.75	0	0	0	0
1634359712.02	750	59.182583	0.0	441262	71	0.75	0	0	0	0
1634359715.75	750	59.720665	0.0	464095	65	0.75	5.215	0	55	0
1634359719.5	750	59.741845	0.0	462002	78	0.75	9.216	0	175	29.99250187453137
1634359723.79	750	59.478104	0.0	416260	72	0.75	13.216	0	295	30
1634359727.51	750	59.828097	0.0	426855	63	0.75	17.216	0	415	29.999999999999986
1634359731.71	750	59.558853	0.0	423992	61	0.75	21.216	0	535	30
1634359735.48	750	59.86151	0.0	443256	86	0.75	25.217	0	655	29.992501874531385
1634359739.72	750	59.642011	0.0	420854	58	0.75	29.216	0	775	30.00750187546885
1634359743.46	750	59.981347	0.0	434977	68	0.75	33.217	0	895	29.992501874531385
1634359747.68	750	59.714781	0.0	427693	82	0.75	37.217	0	1015	30
1634359751.94	750	59.445816	0.0	435879	81	0.75	41.217	0	1135	30
1634359755.66	750	59.754432	0.0	458523	32	0.75	45.218	0	1255	29.99250187453133
1634359759.88	750	59.477495	0.0	389475	50	0.75	49.218	0	1375	30
1634359763.57	750	59.817794	0.0	412786	59	0.75	53.218	0	1495	30
1634359767.76	750	59.573765	0.0	423981	72	0.75	57.219	0	1615	29.992501874531385
1634359771.45	750	59.869809	0.0	411450	74	0.75	61.219	0	1735	30
1634359775.66	750	59.644517	0.0	415853	66	0.75	65.22	0	1855	29.992501874531385
1634359779.38	750	59.997036	0.0	410977	69	0.75	69.22	0	1975	30
1634359783.59	750	59.724252	0.0	419815	71	0.75	73.221	0	2095	29.99250187453133
1634359787.79	750	59.450067	0.0	418828	68	0.75	77.221	0	2215	30
1634359791.51	750	59.741656	0.0	422899	78	0.75	81.222	0	2335	29.99250187453144
1634359795.71	750	59.756069	0.0	461245	73	0.75	85.222	0	2455	30
1634359799.43	750	59.785892	0.0	420927	64	0.75	89.221	0	2575	30.007501875468797
1634359803.65	750	59.801224	0.0	434125	79	0.75	93.222	0	2695	29.99250187453144
1634359807.39	750	59.859513	0.0	438085	70	0.75	97.223	0	2815	29.99250187453133
1634359811.59	750	59.631842	0.0	426879	63	0.75	101.223	0	2935	30
1634359815.31	750	59.93414	0.0	423829	67	0.75	105.223	0	3055	30
1634359819.56	750	59.951542	0.0	440437	66	0.75	109.223	0	3175	30
1634359823.27	750	59.966667	0.0	464617	77	0.75	113.223	0	3295	30
1634359827.49	750	59.970119	0.0	482901	75	0.75	117.223	0	3415	30
1634359831.7	750	59.721804	0.0	478486	75	0.75	121.224	0	3535	29.99250187453133
