1634316863.21	750	4	0.188	427465	88	-0.8034	0	0	0	0
1634316863.77	1200	8	0.0	1719226	306	0.75	0	0	0	0
1634316864.25	1200	12	0.0	1824230	281	1.2	0	0	0	0
1634316864.73	1200	16	0.0	1882039	316	1.2	0	0	0	0
1634316865.18	1200	19.670872	0.0	1838337	270	1.2	0	0	0	0
1634316865.71	1200	23.166667	0.0	1953398	314	1.2	0	0	0	0
1634316866.21	1200	26.658355	0.0	1841430	271	1.2	0	0	0	0
1634316866.91	1200	29.95	0.0	1838080	475	1.2	5.408	3	103	0
1634316867.33	1200	33.524989	0.0	1692604	269	1.2	5.408	3	103	0
1634316867.76	1200	37.077124	0.0	1727189	267	1.2	5.408	3	103	0
1634316868.26	1200	40.6	0.0	1715705	289	1.2	5.408	3	103	0
1634316868.71	1200	44.15	0.0	1729349	275	1.2	5.408	3	103	0
1634316869.22	1200	47.633334	0.0	1754261	281	1.2	5.408	3	103	0
1634316869.71	1200	51.138421	0.0	1778755	300	1.2	5.408	3	103	0
1634316870.18	1200	54.666667	0.0	1915304	304	1.2	5.408	3	103	0
1634316870.76	1200	58.08751	0.0	1992580	370	1.2	9.408	10	343	58.250000000000014
1634316873.34	1200	59.57243	0.0	2012653	341	1.2	9.408	10	343	58.250000000000014
1634316877.4	1200	59.618294	0.0	1822103	306	1.2	13.409	14	583	58.98525368657834
1634316880.93	1200	59.953935	0.0	1832177	267	1.2	17.409	15	823	59.75000000000003
1634316885.47	1200	59.439778	0.0	1820480	308	1.2	21.41	15	1063	59.98500374906271
1634316889.48	1200	59.456774	0.0	1799178	307	1.2	25.413	15	1303	59.95503372470647
1634316893.53	1200	59.469369	0.0	1709916	302	1.2	29.41	17	1543	59.54465849387041
1634316897.52	1200	59.533334	0.0	1771595	282	1.2	33.412	17	1783	59.97001499250376
1634316901.01	1200	59.840012	0.0	1761173	285	1.2	37.412	18	2023	59.75
1634316905.02	1200	59.868499	0.0	1733302	323	1.2	41.411	18	2263	60.0150037509377
1634316909.13	1200	59.930807	0.0	1784941	379	1.2	45.412	20	2503	59.48512871782058
1634316913.2	1200	59.674576	0.0	1702509	352	1.2	49.412	20	2743	60
1634316917.15	1200	59.7	0.0	1694307	282	1.2	53.412	20	2983	60
1634316921.16	1200	59.731146	0.0	1839362	303	1.2	57.413	20	3223	59.98500374906277
1634316925.23	1200	59.76413	0.0	1715553	307	1.2	61.413	23	3463	59.25
1634316929.23	1200	59.833334	0.0	1737144	295	1.2	65.413	24	3703	59.75
1634316933.27	1200	59.609562	0.0	1718570	275	1.2	69.413	25	3943	59.75
1634316937.31	1200	59.635145	0.0	1799075	308	1.2	73.414	25	4183	59.98500374906266
1634316940.85	1200	59.991512	0.0	1764247	294	1.2	77.414	27	4423	59.5
1634316945.36	1200	59.733334	0.0	1792164	300	1.2	81.415	27	4663	59.98500374906266
1634316949.39	1200	59.479324	0.0	1923129	311	1.2	85.415	27	4904	60.25
1634316953.36	1200	59.503574	0.0	1619018	255	1.2	89.415	27	5143	59.75
1634316957.35	1200	59.535558	0.0	1766623	285	1.2	93.415	27	5384	60.25
1634316961.34	1200	59.563184	0.0	1805304	299	1.2	97.416	27	5623	59.73506623344178
1634316965.41	1200	59.622676	0.0	1754155	354	1.2	101.416	27	5864	60.25
1634316969.39	1200	59.637599	0.0	1739691	279	1.2	105.417	27	6104	59.98500374906266
1634316973.41	1200	59.446898	0.0	1734417	292	1.2	109.427	27	6344	59.85037406483783
1634316977.46	1200	59.4352	0.0	1932720	343	1.2	113.417	30	6584	59.39849624060158
1634316981.47	1200	59.463398	0.0	2017647	325	1.2	117.418	30	6824	59.98500374906266
1634316985.47	1200	59.486052	0.0	1827933	285	1.2	121.419	31	7064	59.73506623344178
