1634294875.32	750	4	0.183	391964	44	-0.7818999999999999	0	0	0	0
1634294875.88	1850	8	0.0	2068530	361	0.75	0	0	0	0
1634294876.46	1850	12	0.0	2231919	409	1.85	0	0	0	0
1634294877.07	1850	15.751113	0.0	2071679	465	1.85	0	0	0	0
1634294877.59	1850	19.227676	0.0	2075075	379	1.85	0	0	0	0
1634294878.18	1850	22.659493	0.0	2324573	392	1.85	0	0	0	0
1634294878.82	1850	26.054656	0.0	2327434	392	1.85	5.262	0	55	0
1634294879.35	1850	29.490186	0.0	2160877	366	1.85	5.262	0	55	0
1634294879.85	1850	32.965051	0.0	2004753	327	1.85	5.262	0	55	0
1634294880.37	1850	36.478428	0.0	2057086	336	1.85	5.262	0	55	0
1634294880.95	1850	39.9	0.0	2101929	354	1.85	5.262	0	55	0
1634294881.6	1850	43.225048	0.0	2052018	451	1.85	5.262	0	55	0
1634294882.11	1850	46.701604	0.0	2085705	337	1.85	5.262	0	55	0
1634294882.68	1850	50.176952	0.0	2112772	397	1.85	9.261	1	175	29.757439359839964
1634294883.23	1850	53.613335	0.0	2222688	371	1.85	9.261	1	175	29.757439359839964
1634294883.75	1850	57.087361	0.0	2169593	360	1.85	9.261	1	175	29.757439359839964
1634294885.34	1850	59.551739	0.0	2267471	403	1.85	9.261	1	175	29.757439359839964
1634294889.38	1850	59.595091	0.0	2094437	346	1.85	13.262	1	295	29.992501874531357
1634294892.95	1850	59.95515	0.0	2148255	387	1.85	17.261	1	415	30.007501875468876
1634294897.2	1850	59.99486	0.0	2132587	425	1.85	21.261	1	535	30
1634294901.66	1850	59.746723	0.0	2151407	356	1.85	25.27	1	655	29.93265153404839
