1634323013.97	750	4	0.173	427465	82	-0.7389	0	0	0	0
1634323014.45	1200	8	0.0	1719226	286	0.75	0	0	0	0
1634323014.89	1200	12	0.0	1824230	286	1.2	0	0	0	0
1634323015.35	1200	16	0.0	1882039	287	1.2	0	0	0	0
1634323015.83	1200	19.883334	0.0	1838337	288	1.2	0	0	0	0
1634323016.36	1200	23.333334	0.0	1953398	316	1.2	0	0	0	0
1634323016.8	1200	26.86292	0.0	1841430	295	1.2	0	0	0	0
1634323017.5	1200	30.174052	0.0	1838080	534	1.2	5.344	6	95	0
1634323017.94	1200	33.729382	0.0	1692604	272	1.2	5.344	6	95	0
1634323018.44	1200	37.266667	0.0	1727189	291	1.2	5.344	6	95	0
1634323018.89	1200	40.80037	0.0	1715705	272	1.2	5.344	6	95	0
1634323019.36	1200	44.316835	0.0	1729349	308	1.2	5.344	6	95	0
1634323019.79	1200	47.871131	0.0	1754261	290	1.2	5.344	6	95	0
1634323020.23	1200	51.426438	0.0	1778755	283	1.2	5.344	6	95	0
1634323020.74	1200	54.939414	0.0	1915304	332	1.2	5.344	6	95	0
1634323021.27	1200	58.433334	0.0	1992580	324	1.2	9.344	10	333	58.500000000000014
1634323024.28	1200	59.531382	0.0	2012653	309	1.2	9.344	10	333	58.500000000000014
1634323027.88	1200	59.837232	0.0	1822103	319	1.2	13.344	14	575	59.5
1634323031.92	1200	59.851643	0.0	1832177	307	1.2	17.347	15	816	59.95503372470644
1634323035.91	1200	59.871988	0.0	1820480	277	1.2	21.348	16	1056	59.73506623344167
1634323039.88	1200	59.902343	0.0	1799178	295	1.2	25.348	16	1296	60
1634323043.88	1200	59.924292	0.0	1709916	256	1.2	29.348	16	1536	60
1634323047.88	1200	59.962093	0.0	1771595	291	1.2	33.349	17	1776	59.73506623344167
1634323052.66	1200	59.460507	0.0	1761173	280	1.2	37.35	17	2016	59.98500374906266
1634323055.88	1200	59.960186	0.0	1733302	278	1.2	41.404	19	2255	58.46077947705967
1634323059.88	1200	59.98445	0.0	1784941	278	1.2	45.408	26	2499	59.190809190809226
1634323064.33	1200	59.435076	0.0	1702509	256	1.2	49.406	26	2739	60.03001500750379
1634323068.26	1200	59.451176	0.0	1694307	250	1.2	53.405	26	2979	60.0150037509377
1634323072.24	1200	59.476643	0.0	1839362	291	1.2	57.406	26	3219	59.98500374906277
1634323076.22	1200	59.5	0.0	1715553	280	1.2	61.418	29	3460	59.32203389830508
1634323080.24	1200	59.532177	0.0	1737144	291	1.2	65.418	29	3700	59.99999999999989
1634323084.28	1200	59.55	0.0	1718570	273	1.2	69.418	30	3940	59.75
1634323088.3	1200	59.573513	0.0	1799075	293	1.2	73.418	31	4180	59.75
1634323091.81	1200	59.883334	0.0	1764247	290	1.2	77.421	33	4420	59.455408443667245
1634323095.81	1200	59.922857	0.0	1792164	276	1.2	81.42	34	4660	59.764941235308896
1634323099.86	1200	59.969742	0.0	1923129	308	1.2	85.43	38	4900	58.85286783042387
1634323104.32	1200	59.660897	0.0	1619018	274	1.2	89.422	49	5140	57.36472945891798
1634323108.15	1200	59.693068	0.0	1766623	993	1.2	93.421	49	5380	60.015003750937595
1634323111.73	1200	59.991317	0.0	1805304	341	1.2	97.421	55	5620	58.5
