1634302371.14	750	4	0.142	391964	72	-0.6056	0	0	0	0
1634302371.5	1200	8	0.0	1027639	167	0.75	0	0	0	0
1634302371.82	1200	11.959183	0.0	1094547	207	1.2	0	0	0	0
1634302372.14	1200	15.635808	0.0	1068941	173	1.2	0	0	0	0
1634302372.46	1200	19.31122	0.0	1069226	168	1.2	0	0	0	0
1634302372.8	1200	22.988592	0.0	1157353	194	1.2	0	0	0	0
1634302373.15	1200	26.625187	0.0	1168829	169	1.2	0	0	0	0
1634302373.46	1200	30.303118	0.0	1093471	189	1.2	0	0	0	0
1634302373.75	1200	34.020498	0.0	1020028	170	1.2	0	0	0	0
1634302374.08	1200	37.696425	0.0	1051427	181	1.2	0	0	0	0
1634302374.38	1200	41.374005	0.0	1070992	168	1.2	0	0	0	0
1634302374.7	1200	45.051274	0.0	1063461	181	1.2	4.629	0	86	0
1634302375.04	1200	48.728541	0.0	1074096	173	1.2	4.629	0	86	0
1634302375.44	1200	52.323893	0.0	1080192	178	1.2	4.629	0	86	0
1634302375.79	1200	56.001833	0.0	1139934	193	1.2	4.629	0	86	0
1634302376.08	1200	59.679386	0.0	1145330	180	1.2	4.629	0	86	0
1634302380.44	1200	59.52753	0.0	1173744	206	1.2	8.629	1	206	29.75
1634302384.27	1200	59.551037	0.0	1061602	183	1.2	12.63	1	326	29.992501874531357
1634302388.14	1200	59.85485	0.0	1076224	163	1.2	16.629	1	446	30.00750187546886
1634302392.0	1200	59.875264	0.0	1068038	201	1.2	20.631	1	566	29.98500749625188
1634302396.35	1200	59.615572	0.0	1097493	211	1.2	24.63	1	686	30.007501875468876
1634302400.24	1200	59.63214	0.0	1072339	181	1.2	28.631	1	806	29.992501874531357
1634302404.12	1200	59.93886	0.0	1067889	164	1.2	32.632	1	926	29.992501874531385
1634302408.0	1200	59.952833	0.0	1067959	188	1.2	36.631	1	1046	30.00750187546885
1634302411.86	1200	59.967527	0.0	1077712	183	1.2	40.679	1	1168	30.138339920948603
1634302416.24	1200	59.689725	0.0	1138441	187	1.2	44.68	1	1288	29.992501874531385
1634302420.07	1200	59.741703	0.0	1027213	170	1.2	48.68	1	1408	30
1634302424.46	1200	59.453925	0.0	1019513	156	1.2	52.68	1	1528	30
1634302428.31	1200	59.474845	0.0	1030601	157	1.2	56.68	1	1648	30
1634302432.14	1200	59.763924	0.0	1059459	171	1.2	60.681	1	1768	29.992501874531385
1634302436.04	1200	59.792282	0.0	1058483	178	1.2	64.681	1	1888	30
1634302440.39	1200	59.526947	0.0	1026788	156	1.2	68.681	1	2008	30
1634302444.2	1200	59.822657	0.0	1034920	160	1.2	72.681	1	2128	30
1634302448.02	1200	59.831725	0.0	1024487	168	1.2	76.682	1	2248	29.99250187453133
1634302451.93	1200	59.860139	0.0	1088769	188	1.2	80.682	1	2368	30
1634302456.31	1200	59.604764	0.0	1213691	209	1.2	84.683	1	2488	29.99250187453133
1634302460.12	1200	59.906577	0.0	996535	157	1.2	88.683	1	2608	30
1634302463.96	1200	59.95943	0.0	1040309	171	1.2	92.683	1	2728	30
1634302467.9	1200	59.971659	0.0	1135519	223	1.2	96.684	1	2848	29.99250187453144
1634302472.27	1200	59.706944	0.0	1080635	201	1.2	100.684	1	2968	30
1634302476.16	1200	59.724056	0.0	1037366	167	1.2	104.684	1	3088	30
1634302480.49	1200	59.455149	0.0	1075257	164	1.2	108.685	1	3208	29.99250187453133
1634302484.4	1200	59.478884	0.0	1145173	259	1.2	112.685	1	3328	30
1634302488.29	1200	59.496933	0.0	1216507	188	1.2	116.685	1	3448	30
1634302492.29	1200	59.5211	0.0	1142437	283	1.2	120.685	1	3568	30
