1634358533.36	750	4	0.164	391964	67	-0.7001999999999999	0	0	0	0
1634358533.86	1850	8	0.0	2068530	259	0.75	0	0	0	0
1634358534.35	1850	11.629153	0.0	2231919	338	1.85	0	0	0	0
1634358534.84	1850	15.144813	0.0	2071679	323	1.85	0	0	0	0
1634358535.35	1850	18.617198	0.0	2075075	310	1.85	0	0	0	0
1634358535.98	1850	22.012062	0.0	2324573	391	1.85	0	0	0	0
1634358536.52	1850	25.446016	0.0	2327434	365	1.85	0	0	0	0
1634358537.02	1850	28.961673	0.0	2160877	337	1.85	4.586	0	85	0
1634358537.58	1850	32.39685	0.0	2004753	352	1.85	4.586	0	85	0
1634358538.09	1850	36	0.0	2057086	320	1.85	4.586	0	85	0
1634358538.56	1850	39.389719	0.0	2101929	317	1.85	4.586	0	85	0
1634358539.08	1850	42.866667	0.0	2052018	343	1.85	4.586	0	85	0
1634358539.6	1850	46.38113	0.0	2085705	333	1.85	4.586	0	85	0
1634358540.13	1850	49.855345	0.0	2112772	311	1.85	4.586	0	85	0
1634358540.63	1850	53.330773	0.0	2222688	344	1.85	4.586	0	85	0
1634358541.13	1850	56.844444	0.0	2169593	339	1.85	8.585	4	205	29.007251812953236
1634358542.19	1850	59.833334	0.0	2267471	369	1.85	8.585	4	205	29.007251812953236
1634358546.27	1850	59.855413	0.0	2094437	334	1.85	12.585	4	325	30
1634358550.35	1850	59.877083	0.0	2148255	351	1.85	16.586	4	445	29.992501874531385
1634358554.41	1850	59.613192	0.0	2132587	332	1.85	20.587	4	565	29.992501874531357
1634358558.46	1850	59.639932	0.0	2151407	347	1.85	24.586	4	685	30.007501875468876
1634358562.48	1850	59.659982	0.0	2063523	313	1.85	28.587	4	805	29.992501874531357
1634358566.07	1850	59.963843	0.0	2103042	336	1.85	32.588	4	925	29.992501874531357
1634358570.17	1850	59.980339	0.0	2103040	318	1.85	36.588	4	1045	30
1634358574.69	1850	59.428027	0.0	2114688	308	1.85	40.596	4	1166	30.189620758483066
1634358578.75	1850	59.454509	0.0	2240212	353	1.85	44.597	4	1286	29.99250187453133
1634358582.31	1850	59.80555	0.0	2002951	373	1.85	48.595	4	1406	30.015007503751896
1634358586.33	1850	59.822322	0.0	1961003	343	1.85	52.596	4	1526	29.992501874531385
1634358590.4	1850	59.6	0.0	1969295	334	1.85	56.596	4	1646	30
1634358594.41	1850	59.633334	0.0	2042142	328	1.85	60.596	4	1766	30
1634358598.49	1850	59.693506	0.0	2087704	327	1.85	64.597	4	1886	29.992501874531385
1634358602.02	1850	59.992747	0.0	2022676	342	1.85	68.611	4	2006	29.8953662182361
1634358606.6	1850	59.439875	0.0	2027226	395	1.85	72.611	4	2126	30
1634358610.63	1850	59.45216	0.0	1993205	317	1.85	76.611	4	2246	30
1634358614.3	1850	59.798053	0.0	2185074	456	1.85	80.612	4	2366	29.99250187453144
1634358618.42	1850	59.558594	0.0	2416062	400	1.85	84.612	4	2486	30
1634358622.44	1850	59.578631	0.0	1975785	311	1.85	88.612	4	2606	30
1634358626.51	1850	59.675488	0.0	2017826	344	1.85	92.613	4	2726	29.99250187453133
1634358630.11	1850	59.975855	0.0	2236854	374	1.85	96.631	4	2847	30.114484818317568
1634358634.17	1850	59.788327	0.0	2165385	328	1.85	100.633	4	2967	29.98500749625191
1634358638.18	1850	59.800264	0.0	2021844	332	1.85	104.632	4	3087	30.007501875468797
1634358642.21	1850	59.86313	0.0	2100101	336	1.85	108.632	4	3207	30
1634358646.27	1850	59.925826	0.0	2192105	353	1.85	112.633	4	3327	29.99250187453144
1634358650.36	1850	59.665573	0.0	2446938	394	1.85	116.634	4	3447	29.99250187453133
1634358654.0	1850	59.992648	0.0	2298336	372	1.85	120.633	4	3567	30.007501875468904
