1634336414.06	750	4	0.174	427465	71	-0.7432	0	0	0	0
1634336414.5	1200	8	0.0	1719226	264	0.75	0	0	0	0
1634336414.96	1200	11.6	0.0	1824230	286	1.2	0	0	0	0
1634336415.4	1200	15.151449	0.0	1882039	306	1.2	0	0	0	0
1634336415.88	1200	18.707118	0.0	1838337	290	1.2	0	0	0	0
1634336416.39	1200	22.181587	0.0	1953398	317	1.2	0	0	0	0
1634336416.87	1200	25.7	0.0	1841430	287	1.2	0	0	0	0
1634336417.35	1200	29.233334	0.0	1838080	290	1.2	0	0	0	0
1634336417.76	1200	32.806571	0.0	1692604	262	1.2	4.615	4	177	0
1634336418.21	1200	36.362391	0.0	1727189	271	1.2	4.615	4	177	0
1634336418.68	1200	39.95	0.0	1715705	277	1.2	4.615	4	177	0
1634336419.11	1200	43.472981	0.0	1729349	282	1.2	4.615	4	177	0
1634336419.91	1200	46.664703	0.0	1754261	623	1.2	4.615	4	177	0
1634336420.41	1200	50.15	0.0	1778755	327	1.2	4.615	4	177	0
1634336420.9	1200	53.683334	0.0	1915304	295	1.2	4.615	4	177	0
1634336421.4	1200	57.172712	0.0	1992580	318	1.2	4.615	4	177	0
1634336422.91	1200	59.792898	0.0	2012653	322	1.2	8.615	13	417	57.75
1634336426.92	1200	59.897624	0.0	1822103	230	1.2	12.614	14	657	59.76494123530882
1634336430.91	1200	59.642965	0.0	1832177	316	1.2	16.615	14	897	59.98500374906277
1634336434.87	1200	59.95	0.0	1820480	274	1.2	20.615	14	1137	60
1634336438.86	1200	59.97463	0.0	1799178	278	1.2	24.616	14	1377	59.98500374906271
1634336442.83	1200	59.995394	0.0	1709916	277	1.2	28.616	15	1617	59.75
1634336447.28	1200	59.45212	0.0	1771595	276	1.2	32.616	15	1857	60
1634336451.22	1200	59.469977	0.0	1761173	282	1.2	36.617	15	2097	59.98500374906277
1634336455.17	1200	59.489161	0.0	1733302	257	1.2	40.617	15	2337	60
1634336459.18	1200	59.506582	0.0	1784941	322	1.2	44.618	16	2577	59.73506623344157
1634336462.68	1200	59.889204	0.0	1702509	227	1.2	48.617	16	2817	60.01500375093781
1634336466.66	1200	59.906592	0.0	1694307	283	1.2	52.617	16	3057	60
1634336470.66	1200	59.93161	0.0	1839362	303	1.2	56.617	16	3297	60
1634336474.64	1200	59.953621	0.0	1715553	278	1.2	60.618	16	3537	59.98500374906266
1634336478.62	1200	59.967508	0.0	1737144	273	1.2	64.618	16	3777	60.00000000000011
1634336482.61	1200	59.99719	0.0	1718570	296	1.2	68.619	16	4017	59.98500374906266
1634336487.07	1200	59.767495	0.0	1799075	270	1.2	72.618	16	4257	60.01500375093781
1634336491.09	1200	59.511845	0.0	1764247	278	1.2	76.618	17	4497	59.75
1634336495.06	1200	59.535963	0.0	1792164	276	1.2	80.619	17	4737	59.98500374906266
1634336499.1	1200	59.553149	0.0	1923129	299	1.2	84.619	19	4978	59.75
1634336503.07	1200	59.614553	0.0	1619018	240	1.2	88.62	19	5218	59.98500374906266
1634336507.1	1200	59.636145	0.0	1766623	301	1.2	92.622	19	5458	59.97001499250382
1634336510.63	1200	59.945316	0.0	1805304	331	1.2	96.619	19	5698	60.0450337753315
1634336515.1	1200	59.683334	0.0	1754155	252	1.2	100.62	19	5938	59.98500374906266
1634336519.07	1200	59.696074	0.0	1739691	246	1.2	104.621	19	6178	59.98500374906288
1634336523.03	1200	59.715609	0.0	1734417	265	1.2	108.621	19	6418	60
1634336527.04	1200	59.745539	0.0	1932720	300	1.2	112.621	20	6658	59.75
1634336531.08	1200	59.770482	0.0	2017647	336	1.2	116.622	20	6898	59.98500374906266
1634336535.08	1200	59.51397	0.0	1827933	303	1.2	120.622	22	7138	59.5
