1634339195.26	750	4	0.155	391964	77	-0.6615	0	0	0	0
1634339195.57	1200	8	0.0	1027639	157	0.75	0	0	0	0
1634339195.94	1200	12	0.0	1094547	182	1.2	0	0	0	0
1634339196.22	1200	16	0.0	1068941	172	1.2	0	0	0	0
1634339196.54	1200	20	0.0	1069226	173	1.2	0	0	0	0
1634339196.83	1200	23.915914	0.0	1157353	185	1.2	0	0	0	0
1634339197.18	1200	27.593948	0.0	1168829	184	1.2	0	0	0	0
1634339197.51	1200	31.231032	0.0	1093471	175	1.2	0	0	0	0
1634339197.79	1200	34.948556	0.0	1020028	150	1.2	0	0	0	0
1634339198.09	1200	38.666667	0.0	1051427	162	1.2	0	0	0	0
1634339198.38	1200	42.383464	0.0	1070992	169	1.2	0	0	0	0
1634339198.78	1200	45.979999	0.0	1063461	274	1.2	5.275	0	56	0
1634339199.05	1200	49.697625	0.0	1074096	133	1.2	5.275	0	56	0
1634339199.34	1200	53.415579	0.0	1080192	172	1.2	5.275	0	56	0
1634339199.67	1200	57.093498	0.0	1139934	172	1.2	5.275	0	56	0
1634339201.51	1200	59.469153	0.0	1145330	182	1.2	5.275	0	56	0
1634339205.45	1200	59.495966	0.0	1173744	175	1.2	9.274	0	176	30.007501875468876
1634339209.3	1200	59.557089	0.0	1061602	172	1.2	13.274	0	296	30
1634339213.16	1200	59.871728	0.0	1076224	164	1.2	17.275	0	416	29.99250187453137
1634339217.06	1200	59.89581	0.0	1068038	193	1.2	21.275	0	536	30
1634339220.92	1200	59.930079	0.0	1097493	168	1.2	25.275	0	656	30
1634339225.26	1200	59.670553	0.0	1072339	169	1.2	29.275	0	776	30
1634339229.09	1200	59.711779	0.0	1067889	169	1.2	33.276	0	896	29.99250187453133
1634339233.41	1200	59.459528	0.0	1067959	169	1.2	37.276	0	1016	30
1634339237.25	1200	59.775684	0.0	1077712	158	1.2	41.276	0	1136	30
1634339241.06	1200	59.796062	0.0	1138441	176	1.2	45.277	0	1256	29.992501874531385
1634339245.42	1200	59.535801	0.0	1027213	166	1.2	49.276	0	1376	30.00750187546885
1634339249.34	1200	59.591846	0.0	1019513	239	1.2	53.277	0	1496	29.992501874531385
1634339253.19	1200	59.611118	0.0	1030601	131	1.2	57.277	0	1616	30
1634339257.03	1200	59.92288	0.0	1059459	177	1.2	61.278	0	1736	29.992501874531385
1634339260.86	1200	59.954052	0.0	1058483	122	1.2	65.278	0	1856	29.999999999999947
1634339265.18	1200	59.7	0.0	1026788	163	1.2	69.278	0	1976	30
1634339269.03	1200	59.747575	0.0	1034920	166	1.2	73.279	0	2096	29.99250187453144
1634339273.36	1200	59.516213	0.0	1024487	158	1.2	77.279	0	2216	30
1634339277.22	1200	59.820272	0.0	1088769	179	1.2	81.278	0	2336	30.007501875468797
1634339281.1	1200	59.833334	0.0	1213691	192	1.2	85.279	0	2456	29.99250187453144
1634339284.95	1200	59.847935	0.0	996535	177	1.2	89.285	0	2576	29.955067398901647
1634339289.32	1200	59.627721	0.0	1040309	148	1.2	93.286	0	2696	29.99250187453133
1634339293.16	1200	59.64694	0.0	1135519	153	1.2	97.286	0	2816	30
1634339297.0	1200	59.965164	0.0	1080635	177	1.2	101.286	0	2936	30
1634339300.79	1200	59.99499	0.0	1037366	158	1.2	105.286	0	3056	30
1634339305.15	1200	59.721209	0.0	1075257	172	1.2	109.287	0	3176	29.99250187453133
1634339309.03	1200	59.752728	0.0	1145173	198	1.2	113.287	0	3296	30
1634339313.38	1200	59.527201	0.0	1216507	209	1.2	117.287	0	3416	30
1634339317.26	1200	59.543961	0.0	1142437	169	1.2	121.287	0	3536	30
