1634353848.8	750	4	0.183	391964	98	-0.7818999999999999	0	0	0	0
1634353849.04	300	8	0.0	212073	44	-0.15000000000000002	0	0	0	0
1634353849.16	300	12	0.0	209182	22	0.3	0	0	0	0
1634353849.3	300	16	0.0	227172	14	0.3	0	0	0	0
1634353849.43	300	20	0.0	238359	50	0.3	0	0	0	0
1634353849.55	300	24	0.0	239351	40	0.3	0	0	0	0
1634353849.73	300	28	0.0	228239	92	0.3	0	0	0	0
1634353849.88	300	32	0.0	217009	36	0.3	0	0	0	0
1634353850.03	300	36	0.0	207641	28	0.3	0	0	0	0
1634353850.16	300	40	0.0	218897	36	0.3	0	0	0	0
1634353850.3	300	43.954337	0.0	219759	57	0.3	0	0	0	0
1634353850.41	300	47.833613	0.0	203704	31	0.3	0	0	0	0
1634353850.54	300	51.712804	0.0	211384	41	0.3	0	0	0	0
1634353850.66	300	55.591294	0.0	213546	31	0.3	0	0	0	0
1634353850.79	300	59.46872	0.0	246294	39	0.3	0	0	0	0
1634353854.95	300	59.462336	0.0	253840	38	0.3	5.231	0	55	0
1634353858.68	300	59.785138	0.0	239526	45	0.3	9.231	0	175	30
1634353862.88	300	59.520682	0.0	208664	35	0.3	13.231	0	295	30
1634353866.63	300	59.8202	0.0	215978	60	0.3	17.232	0	415	29.99250187453137
1634353870.85	300	59.552994	0.0	214741	34	0.3	21.232	0	535	30
1634353874.59	300	59.861496	0.0	229698	63	0.3	25.235	0	656	30.227329502872845
1634353878.81	300	59.593474	0.0	216304	41	0.3	29.235	0	776	30
1634353882.48	300	59.905652	0.0	219079	36	0.3	33.235	0	896	30
1634353886.66	300	59.660939	0.0	220595	48	0.3	37.236	0	1016	29.992501874531385
1634353890.35	300	59.968051	0.0	208066	49	0.3	41.238	0	1136	29.985007496251857
1634353894.54	300	59.993596	0.0	217725	41	0.3	45.242	0	1256	29.970029970029987
1634353898.72	300	59.735562	0.0	207408	32	0.3	49.242	0	1376	30
1634353902.93	300	59.464814	0.0	202241	65	0.3	53.242	0	1496	30
1634353906.62	300	59.767635	0.0	213768	43	0.3	57.242	0	1616	30
1634353910.81	300	59.503206	0.0	206170	34	0.3	61.242	0	1736	30
1634353914.5	300	59.847877	0.0	209147	36	0.3	65.243	0	1856	29.992501874531385
1634353918.71	300	59.589535	0.0	203399	42	0.3	69.243	0	1976	30
1634353922.41	300	59.893835	0.0	208834	58	0.3	73.243	0	2096	30
1634353926.61	300	59.915127	0.0	210493	45	0.3	77.243	0	2216	30
1634353930.81	300	59.628881	0.0	214341	67	0.3	81.243	0	2336	30
1634353934.54	300	59.933334	0.0	236978	52	0.3	85.244	0	2456	29.99250187453133
1634353938.77	300	59.708118	0.0	206432	62	0.3	89.244	0	2576	30
1634353942.99	300	59.451455	0.0	213940	43	0.3	93.244	0	2696	30
1634353946.64	300	59.789843	0.0	217550	34	0.3	97.244	0	2816	30
1634353950.83	300	59.527647	0.0	217543	53	0.3	101.244	0	2936	30
1634353954.57	300	59.82697	0.0	207114	52	0.3	105.245	0	3056	29.99250187453133
1634353958.78	300	59.561596	0.0	230790	66	0.3	109.245	0	3176	30
1634353962.44	300	59.866667	0.0	242484	43	0.3	113.266	0	3297	30.09201691121611
1634353966.68	300	59.885299	0.0	244433	68	0.3	117.266	0	3417	30
1634353970.82	300	59.613926	0.0	245567	40	0.3	121.268	0	3537	29.98500749625191
