1634328144.37	750	4	0.147	391964	70	-0.6271	0	0	0	0
1634328144.58	300	8	0.0	212073	35	-0.15000000000000002	0	0	0	0
1634328144.7	300	12	0.0	209182	28	0.3	0	0	0	0
1634328144.82	300	16	0.0	227172	38	0.3	0	0	0	0
1634328144.95	300	20	0.0	238359	44	0.3	0	0	0	0
1634328145.07	300	23.958131	0.0	239351	33	0.3	0	0	0	0
1634328145.19	300	27.837389	0.0	228239	38	0.3	0	0	0	0
1634328145.31	300	31.756733	0.0	217009	35	0.3	0	0	0	0
1634328145.44	300	35.59604	0.0	207641	35	0.3	0	0	0	0
1634328145.58	300	39.475206	0.0	218897	39	0.3	0	0	0	0
1634328145.74	300	43.31327	0.0	219759	38	0.3	0	0	0	0
1634328145.88	300	47.192232	0.0	203704	38	0.3	0	0	0	0
1634328146.04	300	50.989371	0.0	211384	30	0.3	0	0	0	0
1634328146.19	300	54.868696	0.0	213546	39	0.3	0	0	0	0
1634328146.33	300	58.706548	0.0	246294	44	0.3	0	0	0	0
1634328149.49	300	59.740672	0.0	253840	47	0.3	4.597	0	84	0
1634328153.69	300	59.471394	0.0	239526	48	0.3	8.596	0	204	30.00750187546887
1634328157.35	300	59.778062	0.0	208664	34	0.3	12.597	0	324	29.99250187453137
1634328161.51	300	59.801499	0.0	215978	27	0.3	16.597	0	444	29.999999999999986
1634328165.68	300	59.539614	0.0	214741	41	0.3	20.598	0	564	29.992501874531385
1634328169.37	300	59.841037	0.0	229698	36	0.3	24.597	0	684	30.00750187546885
1634328173.55	300	59.566667	0.0	216304	47	0.3	28.598	0	804	29.992501874531385
1634328177.26	300	59.900903	0.0	219079	36	0.3	32.598	0	924	30
1634328181.47	300	59.639892	0.0	220595	51	0.3	36.598	0	1044	30
1634328185.15	300	59.963271	0.0	208066	38	0.3	40.598	0	1164	30
1634328189.34	300	59.733334	0.0	217725	34	0.3	44.599	0	1284	29.992501874531385
1634328193.56	300	59.514104	0.0	207408	43	0.3	48.613	0	1405	30.144494270054786
1634328197.24	300	59.843866	0.0	202241	33	0.3	52.613	0	1525	30
1634328201.43	300	59.864131	0.0	213768	34	0.3	56.614	0	1645	29.992501874531385
1634328205.58	300	59.585515	0.0	206170	35	0.3	60.614	0	1765	30
1634328209.31	300	59.926188	0.0	209147	59	0.3	64.614	0	1885	29.999999999999947
1634328213.48	300	59.686097	0.0	203399	12	0.3	68.614	0	2005	30
1634328217.21	300	59.978035	0.0	208834	61	0.3	72.615	0	2125	29.99250187453144
1634328221.37	300	59.713522	0.0	210493	40	0.3	76.615	0	2245	30
1634328225.54	300	59.735088	0.0	214341	41	0.3	80.615	0	2365	30
1634328229.75	300	59.466667	0.0	236978	46	0.3	84.645	0	2486	30.02481389578163
1634328233.46	300	59.806227	0.0	206432	40	0.3	88.648	0	2606	29.977516862353234
1634328237.62	300	59.551004	0.0	213940	39	0.3	92.648	0	2726	30
1634328241.29	300	59.84978	0.0	217550	35	0.3	96.648	0	2846	30
1634328245.49	300	59.593317	0.0	217543	41	0.3	100.648	0	2966	30
1634328249.17	300	59.889513	0.0	207114	47	0.3	104.649	0	3086	29.99250187453133
1634328253.35	300	59.903465	0.0	230790	44	0.3	108.65	0	3206	29.99250187453133
1634328257.53	300	59.644217	0.0	242484	50	0.3	112.65	0	3326	30
1634328261.2	300	59.929361	0.0	244433	41	0.3	116.649	0	3446	30.007501875468904
1634328265.39	300	59.938353	0.0	245567	45	0.3	120.651	0	3566	29.98500749625191
