1634357392.12	750	4	0.141	427465	73	-0.6013	0	0	0	0
1634357392.3	300	8	0.0	474035	84	-0.15000000000000002	0	0	0	0
1634357392.47	300	12	0.0	448326	68	0.3	0	0	0	0
1634357392.66	300	16	0.0	480048	73	0.3	0	0	0	0
1634357392.87	300	19.913139	0.0	488788	49	0.3	0	0	0	0
1634357393.04	300	23.711763	0.0	487141	70	0.3	0	0	0	0
1634357393.22	300	27.550516	0.0	483526	73	0.3	0	0	0	0
1634357393.41	300	31.347963	0.0	460688	74	0.3	0	0	0	0
1634357393.59	300	35.186412	0.0	444206	72	0.3	0	0	0	0
1634357393.81	300	38.984588	0.0	461617	77	0.3	0	0	0	0
1634357394.03	300	42.742506	0.0	450479	75	0.3	0	0	0	0
1634357394.22	300	46.540825	0.0	473222	81	0.3	0	0	0	0
1634357394.4	300	50.379792	0.0	450253	73	0.3	0	0	0	0
1634357394.57	300	54.178396	0.0	458340	76	0.3	0	0	0	0
1634357394.77	300	58.017153	0.0	501721	100	0.3	0	0	0	0
1634357396.95	300	59.995415	0.0	502943	81	0.3	4.615	0	169	0
1634357401.2	300	59.735654	0.0	495208	89	0.3	8.615	0	409	60
1634357405.47	300	59.475056	0.0	476785	59	0.3	12.617	0	649	59.970014992503735
1634357409.19	300	59.778993	0.0	470301	65	0.3	16.617	0	889	60
1634357412.94	300	59.833681	0.0	478876	77	0.3	20.619	0	1129	59.97001499250376
1634357417.16	300	59.861915	0.0	478683	79	0.3	24.618	0	1369	60.01500375093775
1634357421.39	300	59.608326	0.0	433197	72	0.3	28.619	0	1609	59.98500374906271
1634357425.11	300	59.914892	0.0	463002	69	0.3	32.619	0	1849	60
1634357428.86	300	59.937036	0.0	477800	87	0.3	36.619	0	2089	60
1634357433.09	300	59.955952	0.0	456630	67	0.3	40.62	0	2329	59.98500374906277
1634357436.82	300	59.987278	0.0	459893	71	0.3	44.62	0	2569	60
1634357441.04	300	59.729937	0.0	426253	74	0.3	48.621	0	2809	59.98500374906266
1634357445.28	300	59.752921	0.0	431643	75	0.3	52.62	0	3049	60.01500375093781
1634357449.03	300	59.776204	0.0	467241	71	0.3	56.625	0	3289	59.92509363295876
1634357453.25	300	59.518098	0.0	442868	70	0.3	60.625	0	3529	60
1634357456.99	300	59.826488	0.0	437041	73	0.3	64.626	0	3769	59.98500374906266
1634357461.24	300	59.566667	0.0	436753	65	0.3	68.625	0	4009	60.01500375093781
1634357464.98	300	59.879416	0.0	457086	79	0.3	72.626	0	4249	59.98500374906266
1634357469.21	300	59.620331	0.0	471069	72	0.3	76.627	0	4489	59.98500374906288
1634357472.95	300	59.93821	0.0	470476	75	0.3	80.627	0	4729	60
1634357477.17	300	59.683863	0.0	478853	79	0.3	84.627	0	4969	60
1634357481.4	300	59.46138	0.0	425308	76	0.3	88.627	0	5209	60
1634357485.12	300	59.767293	0.0	436762	72	0.3	92.629	0	5449	59.97001499250361
1634357489.33	300	59.500234	0.0	447413	66	0.3	96.629	0	5689	60
1634357493.06	300	59.812082	0.0	442185	67	0.3	100.63	0	5929	59.98500374906288
1634357497.27	300	59.552267	0.0	447309	75	0.3	104.629	0	6169	60.015003750937595
1634357501.03	300	59.855873	0.0	475738	103	0.3	108.63	0	6409	59.98500374906288
1634357505.27	300	59.600421	0.0	506145	89	0.3	112.63	0	6649	60
1634357508.99	300	59.907733	0.0	493441	76	0.3	116.631	0	6889	59.98500374906266
1634357513.21	300	59.652324	0.0	480118	80	0.3	120.631	0	7129	60
