1634310314.15	750	4	0.178	427465	88	-0.7604	0	0	0	0
1634310314.61	1200	8	0.0	1719226	279	0.75	0	0	0	0
1634310315.15	1200	12	0.0	1824230	325	1.2	0	0	0	0
1634310315.66	1200	16	0.0	1882039	348	1.2	0	0	0	0
1634310316.15	1200	19.756451	0.0	1838337	333	1.2	0	0	0	0
1634310316.69	1200	23.233334	0.0	1953398	356	1.2	0	0	0	0
1634310317.23	1200	26.716667	0.0	1841430	346	1.2	0	0	0	0
1634310317.72	1200	30.22182	0.0	1838080	331	1.2	5.241	3	93	0
1634310318.22	1200	33.7	0.0	1692604	334	1.2	5.241	3	93	0
1634310318.74	1200	37.2	0.0	1727189	306	1.2	5.241	3	93	0
1634310319.19	1200	40.727469	0.0	1715705	299	1.2	5.241	3	93	0
1634310319.68	1200	44.243263	0.0	1729349	319	1.2	5.241	3	93	0
1634310320.14	1200	47.799047	0.0	1754261	303	1.2	5.241	3	93	0
1634310320.67	1200	51.283334	0.0	1778755	301	1.2	5.241	3	93	0
1634310321.92	1200	54.016667	0.0	1915304	1076	1.2	9.241	8	332	58.5
1634310322.52	1200	57.45	0.0	1992580	386	1.2	9.241	8	332	58.5
1634310324.09	1200	59.831285	0.0	2012653	363	1.2	9.241	8	332	58.5
1634310328.11	1200	59.85882	0.0	1822103	340	1.2	13.241	14	573	58.75
1634310332.18	1200	59.937204	0.0	1832177	354	1.2	17.241	14	813	60
1634310336.3	1200	59.673395	0.0	1820480	372	1.2	21.243	14	1053	59.97001499250376
1634310340.35	1200	59.697438	0.0	1799178	357	1.2	25.244	15	1293	59.73506623344162
1634310344.51	1200	59.731442	0.0	1709916	361	1.2	29.245	16	1533	59.73506623344162
1634310348.7	1200	59.47421	0.0	1771595	324	1.2	33.244	16	1773	60.01500375093775
1634310353.09	1200	59.554557	0.0	1761173	345	1.2	37.252	18	2013	59.38123752495006
1634310356.36	1200	59.706073	0.0	1733302	343	1.2	41.253	18	2253	59.98500374906277
