1634291889.93	750	4	0.202	427465	76	-0.8635999999999999	0	0	0	0
1634291890.71	1850	8	0.0	3156042	529	0.75	0	0	0	0
1634291891.45	1850	11.874277	0.0	3331786	507	1.85	0	0	0	0
1634291892.21	1850	15.116667	0.0	3470899	546	1.85	0	0	0	0
1634291892.98	1850	18.366667	0.0	3391540	544	1.85	0	0	0	0
1634291893.81	1850	21.566667	0.0	3653733	587	1.85	5.242	7	120	0
1634291894.62	1850	24.733334	0.0	3500753	540	1.85	5.242	7	120	0
1634291895.4	1850	28	0.0	3417687	568	1.85	5.242	7	120	0
1634291896.28	1850	31.083334	0.0	3185216	620	1.85	5.242	7	120	0
1634291897.04	1850	34.316667	0.0	3286263	522	1.85	5.242	7	120	0
1634291897.73	1850	37.6	0.0	3082343	370	1.85	9.242	55	359	47.74999999999999
1634291898.47	1850	40.866667	0.0	3170736	511	1.85	9.242	55	359	47.74999999999999
1634291899.28	1850	44.066667	0.0	3196938	564	1.85	9.242	55	359	47.74999999999999
1634291899.99	1850	47.316667	0.0	3228009	513	1.85	9.242	55	359	47.74999999999999
1634291900.77	1850	50.566667	0.0	3513138	543	1.85	9.242	55	359	47.74999999999999
1634291901.58	1850	53.75	0.0	3686191	576	1.85	13.241	65	600	57.76444111027759
1634291902.35	1850	56.983334	0.0	3630324	577	1.85	13.241	65	600	57.76444111027759
1634291903.6	1850	59.763942	0.0	3348330	540	1.85	13.241	65	600	57.76444111027759
1634291907.83	1850	59.522715	0.0	3272823	515	1.85	17.241	73	840	58
1634291911.65	1850	59.794966	0.0	3263947	540	1.85	21.245	79	1080	58.44155844155842
1634291916.35	1850	59.541157	0.0	3246736	512	1.85	25.245	82	1320	59.25
1634291919.67	1850	59.779267	0.0	3067619	495	1.85	29.245	84	1560	59.5
1634291923.73	1850	59.83934	0.0	3258491	574	1.85	33.246	86	1800	59.48512871782053
1634291927.75	1850	59.747533	0.0	3217708	534	1.85	37.249	118	2040	51.96102922807894
1634291932.24	1850	59.49307	0.0	3168556	507	1.85	41.245	122	2280	59.05905905905913
