1634315600.16	750	4	0.222	427465	81	-0.9495999999999999	0	0	0	0
1634315601.22	2850	8	0.0	4860073	801	0.75	0	0	0	0
1634315602.35	2850	11.666667	0.0	5306756	866	2.85	0	0	0	0
1634315603.62	2850	14.383334	0.0	5542685	1021	2.85	5.444	6	88	0
1634315604.94	2850	17.1	0.0	5302108	1042	2.85	5.444	6	88	0
1634315606.21	2850	19.983334	0.0	5631224	1003	2.85	5.444	6	88	0
1634315607.57	2850	22.5	0.0	5641793	1053	2.85	9.443	54	328	48.01200300075019
1634315609.63	2850	24.433334	0.0	5361170	1748	2.85	9.443	54	328	48.01200300075019
1634315611.05	2850	26.983334	0.0	5091418	1085	2.85	9.443	54	328	48.01200300075019
1634315612.36	2850	29.666667	0.0	5227125	1001	2.85	13.444	98	568	48.98775306173455
1634315613.52	2850	32.466667	0.0	4841602	921	2.85	13.444	98	568	48.98775306173455
1634315614.8	2850	35.25	0.0	4865486	958	2.85	13.444	98	568	48.98775306173455
