1634294131.8	750	4	0.164	427465	77	-0.7001999999999999	0	0	0	0
1634294132.0	300	8	0.0	474035	88	-0.15000000000000002	0	0	0	0
1634294132.2	300	12	0.0	448326	70	0.3	0	0	0	0
1634294132.39	300	16	0.0	480048	72	0.3	0	0	0	0
1634294132.57	300	19.837909	0.0	488788	92	0.3	0	0	0	0
1634294132.76	300	23.636561	0.0	487141	86	0.3	0	0	0	0
1634294132.96	300	27.475202	0.0	483526	72	0.3	0	0	0	0
1634294133.17	300	31.233334	0.0	460688	79	0.3	0	0	0	0
1634294133.38	300	35.031697	0.0	444206	77	0.3	0	0	0	0
1634294133.6	300	38.829343	0.0	461617	89	0.3	0	0	0	0
1634294133.81	300	42.626634	0.0	450479	72	0.3	0	0	0	0
1634294134.02	300	46.381674	0.0	473222	72	0.3	0	0	0	0
1634294134.22	300	50.180053	0.0	450253	72	0.3	0	0	0	0
1634294134.4	300	54.018641	0.0	458340	76	0.3	0	0	0	0
1634294134.6	300	57.816973	0.0	501721	79	0.3	0	0	0	0
1634294136.8	300	59.75	0.0	502943	74	0.3	4.606	0	172	0
1634294141.03	300	59.487143	0.0	495208	88	0.3	8.605	0	412	60.01500375093772
1634294144.76	300	59.790871	0.0	476785	82	0.3	12.605	0	652	60
1634294149.0	300	59.527529	0.0	470301	69	0.3	16.605	0	892	60
1634294152.76	300	59.843518	0.0	478876	81	0.3	20.605	0	1132	60
1634294157.04	300	59.580938	0.0	478683	75	0.3	24.606	0	1372	59.98500374906271
1634294160.77	300	59.88989	0.0	433197	69	0.3	28.606	0	1612	60
1634294164.99	300	59.628709	0.0	463002	72	0.3	32.606	0	1852	60
1634294168.72	300	59.935492	0.0	477800	71	0.3	36.607	0	2092	59.98500374906277
1634294172.96	300	59.723476	0.0	456630	80	0.3	40.608	0	2332	59.98500374906277
1634294176.69	300	59.752651	0.0	459893	69	0.3	44.609	0	2572	59.98500374906266
1634294180.92	300	59.496546	0.0	426253	97	0.3	48.608	0	2812	60.01500375093781
1634294184.65	300	59.8	0.0	431643	91	0.3	52.609	0	3052	59.98500374906266
1634294188.99	300	59.545427	0.0	467241	74	0.3	56.609	0	3292	60
1634294192.73	300	59.848438	0.0	442868	75	0.3	60.609	0	3532	60
1634294196.94	300	59.592466	0.0	437041	66	0.3	64.609	0	3772	60.00000000000011
1634294200.68	300	59.983334	0.0	436753	75	0.3	68.61	0	4012	59.98500374906266
1634294204.9	300	59.766667	0.0	457086	69	0.3	72.61	0	4252	60
1634294209.13	300	59.502775	0.0	471069	77	0.3	76.61	0	4492	60
1634294212.85	300	59.816967	0.0	470476	76	0.3	80.611	0	4732	59.98500374906266
1634294217.06	300	59.554229	0.0	478853	66	0.3	84.612	0	4972	59.98500374906288
1634294220.81	300	59.857216	0.0	425308	70	0.3	88.611	0	5212	60.015003750937595
1634294225.02	300	59.600597	0.0	436762	65	0.3	92.612	0	5452	59.98500374906288
1634294228.82	300	59.621861	0.0	447413	83	0.3	96.613	0	5693	60.234941264683755
1634294232.57	300	59.92797	0.0	442185	89	0.3	100.614	0	5933	59.98500374906266
1634294236.78	300	59.66933	0.0	447309	65	0.3	104.613	0	6173	60.01500375093781
1634294240.5	300	59.97891	0.0	475738	77	0.3	108.614	0	6413	59.98500374906266
1634294244.74	300	59.725756	0.0	506145	83	0.3	112.617	0	6653	59.95503372470647
1634294248.99	300	59.459996	0.0	493441	124	0.3	116.616	0	6893	60.01500375093781
1634294252.7	300	59.771937	0.0	480118	88	0.3	120.617	0	7133	59.98500374906266
