1634350369.83	750	4	0.169	427465	79	-0.7216999999999999	0	0	0	0
1634350370.12	750	8	0.0	647387	115	0.75	0	0	0	0
1634350370.34	750	12	0.0	677925	123	0.75	0	0	0	0
1634350370.55	750	15.7974	0.0	706841	121	0.75	0	0	0	0
1634350370.79	750	19.596142	0.0	701203	115	0.75	0	0	0	0
1634350371.07	750	23.314377	0.0	737962	143	0.75	0	0	0	0
1634350371.34	750	27.031525	0.0	699376	116	0.75	0	0	0	0
1634350371.62	750	30.75	0.0	691941	118	0.75	0	0	0	0
1634350371.84	750	34.547725	0.0	635193	111	0.75	0	0	0	0
1634350372.08	750	38.305292	0.0	655855	124	0.75	0	0	0	0
1634350372.29	750	42.063358	0.0	626785	106	0.75	0	0	0	0
1634350372.51	750	45.861766	0.0	641824	112	0.75	0	0	0	0
1634350372.75	750	49.616667	0.0	657300	99	0.75	0	0	0	0
1634350372.95	750	53.414791	0.0	650171	104	0.75	0	0	0	0
1634350373.22	750	57.172651	0.0	713528	116	0.75	0	0	0	0
1634350375.02	750	59.468573	0.0	758246	134	0.75	4.673	0	178	0
1634350378.87	750	59.770978	0.0	743893	139	0.75	8.662	0	417	59.91476560541488
1634350382.72	750	59.830936	0.0	682559	174	0.75	12.663	0	657	59.98500374906274
1634350386.52	750	59.893667	0.0	689486	86	0.75	16.663	0	897	60
1634350390.83	750	59.631303	0.0	689027	165	0.75	20.664	0	1137	59.98500374906271
1634350394.61	750	59.948099	0.0	673540	118	0.75	24.664	0	1377	60
1634350398.4	750	59.976578	0.0	640816	143	0.75	28.664	0	1617	60
1634350402.69	750	59.711663	0.0	681370	132	0.75	32.665	0	1857	59.98500374906277
1634350406.99	750	59.445442	0.0	689141	144	0.75	36.665	0	2097	60
1634350410.75	750	59.739199	0.0	656898	112	0.75	40.665	0	2337	60
1634350415.03	750	59.504928	0.0	670951	127	0.75	44.666	0	2577	59.98500374906277
1634350418.8	750	59.811699	0.0	618544	125	0.75	48.666	0	2817	60
1634350422.66	750	59.833334	0.0	618247	163	0.75	52.665	0	3057	60.0150037509377
1634350426.96	750	59.576792	0.0	671894	142	0.75	56.666	0	3297	59.98500374906277
1634350430.74	750	59.88704	0.0	642169	119	0.75	60.666	0	3537	60
1634350434.51	750	59.907034	0.0	635411	116	0.75	64.675	0	3778	60.11474183088051
1634350438.78	750	59.642663	0.0	644615	94	0.75	68.675	0	4018	60
1634350442.57	750	59.945123	0.0	672342	145	0.75	72.675	0	4258	60
1634350446.86	750	59.681334	0.0	666301	137	0.75	76.676	0	4498	59.98500374906266
1634350450.67	750	59.981958	0.0	665276	150	0.75	80.676	0	4738	60
1634350454.99	750	59.434163	0.0	696340	163	0.75	84.676	0	4978	60
1634350458.78	750	59.735621	0.0	634337	126	0.75	88.676	0	5218	60
1634350462.63	750	59.763776	0.0	642800	182	0.75	92.677	0	5458	59.98500374906266
1634350466.92	750	59.510823	0.0	660587	104	0.75	96.677	0	5698	60
1634350470.72	750	59.824223	0.0	654618	133	0.75	100.677	0	5938	60
1634350475.02	750	59.558235	0.0	644116	134	0.75	104.677	0	6178	60
1634350478.84	750	59.611024	0.0	677809	8	0.75	108.685	0	6418	59.88023952095815
1634350482.63	750	59.914296	0.0	722701	134	0.75	112.686	0	6658	59.98500374906266
1634350486.46	750	59.934638	0.0	750718	179	0.75	116.686	0	6898	60
1634350490.76	750	59.667077	0.0	708690	144	0.75	120.686	0	7139	60.25
