1634335789.31	750	4	0.16	427465	69	-0.6829999999999999	0	0	0	0
1634335790.06	1850	7.919029	0.0	3156042	547	0.75	0	0	0	0
1634335790.8	1850	11.216667	0.0	3331786	527	1.85	0	0	0	0
1634335791.58	1850	14.433334	0.0	3470899	550	1.85	0	0	0	0
1634335792.35	1850	17.666667	0.0	3391540	552	1.85	0	0	0	0
1634335793.12	1850	20.883334	0.0	3653733	568	1.85	4.589	10	171	0
1634335793.95	1850	24.116667	0.0	3500753	561	1.85	4.589	10	171	0
1634335794.68	1850	27.333334	0.0	3417687	523	1.85	4.589	10	171	0
1634335795.4	1850	30.633334	0.0	3185216	499	1.85	4.589	10	171	0
1634335796.15	1850	33.883334	0.0	3286263	516	1.85	4.589	10	171	0
1634335796.86	1850	37.133334	0.0	3082343	488	1.85	8.589	38	411	53
1634335797.54	1850	40.436984	0.0	3170736	499	1.85	8.589	38	411	53
1634335798.27	1850	43.75	0.0	3196938	501	1.85	8.589	38	411	53
1634335799.01	1850	47	0.0	3228009	503	1.85	8.589	38	411	53
1634335799.76	1850	50.233334	0.0	3513138	557	1.85	8.589	38	411	53
1634335800.57	1850	53.466667	0.0	3686191	584	1.85	8.589	38	411	53
1634335801.38	1850	56.65	0.0	3630324	573	1.85	12.591	61	651	54.22288855572216
1634335802.11	1850	59.872436	0.0	3348330	549	1.85	12.591	61	651	54.22288855572216
1634335806.34	1850	59.737892	0.0	3272823	499	1.85	16.591	70	891	57.74999999999997
1634335810.63	1850	59.479763	0.0	3263947	516	1.85	20.593	72	1131	59.470264867566236
1634335814.41	1850	59.82966	0.0	3246736	517	1.85	24.594	75	1371	59.23519120219943
1634335818.23	1850	59.859485	0.0	3067619	545	1.85	28.594	79	1611	59
1634335822.5	1850	59.6	0.0	3258491	528	1.85	32.594	83	1851	59
1634335826.26	1850	59.939865	0.0	3217708	500	1.85	36.594	85	2091	59.5
1634335830.49	1850	59.679995	0.0	3168556	477	1.85	40.595	87	2331	59.48512871782058
1634335834.24	1850	59.990595	0.0	3254799	505	1.85	44.595	89	2571	59.5
1634335838.49	1850	59.743497	0.0	3101633	506	1.85	48.595	93	2811	59
1634335842.28	1850	59.765481	0.0	3052590	538	1.85	52.595	97	3051	59
1634335846.6	1850	59.542385	0.0	3262551	564	1.85	56.596	99	3292	59.73506623344167
1634335850.42	1850	59.572713	0.0	3205725	508	1.85	60.596	101	3532	59.5
1634335854.29	1850	59.872846	0.0	3241632	602	1.85	64.596	109	3772	57.9999999999999
1634335858.09	1850	59.900101	0.0	3163365	566	1.85	68.596	111	4012	59.5
1634335862.49	1850	59.643772	0.0	3382463	601	1.85	72.597	118	4252	58.235441139715206
1634335866.35	1850	59.703295	0.0	3208848	563	1.85	76.602	123	4492	58.67665418227202
1634335870.32	1850	59.766667	0.0	3316907	704	1.85	80.602	125	4732	59.5
1634335874.72	1850	59.502665	0.0	3609809	791	1.85	84.602	139	4972	56.5
1634335878.18	1850	59.81135	0.0	3086911	651	1.85	88.602	143	5212	59
1634335882.25	1850	59.837365	0.0	3072632	631	1.85	92.603	146	5452	59.23519120219959
1634335886.17	1850	59.867035	0.0	3430637	643	1.85	96.602	152	5692	58.51462865716415
1634335890.49	1850	59.609089	0.0	3304164	559	1.85	100.603	158	5932	58.485378655336305
1634335894.29	1850	59.955156	0.0	3182442	570	1.85	104.602	160	6172	59.51487871967978
1634335898.04	1850	59.987676	0.0	3143744	502	1.85	108.604	164	6412	58.97051474262875
1634335902.34	1850	59.6935	0.0	3477665	557	1.85	112.604	170	6652	58.5
1634335906.28	1850	59.758291	0.0	3803623	621	1.85	116.605	190	6892	54.98625343664077
1634335910.6	1850	59.453409	0.0	3387153	551	1.85	120.605	207	7132	55.75
