1634313486.1	750	4	0.178	391964	88	-0.7604	0	0	0	0
1634313486.44	1200	8	0.0	1027639	184	0.75	0	0	0	0
1634313486.81	1200	12	0.0	1094547	247	1.2	0	0	0	0
1634313487.19	1200	16	0.0	1068941	176	1.2	0	0	0	0
1634313487.45	1200	20	0.0	1069226	159	1.2	0	0	0	0
1634313487.77	1200	24	0.0	1157353	203	1.2	0	0	0	0
1634313488.12	1200	27.75503	0.0	1168829	168	1.2	0	0	0	0
1634313488.45	1200	31.431823	0.0	1093471	199	1.2	0	0	0	0
1634313488.74	1200	35.145699	0.0	1020028	157	1.2	0	0	0	0
1634313489.05	1200	38.820908	0.0	1051427	187	1.2	0	0	0	0
1634313489.34	1200	42.538237	0.0	1070992	193	1.2	0	0	0	0
1634313489.8	1200	46.095405	0.0	1063461	173	1.2	5.41	0	50	0
1634313490.1	1200	49.77299	0.0	1074096	187	1.2	5.41	0	50	0
1634313490.39	1200	53.490193	0.0	1080192	177	1.2	5.41	0	50	0
1634313490.74	1200	57.167578	0.0	1139934	203	1.2	5.41	0	50	0
1634313492.59	1200	59.461562	0.0	1145330	193	1.2	5.41	0	50	0
1634313496.5	1200	59.48235	0.0	1173744	197	1.2	9.413	0	170	29.977516862353234
1634313500.4	1200	59.768192	0.0	1061602	224	1.2	13.413	0	290	30
1634313504.23	1200	59.790276	0.0	1076224	194	1.2	17.419	0	410	29.955067398901647
1634313508.1	1200	59.826764	0.0	1068038	196	1.2	21.419	0	530	30
1634313512.47	1200	59.559759	0.0	1097493	194	1.2	25.419	0	650	30
1634313516.29	1200	59.622707	0.0	1072339	188	1.2	29.42	0	770	29.992501874531357
1634313520.13	1200	59.942495	0.0	1067889	181	1.2	33.42	0	890	30
1634313523.96	1200	59.980381	0.0	1067959	171	1.2	37.42	0	1010	30
1634313528.31	1200	59.713557	0.0	1077712	173	1.2	41.42	0	1130	30
1634313532.17	1200	59.743845	0.0	1138441	179	1.2	45.429	0	1250	29.93265153404839
1634313536.52	1200	59.519772	0.0	1027213	167	1.2	49.421	0	1370	30.06012024048098
1634313540.31	1200	59.834658	0.0	1019513	164	1.2	53.421	0	1490	30
1634313544.09	1200	59.876777	0.0	1030601	153	1.2	57.421	0	1610	30
1634313548.38	1200	59.637389	0.0	1059459	151	1.2	61.421	0	1730	30
1634313552.17	1200	59.963105	0.0	1058483	172	1.2	65.422	0	1850	29.992501874531385
1634313556.54	1200	59.461031	0.0	1026788	162	1.2	69.422	0	1970	30
1634313560.41	1200	59.762759	0.0	1034920	180	1.2	73.423	0	2090	29.99250187453133
1634313564.26	1200	59.791933	0.0	1024487	172	1.2	77.423	0	2210	30
1634313568.17	1200	59.84041	0.0	1088769	175	1.2	81.422	0	2330	30.007501875468904
1634313572.04	1200	59.866667	0.0	1213691	199	1.2	85.423	0	2450	29.99250187453133
1634313576.41	1200	59.603463	0.0	996535	172	1.2	89.423	0	2570	30
1634313580.27	1200	59.633334	0.0	1040309	174	1.2	93.423	0	2690	30
1634313584.1	1200	59.955959	0.0	1135519	181	1.2	97.423	0	2810	30
1634313587.93	1200	59.990962	0.0	1080635	186	1.2	101.424	0	2930	29.99250187453133
1634313592.29	1200	59.743662	0.0	1037366	177	1.2	105.424	0	3050	30
1634313596.13	1200	59.776481	0.0	1075257	190	1.2	109.425	0	3170	29.99250187453144
1634313600.94	1200	59.522302	0.0	1145173	205	1.2	113.425	0	3290	30
1634313605.24	1200	59.561902	0.0	1216507	207	1.2	117.432	0	3411	30.197154978787086
1634313608.34	1200	59.697024	0.0	1142437	288	1.2	121.428	0	3530	29.779779779779815
