1634355983.82	750	4	0.154	427465	74	-0.6571999999999999	0	0	0	0
1634355984.25	1200	8	0.0	1719226	261	0.75	0	0	0	0
1634355984.68	1200	11.831696	0.0	1824230	295	1.2	0	0	0	0
1634355985.12	1200	15.387155	0.0	1882039	296	1.2	0	0	0	0
1634355985.65	1200	18.9	0.0	1838337	313	1.2	0	0	0	0
1634355986.12	1200	22.418261	0.0	1953398	301	1.2	0	0	0	0
1634355986.55	1200	25.975263	0.0	1841430	289	1.2	0	0	0	0
1634355987.03	1200	29.5	0.0	1838080	291	1.2	0	0	0	0
1634355987.45	1200	33.087129	0.0	1692604	268	1.2	4.634	3	166	0
1634355987.95	1200	36.6	0.0	1727189	294	1.2	4.634	3	166	0
1634355988.4	1200	40.115162	0.0	1715705	288	1.2	4.634	3	166	0
1634355988.89	1200	43.631043	0.0	1729349	322	1.2	4.634	3	166	0
1634355989.39	1200	47.116667	0.0	1754261	342	1.2	4.634	3	166	0
1634355989.9	1200	50.666667	0.0	1778755	294	1.2	4.634	3	166	0
1634355990.42	1200	54.116667	0.0	1915304	320	1.2	4.634	3	166	0
1634355990.89	1200	57.611898	0.0	1992580	318	1.2	4.634	3	166	0
1634355992.96	1200	59.828326	0.0	2012653	355	1.2	8.634	12	407	58
1634355996.96	1200	59.587014	0.0	1822103	287	1.2	12.637	13	647	59.70522108418686
1634356000.95	1200	59.611498	0.0	1832177	290	1.2	16.636	14	887	59.76494123530885
1634356004.94	1200	59.6372	0.0	1820480	285	1.2	20.637	14	1127	59.98500374906271
1634356008.91	1200	59.660882	0.0	1799178	272	1.2	24.637	14	1367	60
1634356012.9	1200	59.686513	0.0	1709916	261	1.2	28.638	16	1607	59.48512871782053
1634356016.93	1200	59.740713	0.0	1771595	287	1.2	32.638	17	1847	59.75000000000005
1634356020.94	1200	59.759654	0.0	1761173	310	1.2	36.639	17	2087	59.98500374906266
1634356024.96	1200	59.788234	0.0	1733302	306	1.2	40.639	19	2327	59.5
1634356028.96	1200	59.807068	0.0	1784941	284	1.2	44.639	19	2567	60
1634356032.92	1200	59.841135	0.0	1702509	280	1.2	48.639	19	2807	60
1634356036.89	1200	59.867502	0.0	1694307	264	1.2	52.641	19	3047	59.97001499250382
1634356040.95	1200	59.594684	0.0	1839362	310	1.2	56.64	22	3287	59.26481620405098
1634356044.92	1200	59.611506	0.0	1715553	289	1.2	60.641	22	3527	59.98500374906277
1634356048.93	1200	59.630678	0.0	1737144	306	1.2	64.641	22	3767	59.99999999999989
1634356052.89	1200	59.660649	0.0	1718570	271	1.2	68.642	22	4007	59.98500374906288
1634356056.9	1200	59.685786	0.0	1799075	277	1.2	72.642	23	4247	59.75
1634356060.87	1200	59.712207	0.0	1764247	272	1.2	76.642	23	4487	60
1634356064.91	1200	59.779647	0.0	1792164	302	1.2	80.642	25	4727	59.5
1634356068.95	1200	59.800525	0.0	1923129	296	1.2	84.643	26	4967	59.73506623344157
1634356072.92	1200	59.860192	0.0	1619018	283	1.2	88.643	26	5207	60
1634356076.92	1200	59.603097	0.0	1766623	296	1.2	92.643	26	5447	60
1634356080.88	1200	59.629958	0.0	1805304	280	1.2	96.644	26	5687	59.98500374906266
1634356084.84	1200	59.661273	0.0	1754155	276	1.2	100.644	26	5927	60
1634356088.78	1200	59.971554	0.0	1739691	273	1.2	104.644	26	6167	60
1634356092.77	1200	59.994624	0.0	1734417	267	1.2	108.645	27	6407	59.73506623344178
1634356096.79	1200	59.733901	0.0	1932720	303	1.2	112.644	29	6647	59.51487871967978
1634356100.83	1200	59.762563	0.0	2017647	313	1.2	116.645	31	6887	59.485128717820686
1634356104.84	1200	59.785506	0.0	1827933	287	1.2	120.662	33	7128	59.49713716703993
