1634327676.7	750	4	0.167	391964	83	-0.7131000000000001	0	0	0	0
1634327676.89	300	8	0.0	212073	40	-0.15000000000000002	0	0	0	0
1634327677.02	300	12	0.0	209182	38	0.3	0	0	0	0
1634327677.2	300	16	0.0	227172	83	0.3	0	0	0	0
1634327677.33	300	20	0.0	238359	36	0.3	0	0	0	0
1634327677.46	300	24	0.0	239351	37	0.3	0	0	0	0
1634327677.59	300	28	0.0	228239	38	0.3	0	0	0	0
1634327677.72	300	32	0.0	217009	41	0.3	0	0	0	0
1634327677.86	300	36	0.0	207641	39	0.3	0	0	0	0
1634327678.0	300	40	0.0	218897	53	0.3	0	0	0	0
1634327678.13	300	43.953884	0.0	219759	17	0.3	0	0	0	0
1634327678.25	300	47.832373	0.0	203704	34	0.3	0	0	0	0
1634327678.38	300	51.671332	0.0	211384	37	0.3	0	0	0	0
1634327678.52	300	55.550343	0.0	213546	42	0.3	0	0	0	0
1634327678.65	300	59.429604	0.0	246294	39	0.3	0	0	0	0
1634327682.88	300	59.452434	0.0	253840	38	0.3	5.145	0	57	0
1634327686.63	300	59.512373	0.0	239526	64	0.3	9.155	0	178	30.174563591022444
1634327690.3	300	59.817818	0.0	208664	38	0.3	13.155	0	298	30
1634327694.52	300	59.839	0.0	215978	44	0.3	17.155	0	418	29.999999999999986
1634327698.71	300	59.55775	0.0	214741	28	0.3	21.155	0	538	30
1634327702.42	300	59.859078	0.0	229698	46	0.3	25.155	0	658	30
1634327706.61	300	59.589433	0.0	216304	46	0.3	29.156	0	778	29.992501874531385
1634327710.29	300	59.891945	0.0	219079	43	0.3	33.156	0	898	30
1634327714.47	300	59.900395	0.0	220595	35	0.3	37.156	0	1018	30
1634327718.15	300	59.930568	0.0	208066	35	0.3	41.157	0	1138	29.992501874531385
1634327722.32	300	59.953901	0.0	217725	29	0.3	45.158	0	1258	29.99250187453133
1634327726.52	300	59.676032	0.0	207408	30	0.3	49.157	0	1378	30.007501875468904
1634327730.21	300	59.981365	0.0	202241	34	0.3	53.157	0	1498	30
1634327734.39	300	59.759953	0.0	213768	9	0.3	57.159	0	1618	29.985007496251857
1634327738.58	300	59.501673	0.0	206170	42	0.3	61.16	0	1738	29.992501874531385
1634327742.26	300	59.84882	0.0	209147	45	0.3	65.159	0	1858	30.007501875468797
1634327746.49	300	59.62521	0.0	203399	43	0.3	69.161	0	1978	29.98500749625191
1634327750.18	300	59.956593	0.0	208834	38	0.3	73.16	0	2098	30.007501875468904
1634327754.36	300	59.976248	0.0	210493	35	0.3	77.162	0	2218	29.985007496251804
1634327758.61	300	59.755629	0.0	214341	39	0.3	81.162	0	2338	30
1634327762.31	300	59.775713	0.0	236978	52	0.3	85.173	0	2458	29.91772625280482
1634327766.45	300	59.79463	0.0	206432	37	0.3	89.173	0	2578	30
1634327770.63	300	59.516249	0.0	213940	30	0.3	93.174	0	2698	29.99250187453133
1634327774.31	300	59.822163	0.0	217550	36	0.3	97.173	0	2818	30.007501875468904
1634327778.49	300	59.846208	0.0	217543	33	0.3	101.174	0	2938	29.99250187453133
1634327782.27	300	59.895035	0.0	207114	37	0.3	105.177	0	3058	29.977516862353234
1634327786.5	300	59.769927	0.0	230790	30	0.3	109.178	0	3178	29.99250187453144
1634327790.65	300	59.538022	0.0	242484	32	0.3	113.178	0	3298	30
1634327794.33	300	59.878351	0.0	244433	45	0.3	117.178	0	3418	30
1634327798.51	300	59.610385	0.0	245567	50	0.3	121.178	0	3538	30
