1634292049.88	750	4	0.149	427465	75	-0.6356999999999999	0	0	0	0
1634292050.65	1850	7.917192	0.0	3156042	538	0.75	0	0	0	0
1634292051.45	1850	11.133334	0.0	3331786	545	1.85	0	0	0	0
1634292052.2	1850	14.339235	0.0	3470899	559	1.85	0	0	0	0
1634292053.01	1850	17.566667	0.0	3391540	579	1.85	0	0	0	0
1634292053.89	1850	20.683334	0.0	3653733	622	1.85	4.626	13	171	0
1634292054.67	1850	23.95	0.0	3500753	585	1.85	4.626	13	171	0
1634292055.47	1850	27.066667	0.0	3417687	620	1.85	4.626	13	171	0
1634292056.24	1850	30.300242	0.0	3185216	564	1.85	4.626	13	171	0
1634292056.98	1850	33.55	0.0	3286263	558	1.85	4.626	13	171	0
1634292057.68	1850	36.85	0.0	3082343	519	1.85	8.626	49	411	51.000000000000014
1634292058.49	1850	40.1	0.0	3170736	569	1.85	8.626	49	411	51.000000000000014
1634292059.23	1850	43.313184	0.0	3196938	559	1.85	8.626	49	411	51.000000000000014
1634292059.96	1850	46.566667	0.0	3228009	561	1.85	8.626	49	411	51.000000000000014
1634292060.91	1850	49.633334	0.0	3513138	747	1.85	8.626	49	411	51.000000000000014
1634292061.81	1850	52.733334	0.0	3686191	680	1.85	12.627	75	651	53.48662834291426
1634292062.67	1850	55.883334	0.0	3630324	649	1.85	12.627	75	651	53.48662834291426
1634292063.56	1850	59	0.0	3348330	668	1.85	12.627	75	651	53.48662834291426
1634292066.89	1850	59.796897	0.0	3272823	599	1.85	16.627	86	891	57.25000000000003
1634292071.21	1850	59.538925	0.0	3263947	568	1.85	20.627	88	1131	59.5
1634292075.02	1850	59.566667	0.0	3246736	575	1.85	24.627	90	1371	59.5
1634292078.81	1850	59.87917	0.0	3067619	569	1.85	28.628	91	1611	59.73506623344162
1634292082.63	1850	59.901651	0.0	3258491	586	1.85	32.628	92	1851	59.75
1634292087.01	1850	59.638457	0.0	3217708	587	1.85	36.628	93	2091	59.75
1634292090.77	1850	59.952351	0.0	3168556	555	1.85	40.628	94	2331	59.75
1634292094.58	1850	59.977267	0.0	3254799	586	1.85	44.629	96	2571	59.48512871782058
1634292098.87	1850	59.720163	0.0	3101633	558	1.85	48.631	97	2811	59.72013993003495
1634292103.14	1850	59.464668	0.0	3052590	533	1.85	52.632	98	3051	59.73506623344167
1634292106.98	1850	59.771044	0.0	3262551	588	1.85	56.633	100	3291	59.48512871782047
1634292110.82	1850	59.795769	0.0	3205725	605	1.85	60.633	101	3532	60
1634292114.75	1850	59.823648	0.0	3241632	696	1.85	64.634	102	3772	59.73506623344167
1634292119.04	1850	59.572088	0.0	3163365	588	1.85	68.634	103	4012	59.75
1634292122.84	1850	59.887152	0.0	3382463	591	1.85	72.633	104	4252	59.764941235308896
1634292126.69	1850	59.917147	0.0	3208848	620	1.85	76.636	105	4491	59.455408443667245
1634292130.64	1850	59.983334	0.0	3316907	642	1.85	80.635	109	4732	59.264816204050874
1634292135.04	1850	59.721975	0.0	3609809	635	1.85	84.652	113	4973	58.99925317401051
1634292138.86	1850	59.75278	0.0	3086911	572	1.85	88.652	114	5213	59.75
1634292143.14	1850	59.48585	0.0	3072632	533	1.85	92.653	116	5453	59.48512871782047
1634292146.99	1850	59.797491	0.0	3430637	585	1.85	96.653	118	5693	59.5
1634292150.83	1850	59.828962	0.0	3304164	619	1.85	100.654	120	5933	59.485128717820686
1634292155.15	1850	59.572332	0.0	3182442	607	1.85	104.654	122	6173	59.5
1634292158.96	1850	59.602244	0.0	3143744	585	1.85	108.654	123	6413	59.75
1634292163.0	1850	59.626908	0.0	3477665	796	1.85	112.654	127	6653	59
1634292166.98	1850	59.650325	0.0	3803623	754	1.85	116.655	131	6893	58.98525368657828
1634292170.81	1850	59.961911	0.0	3387153	608	1.85	120.654	134	7133	59.26481620405109
