1634348825.32	750	4	0.18	427465	84	-0.769	0	0	0	0
1634348826.07	1850	8	0.0	3156042	529	0.75	0	0	0	0
1634348826.85	1850	12	0.0	3331786	561	1.85	0	0	0	0
1634348827.65	1850	15.333334	0.0	3470899	617	1.85	0	0	0	0
1634348828.45	1850	18.55	0.0	3391540	601	1.85	0	0	0	0
1634348829.34	1850	21.65	0.0	3653733	671	1.85	5.163	3	101	0
1634348830.13	1850	24.883334	0.0	3500753	581	1.85	5.163	3	101	0
1634348830.93	1850	28.1	0.0	3417687	548	1.85	5.163	3	101	0
1634348831.67	1850	31.333334	0.0	3185216	543	1.85	5.163	3	101	0
1634348832.41	1850	34.583334	0.0	3286263	539	1.85	5.163	3	101	0
1634348833.09	1850	37.896001	0.0	3082343	508	1.85	9.162	22	341	55.26381595398849
1634348833.87	1850	41.116667	0.0	3170736	560	1.85	9.162	22	341	55.26381595398849
1634348834.61	1850	44.366667	0.0	3196938	550	1.85	9.162	22	341	55.26381595398849
1634348835.35	1850	47.634814	0.0	3228009	555	1.85	9.162	22	341	55.26381595398849
1634348836.17	1850	50.833334	0.0	3513138	589	1.85	9.162	22	341	55.26381595398849
1634348837.01	1850	53.983334	0.0	3686191	616	1.85	13.162	27	581	58.75
1634348837.84	1850	57.166667	0.0	3630324	622	1.85	13.162	27	581	58.75
1634348839.58	1850	59.506833	0.0	3348330	530	1.85	13.162	27	581	58.75
1634348843.35	1850	59.816667	0.0	3272823	538	1.85	17.163	35	821	57.98550362409399
1634348847.17	1850	59.876319	0.0	3263947	569	1.85	21.162	36	1061	59.76494123530885
1634348851.05	1850	59.943625	0.0	3246736	602	1.85	25.163	38	1301	59.48512871782053
1634348855.42	1850	59.688937	0.0	3067619	604	1.85	29.164	39	1541	59.73506623344162
1634348859.28	1850	59.719247	0.0	3258491	602	1.85	33.164	44	1781	58.75
1634348863.6	1850	59.466667	0.0	3217708	546	1.85	37.165	45	2021	59.73506623344167
1634348867.42	1850	59.568934	0.0	3168556	570	1.85	41.165	47	2262	59.75
1634348871.24	1850	59.840718	0.0	3254799	593	1.85	45.168	50	2502	59.20559580314764
1634348875.84	1850	59.617173	0.0	3101633	551	1.85	49.166	53	2741	59.02951475737873
1634348879.82	1850	59.745869	0.0	3052590	506	1.85	53.276	53	2987	59.854014598540054
