1634353381.23	750	4	0.176	391964	85	-0.7517999999999999	0	0	0	0
1634353381.5	750	8	0.0	411055	38	0.75	0	0	0	0
1634353381.68	750	12	0.0	428763	76	0.75	0	0	0	0
1634353381.88	750	16	0.0	426503	67	0.75	0	0	0	0
1634353382.02	750	20	0.0	417864	64	0.75	0	0	0	0
1634353382.2	750	24	0.0	462833	69	0.75	0	0	0	0
1634353382.38	750	28	0.0	444447	76	0.75	0	0	0	0
1634353382.62	750	32	0.0	439044	81	0.75	0	0	0	0
1634353382.79	750	36	0.0	407056	72	0.75	0	0	0	0
1634353382.95	750	39.87335	0.0	431257	69	0.75	0	0	0	0
1634353383.14	750	43.671784	0.0	424931	60	0.75	0	0	0	0
1634353383.31	750	47.509618	0.0	415862	67	0.75	0	0	0	0
1634353383.5	750	51.308184	0.0	417958	77	0.75	0	0	0	0
1634353383.68	750	55.147036	0.0	418039	72	0.75	0	0	0	0
1634353383.86	750	58.941483	0.0	441262	73	0.75	0	0	0	0
1634353387.08	750	59.775406	0.0	464095	49	0.75	5.163	0	54	0
1634353391.36	750	59.52006	0.0	462002	79	0.75	9.163	0	174	30
1634353395.08	750	59.828793	0.0	416260	67	0.75	13.164	0	294	29.99250187453137
1634353399.32	750	59.55879	0.0	426855	63	0.75	17.164	0	414	29.999999999999986
1634353403.08	750	59.927387	0.0	423992	76	0.75	21.165	0	534	29.992501874531385
1634353407.3	750	59.674785	0.0	443256	55	0.75	25.164	0	654	30.00750187546885
1634353411.52	750	59.472547	0.0	420854	60	0.75	29.165	0	774	29.992501874531385
1634353415.24	750	59.811385	0.0	434977	51	0.75	33.166	0	894	29.992501874531385
1634353419.48	750	59.546021	0.0	427693	76	0.75	37.166	0	1015	30.25
1634353423.24	750	59.855231	0.0	435879	77	0.75	41.165	0	1135	30.00750187546885
1634353426.95	750	59.874896	0.0	458523	71	0.75	45.166	0	1254	29.74256435891029
1634353431.16	750	59.890984	0.0	389475	66	0.75	49.168	0	1375	30.23488255872062
1634353435.38	750	59.628963	0.0	412786	79	0.75	53.168	0	1495	30
1634353439.09	750	59.937314	0.0	423981	47	0.75	57.169	0	1615	29.992501874531385
1634353443.29	750	59.675587	0.0	411450	66	0.75	61.169	0	1735	30
1634353447.53	750	59.441174	0.0	415853	68	0.75	65.17	0	1855	29.99250187453133
1634353451.31	750	59.797903	0.0	410977	75	0.75	69.169	0	1975	30.007501875468904
1634353455.05	750	59.815402	0.0	419815	67	0.75	73.17	0	2095	29.99250187453133
1634353459.29	750	59.625965	0.0	418828	78	0.75	77.171	0	2215	29.99250187453133
1634353463.03	750	59.939209	0.0	422899	75	0.75	81.171	0	2335	30
1634353467.29	750	59.68148	0.0	461245	81	0.75	85.171	0	2455	30
1634353471.01	750	59.982494	0.0	420927	68	0.75	89.171	0	2575	30
1634353475.21	750	59.715518	0.0	434125	80	0.75	93.172	0	2695	29.99250187453144
1634353479.43	750	59.453445	0.0	438085	72	0.75	97.173	0	2815	29.99250187453133
1634353483.15	750	59.759711	0.0	426879	68	0.75	101.173	0	2935	30
1634353487.34	750	59.52764	0.0	423829	71	0.75	105.174	0	3055	29.99250187453133
1634353491.08	750	59.88587	0.0	440437	80	0.75	109.175	0	3175	29.99250187453144
1634353495.31	750	59.620547	0.0	464617	71	0.75	113.175	0	3295	30
1634353498.98	750	59.912586	0.0	482901	71	0.75	117.177	0	3415	29.985007496251804
1634353503.18	750	59.921726	0.0	478486	62	0.75	121.177	0	3535	30
