1634320807.29	750	4	0.144	391964	68	-0.6142	0	0	0	0
1634320807.46	750	8	0.0	411055	65	0.75	0	0	0	0
1634320807.67	750	12	0.0	428763	62	0.75	0	0	0	0
1634320807.85	750	16	0.0	426503	77	0.75	0	0	0	0
1634320808.03	750	20	0.0	417864	72	0.75	0	0	0	0
1634320808.21	750	24	0.0	462833	72	0.75	0	0	0	0
1634320808.38	750	28	0.0	444447	79	0.75	0	0	0	0
1634320808.57	750	32	0.0	439044	85	0.75	0	0	0	0
1634320808.74	750	35.955104	0.0	407056	77	0.75	0	0	0	0
1634320808.91	750	39.793968	0.0	431257	78	0.75	0	0	0	0
1634320809.1	750	43.592517	0.0	424931	79	0.75	0	0	0	0
1634320809.28	750	47.431271	0.0	415862	83	0.75	0	0	0	0
1634320809.47	750	51.229585	0.0	417958	76	0.75	0	0	0	0
1634320809.66	750	55.067857	0.0	418039	77	0.75	0	0	0	0
1634320809.84	750	58.865816	0.0	441262	79	0.75	0	0	0	0
1634320813.04	750	59.749002	0.0	464095	75	0.75	5.162	0	59	0
1634320817.28	750	59.484445	0.0	462002	96	0.75	9.167	0	179	29.962546816479403
1634320821.02	750	59.795562	0.0	416260	98	0.75	13.167	0	299	30
1634320825.25	750	59.52763	0.0	426855	60	0.75	17.167	0	419	29.999999999999986
1634320829.0	750	59.814489	0.0	423992	91	0.75	21.168	0	539	29.992501874531385
1634320833.3	750	59.560238	0.0	443256	146	0.75	25.168	0	659	30
1634320837.05	750	59.895206	0.0	420854	64	0.75	29.167	0	779	30.00750187546885
1634320840.78	750	59.949728	0.0	434977	76	0.75	33.169	0	899	29.98500749625191
1634320845.02	750	59.724239	0.0	427693	75	0.75	37.17	0	1019	29.99250187453133
1634320849.24	750	59.739318	0.0	435879	80	0.75	41.177	0	1139	29.94759171449964
1634320852.98	750	59.749902	0.0	458523	75	0.75	45.177	0	1259	30
1634320857.17	750	59.76363	0.0	389475	63	0.75	49.177	0	1380	30.25
1634320861.36	750	59.505215	0.0	412786	76	0.75	53.178	0	1500	29.992501874531385
1634320865.1	750	59.860912	0.0	423981	80	0.75	57.177	0	1619	29.757439359839942
1634320868.82	750	59.956301	0.0	411450	70	0.75	61.178	0	1740	30.24243939015248
1634320873.04	750	59.688427	0.0	415853	70	0.75	65.18	0	1860	29.985007496251804
1634320876.78	750	59.98546	0.0	410977	58	0.75	69.181	0	1980	29.99250187453144
1634320880.98	750	59.743279	0.0	419815	65	0.75	73.18	0	2100	30.007501875468797
1634320885.18	750	59.76152	0.0	418828	80	0.75	77.181	0	2220	29.99250187453144
1634320889.41	750	59.531129	0.0	422899	64	0.75	81.181	0	2340	30
1634320893.18	750	59.542021	0.0	461245	89	0.75	85.181	0	2460	30
1634320896.9	750	59.863649	0.0	420927	67	0.75	89.182	0	2580	29.99250187453133
1634320901.09	750	59.635461	0.0	434125	70	0.75	93.182	0	2700	30
1634320904.81	750	59.945867	0.0	438085	77	0.75	97.183	0	2820	29.99250187453133
1634320909.06	750	59.681593	0.0	426879	65	0.75	101.182	0	2940	30.007501875468904
1634320912.78	750	59.969504	0.0	423829	76	0.75	105.182	0	3060	30
1634320917.05	750	59.710708	0.0	440437	101	0.75	109.183	0	3180	29.99250187453133
1634320921.29	750	59.454272	0.0	464617	72	0.75	113.192	0	3300	29.932651534048496
1634320925.02	750	59.790165	0.0	482901	88	0.75	117.193	0	3420	29.99250187453133
1634320929.26	750	59.533511	0.0	478486	91	0.75	121.193	0	3540	30
