1634309948.26	750	4	0.186	427465	45	-0.7948	0	0	0	0
1634309949.38	2850	8	0.0	4860073	780	0.75	0	0	0	0
1634309950.64	2850	11.483334	0.0	5306756	996	2.85	0	0	0	0
1634309952.07	2850	14.05	0.0	5542685	1144	2.85	5.325	6	90	0
1634309953.43	2850	16.716667	0.0	5302108	1044	2.85	5.325	6	90	0
1634309954.72	2850	19.4	0.0	5631224	959	2.85	5.325	6	90	0
1634309956.86	2850	21.266667	0.0	5641793	1855	2.85	9.325	44	330	50.500000000000014
1634309958.33	2850	23.85	0.0	5361170	1138	2.85	9.325	44	330	50.500000000000014
1634309959.62	2850	26.5	0.0	5091418	1013	2.85	13.325	69	569	53.5
1634309960.94	2850	29.183334	0.0	5227125	1017	2.85	13.325	69	569	53.5
1634309962.95	2850	31.166667	0.0	4841602	1727	2.85	13.325	69	569	53.5
1634309964.05	2850	34.033334	0.0	4865486	843	2.85	17.331	96	811	53.66949575636545
