1634293428.78	750	4	0.165	427465	93	-0.7045	0	0	0	0
1634293429.03	750	8	0.0	647387	104	0.75	0	0	0	0
1634293429.24	750	12	0.0	677925	107	0.75	0	0	0	0
1634293429.47	750	15.989877	0.0	706841	118	0.75	0	0	0	0
1634293429.68	750	19.747656	0.0	701203	109	0.75	0	0	0	0
1634293429.93	750	23.50582	0.0	737962	113	0.75	0	0	0	0
1634293430.18	750	27.263045	0.0	699376	94	0.75	0	0	0	0
1634293430.46	750	30.979248	0.0	691941	96	0.75	0	0	0	0
1634293430.67	750	34.777634	0.0	635193	99	0.75	0	0	0	0
1634293430.92	750	38.534452	0.0	655855	116	0.75	0	0	0	0
1634293431.13	750	42.333334	0.0	626785	97	0.75	0	0	0	0
1634293431.37	750	46.0899	0.0	641824	115	0.75	0	0	0	0
1634293431.61	750	49.848029	0.0	657300	126	0.75	0	0	0	0
1634293431.81	750	53.646643	0.0	650171	104	0.75	0	0	0	0
1634293432.02	750	57.405009	0.0	713528	109	0.75	0	0	0	0
1634293433.83	750	59.788881	0.0	758246	126	0.75	4.694	0	171	0
1634293438.12	750	59.535817	0.0	743893	110	0.75	8.695	2	411	59.48512871782054
1634293441.93	750	59.561205	0.0	682559	105	0.75	12.695	2	651	60
1634293445.7	750	59.870895	0.0	689486	117	0.75	16.695	2	891	60
1634293449.97	750	59.614833	0.0	689027	110	0.75	20.695	2	1131	60
1634293453.77	750	59.919329	0.0	673540	120	0.75	24.696	2	1371	59.98500374906271
1634293457.57	750	59.93771	0.0	640816	115	0.75	28.696	2	1611	60
1634293461.85	750	59.71717	0.0	681370	132	0.75	32.697	2	1851	59.98500374906271
1634293466.17	750	59.459286	0.0	689141	155	0.75	36.699	2	2091	59.97001499250382
1634293470.1	750	59.483334	0.0	656898	236	0.75	40.699	2	2331	60
1634293473.88	750	59.793958	0.0	670951	108	0.75	44.7	2	2571	59.98500374906266
1634293477.66	750	59.819375	0.0	618544	103	0.75	48.7	2	2811	60
1634293481.95	750	59.552538	0.0	618247	96	0.75	52.7	2	3051	60
1634293485.7	750	59.867698	0.0	671894	107	0.75	56.7	2	3291	60
1634293489.96	750	59.613758	0.0	642169	103	0.75	60.7	2	3531	60
1634293493.79	750	59.919628	0.0	635411	100	0.75	64.701	2	3771	59.98500374906288
1634293497.61	750	59.991366	0.0	644615	114	0.75	68.7	2	4011	60.015003750937595
1634293501.88	750	59.77677	0.0	672342	104	0.75	72.701	2	4251	59.98500374906288
1634293505.71	750	59.796329	0.0	666301	129	0.75	76.701	2	4491	60
1634293509.98	750	59.531075	0.0	665276	107	0.75	80.702	2	4731	59.98500374906266
1634293513.79	750	59.843429	0.0	696340	136	0.75	84.702	2	4971	60
1634293518.05	750	59.569736	0.0	634337	102	0.75	88.702	2	5211	60
1634293521.91	750	59.592474	0.0	642800	116	0.75	92.702	2	5451	60
1634293525.67	750	59.900584	0.0	660587	112	0.75	96.702	2	5691	60
1634293529.99	750	59.641732	0.0	654618	122	0.75	100.702	2	5931	60
1634293533.79	750	59.664468	0.0	644116	113	0.75	104.703	2	6171	59.98500374906266
1634293538.14	750	59.43722	0.0	677809	9	0.75	108.703	2	6411	60
1634293541.92	750	59.79047	0.0	722701	116	0.75	112.703	2	6651	60
1634293545.72	750	59.81229	0.0	750718	138	0.75	116.704	2	6891	59.98500374906288
1634293550.02	750	59.539736	0.0	708690	132	0.75	120.703	2	7132	60.2650662665665
