1634326029.58	750	4	0.145	391964	71	-0.6185	0	0	0	0
1634326030.08	1850	8	0.0	2068530	344	0.75	0	0	0	0
1634326030.57	1850	11.636802	0.0	2231919	342	1.85	0	0	0	0
1634326031.05	1850	15.15383	0.0	2071679	333	1.85	0	0	0	0
1634326031.59	1850	18.629253	0.0	2075075	354	1.85	0	0	0	0
1634326032.15	1850	22.064222	0.0	2324573	394	1.85	0	0	0	0
1634326032.71	1850	25.5	0.0	2327434	402	1.85	0	0	0	0
1634326033.2	1850	29.014982	0.0	2160877	344	1.85	4.699	0	85	0
1634326033.68	1850	32.52879	0.0	2004753	302	1.85	4.699	0	85	0
1634326034.2	1850	36.004762	0.0	2057086	331	1.85	4.699	0	85	0
1634326034.72	1850	39.477026	0.0	2101929	343	1.85	4.699	0	85	0
1634326035.2	1850	42.991796	0.0	2052018	342	1.85	4.699	0	85	0
1634326035.68	1850	46.548283	0.0	2085705	325	1.85	4.699	0	85	0
1634326036.2	1850	50.023054	0.0	2112772	326	1.85	4.699	0	85	0
1634326036.7	1850	53.498913	0.0	2222688	345	1.85	4.699	0	85	0
1634326037.18	1850	57.014253	0.0	2169593	342	1.85	8.698	1	205	29.757439359839957
1634326038.73	1850	59.518337	0.0	2267471	369	1.85	8.698	1	205	29.757439359839957
1634326042.77	1850	59.542139	0.0	2094437	354	1.85	12.7	1	325	29.98500749625188
1634326046.38	1850	59.854442	0.0	2148255	373	1.85	16.7	1	445	30
1634326050.45	1850	59.912511	0.0	2132587	346	1.85	20.7	1	565	30
1634326054.48	1850	59.926019	0.0	2151407	355	1.85	24.7	1	685	30
1634326058.53	1850	59.659752	0.0	2063523	323	1.85	28.7	1	805	30
1634326062.58	1850	59.688451	0.0	2103042	340	1.85	32.7	1	925	29.999999999999975
1634326066.64	1850	59.700784	0.0	2103040	355	1.85	36.701	1	1045	29.992501874531385
1634326070.72	1850	59.715414	0.0	2114688	369	1.85	40.704	1	1165	29.977516862353234
1634326074.8	1850	59.45126	0.0	2240212	384	1.85	44.703	1	1285	30.00750187546885
1634326078.88	1850	59.470876	0.0	2002951	325	1.85	48.704	1	1405	29.992501874531385
1634326082.9	1850	59.48615	0.0	1961003	303	1.85	52.704	1	1525	30
1634326086.45	1850	59.780651	0.0	1969295	310	1.85	56.705	1	1645	29.992501874531385
1634326090.48	1850	59.790377	0.0	2042142	325	1.85	60.705	1	1765	30
1634326094.54	1850	59.825853	0.0	2087704	330	1.85	64.705	1	1885	30
1634326098.61	1850	59.638062	0.0	2022676	314	1.85	68.705	1	2005	30
1634326102.66	1850	59.661336	0.0	2027226	307	1.85	72.706	1	2125	29.99250187453133
1634326106.7	1850	59.682549	0.0	1993205	307	1.85	76.705	1	2245	30.007501875468904
1634326110.35	1850	59.987848	0.0	2185074	351	1.85	80.706	1	2365	29.99250187453133
1634326114.43	1850	59.796402	0.0	2416062	375	1.85	84.706	1	2485	30
1634326118.48	1850	59.810807	0.0	1975785	311	1.85	88.706	1	2605	30
1634326122.53	1850	59.825922	0.0	2017826	301	1.85	92.706	1	2725	30
1634326126.63	1850	59.852032	0.0	2236854	360	1.85	96.71	1	2845	29.97002997003004
1634326130.73	1850	59.586884	0.0	2165385	347	1.85	100.709	1	2966	30.257564391097702
1634326134.33	1850	59.891803	0.0	2021844	345	1.85	104.71	1	3086	29.99250187453144
1634326138.34	1850	59.908382	0.0	2100101	321	1.85	108.71	1	3206	30
1634326142.37	1850	59.934704	0.0	2192105	351	1.85	112.711	1	3326	29.99250187453133
1634326146.5	1850	59.962019	0.0	2446938	379	1.85	116.711	1	3446	30
1634326150.54	1850	59.700212	0.0	2298336	346	1.85	120.711	1	3566	30
