1634645160.62	750	4	0.836	3873109	618	-3.5898	0	0	0	0
1634645161.39	2850	8	0.0	3278264	529	0.75	0	0	0	0
1634645162.34	2850	12	0.0	4479625	700	2.85	0	0	0	0
1634645163.32	2850	15.284398	0.0	3495272	560	2.85	0	0	0	0
1634645164.12	2850	18.314935	0.0	3525421	537	2.85	5.542	0	30	0
1634645165.12	2850	21.30678	0.0	4652033	742	2.85	5.542	0	30	0
1634645166.18	2850	24.266667	0.0	4298145	775	2.85	5.542	0	30	0
1634645167.18	2850	27.3	0.0	4054420	678	2.85	5.542	0	30	0
1634645168.12	2850	30.333334	0.0	3887575	608	2.85	9.539	3	150	29.271953965474108
1634645169.15	2850	33.302445	0.0	4241421	725	2.85	9.539	3	150	29.271953965474108
1634645170.07	2850	36.372451	0.0	3616621	596	2.85	9.539	3	150	29.271953965474108
1634645170.93	2850	39.48218	0.0	3962980	636	2.85	9.539	3	150	29.271953965474108
1634645171.87	2850	42.553866	0.0	4314183	671	2.85	13.545	3	270	29.955067398901647
