1634355607.07	750	4	0.166	427465	69	-0.7088	0	0	0	0
1634355607.55	1200	8	0.0	1719226	221	0.75	0	0	0	0
1634355607.98	1200	12	0.0	1824230	294	1.2	0	0	0	0
1634355608.44	1200	16	0.0	1882039	315	1.2	0	0	0	0
1634355608.91	1200	20	0.0	1838337	283	1.2	0	0	0	0
1634355609.36	1200	23.6	0.0	1953398	295	1.2	0	0	0	0
1634355609.84	1200	27.15	0.0	1841430	278	1.2	0	0	0	0
1634355610.45	1200	30.500673	0.0	1838080	465	1.2	5.359	2	85	0
1634355610.97	1200	34.066667	0.0	1692604	269	1.2	5.359	2	85	0
1634355611.42	1200	37.55	0.0	1727189	276	1.2	5.359	2	85	0
1634355611.9	1200	41.1	0.0	1715705	270	1.2	5.359	2	85	0
1634355612.36	1200	44.64649	0.0	1729349	268	1.2	5.359	2	85	0
1634355612.8	1200	48.161795	0.0	1754261	277	1.2	5.359	2	85	0
1634355613.27	1200	51.717667	0.0	1778755	279	1.2	5.359	2	85	0
1634355613.79	1200	55.2	0.0	1915304	298	1.2	5.359	2	85	0
1634355614.31	1200	58.683334	0.0	1992580	319	1.2	5.359	2	85	0
1634355617.31	1200	59.798187	0.0	2012653	321	1.2	9.38	14	326	56.951007212136275
1634355621.25	1200	59.831362	0.0	1822103	291	1.2	13.38	14	566	60
1634355625.22	1200	59.866667	0.0	1832177	282	1.2	17.38	14	806	60.00000000000003
1634355629.26	1200	59.903063	0.0	1820480	350	1.2	21.381	14	1046	59.98500374906271
