1634302605.7	750	4	0.159	391964	72	-0.6787	0	0	0	0
1634302605.87	750	8	0.0	411055	71	0.75	0	0	0	0
1634302606.06	750	12	0.0	428763	80	0.75	0	0	0	0
1634302606.23	750	16	0.0	426503	66	0.75	0	0	0	0
1634302606.4	750	20	0.0	417864	76	0.75	0	0	0	0
1634302606.58	750	24	0.0	462833	76	0.75	0	0	0	0
1634302606.75	750	28	0.0	444447	80	0.75	0	0	0	0
1634302606.92	750	32	0.0	439044	67	0.75	0	0	0	0
1634302607.09	750	36	0.0	407056	80	0.75	0	0	0	0
1634302607.3	750	39.955499	0.0	431257	90	0.75	0	0	0	0
1634302607.48	750	43.792434	0.0	424931	83	0.75	0	0	0	0
1634302607.66	750	47.58996	0.0	415862	74	0.75	0	0	0	0
1634302607.82	750	51.428878	0.0	417958	70	0.75	0	0	0	0
1634302607.99	750	55.267915	0.0	418039	79	0.75	0	0	0	0
1634302608.19	750	59.066667	0.0	441262	87	0.75	0	0	0	0
1634302611.91	750	59.456231	0.0	464095	81	0.75	5.265	0	54	0
1634302615.65	750	59.764564	0.0	462002	73	0.75	9.265	0	174	29.999999999999993
1634302619.9	750	59.497119	0.0	416260	90	0.75	13.265	0	294	30
1634302623.62	750	59.796503	0.0	426855	46	0.75	17.265	0	414	30
1634302627.87	750	59.566667	0.0	423992	85	0.75	21.266	0	534	29.992501874531385
1634302631.61	750	59.885941	0.0	443256	73	0.75	25.266	0	654	30
1634302635.35	750	59.957796	0.0	420854	98	0.75	29.266	0	774	30
1634302639.57	750	59.982005	0.0	434977	82	0.75	33.266	0	894	30
1634302643.84	750	59.721067	0.0	427693	119	0.75	37.266	0	1014	30
1634302647.58	750	59.73869	0.0	435879	90	0.75	41.267	0	1134	29.99250187453133
1634302651.81	750	59.47	0.0	458523	101	0.75	45.267	0	1254	30
1634302655.58	750	59.783645	0.0	389475	120	0.75	49.267	0	1374	30
1634302659.85	750	59.600445	0.0	412786	122	0.75	53.268	0	1494	29.992501874531385
1634302663.59	750	59.900295	0.0	423981	106	0.75	57.27	0	1614	29.985007496251857
1634302667.35	750	59.951973	0.0	411450	107	0.75	61.27	0	1734	30
1634302671.62	750	59.684694	0.0	415853	83	0.75	65.271	0	1854	29.992501874531385
1634302675.42	750	59.98002	0.0	410977	103	0.75	69.271	0	1974	30
1634302679.65	750	59.748265	0.0	419815	97	0.75	73.272	0	2095	30.242439390152427
1634302683.9	750	59.4731	0.0	418828	91	0.75	77.274	0	2215	29.98500749625191
1634302687.6	750	59.779713	0.0	422899	89	0.75	81.273	0	2335	30.007501875468904
1634302691.89	750	59.517242	0.0	461245	111	0.75	85.272	0	2455	30.007501875468797
1634302695.66	750	59.823449	0.0	420927	100	0.75	89.273	0	2575	29.99250187453144
1634302699.91	750	59.56102	0.0	434125	61	0.75	93.274	0	2695	29.99250187453133
1634302703.63	750	59.866915	0.0	438085	96	0.75	97.275	0	2815	29.99250187453133
1634302707.42	750	59.878094	0.0	426879	105	0.75	101.275	0	2935	30
1634302711.64	750	59.908717	0.0	423829	79	0.75	105.275	0	3055	30
1634302715.36	750	59.964947	0.0	440437	66	0.75	109.275	0	3175	30
1634302719.68	750	59.702452	0.0	464617	143	0.75	113.276	0	3295	29.99250187453144
1634302723.92	750	59.438641	0.0	482901	110	0.75	117.276	0	3415	30
1634302727.62	750	59.73549	0.0	478486	83	0.75	121.277	0	3535	29.99250187453133
