1634337352.8	750	4	0.187	427465	92	-0.7991	0	0	0	0
1634337352.99	300	8	0.0	474035	70	-0.15000000000000002	0	0	0	0
1634337353.18	300	12	0.0	448326	71	0.3	0	0	0	0
1634337353.36	300	16	0.0	480048	77	0.3	0	0	0	0
1634337353.54	300	20	0.0	488788	75	0.3	0	0	0	0
1634337353.72	300	24	0.0	487141	77	0.3	0	0	0	0
1634337353.9	300	28	0.0	483526	77	0.3	0	0	0	0
1634337354.07	300	32	0.0	460688	75	0.3	0	0	0	0
1634337354.27	300	35.998157	0.0	444206	69	0.3	0	0	0	0
1634337354.46	300	39.796517	0.0	461617	67	0.3	0	0	0	0
1634337354.66	300	43.594412	0.0	450479	75	0.3	0	0	0	0
1634337354.85	300	47.392686	0.0	473222	70	0.3	0	0	0	0
1634337355.05	300	51.191079	0.0	450253	71	0.3	0	0	0	0
1634337355.23	300	54.989735	0.0	458340	79	0.3	0	0	0	0
1634337355.41	300	58.826611	0.0	501721	77	0.3	0	0	0	0
1634337358.62	300	59.75	0.0	502943	76	0.3	5.17	0	111	0
1634337362.87	300	59.494682	0.0	495208	87	0.3	9.169	0	351	60.01500375093772
1634337366.61	300	59.7977	0.0	476785	78	0.3	13.17	0	591	59.98500374906274
1634337370.85	300	59.537157	0.0	470301	82	0.3	17.17	0	831	59.99999999999997
1634337374.59	300	59.83738	0.0	478876	81	0.3	21.17	0	1071	60
1634337378.82	300	59.571045	0.0	478683	71	0.3	25.17	0	1311	60
1634337382.56	300	59.877899	0.0	433197	62	0.3	29.175	0	1551	59.92509363295881
1634337386.76	300	59.628424	0.0	463002	79	0.3	33.175	0	1791	60.00000000000006
1634337390.45	300	59.941335	0.0	477800	75	0.3	37.175	0	2031	60
1634337394.67	300	59.676753	0.0	456630	76	0.3	41.176	0	2271	59.98500374906266
1634337398.39	300	59.98862	0.0	459893	80	0.3	45.176	0	2511	60
1634337402.63	300	59.738388	0.0	426253	68	0.3	49.176	0	2751	60
1634337406.84	300	59.476542	0.0	431643	85	0.3	53.176	0	2991	60
1634337410.55	300	59.797517	0.0	467241	88	0.3	57.177	0	3231	59.98500374906277
1634337414.79	300	59.498867	0.0	442868	93	0.3	61.177	0	3471	60
1634337418.52	300	59.852102	0.0	437041	77	0.3	65.176	0	3711	60.0150037509377
1634337422.79	300	59.608365	0.0	436753	46	0.3	69.177	0	3951	59.98500374906266
1634337426.54	300	59.951577	0.0	457086	63	0.3	73.177	0	4191	60
1634337430.75	300	59.68604	0.0	471069	78	0.3	77.177	0	4431	60
1634337434.49	300	59.99798	0.0	470476	80	0.3	81.178	0	4671	59.98500374906288
1634337438.72	300	59.741391	0.0	478853	71	0.3	85.179	0	4911	59.98500374906266
1634337442.92	300	59.483334	0.0	425308	68	0.3	89.178	0	5151	60.01500375093781
1634337446.61	300	59.795688	0.0	436762	26	0.3	93.179	0	5391	59.98500374906266
1634337450.83	300	59.535507	0.0	447413	75	0.3	97.179	0	5631	60
1634337454.54	300	59.839418	0.0	442185	71	0.3	101.179	0	5871	60
1634337458.75	300	59.586272	0.0	447309	69	0.3	105.179	0	6111	60
1634337462.47	300	59.906062	0.0	475738	70	0.3	109.18	0	6351	59.98500374906266
1634337466.7	300	59.643938	0.0	506145	85	0.3	113.179	0	6591	60.01500375093781
1634337470.48	300	59.953452	0.0	493441	92	0.3	117.18	0	6831	59.98500374906266
1634337474.7	300	59.697068	0.0	480118	72	0.3	121.18	0	7071	60
