1634359474.17	750	4	0.149	391964	59	-0.6356999999999999	0	0	0	0
1634359474.41	750	8	0.0	411055	75	0.75	0	0	0	0
1634359474.58	750	12	0.0	428763	68	0.75	0	0	0	0
1634359474.73	750	16	0.0	426503	66	0.75	0	0	0	0
1634359474.9	750	20	0.0	417864	66	0.75	0	0	0	0
1634359475.06	750	24	0.0	462833	67	0.75	0	0	0	0
1634359475.23	750	28	0.0	444447	78	0.75	0	0	0	0
1634359475.46	750	32	0.0	439044	106	0.75	0	0	0	0
1634359475.63	750	36	0.0	407056	67	0.75	0	0	0	0
1634359475.96	750	40	0.0	431257	61	0.75	0	0	0	0
1634359476.15	750	43.87357	0.0	424931	79	0.75	0	0	0	0
1634359476.34	750	47.672143	0.0	415862	98	0.75	0	0	0	0
1634359476.53	750	51.510729	0.0	417958	66	0.75	0	0	0	0
1634359476.69	750	55.308388	0.0	418039	66	0.75	0	0	0	0
1634359476.87	750	59.147555	0.0	441262	79	0.75	0	0	0	0
1634359480.65	750	59.511031	0.0	464095	78	0.75	5.248	0	45	0
1634359484.43	750	59.827801	0.0	462002	73	0.75	9.248	0	165	30.000000000000007
1634359488.15	750	59.852858	0.0	416260	77	0.75	13.248	0	285	30
1634359492.39	750	59.911301	0.0	426855	80	0.75	17.249	0	405	29.99250187453137
1634359496.1	750	59.970817	0.0	423992	69	0.75	21.25	0	525	29.992501874531357
1634359500.32	750	59.70973	0.0	443256	62	0.75	25.25	0	645	30
1634359504.55	750	59.457565	0.0	420854	60	0.75	29.25	0	765	30
1634359508.24	750	59.780851	0.0	434977	70	0.75	33.25	0	885	30
1634359512.43	750	59.824848	0.0	427693	82	0.75	37.25	0	1005	30
1634359516.67	750	59.566667	0.0	435879	79	0.75	41.25	0	1125	30
1634359520.42	750	59.89805	0.0	458523	69	0.75	45.251	0	1245	29.992501874531385
1634359524.12	750	59.91859	0.0	389475	59	0.75	49.314	0	1367	30.027073590942635
1634359528.34	750	59.944706	0.0	412786	60	0.75	53.315	0	1487	29.992501874531385
1634359532.05	750	59.970333	0.0	423981	64	0.75	57.315	0	1607	30
1634359536.29	750	59.99108	0.0	411450	79	0.75	61.315	0	1727	30
1634359540.55	750	59.723877	0.0	415853	65	0.75	65.315	0	1847	30
1634359544.26	750	59.794822	0.0	410977	68	0.75	69.315	0	1967	30
1634359548.48	750	59.525849	0.0	419815	65	0.75	73.317	0	2087	29.98500749625191
1634359552.18	750	59.825548	0.0	418828	64	0.75	77.318	0	2207	29.99250187453133
1634359556.43	750	59.847345	0.0	422899	84	0.75	81.317	0	2327	30.007501875468904
1634359560.63	750	59.562186	0.0	461245	77	0.75	85.321	0	2447	29.970029970029934
1634359564.35	750	59.869535	0.0	420927	41	0.75	89.321	0	2567	30
1634359568.62	750	59.597317	0.0	434125	43	0.75	93.322	0	2687	29.99250187453133
1634359572.35	750	59.900321	0.0	438085	75	0.75	97.322	0	2807	30
1634359576.11	750	59.920192	0.0	426879	96	0.75	101.323	0	2927	29.99250187453144
1634359580.35	750	59.930398	0.0	423829	72	0.75	105.323	0	3047	30
1634359584.06	750	59.95404	0.0	440437	64	0.75	109.322	0	3167	30.007501875468797
1634359588.87	750	59.433796	0.0	464617	88	0.75	113.323	0	3287	29.99250187453144
1634359592.6	750	59.448759	0.0	482901	59	0.75	117.325	0	3408	30.234882558720567
1634359596.31	750	59.751867	0.0	478486	71	0.75	121.325	0	3528	30
