1634295732.9	750	4	0.162	391964	71	-0.6916	0	0	0	0
1634295733.25	1200	8	0.0	1027639	169	0.75	0	0	0	0
1634295733.61	1200	12	0.0	1094547	175	1.2	0	0	0	0
1634295733.94	1200	16	0.0	1068941	186	1.2	0	0	0	0
1634295734.28	1200	20	0.0	1069226	187	1.2	0	0	0	0
1634295734.6	1200	24	0.0	1157353	187	1.2	0	0	0	0
1634295734.92	1200	28	0.0	1168829	198	1.2	0	0	0	0
1634295735.28	1200	32	0.0	1093471	216	1.2	0	0	0	0
1634295735.64	1200	35.712363	0.0	1020028	170	1.2	0	0	0	0
1634295735.95	1200	39.389716	0.0	1051427	179	1.2	0	0	0	0
1634295736.31	1200	43.026837	0.0	1070992	192	1.2	5.282	0	27	0
1634295736.61	1200	46.703549	0.0	1063461	180	1.2	5.282	0	27	0
1634295736.95	1200	50.379399	0.0	1074096	188	1.2	5.282	0	27	0
1634295737.37	1200	53.974604	0.0	1080192	284	1.2	5.282	0	27	0
1634295737.76	1200	57.571232	0.0	1139934	246	1.2	5.282	0	27	0
1634295739.73	1200	59.740959	0.0	1145330	257	1.2	5.282	0	27	0
1634295743.61	1200	59.760111	0.0	1173744	195	1.2	9.282	0	147	30
1634295748.0	1200	59.588586	0.0	1061602	168	1.2	13.282	0	267	30
1634295751.85	1200	59.608357	0.0	1076224	178	1.2	17.283	0	387	29.992501874531357
1634295755.73	1200	59.625345	0.0	1068038	191	1.2	21.283	0	507	30
1634295759.6	1200	59.928349	0.0	1097493	201	1.2	25.283	0	627	30
1634295763.42	1200	59.942695	0.0	1072339	180	1.2	29.285	0	747	29.98500749625188
1634295767.78	1200	59.672703	0.0	1067889	192	1.2	33.287	0	867	29.98500749625188
1634295771.66	1200	59.697334	0.0	1067959	195	1.2	37.287	0	987	30
1634295776.01	1200	59.436358	0.0	1077712	183	1.2	41.31	0	1107	29.828486204325106
1634295779.93	1200	59.454614	0.0	1138441	205	1.2	45.31	0	1227	30
1634295783.84	1200	59.757178	0.0	1027213	220	1.2	49.31	0	1347	30
1634295787.72	1200	59.782892	0.0	1019513	170	1.2	53.31	0	1467	30
1634295791.58	1200	59.80661	0.0	1030601	148	1.2	57.311	0	1587	29.992501874531385
1634295795.92	1200	59.561009	0.0	1059459	180	1.2	61.312	0	1707	29.992501874531385
1634295799.77	1200	59.590615	0.0	1058483	187	1.2	65.312	0	1827	30
1634295803.63	1200	59.901716	0.0	1026788	168	1.2	69.312	0	1947	30
1634295807.49	1200	59.927393	0.0	1034920	180	1.2	73.312	0	2067	30
1634295811.35	1200	59.986392	0.0	1024487	185	1.2	77.321	0	2188	30.182090296832126
1634295815.77	1200	59.756183	0.0	1088769	167	1.2	81.321	0	2308	30
1634295819.65	1200	59.768754	0.0	1213691	189	1.2	85.321	0	2428	30
1634295823.54	1200	59.834378	0.0	996535	150	1.2	89.322	0	2548	29.99250187453133
1634295827.89	1200	59.578351	0.0	1040309	175	1.2	93.322	0	2668	30
1634295831.75	1200	59.640816	0.0	1135519	170	1.2	97.322	0	2788	30
1634295835.6	1200	59.978118	0.0	1080635	188	1.2	101.322	0	2908	30
1634295839.48	1200	59.993426	0.0	1037366	180	1.2	105.322	0	3028	30
1634295843.83	1200	59.777566	0.0	1075257	188	1.2	109.322	0	3148	30
1634295847.68	1200	59.793504	0.0	1145173	187	1.2	113.323	0	3268	29.99250187453144
1634295851.58	1200	59.855461	0.0	1216507	197	1.2	117.323	0	3388	30
1634295855.9	1200	59.630981	0.0	1142437	188	1.2	121.323	0	3508	30
