1634347700.35	750	4	0.151	391964	74	-0.6443	0	0	0	0
1634347700.52	300	8	0.0	212073	37	-0.15000000000000002	0	0	0	0
1634347700.66	300	12	0.0	209182	15	0.3	0	0	0	0
1634347700.78	300	16	0.0	227172	41	0.3	0	0	0	0
1634347700.93	300	20	0.0	238359	43	0.3	0	0	0	0
1634347701.1	300	23.998574	0.0	239351	40	0.3	0	0	0	0
1634347701.24	300	27.837076	0.0	228239	36	0.3	0	0	0	0
1634347701.37	300	31.716402	0.0	217009	31	0.3	0	0	0	0
1634347701.5	300	35.555444	0.0	207641	38	0.3	0	0	0	0
1634347701.63	300	39.43457	0.0	218897	33	0.3	0	0	0	0
1634347701.78	300	43.31349	0.0	219759	39	0.3	0	0	0	0
1634347701.95	300	47.151865	0.0	203704	30	0.3	0	0	0	0
1634347702.09	300	50.990011	0.0	211384	33	0.3	0	0	0	0
1634347702.24	300	54.828733	0.0	213546	35	0.3	0	0	0	0
1634347702.4	300	58.666898	0.0	246294	35	0.3	0	0	0	0
1634347705.63	300	59.471424	0.0	253840	61	0.3	4.635	0	81	0
1634347709.31	300	59.774289	0.0	239526	48	0.3	8.63	0	201	30.037546933667077
1634347713.51	300	59.846925	0.0	208664	33	0.3	12.63	0	321	30
1634347717.7	300	59.579369	0.0	215978	32	0.3	16.631	0	441	29.99250187453137
1634347721.38	300	59.907585	0.0	214741	36	0.3	20.631	0	561	30
1634347725.55	300	59.633334	0.0	229698	40	0.3	24.632	0	681	29.992501874531357
1634347729.18	300	59.936401	0.0	216304	36	0.3	28.631	0	801	30.007501875468876
1634347733.39	300	59.701498	0.0	219079	42	0.3	32.632	0	921	29.992501874531385
1634347737.6	300	59.716489	0.0	220595	48	0.3	36.633	0	1041	29.99250187453133
1634347741.78	300	59.4495	0.0	208066	40	0.3	40.632	0	1161	30.007501875468904
1634347745.46	300	59.755129	0.0	217725	43	0.3	44.632	0	1281	30
1634347749.66	300	59.494961	0.0	207408	52	0.3	48.633	0	1401	29.99250187453133
1634347753.34	300	59.840328	0.0	202241	30	0.3	52.633	0	1521	30
1634347757.52	300	59.568615	0.0	213768	30	0.3	56.64	0	1642	30.19715497878714
1634347761.21	300	59.886773	0.0	206170	40	0.3	60.641	0	1762	29.992501874531385
1634347765.39	300	59.908082	0.0	209147	43	0.3	64.641	0	1882	29.999999999999947
1634347769.61	300	59.673814	0.0	203399	46	0.3	68.643	0	2002	29.98500749625191
1634347773.8	300	59.444447	0.0	208834	23	0.3	72.643	0	2122	30
1634347777.5	300	59.744348	0.0	210493	15	0.3	76.646	0	2242	29.977516862353234
1634347781.72	300	59.536193	0.0	214341	30	0.3	80.647	0	2362	29.99250187453133
1634347785.4	300	59.86248	0.0	236978	3	0.3	84.647	0	2482	30
1634347789.63	300	59.590257	0.0	206432	3	0.3	88.647	0	2602	30
1634347793.42	300	59.886492	0.0	213940	47	0.3	92.648	0	2722	29.99250187453144
1634347797.59	300	59.642489	0.0	217550	38	0.3	96.647	0	2842	30.007501875468797
1634347801.25	300	59.980266	0.0	217543	30	0.3	100.648	0	2962	29.99250187453144
1634347805.45	300	59.746493	0.0	207114	45	0.3	104.648	0	3082	30
1634347809.66	300	59.515203	0.0	230790	35	0.3	108.649	0	3202	29.99250187453133
1634347813.34	300	59.851949	0.0	242484	32	0.3	112.648	0	3322	30.007501875468904
1634347817.5	300	59.613386	0.0	244433	38	0.3	116.649	0	3442	29.99250187453133
1634347821.21	300	59.960216	0.0	245567	47	0.3	120.649	0	3562	30
