1634324875.86	750	4	0.135	427465	63	-0.5755	0	0	0	0
1634324876.03	300	8	0.0	474035	69	-0.15000000000000002	0	0	0	0
1634324876.2	300	12	0.0	448326	72	0.3	0	0	0	0
1634324876.37	300	16	0.0	480048	70	0.3	0	0	0	0
1634324876.58	300	19.959263	0.0	488788	106	0.3	0	0	0	0
1634324876.77	300	23.757792	0.0	487141	79	0.3	0	0	0	0
1634324876.97	300	27.596496	0.0	483526	75	0.3	0	0	0	0
1634324877.17	300	31.395087	0.0	460688	79	0.3	0	0	0	0
1634324877.38	300	35.193063	0.0	444206	69	0.3	0	0	0	0
1634324877.62	300	38.950789	0.0	461617	86	0.3	0	0	0	0
1634324877.81	300	42.748413	0.0	450479	58	0.3	0	0	0	0
1634324878.0	300	46.546919	0.0	473222	100	0.3	0	0	0	0
1634324878.18	300	50.345562	0.0	450253	77	0.3	0	0	0	0
1634324878.36	300	54.184309	0.0	458340	78	0.3	0	0	0	0
1634324878.53	300	58.023202	0.0	501721	73	0.3	0	0	0	0
1634324880.76	300	59.794401	0.0	502943	88	0.3	4.604	0	173	0
1634324885.03	300	59.528508	0.0	495208	104	0.3	8.604	0	413	60.000000000000014
1634324888.78	300	59.839052	0.0	476785	76	0.3	12.603	0	653	60.01500375093772
1634324893.02	300	59.574581	0.0	470301	69	0.3	16.604	0	893	59.98500374906274
1634324896.79	300	59.875955	0.0	478876	78	0.3	20.605	0	1133	59.98500374906271
1634324901.03	300	59.605319	0.0	478683	62	0.3	24.604	0	1373	60.01500375093775
1634324904.76	300	59.91012	0.0	433197	72	0.3	28.605	0	1613	59.98500374906271
1634324909.03	300	59.653105	0.0	463002	79	0.3	32.605	0	1853	60.00000000000006
1634324912.76	300	59.954251	0.0	477800	86	0.3	36.606	0	2093	59.98500374906266
1634324916.98	300	59.693158	0.0	456630	70	0.3	40.608	0	2333	59.97001499250382
1634324920.74	300	59.989585	0.0	459893	87	0.3	44.608	0	2573	60
1634324925.01	300	59.758023	0.0	426253	83	0.3	48.608	0	2813	60
1634324929.23	300	59.498399	0.0	431643	67	0.3	52.608	0	3053	60
1634324932.95	300	59.811018	0.0	467241	63	0.3	56.608	0	3293	60
1634324937.24	300	59.550607	0.0	442868	75	0.3	60.608	0	3533	60
1634324940.98	300	59.580603	0.0	437041	77	0.3	64.609	0	3773	59.98500374906277
1634324944.72	300	59.880271	0.0	436753	75	0.3	68.609	0	4013	60
1634324949.0	300	59.628095	0.0	457086	83	0.3	72.609	0	4253	60
1634324952.8	300	59.933351	0.0	471069	99	0.3	76.609	0	4493	60
1634324956.6	300	59.988453	0.0	470476	89	0.3	80.614	0	4733	59.92509363295866
1634324960.87	300	59.762209	0.0	478853	100	0.3	84.614	0	4974	60.25
1634324965.11	300	59.535896	0.0	425308	69	0.3	88.614	0	5213	59.75
1634324968.84	300	59.843353	0.0	436762	71	0.3	92.614	0	5453	60
1634324973.02	300	59.579654	0.0	447413	75	0.3	96.615	0	5694	60.23494126468397
1634324976.78	300	59.877996	0.0	442185	85	0.3	100.615	0	5934	60
1634324981.0	300	59.660262	0.0	447309	72	0.3	104.615	0	6174	60
1634324984.72	300	59.966667	0.0	475738	83	0.3	108.629	0	6414	59.7907324364722
1634324988.94	300	59.709261	0.0	506145	87	0.3	112.629	0	6654	60
1634324993.18	300	59.448601	0.0	493441	84	0.3	116.63	0	6894	59.98500374906288
1634324996.9	300	59.755484	0.0	480118	87	0.3	120.63	0	7134	60
