1634321743.55	750	4	0.165	391964	85	-0.7045	0	0	0	0
1634321743.69	300	8	0.0	212073	34	-0.15000000000000002	0	0	0	0
1634321743.8	300	12	0.0	209182	29	0.3	0	0	0	0
1634321743.93	300	16	0.0	227172	40	0.3	0	0	0	0
1634321744.08	300	20	0.0	238359	47	0.3	0	0	0	0
1634321744.27	300	23.877328	0.0	239351	45	0.3	0	0	0	0
1634321744.4	300	27.756356	0.0	228239	44	0.3	0	0	0	0
1634321744.53	300	31.635371	0.0	217009	37	0.3	0	0	0	0
1634321744.66	300	35.474023	0.0	207641	28	0.3	0	0	0	0
1634321744.81	300	39.3529	0.0	218897	44	0.3	0	0	0	0
1634321744.96	300	43.191241	0.0	219759	36	0.3	0	0	0	0
1634321745.11	300	47.070003	0.0	203704	32	0.3	0	0	0	0
1634321745.28	300	50.908271	0.0	211384	31	0.3	0	0	0	0
1634321745.43	300	54.746181	0.0	213546	41	0.3	0	0	0	0
1634321745.56	300	58.584477	0.0	246294	37	0.3	0	0	0	0
1634321748.77	300	59.466667	0.0	253840	41	0.3	4.632	0	82	0
1634321752.46	300	59.859029	0.0	239526	54	0.3	8.632	0	202	30
1634321756.65	300	59.615162	0.0	208664	53	0.3	12.633	0	322	29.99250187453137
1634321760.34	300	59.916995	0.0	215978	50	0.3	16.633	0	442	30
1634321764.59	300	59.654066	0.0	214741	52	0.3	20.634	0	562	29.992501874531357
1634321768.27	300	59.948518	0.0	229698	30	0.3	24.634	0	682	30
1634321772.46	300	59.959267	0.0	216304	38	0.3	28.635	0	802	29.992501874531357
1634321776.67	300	59.716594	0.0	219079	32	0.3	32.635	0	922	30.00000000000003
1634321780.84	300	59.524027	0.0	220595	41	0.3	36.634	0	1042	30.00750187546885
1634321784.55	300	59.825151	0.0	208066	3	0.3	40.635	0	1162	29.992501874531385
1634321788.73	300	59.589501	0.0	217725	40	0.3	44.635	0	1282	30
1634321792.38	300	59.884839	0.0	207408	41	0.3	48.635	0	1402	30
1634321796.58	300	59.622197	0.0	202241	37	0.3	52.636	0	1522	29.99250187453133
1634321800.25	300	59.923341	0.0	213768	33	0.3	56.636	0	1642	30
1634321804.41	300	59.961477	0.0	206170	37	0.3	60.637	0	1762	29.992501874531385
1634321808.58	300	59.696211	0.0	209147	34	0.3	64.636	0	1882	30.007501875468904
1634321812.81	300	59.468994	0.0	203399	25	0.3	68.637	0	2002	29.99250187453133
1634321816.57	300	59.769552	0.0	208834	37	0.3	72.638	0	2122	29.99250187453133
1634321820.76	300	59.530222	0.0	210493	35	0.3	76.638	0	2242	30
1634321824.45	300	59.830012	0.0	214341	33	0.3	80.641	0	2362	29.977516862353234
1634321828.66	300	59.557746	0.0	236978	67	0.3	84.683	0	2483	29.935675408213744
1634321832.35	300	59.865634	0.0	206432	12	0.3	88.683	0	2603	30
1634321836.5	300	59.874192	0.0	213940	39	0.3	92.683	0	2723	30
1634321840.71	300	59.610749	0.0	217550	40	0.3	96.683	0	2843	30
1634321844.42	300	59.947882	0.0	217543	33	0.3	100.684	0	2963	29.99250187453144
1634321848.6	300	59.688638	0.0	207114	33	0.3	104.683	0	3083	30.007501875468797
1634321852.34	300	59.993624	0.0	230790	54	0.3	108.685	0	3203	29.98500749625191
1634321856.51	300	59.718495	0.0	242484	50	0.3	112.684	0	3323	30.007501875468904
1634321860.68	300	59.772863	0.0	244433	47	0.3	116.684	0	3443	30
1634321864.34	300	59.824646	0.0	245567	39	0.3	120.685	0	3563	29.99250187453133
