1634359941.88	750	4	0.152	391964	80	-0.6486000000000001	0	0	0	0
1634359942.07	750	8	0.0	411055	59	0.75	0	0	0	0
1634359942.24	750	12	0.0	428763	59	0.75	0	0	0	0
1634359942.4	750	16	0.0	426503	68	0.75	0	0	0	0
1634359942.58	750	19.956522	0.0	417864	85	0.75	0	0	0	0
1634359942.74	750	23.794293	0.0	462833	70	0.75	0	0	0	0
1634359942.92	750	27.633334	0.0	444447	81	0.75	0	0	0	0
1634359943.08	750	31.471445	0.0	439044	71	0.75	0	0	0	0
1634359943.25	750	35.310215	0.0	407056	64	0.75	0	0	0	0
1634359943.44	750	39.107996	0.0	431257	72	0.75	0	0	0	0
1634359943.62	750	42.905703	0.0	424931	64	0.75	0	0	0	0
1634359943.82	750	46.744008	0.0	415862	71	0.75	0	0	0	0
1634359944.0	750	50.542701	0.0	417958	65	0.75	0	0	0	0
1634359944.17	750	54.38168	0.0	418039	60	0.75	0	0	0	0
1634359944.34	750	58.219866	0.0	441262	72	0.75	0	0	0	0
1634359947.03	750	59.748324	0.0	464095	76	0.75	4.599	0	85	0
1634359951.26	750	59.476594	0.0	462002	72	0.75	8.599	0	205	30
1634359954.96	750	59.779919	0.0	416260	66	0.75	12.598	0	325	30.00750187546886
1634359959.24	750	59.512643	0.0	426855	68	0.75	16.599	0	445	29.99250187453137
1634359962.92	750	59.844718	0.0	423992	66	0.75	20.6	0	565	29.992501874531357
1634359966.68	750	59.900623	0.0	443256	83	0.75	24.601	0	685	29.992501874531385
1634359970.94	750	59.923448	0.0	420854	78	0.75	28.601	0	805	30
1634359974.68	750	59.940419	0.0	434977	99	0.75	32.601	0	925	30
1634359978.94	750	59.71989	0.0	427693	63	0.75	36.603	0	1045	29.985007496251857
1634359983.14	750	59.488044	0.0	435879	66	0.75	40.607	0	1165	29.970029970029987
1634359986.86	750	59.778207	0.0	458523	80	0.75	44.607	0	1285	30
1634359991.09	750	59.50617	0.0	389475	60	0.75	48.608	0	1405	29.992501874531385
1634359994.83	750	59.809381	0.0	412786	71	0.75	52.608	0	1525	30
1634359999.02	750	59.545705	0.0	423981	50	0.75	56.608	0	1645	30
1634360002.79	750	59.878896	0.0	411450	70	0.75	60.608	0	1765	30
1634360006.99	750	59.604577	0.0	415853	67	0.75	64.607	0	1885	30.00750187546885
1634360010.71	750	59.90644	0.0	410977	72	0.75	68.608	0	2005	29.99250187453133
1634360014.96	750	59.636405	0.0	419815	67	0.75	72.608	0	2125	30
1634360018.65	750	59.972899	0.0	418828	60	0.75	76.609	0	2245	29.99250187453144
1634360022.86	750	59.737857	0.0	422899	74	0.75	80.609	0	2365	30
1634360027.08	750	59.754574	0.0	461245	87	0.75	84.61	0	2485	29.99250187453133
1634360030.82	750	59.776187	0.0	420927	84	0.75	88.61	0	2605	30
1634360035.02	750	59.513669	0.0	434125	63	0.75	92.61	0	2725	30
1634360038.76	750	59.813274	0.0	438085	75	0.75	96.61	0	2845	30
1634360042.95	750	59.869017	0.0	426879	65	0.75	100.611	0	2965	29.99250187453133
1634360046.68	750	59.89607	0.0	423829	67	0.75	104.611	0	3085	30
1634360050.9	750	59.920406	0.0	440437	66	0.75	108.612	0	3206	30.242439390152533
1634360054.72	750	59.939032	0.0	464617	186	0.75	112.611	0	3325	29.75743935983989
1634360058.94	750	59.680772	0.0	482901	95	0.75	116.611	0	3446	30.25
1634360062.69	750	59.979817	0.0	478486	69	0.75	120.612	0	3565	29.742564358910343
