1634295023.76	750	4	0.159	391964	63	-0.6787	0	0	0	0
1634295024.28	1850	8	0.0	2068530	350	0.75	0	0	0	0
1634295024.83	1850	12	0.0	2231919	392	1.85	0	0	0	0
1634295025.31	1850	16	0.0	2071679	339	1.85	0	0	0	0
1634295025.79	1850	19.673704	0.0	2075075	333	1.85	0	0	0	0
1634295026.36	1850	23.109178	0.0	2324573	363	1.85	0	0	0	0
1634295026.97	1850	26.503047	0.0	2327434	397	1.85	0	0	0	0
1634295027.59	1850	29.857077	0.0	2160877	460	1.85	5.217	0	48	0
1634295028.14	1850	33.333334	0.0	2004753	372	1.85	5.217	0	48	0
1634295028.64	1850	36.849139	0.0	2057086	311	1.85	5.217	0	48	0
1634295029.24	1850	40.242273	0.0	2101929	374	1.85	5.217	0	48	0
1634295029.86	1850	43.596674	0.0	2052018	454	1.85	5.217	0	48	0
1634295030.38	1850	47.113148	0.0	2085705	367	1.85	5.217	0	48	0
1634295030.93	1850	50.541676	0.0	2112772	384	1.85	5.217	0	48	0
1634295031.53	1850	53.935355	0.0	2222688	406	1.85	9.217	3	168	29.249999999999993
1634295032.07	1850	57.409016	0.0	2169593	376	1.85	9.217	3	168	29.249999999999993
1634295034.15	1850	59.460727	0.0	2267471	406	1.85	9.217	3	168	29.249999999999993
1634295038.2	1850	59.483922	0.0	2094437	350	1.85	13.217	3	288	30
1634295041.75	1850	59.793275	0.0	2148255	343	1.85	17.217	3	408	30.000000000000014
1634295045.78	1850	59.818331	0.0	2132587	347	1.85	21.222	3	528	29.96254681647938
1634295049.86	1850	59.878803	0.0	2151407	339	1.85	25.222	3	648	30
1634295053.91	1850	59.621213	0.0	2063523	335	1.85	29.222	3	768	30
1634295057.93	1850	59.649453	0.0	2103042	323	1.85	33.223	3	888	29.992501874531385
1634295061.53	1850	59.960633	0.0	2103040	368	1.85	37.224	3	1008	29.992501874531385
1634295065.61	1850	59.978242	0.0	2114688	341	1.85	41.224	3	1128	30
1634295070.11	1850	59.449167	0.0	2240212	717	1.85	45.233	3	1249	30.182090296832126
1634295074.12	1850	59.477448	0.0	2002951	328	1.85	49.224	3	1368	29.817088449010274
1634295077.71	1850	59.835814	0.0	1961003	372	1.85	53.225	3	1488	29.99250187453133
1634295081.85	1850	59.873687	0.0	1969295	328	1.85	57.225	3	1608	30
1634295086.06	1850	59.666667	0.0	2042142	314	1.85	61.225	3	1728	30
1634295089.98	1850	59.735815	0.0	2087704	295	1.85	65.226	3	1848	29.992501874531385
1634295094.14	1850	59.523284	0.0	2022676	336	1.85	69.227	3	1968	29.99250187453133
1634295097.68	1850	59.833334	0.0	2027226	337	1.85	73.242	3	2089	30.13698630136986
1634295101.81	1850	59.855907	0.0	1993205	356	1.85	77.242	3	2209	30
1634295105.92	1850	59.591677	0.0	2185074	354	1.85	81.243	3	2329	29.99250187453144
1634295110.08	1850	59.627926	0.0	2416062	434	1.85	85.242	3	2449	30.007501875468797
1634295113.58	1850	59.983454	0.0	1975785	334	1.85	89.243	3	2569	29.99250187453144
1634295118.14	1850	59.434647	0.0	2017826	330	1.85	93.243	3	2689	30
1634295122.22	1850	59.473843	0.0	2236854	363	1.85	97.244	3	2809	29.99250187453133
1634295125.76	1850	59.795283	0.0	2165385	355	1.85	101.244	3	2929	30
1634295129.82	1850	59.81095	0.0	2021844	330	1.85	105.244	3	3049	30
1634295133.88	1850	59.879777	0.0	2100101	334	1.85	109.247	3	3169	29.977516862353234
1634295137.96	1850	59.63448	0.0	2192105	352	1.85	113.244	3	3289	30.02251688766575
1634295142.07	1850	59.9704	0.0	2446938	446	1.85	117.244	3	3409	30
