1634297874.79	750	4	0.167	427465	81	-0.7131000000000001	0	0	0	0
1634297875.83	2850	7.633334	0.0	4860073	795	0.75	0	0	0	0
1634297876.94	2850	10.55	0.0	5306756	857	2.85	0	0	0	0
1634297878.13	2850	13.366667	0.0	5542685	918	2.85	0	0	0	0
1634297879.29	2850	16.233334	0.0	5302108	882	2.85	4.599	14	169	0
1634297880.54	2850	19	0.0	5631224	954	2.85	4.599	14	169	0
1634297881.81	2850	21.733334	0.0	5641793	970	2.85	4.599	14	169	0
1634297883.02	2850	24.5	0.0	5361170	932	2.85	8.598	59	409	48.762190547636905
1634297884.16	2850	27.316667	0.0	5091418	911	2.85	8.598	59	409	48.762190547636905
1634297885.31	2850	30.166667	0.0	5227125	912	2.85	8.598	59	409	48.762190547636905
1634297886.5	2850	32.966667	0.0	4841602	954	2.85	12.6	83	649	53.97301349325339
1634297887.6	2850	35.866667	0.0	4865486	880	2.85	12.6	83	649	53.97301349325339
1634297888.74	2850	38.75	0.0	4882046	897	2.85	12.6	83	649	53.97301349325339
1634297889.97	2850	41.5	0.0	5028620	993	2.85	12.6	83	649	53.97301349325339
1634297891.37	2850	44.116667	0.0	5503564	1165	2.85	16.599	108	889	53.76344086021505
1634297892.77	2850	46.783334	0.0	5599662	1091	2.85	16.599	108	889	53.76344086021505
1634297894.29	2850	49.233334	0.0	5795623	1165	2.85	20.6	129	1125	53.73656585853535
1634297895.62	2850	51.883334	0.0	5156941	1086	2.85	20.6	129	1125	53.73656585853535
1634297897.04	2850	54.466667	0.0	5325355	1149	2.85	20.6	129	1125	53.73656585853535
1634297898.28	2850	57.216667	0.0	5072821	977	2.85	24.6	162	1366	52
1634297899.59	2850	59.9	0.0	5221211	1013	2.85	24.6	162	1366	52
1634297903.86	2850	59.823242	0.0	4991290	964	2.85	28.6	189	1609	54
1634297907.64	2850	59.893362	0.0	5164068	949	2.85	32.6	198	1849	57.75
1634297911.84	2850	59.63136	0.0	5005269	903	2.85	36.601	205	2089	58.23544113971511
1634297915.53	2850	59.944428	0.0	5068042	900	2.85	40.6	213	2329	58.01450362590644
1634297919.87	2850	59.690892	0.0	5237110	1037	2.85	44.601	223	2569	57.48562859285182
1634297924.15	2850	59.476046	0.0	4821435	950	2.85	48.607	230	2809	58.1627558662007
1634297927.96	2850	59.503541	0.0	4701041	949	2.85	52.608	247	3049	55.736065983504155
1634297931.69	2850	59.821237	0.0	5120086	924	2.85	56.607	255	3289	58.01450362590644
1634297935.96	2850	59.567442	0.0	5250336	964	2.85	60.607	265	3529	57.5
1634297939.74	2850	59.875616	0.0	5232468	951	2.85	64.608	280	3769	56.235941014746246
1634297943.96	2850	59.618834	0.0	4935497	922	2.85	68.608	288	4009	58
1634297947.74	2850	59.686922	0.0	5346034	982	2.85	72.609	296	4249	57.985503624094115
1634297952.0	2850	59.434129	0.0	5134134	940	2.85	76.608	306	4489	57.51437859464853
1634297955.79	2850	59.744925	0.0	5368213	973	2.85	80.609	320	4729	56.48587853036754
1634297960.12	2850	59.487958	0.0	5612239	984	2.85	84.616	334	4970	56.65086099326172
1634297963.86	2850	59.792804	0.0	4811747	921	2.85	88.616	343	5210	57.75
1634297967.62	2850	59.814376	0.0	4933279	964	2.85	92.616	352	5450	57.75
1634297971.91	2850	59.563054	0.0	5486100	988	2.85	96.616	363	5690	57.25
1634297975.69	2850	59.875356	0.0	5218313	984	2.85	100.616	374	5930	57.25
1634297979.98	2850	59.620032	0.0	4977187	976	2.85	104.618	380	6170	58.47076461769122
1634297983.91	2850	59.645495	0.0	5061968	1125	2.85	108.618	388	6410	58
1634297987.64	2850	59.954058	0.0	5225870	945	2.85	112.618	401	6650	56.75
1634297992.16	2850	59.437741	0.0	6017300	1109	2.85	116.619	416	6890	56.235941014746246
1634297995.53	2850	59.993649	0.0	5509165	1032	2.85	120.619	429	7130	56.75
