1634331223.87	750	4	0.19	427465	109	-0.8119999999999999	0	0	0	0
1634331224.06	300	8	0.0	474035	36	-0.15000000000000002	0	0	0	0
1634331224.29	300	12	0.0	448326	87	0.3	0	0	0	0
1634331224.47	300	16	0.0	480048	76	0.3	0	0	0	0
1634331224.65	300	19.837539	0.0	488788	78	0.3	0	0	0	0
1634331224.82	300	23.676608	0.0	487141	74	0.3	0	0	0	0
1634331225.02	300	27.475529	0.0	483526	81	0.3	0	0	0	0
1634331225.23	300	31.273968	0.0	460688	73	0.3	0	0	0	0
1634331225.44	300	35.072331	0.0	444206	57	0.3	0	0	0	0
1634331225.65	300	38.829203	0.0	461617	73	0.3	0	0	0	0
1634331225.86	300	42.626631	0.0	450479	65	0.3	0	0	0	0
1634331226.07	300	46.424752	0.0	473222	78	0.3	0	0	0	0
1634331226.25	300	50.263598	0.0	450253	77	0.3	0	0	0	0
1634331226.44	300	54.060593	0.0	458340	83	0.3	0	0	0	0
1634331226.64	300	57.858511	0.0	501721	97	0.3	0	0	0	0
1634331228.9	300	59.795249	0.0	502943	94	0.3	4.583	0	171	0
1634331232.66	300	59.863534	0.0	495208	72	0.3	8.583	0	411	60
1634331236.95	300	59.60975	0.0	476785	88	0.3	12.583	0	651	60
1634331240.69	300	59.912624	0.0	470301	67	0.3	16.583	0	891	60.00000000000003
1634331244.96	300	59.655385	0.0	478876	81	0.3	20.583	0	1131	60
1634331248.71	300	59.969064	0.0	478683	76	0.3	24.584	0	1371	59.98500374906271
1634331252.97	300	59.7	0.0	433197	89	0.3	28.584	0	1612	60.25
1634331257.17	300	59.44091	0.0	463002	77	0.3	32.585	0	1852	59.98500374906271
1634331260.9	300	59.75505	0.0	477800	90	0.3	36.586	0	2092	59.98500374906277
1634331265.14	300	59.54687	0.0	456630	78	0.3	40.586	0	2332	60
1634331268.89	300	59.850129	0.0	459893	70	0.3	44.587	0	2572	59.98500374906266
1634331273.09	300	59.592415	0.0	426253	70	0.3	48.587	0	2812	60
1634331276.82	300	59.907198	0.0	431643	66	0.3	52.588	0	3052	59.98500374906277
1634331281.05	300	59.642325	0.0	467241	66	0.3	56.588	0	3292	60
1634331284.77	300	59.955268	0.0	442868	64	0.3	60.587	0	3532	60.0150037509377
1634331289.04	300	59.736111	0.0	437041	74	0.3	64.59	0	3772	59.95503372470647
1634331292.79	300	59.755726	0.0	436753	75	0.3	68.592	0	4012	59.97001499250382
1634331297.1	300	59.487245	0.0	457086	93	0.3	72.592	0	4252	60
1634331300.83	300	59.8	0.0	471069	89	0.3	76.592	0	4492	60
1634331305.09	300	59.543717	0.0	470476	82	0.3	80.592	0	4732	60
1634331308.83	300	59.853806	0.0	478853	58	0.3	84.592	0	4972	60
1634331313.05	300	59.598416	0.0	425308	60	0.3	88.592	0	5212	60
1634331316.8	300	59.909621	0.0	436762	63	0.3	92.593	0	5452	59.98500374906266
1634331320.56	300	59.976465	0.0	447413	81	0.3	96.593	0	5692	60
1634331324.82	300	59.718463	0.0	442185	76	0.3	100.596	0	5932	59.95503372470647
1634331329.05	300	59.744885	0.0	447309	65	0.3	104.596	0	6172	60
1634331332.8	300	59.771647	0.0	475738	84	0.3	108.597	0	6412	59.98500374906288
1634331337.07	300	59.509538	0.0	506145	92	0.3	112.597	0	6652	60
1634331340.78	300	59.82012	0.0	493441	85	0.3	116.597	0	6892	60
1634331344.98	300	59.561956	0.0	480118	63	0.3	120.597	0	7132	60
