1634316245.31	750	4	0.163	427465	62	-0.6959	0	0	0	0
1634316246.03	1850	8	0.0	3156042	503	0.75	0	0	0	0
1634316246.78	1850	12	0.0	3331786	539	1.85	0	0	0	0
1634316247.56	1850	15.35	0.0	3470899	542	1.85	0	0	0	0
1634316248.37	1850	18.566667	0.0	3391540	569	1.85	0	0	0	0
1634316249.22	1850	21.733334	0.0	3653733	595	1.85	5.18	8	107	0
1634316250.06	1850	24.866667	0.0	3500753	604	1.85	5.18	8	107	0
1634316250.85	1850	28.1	0.0	3417687	537	1.85	5.18	8	107	0
1634316251.62	1850	31.316667	0.0	3185216	506	1.85	5.18	8	107	0
1634316252.41	1850	34.516667	0.0	3286263	564	1.85	5.18	8	107	0
1634316253.1	1850	37.804588	0.0	3082343	499	1.85	9.176	34	347	53.55355355355355
1634316253.91	1850	41.016667	0.0	3170736	577	1.85	9.176	34	347	53.55355355355355
1634316254.69	1850	44.2	0.0	3196938	551	1.85	9.176	34	347	53.55355355355355
1634316255.5	1850	47.433334	0.0	3228009	559	1.85	9.176	34	347	53.55355355355355
1634316256.32	1850	50.6	0.0	3513138	593	1.85	9.176	34	347	53.55355355355355
1634316257.16	1850	53.75	0.0	3686191	606	1.85	13.176	51	587	55.75
1634316258.05	1850	56.85	0.0	3630324	693	1.85	13.176	51	587	55.75
1634316259.36	1850	59.583409	0.0	3348330	586	1.85	13.176	51	587	55.75
1634316263.13	1850	59.89486	0.0	3272823	533	1.85	17.177	60	827	57.73556610847289
1634316267.38	1850	59.683334	0.0	3263947	492	1.85	21.176	63	1067	59.26481620405103
1634316271.55	1850	59.714788	0.0	3246736	496	1.85	25.177	69	1307	58.48537865533615
1634316275.42	1850	59.738563	0.0	3067619	510	1.85	29.177	75	1547	58.5
1634316279.5	1850	59.438138	0.0	3258491	626	1.85	33.177	77	1787	59.5
1634316283.67	1850	59.739308	0.0	3217708	524	1.85	37.178	88	2027	57.235691077230726
1634316287.47	1850	59.569527	0.0	3168556	915	1.85	41.2	88	2269	60.169070114370875
1634316291.95	1850	59.545487	0.0	3254799	502	1.85	45.22	129	2508	49.25373134328363
