1634323702.43	750	4	0.164	427465	61	-0.7001999999999999	0	0	0	0
1634323702.69	750	8	0.0	647387	131	0.75	0	0	0	0
1634323702.91	750	12	0.0	677925	109	0.75	0	0	0	0
1634323703.15	750	16	0.0	706841	133	0.75	0	0	0	0
1634323703.37	750	20	0.0	701203	111	0.75	0	0	0	0
1634323703.59	750	24	0.0	737962	114	0.75	0	0	0	0
1634323703.8	750	28	0.0	699376	112	0.75	0	0	0	0
1634323704.02	750	31.956282	0.0	691941	116	0.75	0	0	0	0
1634323704.22	750	35.754635	0.0	635193	103	0.75	0	0	0	0
1634323704.46	750	39.512206	0.0	655855	95	0.75	0	0	0	0
1634323704.7	750	43.270042	0.0	626785	104	0.75	0	0	0	0
1634323704.91	750	47.067319	0.0	641824	101	0.75	0	0	0	0
1634323705.13	750	50.825019	0.0	657300	106	0.75	0	0	0	0
1634323705.34	750	54.623317	0.0	650171	105	0.75	0	0	0	0
1634323705.58	750	58.380813	0.0	713528	120	0.75	0	0	0	0
1634323708.53	750	59.46862	0.0	758246	127	0.75	5.428	0	110	0
1634323712.35	750	59.780686	0.0	743893	140	0.75	9.427	0	350	60.01500375093774
1634323716.18	750	59.805555	0.0	682559	116	0.75	13.428	0	590	59.98500374906271
1634323720.51	750	59.545521	0.0	689486	156	0.75	17.427	0	830	60.01500375093775
1634323724.29	750	59.88159	0.0	689027	96	0.75	21.436	0	1071	60.11474183088051
1634323728.58	750	59.616727	0.0	673540	111	0.75	25.436	0	1311	60
1634323732.34	750	59.646516	0.0	640816	93	0.75	29.436	0	1551	60
1634323736.12	750	59.959496	0.0	681370	131	0.75	33.436	0	1791	60
1634323740.37	750	59.692405	0.0	689141	112	0.75	37.437	0	2031	59.98500374906277
1634323744.67	750	59.430789	0.0	656898	88	0.75	41.436	0	2271	60.0150037509377
1634323748.42	750	59.738839	0.0	670951	102	0.75	45.437	0	2511	59.98500374906277
1634323752.68	750	59.469816	0.0	618544	92	0.75	49.437	0	2751	60
1634323756.44	750	59.778819	0.0	618247	103	0.75	53.437	0	2991	60
1634323760.19	750	59.803929	0.0	671894	118	0.75	57.438	0	3231	59.98500374906266
1634323764.44	750	59.588656	0.0	642169	104	0.75	61.438	0	3471	60
1634323768.24	750	59.90065	0.0	635411	113	0.75	65.439	0	3711	59.98500374906288
1634323772.51	750	59.640971	0.0	644615	104	0.75	69.439	0	3951	60
1634323776.26	750	59.946272	0.0	672342	88	0.75	73.439	0	4191	60
1634323780.06	750	59.96747	0.0	666301	100	0.75	77.439	0	4431	60
1634323784.36	750	59.712368	0.0	665276	118	0.75	81.439	0	4671	60
1634323788.67	750	59.454792	0.0	696340	133	0.75	85.44	0	4911	59.98500374906266
1634323792.46	750	59.766667	0.0	634337	110	0.75	89.44	0	5151	60
1634323796.21	750	59.781964	0.0	642800	108	0.75	93.44	0	5391	60
1634323800.47	750	59.514658	0.0	660587	105	0.75	97.44	0	5631	60
1634323804.23	750	59.867328	0.0	654618	101	0.75	101.44	0	5871	60
1634323808.48	750	59.597875	0.0	644116	98	0.75	105.44	0	6111	60
1634323812.48	750	59.638126	0.0	677809	15	0.75	109.441	0	6351	59.98500374906266
1634323816.25	750	59.942641	0.0	722701	121	0.75	113.442	0	6591	59.98500374906288
1634323820.05	750	59.960362	0.0	750718	128	0.75	117.441	0	6831	60.015003750937595
1634323824.28	750	59.744115	0.0	708690	112	0.75	121.442	0	7071	59.98500374906288
