1634334035.1	750	4	0.192	391964	114	-0.8205999999999999	0	0	0	0
1634334035.31	750	8	0.0	411055	72	0.75	0	0	0	0
1634334035.47	750	12	0.0	428763	71	0.75	0	0	0	0
1634334035.64	750	16	0.0	426503	64	0.75	0	0	0	0
1634334035.8	750	19.958525	0.0	417864	73	0.75	0	0	0	0
1634334035.98	750	23.795335	0.0	462833	79	0.75	0	0	0	0
1634334036.16	750	27.593892	0.0	444447	69	0.75	0	0	0	0
1634334036.39	750	31.350585	0.0	439044	73	0.75	0	0	0	0
1634334036.58	750	35.184611	0.0	407056	74	0.75	0	0	0	0
1634334036.75	750	39.02239	0.0	431257	61	0.75	0	0	0	0
1634334036.94	750	42.821129	0.0	424931	65	0.75	0	0	0	0
1634334037.13	750	46.619303	0.0	415862	62	0.75	0	0	0	0
1634334037.31	750	50.457581	0.0	417958	71	0.75	0	0	0	0
1634334037.49	750	54.255677	0.0	418039	63	0.75	0	0	0	0
1634334037.67	750	58.09392	0.0	441262	67	0.75	0	0	0	0
1634334040.36	750	59.464925	0.0	464095	71	0.75	4.565	0	84	0
1634334044.15	750	59.835611	0.0	462002	83	0.75	8.565	0	204	30.000000000000007
1634334048.39	750	59.557659	0.0	416260	72	0.75	12.565	0	324	30
1634334052.17	750	59.864776	0.0	426855	49	0.75	16.565	0	444	29.999999999999986
1634334055.92	750	59.891798	0.0	423992	69	0.75	20.566	0	564	29.992501874531385
1634334060.12	750	59.630809	0.0	443256	68	0.75	24.567	0	684	29.992501874531357
1634334064.3	750	59.649892	0.0	420854	48	0.75	28.566	0	804	30.007501875468876
1634334068.02	750	59.954268	0.0	434977	70	0.75	32.566	0	924	29.999999999999975
1634334072.25	750	59.68345	0.0	427693	62	0.75	36.566	0	1044	30
1634334076.53	750	59.459053	0.0	435879	59	0.75	40.567	0	1164	29.992501874531385
1634334080.28	750	59.509421	0.0	458523	74	0.75	44.567	0	1284	30
1634334083.98	750	59.808834	0.0	389475	84	0.75	48.567	0	1404	30
1634334088.19	750	59.840018	0.0	412786	70	0.75	52.568	0	1524	29.992501874531385
1634334091.9	750	59.861995	0.0	423981	82	0.75	56.568	0	1644	30
1634334096.11	750	59.917621	0.0	411450	60	0.75	60.568	0	1764	30
1634334100.31	750	59.65374	0.0	415853	72	0.75	64.568	0	1884	30
1634334104.02	750	59.955944	0.0	410977	74	0.75	68.568	0	2004	30
1634334108.26	750	59.712819	0.0	419815	80	0.75	72.569	0	2124	29.99250187453133
1634334112.46	750	59.439677	0.0	418828	70	0.75	76.569	0	2244	30
1634334116.18	750	59.82072	0.0	422899	71	0.75	80.569	0	2364	30
1634334119.91	750	59.858914	0.0	461245	66	0.75	84.569	0	2484	30
1634334124.16	750	59.88837	0.0	420927	90	0.75	88.57	0	2604	29.99250187453144
1634334127.88	750	59.904721	0.0	434125	69	0.75	92.57	0	2724	30
1634334132.11	750	59.703384	0.0	438085	80	0.75	96.57	0	2844	30
1634334136.34	750	59.435059	0.0	426879	70	0.75	100.571	0	2964	29.99250187453133
1634334140.03	750	59.738912	0.0	423829	63	0.75	104.571	0	3084	30
1634334144.24	750	59.759625	0.0	440437	70	0.75	108.576	0	3204	29.962546816479435
1634334148.44	750	59.503515	0.0	464617	68	0.75	112.576	0	3324	30
1634334152.13	750	59.805054	0.0	482901	69	0.75	116.576	0	3444	30
1634334156.4	750	59.550084	0.0	478486	38	0.75	120.577	0	3564	29.99250187453133
