1634328379.4	750	4	0.189	427465	97	-0.8077	0	0	0	0
1634328380.48	2850	8	0.0	4860073	782	0.75	0	0	0	0
1634328381.54	2850	11.5	0.0	5306756	811	2.85	0	0	0	0
1634328382.74	2850	14.333334	0.0	5542685	930	2.85	5.186	5	99	0
1634328384.02	2850	17.05	0.0	5302108	835	2.85	5.186	5	99	0
1634328385.23	2850	20	0.0	5631224	900	2.85	5.186	5	99	0
1634328386.51	2850	22.6	0.0	5641793	940	2.85	5.186	5	99	0
1634328387.69	2850	25.366667	0.0	5361170	892	2.85	9.186	73	345	44.5
1634328388.86	2850	28.2	0.0	5091418	866	2.85	9.186	73	345	44.5
1634328390.07	2850	31.016667	0.0	5227125	855	2.85	9.186	73	345	44.5
