1634349665.36	750	4	0.17	427465	87	-0.726	0	0	0	0
1634349665.84	1200	8	0.0	1719226	266	0.75	0	0	0	0
1634349666.26	1200	11.673132	0.0	1824230	242	1.2	0	0	0	0
1634349666.74	1200	15.189895	0.0	1882039	297	1.2	0	0	0	0
1634349667.21	1200	18.716667	0.0	1838337	284	1.2	0	0	0	0
1634349667.74	1200	22.216667	0.0	1953398	314	1.2	0	0	0	0
1634349668.25	1200	25.653356	0.0	1841430	303	1.2	0	0	0	0
1634349668.73	1200	29.209612	0.0	1838080	298	1.2	0	0	0	0
1634349669.16	1200	32.766667	0.0	1692604	270	1.2	4.667	6	178	0
1634349669.6	1200	36.321103	0.0	1727189	276	1.2	4.667	6	178	0
1634349670.07	1200	39.877167	0.0	1715705	311	1.2	4.667	6	178	0
1634349670.58	1200	43.352116	0.0	1729349	309	1.2	4.667	6	178	0
1634349671.12	1200	46.866667	0.0	1754261	310	1.2	4.667	6	178	0
1634349671.64	1200	50.316667	0.0	1778755	302	1.2	4.667	6	178	0
1634349672.23	1200	53.766667	0.0	1915304	315	1.2	4.667	6	178	0
1634349672.77	1200	57.183334	0.0	1992580	331	1.2	4.667	6	178	0
1634349674.3	1200	59.791159	0.0	2012653	309	1.2	8.666	17	418	57.26431607901975
1634349678.29	1200	59.816972	0.0	1822103	297	1.2	12.667	18	658	59.73506623344165
1634349682.32	1200	59.834588	0.0	1832177	290	1.2	16.667	18	898	59.99999999999997
1634349686.31	1200	59.862468	0.0	1820480	294	1.2	20.667	19	1138	59.75
1634349690.29	1200	59.882133	0.0	1799178	287	1.2	24.667	20	1378	59.75
1634349694.27	1200	59.906976	0.0	1709916	255	1.2	28.668	20	1618	59.98500374906277
1634349698.24	1200	59.926832	0.0	1771595	270	1.2	32.668	20	1858	60
1634349702.22	1200	59.957229	0.0	1761173	271	1.2	36.668	20	2098	60
1634349706.26	1200	59.692418	0.0	1733302	318	1.2	40.668	20	2338	60
1634349710.22	1200	59.722502	0.0	1784941	272	1.2	44.669	20	2578	59.98500374906277
1634349714.18	1200	59.780365	0.0	1702509	269	1.2	48.668	21	2818	59.76494123530879
1634349718.13	1200	59.8066	0.0	1694307	261	1.2	52.669	22	3058	59.73506623344167
1634349722.14	1200	59.83568	0.0	1839362	297	1.2	56.669	23	3298	59.75
1634349726.13	1200	59.862754	0.0	1715553	252	1.2	60.669	25	3538	59.5
1634349730.11	1200	59.885514	0.0	1737144	267	1.2	64.669	25	3778	60
1634349734.15	1200	59.904189	0.0	1718570	305	1.2	68.679	26	4019	59.85037406483783
1634349738.15	1200	59.953797	0.0	1799075	268	1.2	72.678	27	4259	59.764941235308896
1634349742.16	1200	59.979012	0.0	1764247	258	1.2	76.679	29	4499	59.48512871782047
1634349746.14	1200	59.996697	0.0	1792164	295	1.2	80.679	29	4739	60
1634349750.16	1200	59.743659	0.0	1923129	301	1.2	84.679	30	4979	59.75
1634349754.63	1200	59.4753	0.0	1619018	266	1.2	88.679	31	5219	59.75
1634349758.59	1200	59.500052	0.0	1766623	283	1.2	92.68	31	5459	59.98500374906266
1634349762.6	1200	59.522314	0.0	1805304	292	1.2	96.682	31	5699	59.97001499250382
1634349766.14	1200	59.831762	0.0	1754155	299	1.2	100.68	33	5939	59.52976488244115
1634349770.17	1200	59.862082	0.0	1739691	314	1.2	104.685	34	6179	59.67540574282154
1634349774.19	1200	59.948379	0.0	1734417	286	1.2	108.685	36	6419	59.5
1634349778.19	1200	59.978456	0.0	1932720	305	1.2	112.687	37	6659	59.72013993003505
1634349782.68	1200	59.437964	0.0	2017647	317	1.2	116.685	38	6899	59.77988994497242
1634349786.2	1200	59.741819	0.0	1827933	295	1.2	120.686	38	7139	59.98500374906266
