1634314894.01	750	4	0.195	391964	91	-0.8335	0	0	0	0
1634314894.25	300	8	0.0	212073	62	-0.15000000000000002	0	0	0	0
1634314894.38	300	12	0.0	209182	49	0.3	0	0	0	0
1634314894.53	300	16	0.0	227172	48	0.3	0	0	0	0
1634314894.65	300	20	0.0	238359	35	0.3	0	0	0	0
1634314894.77	300	24	0.0	239351	43	0.3	0	0	0	0
1634314894.92	300	28	0.0	228239	52	0.3	0	0	0	0
1634314895.04	300	32	0.0	217009	38	0.3	0	0	0	0
1634314895.18	300	36	0.0	207641	35	0.3	0	0	0	0
1634314895.48	300	40	0.0	218897	24	0.3	0	0	0	0
1634314895.6	300	44	0.0	219759	41	0.3	0	0	0	0
1634314895.74	300	48	0.0	203704	42	0.3	0	0	0	0
1634314895.87	300	52	0.0	211384	34	0.3	0	0	0	0
1634314895.99	300	56	0.0	213546	32	0.3	0	0	0	0
1634314897.15	300	59.705735	0.0	246294	50	0.3	0	0	0	0
1634314901.33	300	59.500685	0.0	253840	50	0.3	9.157	0	139	30.00750187546887
1634314905.02	300	59.818317	0.0	239526	47	0.3	9.157	0	139	30.00750187546887
1634314909.25	300	59.555813	0.0	208664	32	0.3	13.158	0	259	29.99250187453137
1634314912.96	300	59.854579	0.0	215978	46	0.3	17.2	0	380	29.935675408213758
1634314917.18	300	59.580271	0.0	214741	33	0.3	21.2	0	500	30
1634314920.87	300	59.890569	0.0	229698	45	0.3	25.201	0	620	29.992501874531357
1634314925.06	300	59.627314	0.0	216304	44	0.3	29.204	0	740	29.977516862353234
1634314928.73	300	59.931574	0.0	219079	38	0.3	33.204	0	860	30
1634314932.92	300	59.941324	0.0	220595	45	0.3	37.206	0	980	29.985007496251857
1634314937.1	300	59.667583	0.0	208066	7	0.3	41.205	0	1100	30.007501875468904
1634314941.25	300	59.475487	0.0	217725	30	0.3	45.206	0	1220	29.99250187453133
1634314944.98	300	59.784217	0.0	207408	26	0.3	49.217	0	1341	30.16704063824486
1634314949.14	300	59.793727	0.0	202241	25	0.3	53.217	0	1461	30
1634314953.3	300	59.526171	0.0	213768	38	0.3	57.218	0	1581	29.99250187453133
1634314957.02	300	59.819643	0.0	206170	35	0.3	61.256	0	1702	29.965329370975756
1634314961.24	300	59.584494	0.0	209147	16	0.3	65.262	0	1822	29.955067398901647
1634314964.93	300	59.912158	0.0	203399	37	0.3	69.263	0	1942	29.99250187453133
1634314969.12	300	59.645934	0.0	208834	31	0.3	73.263	0	2062	30
1634314972.85	300	59.950197	0.0	210493	39	0.3	77.263	0	2182	30
1634314977.02	300	59.677485	0.0	214341	54	0.3	81.264	0	2302	29.99250187453144
1634314980.74	300	59.985913	0.0	236978	44	0.3	85.263	0	2422	30.007501875468797
1634314984.96	300	59.711477	0.0	206432	36	0.3	89.264	0	2542	29.99250187453144
1634314989.16	300	59.73125	0.0	213940	38	0.3	93.265	0	2662	29.99250187453133
1634314993.33	300	59.459748	0.0	217550	45	0.3	97.265	0	2782	30
1634314997.05	300	59.753305	0.0	217543	42	0.3	101.286	0	2903	30.09201691121611
1634315001.24	300	59.483076	0.0	207114	32	0.3	105.287	0	3023	29.99250187453133
1634315004.92	300	59.849158	0.0	230790	29	0.3	109.288	0	3143	29.99250187453144
1634315009.11	300	59.614802	0.0	242484	41	0.3	113.288	0	3263	30
1634315012.77	300	59.922836	0.0	244433	48	0.3	117.288	0	3383	30
1634315016.98	300	59.690029	0.0	245567	52	0.3	121.288	0	3503	30
