1634317096.08	750	4	0.15	427465	67	-0.64	0	0	0	0
1634317096.55	1200	8	0.0	1719226	286	0.75	0	0	0	0
1634317097.0	1200	11.717201	0.0	1824230	309	1.2	0	0	0	0
1634317097.45	1200	15.274127	0.0	1882039	316	1.2	0	0	0	0
1634317097.94	1200	18.816667	0.0	1838337	293	1.2	0	0	0	0
1634317098.44	1200	22.306095	0.0	1953398	314	1.2	0	0	0	0
1634317098.89	1200	25.861214	0.0	1841430	301	1.2	0	0	0	0
1634317099.36	1200	29.373247	0.0	1838080	310	1.2	0	0	0	0
1634317099.82	1200	32.933334	0.0	1692604	278	1.2	4.603	2	170	0
1634317100.38	1200	36.36304	0.0	1727189	399	1.2	4.603	2	170	0
1634317100.86	1200	39.883334	0.0	1715705	302	1.2	4.603	2	170	0
1634317101.31	1200	43.434148	0.0	1729349	303	1.2	4.603	2	170	0
1634317101.88	1200	46.868291	0.0	1754261	406	1.2	4.603	2	170	0
1634317102.34	1200	50.379352	0.0	1778755	310	1.2	4.603	2	170	0
1634317102.87	1200	53.883334	0.0	1915304	338	1.2	4.603	2	170	0
1634317103.45	1200	57.316667	0.0	1992580	348	1.2	4.603	2	170	0
1634317105.01	1200	59.793109	0.0	2012653	353	1.2	8.602	10	410	58.01450362590647
1634317109.01	1200	59.878796	0.0	1822103	286	1.2	12.603	12	650	59.48512871782055
1634317113.02	1200	59.887827	0.0	1832177	307	1.2	16.603	13	890	59.74999999999997
1634317117.05	1200	59.913597	0.0	1820480	301	1.2	20.603	13	1130	60
1634317121.14	1200	59.639842	0.0	1799178	380	1.2	24.605	13	1371	60.21989005497253
1634317125.15	1200	59.664407	0.0	1709916	271	1.2	28.604	15	1611	59.514878719679935
1634317129.11	1200	59.688988	0.0	1771595	290	1.2	32.604	15	1851	60
1634317133.1	1200	59.754841	0.0	1761173	270	1.2	36.604	15	2091	60
1634317137.09	1200	59.783898	0.0	1733302	285	1.2	40.605	16	2331	59.73506623344167
1634317141.07	1200	59.812149	0.0	1784941	277	1.2	44.607	18	2571	59.47026486756618
1634317145.05	1200	59.841587	0.0	1702509	280	1.2	48.606	18	2811	60.0150037509377
1634317149.04	1200	59.866913	0.0	1694307	251	1.2	52.607	18	3051	59.98500374906277
1634317153.08	1200	59.894233	0.0	1839362	339	1.2	56.607	19	3291	59.75
1634317157.11	1200	59.636446	0.0	1715553	316	1.2	60.607	19	3531	60
1634317161.1	1200	59.655457	0.0	1737144	287	1.2	64.607	19	3771	60
1634317165.12	1200	59.677902	0.0	1718570	286	1.2	68.608	20	4011	59.73506623344157
1634317169.12	1200	59.707544	0.0	1799075	267	1.2	72.608	22	4251	59.5
1634317173.14	1200	59.734035	0.0	1764247	308	1.2	76.612	22	4491	59.94005994006008
1634317177.18	1200	59.767143	0.0	1792164	304	1.2	80.612	23	4731	59.75
1634317181.24	1200	59.552591	0.0	1923129	325	1.2	84.612	24	4971	59.75
1634317185.21	1200	59.577588	0.0	1619018	290	1.2	88.613	24	5211	59.98500374906266
1634317189.26	1200	59.635271	0.0	1766623	312	1.2	92.614	26	5451	59.48512871782047
1634317192.79	1200	59.946297	0.0	1805304	287	1.2	96.613	29	5691	59.26481620405109
1634317196.83	1200	59.970973	0.0	1754155	313	1.2	100.613	31	5931	59.5
1634317201.31	1200	59.427658	0.0	1739691	269	1.2	104.613	31	6171	60
1634317205.32	1200	59.49007	0.0	1734417	290	1.2	108.614	31	6411	59.98500374906266
1634317208.91	1200	59.800607	0.0	1932720	337	1.2	112.614	33	6651	59.5
1634317212.95	1200	59.821492	0.0	2017647	347	1.2	116.614	33	6891	60
1634317216.92	1200	59.8334	0.0	1827933	292	1.2	120.615	33	7131	59.98500374906288
