1634334506.03	750	4	0.15	391964	62	-0.64	0	0	0	0
1634334506.2	300	8	0.0	212073	36	-0.15000000000000002	0	0	0	0
1634334506.41	300	12	0.0	209182	3	0.3	0	0	0	0
1634334506.53	300	16	0.0	227172	34	0.3	0	0	0	0
1634334506.65	300	20	0.0	238359	40	0.3	0	0	0	0
1634334506.77	300	24	0.0	239351	33	0.3	0	0	0	0
1634334506.88	300	28	0.0	228239	34	0.3	0	0	0	0
1634334507.0	300	32	0.0	217009	36	0.3	0	0	0	0
1634334507.12	300	36	0.0	207641	34	0.3	0	0	0	0
1634334507.24	300	40	0.0	218897	34	0.3	0	0	0	0
1634334507.36	300	44	0.0	219759	31	0.3	0	0	0	0
1634334507.48	300	48	0.0	203704	32	0.3	0	0	0	0
1634334507.63	300	51.952927	0.0	211384	22	0.3	0	0	0	0
1634334507.75	300	55.83156	0.0	213546	31	0.3	0	0	0	0
1634334507.89	300	59.670078	0.0	246294	39	0.3	0	0	0	0
1634334512.13	300	59.738433	0.0	253840	13	0.3	5.24	0	55	0
1634334515.8	300	59.790923	0.0	239526	34	0.3	9.239	0	175	30.00750187546886
1634334520.06	300	59.815648	0.0	208664	61	0.3	13.24	0	295	29.99250187453137
1634334523.75	300	59.841985	0.0	215978	49	0.3	17.239	0	415	30.00750187546886
1634334527.89	300	59.856364	0.0	214741	36	0.3	21.24	0	535	29.992501874531385
1634334532.08	300	59.581735	0.0	229698	33	0.3	25.243	0	655	29.977516862353234
1634334535.73	300	59.922002	0.0	216304	32	0.3	29.25	0	776	30.19715497878711
1634334539.88	300	59.935006	0.0	219079	43	0.3	33.25	0	896	30
1634334544.09	300	59.66687	0.0	220595	38	0.3	37.251	0	1015	29.74256435891029
1634334547.78	300	59.969723	0.0	208066	40	0.3	41.25	0	1136	30.257564391097755
1634334551.98	300	59.744979	0.0	217725	17	0.3	45.252	0	1256	29.985007496251857
1634334556.2	300	59.568708	0.0	207408	37	0.3	49.253	0	1376	29.992501874531385
1634334559.89	300	59.882414	0.0	202241	38	0.3	53.253	0	1496	30
1634334564.1	300	59.619157	0.0	213768	40	0.3	57.255	0	1616	29.985007496251857
1634334567.8	300	59.935009	0.0	206170	40	0.3	61.254	0	1736	30.007501875468904
1634334571.98	300	59.705406	0.0	209147	11	0.3	65.256	0	1856	29.985007496251857
1634334576.17	300	59.480134	0.0	203399	41	0.3	69.255	0	1976	30.007501875468904
1634334579.87	300	59.784507	0.0	208834	36	0.3	73.255	0	2096	30
1634334584.06	300	59.586954	0.0	210493	34	0.3	77.256	0	2216	29.99250187453133
1634334587.73	300	59.922055	0.0	214341	37	0.3	81.256	0	2336	30
1634334591.92	300	59.941359	0.0	236978	40	0.3	85.256	0	2456	30
1634334596.09	300	59.682809	0.0	206432	30	0.3	89.257	0	2576	29.99250187453133
1634334599.83	300	59.98832	0.0	213940	39	0.3	93.257	0	2696	30
1634334604.04	300	59.724021	0.0	217550	38	0.3	97.258	0	2816	29.99250187453144
1634334608.26	300	59.459884	0.0	217543	17	0.3	101.257	0	2936	30.007501875468797
1634334611.95	300	59.758808	0.0	207114	35	0.3	105.257	0	3056	30
1634334616.12	300	59.524329	0.0	230790	40	0.3	109.259	0	3176	29.98500749625191
1634334619.78	300	59.829542	0.0	242484	39	0.3	113.258	0	3296	30.007501875468904
1634334623.93	300	59.850305	0.0	244433	28	0.3	117.261	0	3416	29.977516862353234
1634334628.11	300	59.590622	0.0	245567	47	0.3	121.261	0	3536	30
