1634644654.82	750	4	0.888	3873109	663	-3.8133999999999997	0	0	0	0
1634644655.71	2850	8	0.0	3278264	528	0.75	0	0	0	0
1634644656.79	2850	11.833334	0.0	4479625	772	2.85	0	0	0	0
1634644657.66	2850	14.941388	0.0	3495272	608	2.85	5.314	1	23	0
1634644658.5	2850	18.093922	0.0	3525421	589	2.85	5.314	1	23	0
1634644659.52	2850	21.066667	0.0	4652033	743	2.85	5.314	1	23	0
1634644660.47	2850	24.133334	0.0	4298145	668	2.85	5.314	1	23	0
1634644661.44	2850	27.233334	0.0	4054420	628	2.85	9.313	2	142	29.50737684421105
1634644662.38	2850	30.215193	0.0	3887575	636	2.85	9.313	2	142	29.50737684421105
1634644663.4	2850	33.233334	0.0	4241421	704	2.85	9.313	2	142	29.50737684421105
1634644664.26	2850	36.333334	0.0	3616621	567	2.85	9.313	2	142	29.50737684421105
1634644665.15	2850	39.433334	0.0	3962980	630	2.85	9.313	2	142	29.50737684421105
1634644666.11	2850	42.5	0.0	4314183	692	2.85	13.314	4	263	29.742564358910276
1634644667.09	2850	45.533334	0.0	4310059	676	2.85	13.314	4	263	29.742564358910276
