1634292959.81	750	4	0.207	427465	109	-0.8850999999999999	0	0	0	0
1634292960.08	750	8	0.0	647387	56	0.75	0	0	0	0
1634292960.3	750	12	0.0	677925	100	0.75	0	0	0	0
1634292960.51	750	16	0.0	706841	121	0.75	0	0	0	0
1634292960.74	750	20	0.0	701203	116	0.75	0	0	0	0
1634292960.97	750	24	0.0	737962	126	0.75	0	0	0	0
1634292961.19	750	28	0.0	699376	123	0.75	0	0	0	0
1634292961.4	750	32	0.0	691941	115	0.75	0	0	0	0
1634292961.63	750	36	0.0	635193	91	0.75	0	0	0	0
1634292961.85	750	40	0.0	655855	115	0.75	0	0	0	0
1634292962.05	750	44	0.0	626785	99	0.75	0	0	0	0
1634292962.28	750	48	0.0	641824	117	0.75	0	0	0	0
1634292962.52	750	51.996368	0.0	657300	105	0.75	0	0	0	0
1634292962.73	750	55.79454	0.0	650171	109	0.75	0	0	0	0
1634292963.01	750	59.550956	0.0	713528	123	0.75	0	0	0	0
1634292966.91	750	59.791191	0.0	758246	256	0.75	5.18	0	38	0
1634292970.72	750	59.827131	0.0	743893	123	0.75	9.18	1	278	59.75
1634292975.01	750	59.611612	0.0	682559	113	0.75	13.18	1	518	60
1634292978.79	750	59.925668	0.0	689486	105	0.75	17.18	1	758	60
1634292982.57	750	59.983334	0.0	689027	126	0.75	21.181	1	998	59.98500374906271
1634292986.85	750	59.735776	0.0	673540	120	0.75	25.181	1	1238	60
1634292991.11	750	59.487129	0.0	640816	104	0.75	29.181	1	1478	60
1634292994.91	750	59.796078	0.0	681370	151	0.75	33.241	1	1721	59.85221674876849
1634292998.7	750	59.820043	0.0	689141	102	0.75	37.244	1	1962	60.20484636522608
1634293003.03	750	59.554834	0.0	656898	166	0.75	41.244	1	2201	59.75
1634293006.81	750	59.860847	0.0	670951	130	0.75	45.246	1	2442	60.219890054972474
1634293010.64	750	59.970804	0.0	618544	165	0.75	49.246	1	2682	60
1634293014.96	750	59.715309	0.0	618247	146	0.75	53.246	1	2922	60
1634293019.23	750	59.462815	0.0	671894	132	0.75	61.247	1	3402	59.98500374906277
1634293023.02	750	59.490268	0.0	642169	113	0.75	61.247	1	3402	59.98500374906277
1634293026.79	750	59.789442	0.0	635411	111	0.75	65.247	1	3642	60
1634293031.1	750	59.52796	0.0	644615	124	0.75	69.247	1	3882	60
1634293034.91	750	59.835981	0.0	672342	124	0.75	73.248	1	4122	59.98500374906266
1634293038.68	750	59.855004	0.0	666301	104	0.75	77.247	1	4362	60.01500375093781
1634293043.0	750	59.591501	0.0	665276	119	0.75	81.248	1	4602	59.98500374906266
1634293046.86	750	59.887797	0.0	696340	159	0.75	85.25	1	4842	59.97001499250382
1634293050.68	750	59.911656	0.0	634337	145	0.75	89.251	1	5082	59.98500374906266
1634293054.98	750	59.64582	0.0	642800	119	0.75	93.251	1	5322	60
1634293058.74	750	59.964343	0.0	660587	100	0.75	97.251	1	5562	60
1634293062.56	750	59.997915	0.0	654618	137	0.75	101.251	1	5802	60
1634293066.87	750	59.738795	0.0	644116	147	0.75	105.252	1	6042	59.98500374906288
1634293070.82	750	59.753126	0.0	677809	7	0.75	109.254	1	6282	59.97001499250361
1634293075.09	750	59.498101	0.0	722701	147	0.75	113.253	1	6522	60.01500375093781
1634293078.91	750	59.847615	0.0	750718	140	0.75	117.255	1	6762	59.97001499250382
1634293082.67	750	59.9101	0.0	708690	135	0.75	121.254	1	7002	60.015003750937595
