1634297374.95	750	4	0.154	391964	76	-0.6571999999999999	0	0	0	0
1634297375.17	300	8	0.0	212073	34	-0.15000000000000002	0	0	0	0
1634297375.3	300	12	0.0	209182	16	0.3	0	0	0	0
1634297375.45	300	15.99961	0.0	227172	51	0.3	0	0	0	0
1634297375.57	300	19.878875	0.0	238359	39	0.3	0	0	0	0
1634297375.69	300	23.756901	0.0	239351	37	0.3	0	0	0	0
1634297375.83	300	27.59602	0.0	228239	35	0.3	0	0	0	0
1634297375.96	300	31.475119	0.0	217009	41	0.3	0	0	0	0
1634297376.09	300	35.354238	0.0	207641	33	0.3	0	0	0	0
1634297376.22	300	39.193237	0.0	218897	39	0.3	0	0	0	0
1634297376.36	300	43.072309	0.0	219759	38	0.3	0	0	0	0
1634297376.52	300	46.910274	0.0	203704	20	0.3	0	0	0	0
1634297376.68	300	50.748556	0.0	211384	44	0.3	0	0	0	0
1634297376.86	300	54.584892	0.0	213546	31	0.3	0	0	0	0
1634297377.01	300	58.422686	0.0	246294	44	0.3	0	0	0	0
1634297379.68	300	59.823988	0.0	253840	33	0.3	4.702	0	90	0
1634297383.89	300	59.833684	0.0	239526	42	0.3	8.702	1	210	29.75
1634297388.1	300	59.600173	0.0	208664	35	0.3	12.703	1	330	29.99250187453137
1634297391.76	300	59.903485	0.0	215978	46	0.3	16.704	1	450	29.992501874531357
1634297395.46	300	59.992604	0.0	214741	37	0.3	20.704	1	570	30
1634297399.64	300	59.991578	0.0	229698	42	0.3	24.704	1	690	30
1634297403.97	300	59.733851	0.0	216304	24	0.3	28.704	1	810	30
1634297408.19	300	59.453113	0.0	219079	26	0.3	32.705	1	930	29.992501874531385
1634297411.87	300	59.75512	0.0	220595	38	0.3	36.705	1	1051	30.25
1634297416.07	300	59.478617	0.0	208066	4	0.3	40.705	1	1171	30
1634297419.74	300	59.784029	0.0	217725	37	0.3	44.706	1	1291	29.99250187453133
1634297423.97	300	59.517173	0.0	207408	43	0.3	48.706	1	1411	30
1634297427.72	300	59.833895	0.0	202241	35	0.3	52.706	1	1531	30
1634297431.91	300	59.578195	0.0	213768	46	0.3	56.707	1	1651	29.992501874531385
1634297435.59	300	59.880613	0.0	206170	43	0.3	60.71	1	1771	29.977516862353234
1634297439.81	300	59.642569	0.0	209147	39	0.3	64.71	1	1891	30.000000000000053
1634297443.57	300	59.932268	0.0	203399	34	0.3	68.711	1	2011	29.99250187453133
1634297447.74	300	59.950342	0.0	208834	29	0.3	72.712	1	2131	29.99250187453133
1634297451.9	300	59.681333	0.0	210493	36	0.3	76.712	1	2251	30
1634297455.6	300	59.974848	0.0	214341	39	0.3	80.713	1	2371	29.99250187453144
1634297459.76	300	59.730673	0.0	236978	42	0.3	84.714	1	2491	29.99250187453133
1634297463.95	300	59.744831	0.0	206432	41	0.3	88.716	1	2611	29.98500749625191
1634297468.12	300	59.483359	0.0	213940	37	0.3	92.714	1	2731	30.015007503751843
1634297471.8	300	59.789895	0.0	217550	42	0.3	96.715	1	2851	29.99250187453133
1634297475.99	300	59.5247	0.0	217543	37	0.3	100.715	1	2971	30
1634297479.67	300	59.824277	0.0	207114	30	0.3	104.716	1	3091	29.99250187453144
1634297483.85	300	59.845881	0.0	230790	53	0.3	108.717	1	3211	29.99250187453133
1634297487.99	300	59.570613	0.0	242484	43	0.3	112.718	1	3331	29.99250187453133
1634297491.67	300	59.880209	0.0	244433	47	0.3	116.718	1	3451	30
1634297495.83	300	59.619424	0.0	245567	51	0.3	120.717	1	3571	30.007501875468904
