1634338584.02	750	4	0.17	391964	91	-0.726	0	0	0	0
1634338584.51	1850	8	0.0	2068530	319	0.75	0	0	0	0
1634338585.07	1850	12	0.0	2231919	335	1.85	0	0	0	0
1634338585.53	1850	16	0.0	2071679	313	1.85	0	0	0	0
1634338586.0	1850	19.55013	0.0	2075075	314	1.85	0	0	0	0
1634338586.54	1850	23.026178	0.0	2324573	371	1.85	0	0	0	0
1634338587.13	1850	26.421711	0.0	2327434	374	1.85	0	0	0	0
1634338587.72	1850	29.816691	0.0	2160877	430	1.85	5.332	0	55	0
1634338588.18	1850	33.373911	0.0	2004753	313	1.85	5.332	0	55	0
1634338588.64	1850	36.928983	0.0	2057086	320	1.85	5.332	0	55	0
1634338589.15	1850	40.405724	0.0	2101929	331	1.85	5.332	0	55	0
1634338589.68	1850	43.881021	0.0	2052018	342	1.85	5.332	0	55	0
1634338590.22	1850	47.315325	0.0	2085705	318	1.85	5.332	0	55	0
1634338590.72	1850	50.831932	0.0	2112772	326	1.85	5.332	0	55	0
1634338591.23	1850	54.308021	0.0	2222688	345	1.85	5.332	0	55	0
1634338591.74	1850	57.823743	0.0	2169593	332	1.85	9.331	1	175	29.757439359839964
1634338593.8	1850	59.757051	0.0	2267471	361	1.85	9.331	1	175	29.757439359839964
1634338597.85	1850	59.773475	0.0	2094437	316	1.85	13.332	1	295	29.992501874531357
1634338601.88	1850	59.806139	0.0	2148255	347	1.85	17.331	1	415	30.007501875468876
1634338606.25	1850	59.598378	0.0	2132587	282	1.85	21.334	1	535	29.977516862353234
