1634344230.51	750	4	0.194	427465	85	-0.8291999999999999	0	0	0	0
1634344230.69	300	8	0.0	474035	78	-0.15000000000000002	0	0	0	0
1634344230.86	300	12	0.0	448326	69	0.3	0	0	0	0
1634344231.05	300	16	0.0	480048	78	0.3	0	0	0	0
1634344231.25	300	20	0.0	488788	77	0.3	0	0	0	0
1634344231.43	300	24	0.0	487141	77	0.3	0	0	0	0
1634344231.6	300	28	0.0	483526	73	0.3	0	0	0	0
1634344231.77	300	32	0.0	460688	68	0.3	0	0	0	0
1634344231.96	300	36	0.0	444206	98	0.3	0	0	0	0
1634344232.16	300	39.954342	0.0	461617	92	0.3	0	0	0	0
1634344232.33	300	43.752307	0.0	450479	72	0.3	0	0	0	0
1634344232.51	300	47.590757	0.0	473222	76	0.3	0	0	0	0
1634344232.71	300	51.38929	0.0	450253	72	0.3	0	0	0	0
1634344232.89	300	55.186268	0.0	458340	67	0.3	0	0	0	0
1634344233.09	300	59.025038	0.0	501721	95	0.3	0	0	0	0
1634344236.85	300	59.446004	0.0	502943	82	0.3	5.231	0	106	0
1634344240.62	300	59.75	0.0	495208	69	0.3	9.231	0	346	60
1634344244.37	300	59.763618	0.0	476785	104	0.3	13.23	0	586	60.01500375093772
1634344248.59	300	59.786723	0.0	470301	85	0.3	17.231	0	826	59.98500374906271
1634344252.32	300	59.813861	0.0	478876	67	0.3	21.232	0	1066	59.98500374906277
1634344256.54	300	59.557597	0.0	478683	70	0.3	25.232	0	1306	60
1634344260.39	300	59.869675	0.0	433197	173	0.3	29.232	0	1546	60
1634344264.64	300	59.65	0.0	463002	56	0.3	33.232	0	1786	60
1634344268.38	300	59.948428	0.0	477800	67	0.3	37.233	0	2026	59.98500374906277
1634344272.61	300	59.68511	0.0	456630	69	0.3	41.233	0	2266	60
1634344276.3	300	59.985411	0.0	459893	70	0.3	45.233	0	2506	60
1634344280.54	300	59.730821	0.0	426253	88	0.3	49.234	0	2746	59.98500374906266
1634344284.74	300	59.481719	0.0	431643	71	0.3	53.233	0	2986	60.01500375093781
1634344288.49	300	59.791924	0.0	467241	86	0.3	57.234	0	3226	59.98500374906266
1634344292.68	300	59.569188	0.0	442868	72	0.3	61.235	0	3466	59.98500374906277
1634344296.39	300	59.890919	0.0	437041	79	0.3	65.234	0	3706	60.01500375093781
1634344300.63	300	59.646709	0.0	436753	72	0.3	69.235	0	3947	60.234941264683755
1634344304.37	300	59.952521	0.0	457086	77	0.3	73.236	0	4187	59.98500374906266
1634344308.61	300	59.7	0.0	471069	90	0.3	77.237	0	4427	59.98500374906288
1634344312.34	300	59.75531	0.0	470476	73	0.3	81.237	0	4667	60
1634344316.58	300	59.530137	0.0	478853	109	0.3	85.237	0	4907	60
1634344320.31	300	59.848576	0.0	425308	74	0.3	89.237	0	5147	60
1634344324.53	300	59.593468	0.0	436762	76	0.3	93.237	0	5387	60
1634344328.3	300	59.90081	0.0	447413	104	0.3	97.238	0	5627	59.98500374906266
1634344332.58	300	59.637178	0.0	442185	105	0.3	101.238	0	5867	60
1634344336.35	300	59.938706	0.0	447309	105	0.3	105.244	0	6107	59.910134797803295
1634344340.59	300	59.671528	0.0	475738	89	0.3	109.243	0	6347	60.01500375093781
1634344344.34	300	59.981434	0.0	506145	96	0.3	113.243	0	6587	60
1634344348.58	300	59.713385	0.0	493441	91	0.3	117.244	0	6827	59.98500374906266
1634344352.78	300	59.445217	0.0	480118	87	0.3	121.244	0	7067	60
