1634339664.01	750	4	0.152	391964	71	-0.6486000000000001	0	0	0	0
1634339664.3	1200	8	0.0	1027639	83	0.75	0	0	0	0
1634339664.59	1200	11.958291	0.0	1094547	189	1.2	0	0	0	0
1634339664.85	1200	15.676348	0.0	1068941	159	1.2	0	0	0	0
1634339665.13	1200	19.434846	0.0	1069226	173	1.2	0	0	0	0
1634339665.47	1200	23.072244	0.0	1157353	187	1.2	0	0	0	0
1634339665.78	1200	26.749793	0.0	1168829	193	1.2	0	0	0	0
1634339666.09	1200	30.467809	0.0	1093471	170	1.2	0	0	0	0
1634339666.39	1200	34.144252	0.0	1020028	158	1.2	0	0	0	0
1634339666.68	1200	37.857524	0.0	1051427	170	1.2	0	0	0	0
1634339666.99	1200	41.534926	0.0	1070992	173	1.2	0	0	0	0
1634339667.26	1200	45.293079	0.0	1063461	165	1.2	0	0	0	0
1634339667.57	1200	48.970517	0.0	1074096	167	1.2	4.588	0	88	0
1634339667.88	1200	52.647913	0.0	1080192	177	1.2	4.588	0	88	0
1634339668.21	1200	56.324999	0.0	1139934	173	1.2	4.588	0	88	0
1634339669.07	1200	59.476429	0.0	1145330	171	1.2	4.588	0	88	0
1634339672.94	1200	59.789552	0.0	1173744	185	1.2	8.588	0	208	30.000000000000007
1634339676.77	1200	59.803621	0.0	1061602	159	1.2	12.588	0	328	30
1634339681.11	1200	59.530133	0.0	1076224	167	1.2	16.589	0	448	29.99250187453137
1634339685.02	1200	59.541803	0.0	1068038	170	1.2	20.589	0	568	30
1634339688.87	1200	59.884331	0.0	1097493	172	1.2	24.59	0	688	29.992501874531357
1634339692.75	1200	59.911967	0.0	1072339	163	1.2	28.59	0	808	30
1634339696.62	1200	59.95473	0.0	1067889	153	1.2	32.59	0	928	29.999999999999975
1634339700.95	1200	59.689234	0.0	1067959	168	1.2	36.59	0	1048	30
1634339704.82	1200	59.990883	0.0	1077712	172	1.2	40.59	0	1168	30
1634339709.19	1200	59.519646	0.0	1138441	193	1.2	44.591	0	1288	29.992501874531385
1634339713.0	1200	59.578503	0.0	1027213	153	1.2	48.591	0	1408	30
1634339716.87	1200	59.886112	0.0	1019513	154	1.2	52.591	0	1528	30
1634339720.71	1200	59.896305	0.0	1030601	165	1.2	56.592	0	1648	29.992501874531385
1634339725.07	1200	59.65414	0.0	1059459	160	1.2	60.592	0	1768	30
1634339728.91	1200	59.677174	0.0	1058483	146	1.2	64.593	0	1888	29.99250187453133
1634339732.74	1200	59.983153	0.0	1026788	150	1.2	68.594	0	2008	29.99250187453144
1634339737.09	1200	59.716395	0.0	1034920	165	1.2	72.593	0	2128	30.007501875468797
1634339740.9	1200	59.736592	0.0	1024487	165	1.2	76.593	0	2248	30
1634339745.23	1200	59.477212	0.0	1088769	167	1.2	80.594	0	2368	29.99250187453144
1634339749.1	1200	59.577277	0.0	1213691	194	1.2	84.6	0	2489	30.20469296055916
1634339752.9	1200	59.666667	0.0	996535	113	1.2	88.6	0	2609	30
1634339756.7	1200	59.970543	0.0	1040309	159	1.2	92.601	0	2729	29.99250187453133
1634339761.09	1200	59.739612	0.0	1135519	178	1.2	96.6	0	2849	30.007501875468904
1634339764.95	1200	59.767377	0.0	1080635	162	1.2	100.601	0	2969	29.99250187453133
1634339768.77	1200	59.8785	0.0	1037366	146	1.2	104.602	0	3089	29.99250187453133
1634339773.1	1200	59.637801	0.0	1075257	181	1.2	108.601	0	3209	30.007501875468904
1634339776.95	1200	59.659077	0.0	1145173	196	1.2	112.601	0	3329	30
1634339780.79	1200	59.974133	0.0	1216507	197	1.2	116.602	0	3449	29.99250187453133
1634339785.15	1200	59.454625	0.0	1142437	170	1.2	120.602	0	3569	30
