1634303311.09	750	4	0.174	391964	68	-0.7432	0	0	0	0
1634303311.24	300	8	0.0	212073	43	-0.15000000000000002	0	0	0	0
1634303311.37	300	12	0.0	209182	28	0.3	0	0	0	0
1634303311.55	300	16	0.0	227172	84	0.3	0	0	0	0
1634303311.68	300	20	0.0	238359	52	0.3	0	0	0	0
1634303311.8	300	24	0.0	239351	38	0.3	0	0	0	0
1634303311.94	300	28	0.0	228239	58	0.3	0	0	0	0
1634303312.06	300	32	0.0	217009	36	0.3	0	0	0	0
1634303312.22	300	36	0.0	207641	42	0.3	0	0	0	0
1634303312.35	300	40	0.0	218897	37	0.3	0	0	0	0
1634303312.51	300	43.954964	0.0	219759	52	0.3	0	0	0	0
1634303312.63	300	47.833569	0.0	203704	33	0.3	0	0	0	0
1634303312.8	300	51.672306	0.0	211384	43	0.3	0	0	0	0
1634303312.96	300	55.510411	0.0	213546	41	0.3	0	0	0	0
1634303313.11	300	59.349225	0.0	246294	41	0.3	0	0	0	0
1634303316.79	300	59.709763	0.0	253840	44	0.3	5.228	0	57	0
1634303321.02	300	59.476097	0.0	239526	53	0.3	9.227	0	177	30.00750187546886
1634303325.21	300	59.487593	0.0	208664	33	0.3	13.228	0	297	29.99250187453137
1634303328.92	300	59.790254	0.0	215978	43	0.3	17.228	0	417	29.999999999999986
1634303333.07	300	59.562362	0.0	214741	36	0.3	21.229	0	537	29.992501874531385
1634303336.75	300	59.858583	0.0	229698	57	0.3	25.229	0	657	30
1634303340.9	300	59.613458	0.0	216304	35	0.3	29.229	0	777	30
1634303344.6	300	59.912414	0.0	219079	37	0.3	33.229	0	897	30
1634303348.77	300	59.960891	0.0	220595	44	0.3	37.23	0	1017	29.992501874531385
1634303352.95	300	59.691077	0.0	208066	40	0.3	41.23	0	1137	30
1634303357.12	300	59.473605	0.0	217725	33	0.3	45.231	0	1257	29.99250187453133
1634303360.85	300	59.812635	0.0	207408	57	0.3	49.23	0	1377	30.007501875468904
1634303365.02	300	59.546771	0.0	202241	34	0.3	53.231	0	1497	29.99250187453133
1634303368.75	300	59.85649	0.0	213768	58	0.3	57.231	0	1617	30
1634303372.93	300	59.607888	0.0	206170	45	0.3	61.232	0	1737	29.992501874531385
1634303376.64	300	59.924593	0.0	209147	41	0.3	65.232	0	1857	30
1634303380.91	300	59.705782	0.0	203399	47	0.3	69.233	0	1977	29.99250187453133
1634303385.09	300	59.521528	0.0	208834	35	0.3	73.233	0	2097	30
1634303388.88	300	59.867695	0.0	210493	46	0.3	77.235	0	2217	29.98500749625191
1634303392.58	300	59.934168	0.0	214341	40	0.3	81.236	0	2337	29.99250187453133
1634303396.83	300	59.737114	0.0	236978	59	0.3	85.236	0	2457	30
1634303401.05	300	59.475862	0.0	206432	65	0.3	89.236	0	2577	30
1634303404.72	300	59.781064	0.0	213940	45	0.3	93.237	0	2697	29.99250187453144
1634303408.95	300	59.789233	0.0	217550	32	0.3	97.238	0	2817	29.99250187453133
1634303413.11	300	59.524533	0.0	217543	38	0.3	101.238	0	2937	30
1634303416.85	300	59.828759	0.0	207114	29	0.3	105.238	0	3057	30
1634303421.11	300	59.570442	0.0	230790	49	0.3	109.238	0	3177	30
1634303424.77	300	59.882048	0.0	242484	59	0.3	113.239	0	3297	29.99250187453133
1634303428.99	300	59.610453	0.0	244433	61	0.3	117.24	0	3417	29.99250187453144
1634303432.64	300	59.914498	0.0	245567	55	0.3	121.239	0	3537	30.007501875468797
