1634298109.31	750	4	0.431	427465	27	-1.8483	0	0	0	0
1634298110.11	1850	8	0.0	3156042	537	0.75	0	0	0	0
1634298110.85	1850	12	0.0	3331786	531	1.85	0	0	0	0
1634298111.69	1850	16	0.0	3470899	629	1.85	0	0	0	0
1634298113.77	1850	18.55	0.0	3391540	1596	1.85	5.42	2	13	0
1634298114.62	1850	21.516667	0.0	3653733	578	1.85	5.42	2	13	0
1634298115.5	1850	24.65	0.0	3500753	589	1.85	5.42	2	13	0
1634298116.32	1850	27.85	0.0	3417687	568	1.85	9.39	28	249	52.89672544080604
1634298117.14	1850	30.966667	0.0	3185216	601	1.85	9.39	28	249	52.89672544080604
1634298118.0	1850	34.133334	0.0	3286263	596	1.85	9.39	28	249	52.89672544080604
1634298118.76	1850	37.316667	0.0	3082343	533	1.85	9.39	28	249	52.89672544080604
1634298119.54	1850	40.55	0.0	3170736	580	1.85	9.39	28	249	52.89672544080604
1634298120.4	1850	43.733334	0.0	3196938	539	1.85	13.407	72	492	49.5394573064476
