1634356220.19	750	4	0.178	427465	61	-0.7604	0	0	0	0
1634356220.44	750	8	0.0	647387	96	0.75	0	0	0	0
1634356220.79	750	12	0.0	677925	96	0.75	0	0	0	0
1634356221.01	750	16	0.0	706841	115	0.75	0	0	0	0
1634356221.24	750	20	0.0	701203	114	0.75	0	0	0	0
1634356221.46	750	24	0.0	737962	128	0.75	0	0	0	0
1634356221.68	750	28	0.0	699376	117	0.75	0	0	0	0
1634356221.91	750	32	0.0	691941	113	0.75	0	0	0	0
1634356222.12	750	35.835749	0.0	635193	99	0.75	0	0	0	0
1634356222.34	750	39.593912	0.0	655855	113	0.75	0	0	0	0
1634356222.57	750	43.392583	0.0	626785	107	0.75	0	0	0	0
1634356222.8	750	47.150613	0.0	641824	103	0.75	0	0	0	0
1634356223.01	750	50.948709	0.0	657300	101	0.75	0	0	0	0
1634356223.22	750	54.706696	0.0	650171	97	0.75	0	0	0	0
1634356223.43	750	58.504687	0.0	713528	114	0.75	0	0	0	0
1634356226.39	750	59.744951	0.0	758246	123	0.75	5.408	0	104	0
1634356230.22	750	59.758095	0.0	743893	119	0.75	9.408	2	344	59.500000000000014
1634356234.49	750	59.494389	0.0	682559	120	0.75	13.408	2	584	60
1634356238.27	750	59.797182	0.0	689486	113	0.75	17.409	2	824	59.98500374906274
1634356242.55	750	59.567011	0.0	689027	66	0.75	21.408	2	1064	60.0150037509377
1634356246.33	750	59.877459	0.0	673540	104	0.75	25.408	2	1304	60
1634356250.1	750	59.913482	0.0	640816	101	0.75	29.408	2	1544	60
1634356254.36	750	59.654737	0.0	681370	114	0.75	33.408	2	1784	60
1634356258.15	750	59.956955	0.0	689141	121	0.75	37.409	2	2024	59.98500374906277
1634356262.42	750	59.689086	0.0	656898	95	0.75	41.41	2	2264	59.98500374906277
1634356266.2	750	59.752727	0.0	670951	108	0.75	45.411	2	2504	59.98500374906266
1634356270.47	750	59.76762	0.0	618544	93	0.75	49.411	2	2744	60
1634356274.27	750	59.788518	0.0	618247	97	0.75	53.412	2	2984	59.98500374906277
1634356278.54	750	59.568569	0.0	671894	110	0.75	57.412	2	3224	60
1634356282.31	750	59.876145	0.0	642169	107	0.75	61.412	2	3464	60
1634356286.09	750	59.944409	0.0	635411	92	0.75	65.412	2	3704	59.99999999999989
1634356290.43	750	59.679874	0.0	644615	100	0.75	69.412	2	3944	60
1634356294.23	750	59.981155	0.0	672342	116	0.75	73.427	2	4185	60.02490660024906
1634356298.52	750	59.440201	0.0	666301	140	0.75	77.427	2	4425	60
1634356302.29	750	59.751324	0.0	665276	128	0.75	81.426	2	4665	60.01500375093781
1634356306.59	750	59.490747	0.0	696340	126	0.75	85.427	2	4905	59.98500374906266
1634356310.34	750	59.797863	0.0	634337	102	0.75	89.427	2	5145	60
1634356314.58	750	59.530092	0.0	642800	104	0.75	93.428	2	5385	59.98500374906288
1634356318.33	750	59.883334	0.0	660587	87	0.75	97.427	2	5625	60.015003750937595
1634356322.09	750	59.906234	0.0	654618	105	0.75	101.427	2	5865	60
1634356326.35	750	59.647652	0.0	644116	111	0.75	105.428	2	6105	59.98500374906288
1634356330.34	750	59.668618	0.0	677809	13	0.75	109.428	2	6345	60
1634356334.13	750	59.968623	0.0	722701	110	0.75	113.431	2	6586	60.20484636522608
1634356338.42	750	59.706587	0.0	750718	121	0.75	117.433	2	6826	59.97001499250361
1634356342.2	750	59.761661	0.0	708690	112	0.75	121.433	2	7066	60
