1634293196.48	750	4	0.16	427465	78	-0.6829999999999999	0	0	0	0
1634293196.7	750	8	0.0	647387	99	0.75	0	0	0	0
1634293196.9	750	12	0.0	677925	103	0.75	0	0	0	0
1634293197.13	750	16	0.0	706841	112	0.75	0	0	0	0
1634293197.34	750	20	0.0	701203	108	0.75	0	0	0	0
1634293197.56	750	24	0.0	737962	111	0.75	0	0	0	0
1634293197.78	750	28	0.0	699376	103	0.75	0	0	0	0
1634293198.01	750	32	0.0	691941	103	0.75	0	0	0	0
1634293198.22	750	35.85829	0.0	635193	95	0.75	0	0	0	0
1634293198.47	750	39.576482	0.0	655855	110	0.75	0	0	0	0
1634293198.73	750	43.333334	0.0	626785	101	0.75	0	0	0	0
1634293198.96	750	47.090216	0.0	641824	99	0.75	0	0	0	0
1634293199.2	750	50.888394	0.0	657300	97	0.75	0	0	0	0
1634293199.41	750	54.646272	0.0	650171	108	0.75	0	0	0	0
1634293199.63	750	58.404161	0.0	713528	114	0.75	0	0	0	0
1634293202.4	750	59.734128	0.0	758246	122	0.75	5.454	0	104	0
1634293206.7	750	59.478508	0.0	743893	130	0.75	9.455	1	344	59.735066233441636
1634293210.5	750	59.792375	0.0	682559	93	0.75	13.455	1	584	60
1634293214.32	750	59.811995	0.0	689486	118	0.75	17.456	1	824	59.98500374906274
1634293218.6	750	59.55	0.0	689027	108	0.75	21.457	1	1064	59.98500374906271
1634293222.39	750	59.866893	0.0	673540	125	0.75	25.457	1	1304	60
1634293226.64	750	59.605481	0.0	640816	108	0.75	29.458	1	1544	59.98500374906277
1634293230.44	750	59.666667	0.0	681370	157	0.75	33.458	1	1784	60
1634293234.2	750	59.973128	0.0	689141	109	0.75	37.458	1	2024	60
1634293238.49	750	59.716668	0.0	656898	125	0.75	41.459	1	2264	59.98500374906266
1634293242.81	750	59.462411	0.0	670951	141	0.75	45.46	1	2504	59.98500374906277
1634293246.58	750	59.484064	0.0	618544	143	0.75	49.459	1	2744	60.0150037509377
1634293250.32	750	59.79763	0.0	618247	106	0.75	53.459	1	2984	60
1634293254.58	750	59.544343	0.0	671894	114	0.75	57.459	1	3224	60
1634293258.32	750	59.85675	0.0	642169	100	0.75	61.459	1	3464	60
1634293262.58	750	59.606291	0.0	635411	120	0.75	65.459	1	3704	60
1634293266.35	750	59.91822	0.0	644615	134	0.75	69.461	1	3944	59.97001499250382
1634293270.15	750	59.948091	0.0	672342	129	0.75	73.461	1	4184	60
1634293274.43	750	59.689131	0.0	666301	124	0.75	77.461	1	4424	60
1634293278.73	750	59.470574	0.0	665276	142	0.75	81.461	1	4664	60
1634293282.52	750	59.774515	0.0	696340	124	0.75	85.461	1	4904	60
1634293286.31	750	59.837725	0.0	634337	117	0.75	89.461	1	5144	60
1634293290.62	750	59.575564	0.0	642800	137	0.75	93.462	1	5384	59.98500374906266
1634293294.44	750	59.889693	0.0	660587	135	0.75	97.462	1	5624	60
1634293298.24	750	59.912841	0.0	654618	115	0.75	101.462	1	5864	60
1634293302.51	750	59.686802	0.0	644116	91	0.75	105.463	1	6104	59.98500374906288
1634293306.51	750	59.746729	0.0	677809	8	0.75	109.465	1	6345	60.21989005497237
1634293310.33	750	59.769979	0.0	722701	118	0.75	113.466	1	6585	59.98500374906288
1634293314.6	750	59.509838	0.0	750718	128	0.75	117.466	1	6825	60
1634293318.36	750	59.82648	0.0	708690	123	0.75	121.466	1	7065	60
