1634302841.0	750	4	0.164	391964	70	-0.7001999999999999	0	0	0	0
1634302841.16	750	8	0.0	411055	64	0.75	0	0	0	0
1634302841.34	750	12	0.0	428763	61	0.75	0	0	0	0
1634302841.54	750	16	0.0	426503	75	0.75	0	0	0	0
1634302841.7	750	20	0.0	417864	82	0.75	0	0	0	0
1634302841.88	750	24	0.0	462833	77	0.75	0	0	0	0
1634302842.07	750	28	0.0	444447	78	0.75	0	0	0	0
1634302842.23	750	32	0.0	439044	65	0.75	0	0	0	0
1634302842.39	750	36	0.0	407056	64	0.75	0	0	0	0
1634302842.56	750	40	0.0	431257	75	0.75	0	0	0	0
1634302842.73	750	44	0.0	424931	81	0.75	0	0	0	0
1634302842.92	750	48	0.0	415862	67	0.75	0	0	0	0
1634302843.1	750	51.83472	0.0	417958	66	0.75	0	0	0	0
1634302843.28	750	55.631721	0.0	418039	69	0.75	0	0	0	0
1634302843.5	750	59.430058	0.0	441262	63	0.75	0	0	0	0
1634302847.24	750	59.74223	0.0	464095	79	0.75	5.29	0	42	0
1634302851.54	750	59.513554	0.0	462002	87	0.75	9.289	0	162	30.00750187546887
1634302855.28	750	59.817525	0.0	416260	85	0.75	13.29	0	282	29.99250187453137
1634302859.51	750	59.551843	0.0	426855	27	0.75	17.29	0	402	30
1634302863.25	750	59.85368	0.0	423992	75	0.75	21.291	0	522	29.992501874531357
1634302867.45	750	59.579776	0.0	443256	78	0.75	25.29	0	642	30.007501875468876
1634302871.2	750	59.887147	0.0	420854	90	0.75	29.291	0	762	29.992501874531357
1634302875.44	750	59.646975	0.0	434977	61	0.75	33.293	0	882	29.98500749625188
1634302879.16	750	59.945363	0.0	427693	82	0.75	37.293	0	1002	30
1634302883.4	750	59.691101	0.0	435879	65	0.75	41.293	0	1122	30
1634302887.11	750	59.997999	0.0	458523	60	0.75	45.294	0	1242	29.992501874531385
1634302891.36	750	59.728659	0.0	389475	66	0.75	49.297	0	1363	30.227329502872845
1634302895.57	750	59.466667	0.0	412786	65	0.75	53.298	0	1483	29.99250187453133
1634302899.3	750	59.785151	0.0	423981	42	0.75	57.298	0	1603	30
1634302903.49	750	59.53846	0.0	411450	72	0.75	61.298	0	1723	30
1634302907.19	750	59.84497	0.0	415853	79	0.75	65.298	0	1843	30
1634302911.43	750	59.584952	0.0	410977	69	0.75	69.299	0	1963	29.99250187453133
1634302915.2	750	59.892624	0.0	419815	93	0.75	73.299	0	2083	30
1634302919.43	750	59.63053	0.0	418828	87	0.75	77.299	0	2203	30
1634302923.14	750	59.938674	0.0	422899	79	0.75	81.3	0	2323	29.99250187453144
1634302927.38	750	59.676847	0.0	461245	65	0.75	85.299	0	2443	30.007501875468797
1634302931.12	750	59.976515	0.0	420927	65	0.75	89.301	0	2563	29.98500749625191
1634302935.34	750	59.712795	0.0	434125	85	0.75	93.309	0	2683	29.940119760479075
1634302939.58	750	59.445291	0.0	438085	74	0.75	97.309	0	2803	30
1634302943.29	750	59.761328	0.0	426879	58	0.75	101.309	0	2923	30
1634302947.54	750	59.5	0.0	423829	86	0.75	105.309	0	3043	30
1634302951.27	750	59.812655	0.0	440437	74	0.75	109.31	0	3163	29.99250187453133
1634302955.5	750	59.593925	0.0	464617	48	0.75	113.31	0	3283	30
1634302959.18	750	59.930078	0.0	482901	86	0.75	117.311	0	3403	29.99250187453133
1634302963.37	750	59.673619	0.0	478486	72	0.75	121.312	0	3523	29.99250187453144
