1634336026.03	750	4	0.194	427465	76	-0.8291999999999999	0	0	0	0
1634336026.53	1200	8	0.0	1719226	282	0.75	0	0	0	0
1634336026.94	1200	12	0.0	1824230	270	1.2	0	0	0	0
1634336027.37	1200	16	0.0	1882039	290	1.2	0	0	0	0
1634336027.81	1200	20	0.0	1838337	284	1.2	0	0	0	0
1634336028.29	1200	23.555337	0.0	1953398	312	1.2	0	0	0	0
1634336028.74	1200	27.083334	0.0	1841430	266	1.2	0	0	0	0
1634336029.38	1200	30.633334	0.0	1838080	293	1.2	0	0	0	0
1634336029.84	1200	33.983334	0.0	1692604	265	1.2	5.587	2	100	0
1634336030.27	1200	37.577285	0.0	1727189	276	1.2	5.587	2	100	0
1634336030.68	1200	41.133334	0.0	1715705	273	1.2	5.587	2	100	0
1634336031.1	1200	44.727177	0.0	1729349	267	1.2	5.587	2	100	0
1634336031.61	1200	48.266667	0.0	1754261	283	1.2	5.587	2	100	0
1634336032.06	1200	51.766667	0.0	1778755	279	1.2	5.587	2	100	0
1634336032.51	1200	55.314093	0.0	1915304	298	1.2	5.587	2	100	0
1634336032.97	1200	58.869814	0.0	1992580	307	1.2	5.587	2	100	0
1634336036.46	1200	59.519306	0.0	2012653	313	1.2	9.588	8	340	58.48537865533618
1634336040.44	1200	59.577551	0.0	1822103	271	1.2	13.588	9	580	59.75
1634336044.42	1200	59.608512	0.0	1832177	298	1.2	17.587	9	820	60.01500375093772
1634336047.93	1200	59.955934	0.0	1820480	284	1.2	21.588	9	1060	59.98500374906271
1634336051.95	1200	59.944638	0.0	1799178	267	1.2	25.588	13	1300	59
1634336055.89	1200	59.980529	0.0	1709916	280	1.2	29.589	13	1540	59.98500374906277
