1634354688.33	750	4	0.192	427465	81	-0.8205999999999999	0	0	0	0
1634354689.46	2850	8	0.0	4860073	794	0.75	0	0	0	0
1634354690.69	2850	10.95	0.0	5306756	980	2.85	0	0	0	0
1634354691.98	2850	13.7	0.0	5542685	1009	2.85	5.259	5	123	0
1634354693.17	2850	16.516667	0.0	5302108	871	2.85	5.259	5	123	0
1634354694.34	2850	19.333334	0.0	5631224	912	2.85	5.259	5	123	0
1634354695.58	2850	22.133334	0.0	5641793	895	2.85	5.259	5	123	0
1634354696.75	2850	24.916667	0.0	5361170	889	2.85	9.281	69	361	43.262058677274986
1634354697.86	2850	27.85	0.0	5091418	764	2.85	9.281	69	361	43.262058677274986
1634354698.94	2850	30.716667	0.0	5227125	827	2.85	9.281	69	361	43.262058677274986
1634354699.97	2850	33.683334	0.0	4841602	758	2.85	13.282	110	605	50.737315671082236
1634354700.99	2850	36.633334	0.0	4865486	794	2.85	13.282	110	605	50.737315671082236
1634354702.02	2850	39.633334	0.0	4882046	760	2.85	13.282	110	605	50.737315671082236
