1634332864.1	750	4	0.191	391964	59	-0.8162999999999999	0	0	0	0
1634332864.52	1200	8	0.0	1027639	196	0.75	0	0	0	0
1634332864.83	1200	12	0.0	1094547	116	1.2	0	0	0	0
1634332865.1	1200	16	0.0	1068941	169	1.2	0	0	0	0
1634332865.4	1200	20	0.0	1069226	168	1.2	0	0	0	0
1634332865.72	1200	23.91656	0.0	1157353	191	1.2	0	0	0	0
1634332866.03	1200	27.594443	0.0	1168829	198	1.2	0	0	0	0
1634332866.36	1200	31.271951	0.0	1093471	173	1.2	0	0	0	0
1634332866.64	1200	34.989479	0.0	1020028	159	1.2	0	0	0	0
1634332866.96	1200	38.666667	0.0	1051427	170	1.2	0	0	0	0
1634332867.24	1200	42.383722	0.0	1070992	173	1.2	0	0	0	0
1634332867.69	1200	45.939213	0.0	1063461	301	1.2	5.152	0	53	0
1634332867.99	1200	49.656589	0.0	1074096	180	1.2	5.152	0	53	0
1634332868.3	1200	53.334487	0.0	1080192	154	1.2	5.152	0	53	0
1634332868.63	1200	57.012256	0.0	1139934	180	1.2	5.152	0	53	0
1634332869.98	1200	59.720708	0.0	1145330	182	1.2	5.152	0	53	0
1634332874.39	1200	59.458104	0.0	1173744	187	1.2	9.151	0	173	30.00750187546887
1634332878.27	1200	59.478301	0.0	1061602	139	1.2	13.152	0	293	29.99250187453137
1634332882.1	1200	59.794445	0.0	1076224	168	1.2	17.152	0	413	29.999999999999986
1634332885.97	1200	59.833596	0.0	1068038	185	1.2	21.151	0	533	30.007501875468876
1634332889.83	1200	59.85982	0.0	1097493	189	1.2	25.152	0	653	29.992501874531357
1634332894.19	1200	59.623929	0.0	1072339	153	1.2	29.152	0	773	30
1634332898.05	1200	59.640174	0.0	1067889	159	1.2	33.154	0	893	29.985007496251857
1634332901.94	1200	59.98871	0.0	1067959	196	1.2	37.155	0	1013	29.992501874531385
1634332906.32	1200	59.444222	0.0	1077712	182	1.2	41.155	0	1133	30
1634332910.24	1200	59.497695	0.0	1138441	214	1.2	45.155	0	1253	30
1634332914.06	1200	59.826196	0.0	1027213	172	1.2	49.155	0	1373	30
1634332917.9	1200	59.886362	0.0	1019513	150	1.2	53.156	0	1493	29.992501874531385
1634332921.73	1200	59.903042	0.0	1030601	171	1.2	57.156	0	1613	30
1634332926.1	1200	59.626567	0.0	1059459	176	1.2	61.156	0	1733	30
1634332929.98	1200	59.727667	0.0	1058483	178	1.2	65.157	0	1853	29.992501874531385
1634332934.38	1200	59.466667	0.0	1026788	155	1.2	69.158	0	1973	29.99250187453133
1634332938.2	1200	59.521243	0.0	1034920	161	1.2	73.158	0	2093	30
1634332942.08	1200	59.827698	0.0	1024487	164	1.2	77.158	0	2213	30
1634332945.97	1200	59.843297	0.0	1088769	179	1.2	81.158	0	2333	30
1634332949.89	1200	59.897367	0.0	1213691	185	1.2	85.159	0	2453	29.99250187453133
1634332953.73	1200	59.996228	0.0	996535	144	1.2	89.159	0	2573	30
1634332958.09	1200	59.730935	0.0	1040309	184	1.2	93.159	0	2693	30
1634332961.93	1200	59.754897	0.0	1135519	134	1.2	97.159	0	2813	30
1634332965.85	1200	59.802139	0.0	1080635	183	1.2	101.159	0	2933	30
1634332970.15	1200	59.569437	0.0	1037366	169	1.2	105.159	0	3053	30
1634332974.07	1200	59.892615	0.0	1075257	209	1.2	109.16	0	3173	29.99250187453144
1634332977.92	1200	59.911697	0.0	1145173	196	1.2	113.16	0	3293	30
1634332981.87	1200	59.931119	0.0	1216507	189	1.2	117.16	0	3413	30
1634332985.72	1200	59.949784	0.0	1142437	189	1.2	121.165	0	3533	29.96254681647933
