1634335611.36	750	4	0.165	427465	51	-0.7045	0	0	0	0
1634335612.18	1850	8	0.0	3156042	543	0.75	0	0	0	0
1634335612.91	1850	12	0.0	3331786	524	1.85	0	0	0	0
1634335613.65	1850	15.433334	0.0	3470899	536	1.85	0	0	0	0
1634335614.46	1850	18.65	0.0	3391540	586	1.85	0	0	0	0
1634335615.32	1850	21.783334	0.0	3653733	610	1.85	5.307	5	100	0
1634335616.18	1850	24.983334	0.0	3500753	543	1.85	5.307	5	100	0
1634335616.96	1850	28.166667	0.0	3417687	536	1.85	5.307	5	100	0
1634335617.71	1850	31.4	0.0	3185216	487	1.85	5.307	5	100	0
1634335618.48	1850	34.65	0.0	3286263	528	1.85	5.307	5	100	0
1634335619.19	1850	37.9	0.0	3082343	496	1.85	9.334	46	341	49.6647628507574
1634335619.92	1850	41.2	0.0	3170736	507	1.85	9.334	46	341	49.6647628507574
1634335620.64	1850	44.45	0.0	3196938	452	1.85	9.334	46	341	49.6647628507574
1634335621.37	1850	47.733334	0.0	3228009	527	1.85	9.334	46	341	49.6647628507574
1634335622.18	1850	50.95	0.0	3513138	553	1.85	9.334	46	341	49.6647628507574
1634335623.02	1850	54.083334	0.0	3686191	570	1.85	13.334	67	581	54.75
1634335623.88	1850	57.266667	0.0	3630324	600	1.85	13.334	67	581	54.75
1634335625.17	1850	59.908698	0.0	3348330	526	1.85	13.334	67	581	54.75
1634335629.46	1850	59.657773	0.0	3272823	541	1.85	17.335	92	821	53.73656585853535
1634335633.26	1850	59.972537	0.0	3263947	527	1.85	21.335	95	1061	59.25
1634335637.54	1850	59.752838	0.0	3246736	477	1.85	25.335	100	1301	58.75
1634335641.26	1850	59.825105	0.0	3067619	460	1.85	29.334	103	1541	59.26481620405103
1634335645.51	1850	59.569003	0.0	3258491	503	1.85	33.336	106	1781	59.22038980509747
1634335649.26	1850	59.880622	0.0	3217708	500	1.85	37.335	108	2021	59.514878719679885
1634335653.51	1850	59.636349	0.0	3168556	490	1.85	41.336	111	2261	59.23519120219949
1634335657.4	1850	59.947866	0.0	3254799	583	1.85	45.345	119	2502	58.11923172861062
1634335661.19	1850	59.978106	0.0	3101633	553	1.85	49.336	121	2741	59.38361312954147
1634335665.5	1850	59.735478	0.0	3052590	510	1.85	53.336	124	2981	59.25
1634335669.62	1850	59.765524	0.0	3262551	578	1.85	57.339	127	3221	59.20559580314764
1634335673.97	1850	59.504238	0.0	3205725	514	1.85	61.342	135	3459	57.456907319510364
