1634291754.77	750	4	0.229	427465	110	-0.9796999999999999	0	0	0	0
1634291755.72	1850	8	0.0	3156042	469	0.75	0	0	0	0
1634291756.49	1850	12	0.0	3331786	551	1.85	0	0	0	0
1634291757.3	1850	15.766667	0.0	3470899	574	1.85	0	0	0	0
1634291758.34	1850	18.733334	0.0	3391540	784	1.85	5.615	7	42	0
1634291759.22	1850	21.866667	0.0	3653733	619	1.85	5.615	7	42	0
1634291760.22	1850	24.983334	0.0	3500753	629	1.85	5.615	7	42	0
1634291761.4	1850	27.7	0.0	3417687	870	1.85	5.615	7	42	0
1634291762.2	1850	30.85	0.0	3185216	552	1.85	9.63	48	282	49.56413449564134
1634291763.06	1850	34.016667	0.0	3286263	600	1.85	9.63	48	282	49.56413449564134
1634291763.9	1850	37.166667	0.0	3082343	578	1.85	9.63	48	282	49.56413449564134
1634291764.7	1850	40.366667	0.0	3170736	554	1.85	9.63	48	282	49.56413449564134
1634291765.48	1850	43.566667	0.0	3196938	517	1.85	9.63	48	282	49.56413449564134
1634291766.26	1850	46.816667	0.0	3228009	488	1.85	13.629	86	522	50.51262815703927
1634291767.06	1850	50	0.0	3513138	562	1.85	13.629	86	522	50.51262815703927
1634291767.96	1850	53.166667	0.0	3686191	598	1.85	13.629	86	522	50.51262815703927
1634291768.91	1850	56.233334	0.0	3630324	582	1.85	13.629	86	522	50.51262815703927
