1634343291.39	750	4	0.182	427465	84	-0.7776000000000001	0	0	0	0
1634343291.66	750	8	0.0	647387	113	0.75	0	0	0	0
1634343291.97	750	12	0.0	677925	158	0.75	0	0	0	0
1634343292.2	750	16	0.0	706841	123	0.75	0	0	0	0
1634343292.44	750	20	0.0	701203	121	0.75	0	0	0	0
1634343292.68	750	24	0.0	737962	126	0.75	0	0	0	0
1634343292.98	750	27.917835	0.0	699376	170	0.75	0	0	0	0
1634343293.23	750	31.676376	0.0	691941	135	0.75	0	0	0	0
1634343293.45	750	35.474698	0.0	635193	105	0.75	0	0	0	0
1634343293.69	750	39.192698	0.0	655855	121	0.75	0	0	0	0
1634343293.92	750	42.990851	0.0	626785	112	0.75	0	0	0	0
1634343294.13	750	46.789688	0.0	641824	102	0.75	0	0	0	0
1634343294.34	750	50.546662	0.0	657300	108	0.75	0	0	0	0
1634343294.56	750	54.345273	0.0	650171	124	0.75	0	0	0	0
1634343294.99	750	57.902332	0.0	713528	155	0.75	5.286	0	105	0
1634343297.31	750	59.764045	0.0	758246	155	0.75	5.286	0	105	0
1634343301.62	750	59.500461	0.0	743893	137	0.75	9.286	0	345	60
1634343305.41	750	59.525931	0.0	682559	115	0.75	13.287	0	585	59.98500374906271
1634343309.2	750	59.831523	0.0	689486	96	0.75	17.287	0	825	60.00000000000003
1634343313.49	750	59.610275	0.0	689027	130	0.75	21.287	0	1065	60
1634343317.3	750	59.66136	0.0	673540	113	0.75	25.289	0	1305	59.970014992503714
1634343321.63	750	59.438477	0.0	640816	136	0.75	29.3	0	1545	59.83545250560959
1634343325.39	750	59.746667	0.0	681370	112	0.75	33.3	0	1785	60.00000000000006
1634343329.17	750	59.77283	0.0	689141	110	0.75	37.3	0	2025	60
1634343333.48	750	59.510254	0.0	656898	127	0.75	41.3	0	2265	60
1634343337.3	750	59.813161	0.0	670951	137	0.75	45.301	0	2506	60.234941264683755
1634343341.09	750	59.840408	0.0	618544	112	0.75	49.301	0	2746	60
1634343345.34	750	59.578633	0.0	618247	107	0.75	53.301	0	2986	60
1634343349.14	750	59.886838	0.0	671894	149	0.75	57.301	0	3226	60
1634343353.43	750	59.629906	0.0	642169	133	0.75	61.301	0	3466	60
1634343357.22	750	59.696529	0.0	635411	100	0.75	65.301	0	3706	60
1634343361.51	750	59.442646	0.0	644615	123	0.75	69.302	0	3946	59.98500374906266
1634343365.3	750	59.740751	0.0	672342	114	0.75	73.304	0	4186	59.97001499250382
1634343369.11	750	59.806521	0.0	666301	113	0.75	77.304	0	4426	60
1634343373.44	750	59.54533	0.0	665276	138	0.75	81.304	0	4666	60
1634343377.22	750	59.850596	0.0	696340	122	0.75	85.304	0	4906	60
1634343381.51	750	59.580077	0.0	634337	107	0.75	89.304	0	5146	60
1634343385.31	750	59.608112	0.0	642800	110	0.75	93.305	0	5386	59.98500374906266
1634343389.05	750	59.912322	0.0	660587	108	0.75	97.305	0	5626	60
1634343393.31	750	59.654988	0.0	654618	116	0.75	101.305	0	5866	60
1634343397.09	750	59.968449	0.0	644116	134	0.75	105.309	0	6106	59.94005994006008
1634343401.11	750	59.997471	0.0	677809	7	0.75	109.309	0	6346	60
1634343405.44	750	59.490162	0.0	722701	150	0.75	113.308	0	6586	60.015003750937595
1634343409.23	750	59.798619	0.0	750718	147	0.75	117.309	0	6826	59.98500374906288
1634343413.48	750	59.537869	0.0	708690	128	0.75	121.31	0	7066	59.98500374906266
