1634319868.14	750	4	0.147	391964	59	-0.6271	0	0	0	0
1634319868.47	1200	8	0.0	1027639	134	0.75	0	0	0	0
1634319868.82	1200	12	0.0	1094547	225	1.2	0	0	0	0
1634319869.08	1200	16	0.0	1068941	166	1.2	0	0	0	0
1634319869.4	1200	20	0.0	1069226	178	1.2	0	0	0	0
1634319869.73	1200	23.874512	0.0	1157353	201	1.2	0	0	0	0
1634319870.09	1200	27.508032	0.0	1168829	202	1.2	0	0	0	0
1634319870.41	1200	31.184305	0.0	1093471	172	1.2	0	0	0	0
1634319870.76	1200	34.82184	0.0	1020028	154	1.2	0	0	0	0
1634319871.05	1200	38.539142	0.0	1051427	180	1.2	0	0	0	0
1634319871.34	1200	42.256863	0.0	1070992	176	1.2	0	0	0	0
1634319871.73	1200	45.853348	0.0	1063461	265	1.2	5.224	0	56	0
1634319872.05	1200	49.529725	0.0	1074096	174	1.2	5.224	0	56	0
1634319872.38	1200	53.20626	0.0	1080192	190	1.2	5.224	0	56	0
1634319872.69	1200	56.923787	0.0	1139934	199	1.2	5.224	0	56	0
1634319874.14	1200	59.750569	0.0	1145330	213	1.2	5.224	0	56	0
1634319877.98	1200	59.77488	0.0	1173744	178	1.2	9.224	1	176	29.75
1634319881.81	1200	59.801576	0.0	1061602	181	1.2	13.225	1	296	29.99250187453137
1634319886.19	1200	59.547574	0.0	1076224	198	1.2	17.225	1	416	29.999999999999986
1634319890.06	1200	59.571351	0.0	1068038	168	1.2	21.225	1	536	30
1634319893.9	1200	59.873369	0.0	1097493	186	1.2	25.229	1	656	29.970029970029987
1634319897.75	1200	59.900932	0.0	1072339	171	1.2	29.23	1	776	29.992501874531357
1634319901.65	1200	59.942209	0.0	1067889	208	1.2	33.229	1	896	30.007501875468876
1634319906.04	1200	59.701014	0.0	1067959	226	1.2	37.229	1	1016	30
1634319909.92	1200	59.733334	0.0	1077712	233	1.2	41.23	1	1136	29.992501874531385
1634319913.84	1200	59.801333	0.0	1138441	252	1.2	45.236	1	1256	29.955067398901647
1634319918.2	1200	59.507265	0.0	1027213	178	1.2	49.273	1	1377	29.972752043596685
1634319922.06	1200	59.530165	0.0	1019513	158	1.2	53.278	1	1497	29.962546816479435
1634319925.85	1200	59.826555	0.0	1030601	167	1.2	57.28	1	1617	29.985007496251857
1634319929.81	1200	59.849364	0.0	1059459	192	1.2	61.28	1	1737	30
1634319934.18	1200	59.543115	0.0	1058483	190	1.2	65.28	1	1857	30
1634319938.06	1200	59.561552	0.0	1026788	171	1.2	69.284	1	1977	29.970029970029934
1634319941.95	1200	59.888631	0.0	1034920	192	1.2	73.287	1	2098	30.227329502872845
1634319945.81	1200	59.996365	0.0	1024487	190	1.2	77.287	1	2218	30
1634319950.2	1200	59.454378	0.0	1088769	171	1.2	81.288	1	2338	29.99250187453144
1634319954.07	1200	59.750497	0.0	1213691	199	1.2	85.288	1	2458	30
1634319957.93	1200	59.773328	0.0	996535	162	1.2	89.288	1	2578	30
1634319962.29	1200	59.508911	0.0	1040309	161	1.2	93.292	1	2698	29.970029970029934
1634319966.16	1200	59.566667	0.0	1135519	177	1.2	97.292	1	2818	30
1634319969.98	1200	59.875657	0.0	1080635	162	1.2	101.292	1	2938	30
1634319973.78	1200	59.921024	0.0	1037366	168	1.2	105.292	1	3058	30
1634319978.1	1200	59.661847	0.0	1075257	169	1.2	109.293	1	3178	29.99250187453133
1634319981.95	1200	59.67502	0.0	1145173	191	1.2	113.294	1	3298	29.99250187453144
1634319985.81	1200	59.9872	0.0	1216507	199	1.2	117.294	1	3418	30
1634319990.11	1200	59.729845	0.0	1142437	178	1.2	121.295	1	3538	29.99250187453133
