1634645294.04	750	4	0.831	3873109	652	-3.5683	0	0	0	0
1634645294.84	2850	8	0.0	3278264	560	0.75	0	0	0	0
1634645295.84	2850	11.791952	0.0	4479625	762	2.85	0	0	0	0
1634645296.62	2850	15.027025	0.0	3495272	545	2.85	0	0	0	0
1634645297.63	2850	18.017851	0.0	3525421	600	2.85	5.451	0	37	0
1634645298.65	2850	20.96734	0.0	4652033	774	2.85	5.451	0	37	0
1634645299.74	2850	23.933334	0.0	4298145	787	2.85	5.451	0	37	0
1634645301.45	2850	26.171477	0.0	4054420	1375	2.85	9.451	2	157	29.499999999999993
1634645302.47	2850	29.166667	0.0	3887575	745	2.85	9.451	2	157	29.499999999999993
1634645303.61	2850	32	0.0	4241421	778	2.85	9.451	2	157	29.499999999999993
1634645304.45	2850	35.142325	0.0	3616621	619	2.85	9.451	2	157	29.499999999999993
1634645305.42	2850	38.233334	0.0	3962980	661	2.85	13.451	3	277	29.75
1634645306.37	2850	41.245639	0.0	4314183	697	2.85	13.451	3	277	29.75
1634645307.35	2850	44.3	0.0	4310059	662	2.85	13.451	3	277	29.75
1634645308.29	2850	47.333334	0.0	4053167	617	2.85	13.451	3	277	29.75
1634645309.19	2850	50.439568	0.0	4086458	651	2.85	17.451	7	397	29
1634645310.14	2850	53.469607	0.0	4236208	649	2.85	17.451	7	397	29
1634645311.18	2850	56.466667	0.0	4627495	752	2.85	17.451	7	397	29
