1634316645.66	750	4	0.231	427465	94	-0.9883	0	0	0	0
1634316646.21	1200	8	0.0	1719226	303	0.75	0	0	0	0
1634316646.67	1200	12	0.0	1824230	298	1.2	0	0	0	0
1634316647.15	1200	16	0.0	1882039	300	1.2	0	0	0	0
1634316647.6	1200	19.667553	0.0	1838337	288	1.2	0	0	0	0
1634316648.13	1200	23.183334	0.0	1953398	324	1.2	0	0	0	0
1634316648.61	1200	26.666667	0.0	1841430	309	1.2	0	0	0	0
1634316649.19	1200	30.131789	0.0	1838080	395	1.2	5.265	2	99	0
1634316649.64	1200	33.646923	0.0	1692604	281	1.2	5.265	2	99	0
1634316650.09	1200	37.202261	0.0	1727189	281	1.2	5.265	2	99	0
1634316650.58	1200	40.716667	0.0	1715705	318	1.2	5.265	2	99	0
1634316651.06	1200	44.233334	0.0	1729349	335	1.2	5.265	2	99	0
1634316651.62	1200	47.663894	0.0	1754261	399	1.2	5.265	2	99	0
1634316652.07	1200	51.217486	0.0	1778755	304	1.2	5.265	2	99	0
1634316652.58	1200	54.731291	0.0	1915304	328	1.2	5.265	2	99	0
1634316653.11	1200	58.183334	0.0	1992580	330	1.2	9.265	5	339	59.249999999999986
1634316655.68	1200	59.742013	0.0	2012653	345	1.2	9.265	5	339	59.249999999999986
1634316659.76	1200	59.770881	0.0	1822103	285	1.2	13.265	8	579	59.25
1634316663.81	1200	59.503334	0.0	1832177	302	1.2	17.267	9	819	59.720139930034996
1634316667.8	1200	59.523824	0.0	1820480	283	1.2	21.268	9	1059	59.98500374906271
1634316671.82	1200	59.550835	0.0	1799178	290	1.2	25.268	10	1299	59.75
1634316675.91	1200	59.580332	0.0	1709916	401	1.2	29.268	10	1540	60.25
1634316679.46	1200	59.903108	0.0	1771595	316	1.2	33.268	11	1779	59.5
1634316683.85	1200	59.966667	0.0	1761173	342	1.2	37.269	13	2019	59.48512871782058
1634316687.47	1200	59.938304	0.0	1733302	254	1.2	41.269	19	2259	58.5
1634316691.53	1200	59.957974	0.0	1784941	330	1.2	45.283	19	2500	60.03986048829094
1634316695.5	1200	59.94888	0.0	1702509	256	1.2	49.27	19	2740	60.19563581640328
1634316699.45	1200	59.973495	0.0	1694307	274	1.2	53.269	19	2980	60.01500375093781
1634316703.97	1200	59.433334	0.0	1839362	292	1.2	57.27	21	3220	59.48512871782047
1634316707.97	1200	59.461449	0.0	1715553	278	1.2	61.27	22	3460	59.75
1634316711.95	1200	59.530832	0.0	1737144	277	1.2	65.27	22	3700	60.00000000000011
1634316715.46	1200	59.886441	0.0	1718570	282	1.2	69.27	24	3940	59.5
1634316719.52	1200	59.939942	0.0	1799075	299	1.2	73.271	25	4180	59.73506623344157
1634316724.22	1200	59.54507	0.0	1764247	292	1.2	77.272	33	4420	57.98550362409391
1634316727.91	1200	59.492207	0.0	1792164	300	1.2	81.275	34	4660	59.70522108418686
1634316731.96	1200	59.514046	0.0	1923129	322	1.2	85.274	35	4900	59.764941235308896
1634316735.47	1200	59.852574	0.0	1619018	260	1.2	89.275	36	5140	59.73506623344157
1634316739.49	1200	59.883334	0.0	1766623	320	1.2	93.276	37	5380	59.73506623344178
