1634356688.23	750	4	0.168	427465	87	-0.7173999999999999	0	0	0	0
1634356688.54	750	8	0.0	647387	121	0.75	0	0	0	0
1634356688.81	750	12	0.0	677925	168	0.75	0	0	0	0
1634356689.14	750	15.959204	0.0	706841	135	0.75	0	0	0	0
1634356689.35	750	19.634975	0.0	701203	113	0.75	0	0	0	0
1634356689.59	750	23.393215	0.0	737962	108	0.75	0	0	0	0
1634356689.83	750	27.151562	0.0	699376	112	0.75	0	0	0	0
1634356690.06	750	30.908444	0.0	691941	101	0.75	0	0	0	0
1634356690.32	750	34.666667	0.0	635193	104	0.75	0	0	0	0
1634356690.63	750	38.381502	0.0	655855	106	0.75	0	0	0	0
1634356690.89	750	42.139158	0.0	626785	102	0.75	0	0	0	0
1634356691.12	750	45.896832	0.0	641824	100	0.75	0	0	0	0
1634356691.34	750	49.65458	0.0	657300	96	0.75	0	0	0	0
1634356691.57	750	53.412718	0.0	650171	104	0.75	0	0	0	0
1634356691.83	750	57.169413	0.0	713528	118	0.75	4.545	0	163	0
1634356693.63	750	59.464104	0.0	758246	119	0.75	4.545	0	163	0
1634356697.4	750	59.756289	0.0	743893	126	0.75	8.545	1	403	59.75
1634356701.68	750	59.493678	0.0	682559	112	0.75	12.545	1	643	60
1634356705.45	750	59.808311	0.0	689486	110	0.75	16.545	1	883	59.99999999999997
1634356709.27	750	59.834817	0.0	689027	117	0.75	20.546	1	1123	59.98500374906277
1634356713.54	750	59.57483	0.0	673540	112	0.75	24.551	1	1364	60.174781523096144
1634356717.31	750	59.921902	0.0	640816	100	0.75	28.551	1	1604	60
1634356721.08	750	59.988786	0.0	681370	102	0.75	32.551	1	1844	59.99999999999995
1634356725.36	750	59.75	0.0	689141	137	0.75	36.552	1	2084	59.98500374906277
1634356729.67	750	59.498409	0.0	656898	101	0.75	40.552	1	2324	60
1634356733.52	750	59.519023	0.0	670951	107	0.75	44.553	1	2564	59.98500374906277
1634356737.3	750	59.860362	0.0	618544	106	0.75	48.552	1	2804	60.0150037509377
1634356741.56	750	59.595908	0.0	618247	92	0.75	52.552	1	3044	60
1634356745.35	750	59.900433	0.0	671894	86	0.75	56.552	1	3284	60
1634356749.09	750	59.910391	0.0	642169	96	0.75	60.553	1	3524	59.98500374906277
1634356753.37	750	59.646479	0.0	635411	111	0.75	64.553	1	3764	60
1634356757.11	750	59.95	0.0	644615	108	0.75	68.554	1	4004	59.98500374906266
1634356761.42	750	59.688782	0.0	672342	105	0.75	72.554	1	4244	60
1634356765.18	750	59.991628	0.0	666301	107	0.75	76.554	1	4484	60
1634356769.46	750	59.728572	0.0	665276	113	0.75	80.554	1	4724	60
1634356773.73	750	59.466667	0.0	696340	92	0.75	84.555	1	4964	59.98500374906266
1634356777.48	750	59.774668	0.0	634337	98	0.75	88.555	1	5204	60
1634356781.26	750	59.828864	0.0	642800	102	0.75	92.555	1	5444	60
1634356785.52	750	59.566667	0.0	660587	112	0.75	96.561	1	5684	59.910134797803295
1634356789.28	750	59.876951	0.0	654618	108	0.75	100.562	1	5924	59.98500374906288
1634356793.83	750	59.611157	0.0	644116	112	0.75	104.562	1	6164	60
1634356797.18	750	59.918869	0.0	677809	14	0.75	108.563	1	6404	59.98500374906266
1634356801.51	750	59.660924	0.0	722701	126	0.75	112.564	1	6644	59.98500374906288
1634356805.28	750	59.976558	0.0	750718	118	0.75	116.564	1	6884	60
1634356809.56	750	59.434775	0.0	708690	132	0.75	120.564	1	7125	60.25
