1634355751.1	750	4	0.214	427465	71	-0.9151999999999999	0	0	0	0
1634355751.65	1200	8	0.0	1719226	334	0.75	0	0	0	0
1634355752.16	1200	12	0.0	1824230	356	1.2	0	0	0	0
1634355752.65	1200	16	0.0	1882039	302	1.2	0	0	0	0
1634355753.09	1200	19.59218	0.0	1838337	291	1.2	0	0	0	0
1634355753.56	1200	23.106416	0.0	1953398	318	1.2	0	0	0	0
1634355754.05	1200	26.621971	0.0	1841430	314	1.2	0	0	0	0
1634355754.62	1200	30.174452	0.0	1838080	283	1.2	5.439	0	102	0
1634355755.02	1200	33.650727	0.0	1692604	258	1.2	5.439	0	102	0
1634355755.46	1200	37.247276	0.0	1727189	266	1.2	5.439	0	102	0
1634355755.89	1200	40.803642	0.0	1715705	253	1.2	5.439	0	102	0
1634355756.35	1200	44.360573	0.0	1729349	270	1.2	5.439	0	102	0
1634355756.8	1200	47.876666	0.0	1754261	294	1.2	5.439	0	102	0
1634355757.22	1200	51.473355	0.0	1778755	273	1.2	5.439	0	102	0
1634355757.66	1200	55.030159	0.0	1915304	286	1.2	5.439	0	102	0
1634355758.17	1200	58.533334	0.0	1992580	316	1.2	5.439	0	102	0
1634355761.22	1200	59.497303	0.0	2012653	306	1.2	9.439	4	342	59
1634355765.28	1200	59.55	0.0	1822103	281	1.2	13.439	4	582	60
1634355768.81	1200	59.890351	0.0	1832177	266	1.2	17.44	5	822	59.73506623344162
1634355772.8	1200	59.952886	0.0	1820480	307	1.2	21.441	5	1062	59.98500374906277
1634355776.77	1200	59.986788	0.0	1799178	272	1.2	25.441	5	1302	60
1634355781.22	1200	59.713613	0.0	1709916	271	1.2	29.441	5	1542	60
1634355785.25	1200	59.742834	0.0	1771595	268	1.2	33.444	5	1782	59.95503372470642
1634355789.22	1200	59.484987	0.0	1761173	293	1.2	37.444	5	2022	60
1634355793.18	1200	59.512618	0.0	1733302	287	1.2	41.444	5	2262	60
1634355797.18	1200	59.548201	0.0	1784941	279	1.2	45.445	7	2502	59.48512871782058
1634355801.14	1200	59.579353	0.0	1702509	272	1.2	49.444	7	2742	60.0150037509377
1634355805.13	1200	59.611795	0.0	1694307	268	1.2	53.445	7	2983	60.23494126468386
1634355809.15	1200	59.634042	0.0	1839362	285	1.2	57.445	7	3223	60
1634355813.1	1200	59.668557	0.0	1715553	268	1.2	61.446	7	3462	59.73506623344167
1634355817.08	1200	59.7	0.0	1737144	282	1.2	65.445	7	3703	60.26506626656671
1634355821.11	1200	59.761333	0.0	1718570	268	1.2	69.446	7	3943	59.98500374906266
1634355825.16	1200	59.77198	0.0	1799075	286	1.2	73.446	7	4183	60
1634355829.19	1200	59.505912	0.0	1764247	285	1.2	77.446	7	4423	60
1634355833.17	1200	59.5229	0.0	1792164	286	1.2	81.449	7	4663	59.95503372470647
1634355837.32	1200	59.555992	0.0	1923129	328	1.2	85.449	8	4903	59.75
1634355841.29	1200	59.577445	0.0	1619018	260	1.2	89.45	8	5143	59.98500374906266
1634355845.26	1200	59.603261	0.0	1766623	271	1.2	93.45	8	5383	60
1634355849.22	1200	59.619849	0.0	1805304	275	1.2	97.45	8	5623	60
1634355853.19	1200	59.65	0.0	1754155	281	1.2	101.45	8	5863	60
1634355857.17	1200	59.67501	0.0	1739691	294	1.2	105.45	8	6103	60
1634355861.15	1200	59.708302	0.0	1734417	298	1.2	109.451	8	6343	59.98500374906288
1634355865.14	1200	59.729727	0.0	1932720	312	1.2	113.452	8	6583	59.98500374906266
1634355869.18	1200	59.759824	0.0	2017647	333	1.2	117.452	10	6823	59.5
1634355873.14	1200	59.774192	0.0	1827933	300	1.2	121.452	10	7063	60
