1634337820.73	750	4	0.148	427465	79	-0.6314	0	0	0	0
1634337820.91	300	8	0.0	474035	58	-0.15000000000000002	0	0	0	0
1634337821.11	300	12	0.0	448326	73	0.3	0	0	0	0
1634337821.34	300	15.917856	0.0	480048	100	0.3	0	0	0	0
1634337821.5	300	19.756873	0.0	488788	70	0.3	0	0	0	0
1634337821.67	300	23.594978	0.0	487141	77	0.3	0	0	0	0
1634337821.87	300	27.393609	0.0	483526	91	0.3	0	0	0	0
1634337822.07	300	31.191654	0.0	460688	88	0.3	0	0	0	0
1634337822.25	300	34.99021	0.0	444206	71	0.3	0	0	0	0
1634337822.48	300	38.788522	0.0	461617	104	0.3	0	0	0	0
1634337822.69	300	42.585561	0.0	450479	84	0.3	0	0	0	0
1634337822.9	300	46.343865	0.0	473222	78	0.3	0	0	0	0
1634337823.09	300	50.183334	0.0	450253	72	0.3	0	0	0	0
1634337823.29	300	53.981113	0.0	458340	84	0.3	0	0	0	0
1634337823.52	300	57.738438	0.0	501721	111	0.3	0	0	0	0
1634337825.75	300	59.711883	0.0	502943	82	0.3	4.593	0	178	0
1634337829.97	300	59.448107	0.0	495208	83	0.3	8.593	0	418	60
1634337833.71	300	59.759177	0.0	476785	80	0.3	12.593	0	658	60
1634337837.55	300	59.782593	0.0	470301	156	0.3	16.593	0	898	60
1634337841.76	300	59.524968	0.0	478876	79	0.3	20.593	0	1138	60
1634337845.5	300	59.838293	0.0	478683	76	0.3	24.594	0	1378	59.98500374906271
1634337849.71	300	59.585152	0.0	433197	62	0.3	28.593	0	1618	60.01500375093775
1634337853.43	300	59.889923	0.0	463002	77	0.3	32.605	0	1859	60.0697906281157
1634337857.66	300	59.62707	0.0	477800	79	0.3	36.605	0	2099	60
1634337861.36	300	59.940358	0.0	456630	58	0.3	40.605	0	2339	60
1634337865.58	300	59.96516	0.0	459893	58	0.3	44.606	0	2579	59.98500374906266
1634337869.31	300	59.997374	0.0	426253	73	0.3	48.606	0	2819	60
1634337873.56	300	59.740537	0.0	431643	80	0.3	52.606	0	3059	60
1634337877.85	300	59.472275	0.0	467241	70	0.3	56.606	0	3299	60
1634337881.58	300	59.785587	0.0	442868	61	0.3	60.607	0	3539	59.98500374906277
1634337885.81	300	59.521421	0.0	437041	69	0.3	64.607	0	3779	60
1634337889.52	300	59.835513	0.0	436753	79	0.3	68.607	0	4019	60
1634337893.78	300	59.579556	0.0	457086	88	0.3	72.607	0	4259	60
1634337897.55	300	59.888661	0.0	471069	79	0.3	76.607	0	4499	60
1634337901.77	300	59.635285	0.0	470476	80	0.3	80.608	0	4739	59.98500374906266
1634337905.51	300	59.947139	0.0	478853	80	0.3	84.608	0	4979	60
1634337909.71	300	59.686926	0.0	425308	49	0.3	88.608	0	5219	60
1634337913.45	300	59.992966	0.0	436762	84	0.3	92.609	0	5459	59.98500374906288
1634337917.69	300	59.733334	0.0	447413	78	0.3	96.608	0	5699	60.015003750937595
1634337921.92	300	59.516667	0.0	442185	45	0.3	100.609	0	5939	59.98500374906288
1634337925.69	300	59.82619	0.0	447309	68	0.3	104.609	0	6179	60
1634337929.9	300	59.559898	0.0	475738	78	0.3	108.609	0	6419	60
1634337933.64	300	59.86333	0.0	506145	58	0.3	112.61	0	6659	59.98500374906266
1634337937.86	300	59.597029	0.0	493441	80	0.3	116.609	0	6899	60.01500375093781
1634337941.57	300	59.94509	0.0	480118	77	0.3	120.611	0	7139	59.97001499250361
