1634354555.94	750	4	0.207	427465	109	-0.8850999999999999	0	0	0	0
1634354557.08	2850	8	0.0	4860073	795	0.75	0	0	0	0
1634354558.25	2850	11.766667	0.0	5306756	909	2.85	0	0	0	0
1634354559.43	2850	14.566667	0.0	5542685	932	2.85	5.455	8	77	0
1634354560.64	2850	17.416667	0.0	5302108	912	2.85	5.455	8	77	0
1634354561.93	2850	20.116667	0.0	5631224	956	2.85	5.455	8	77	0
1634354563.15	2850	22.883334	0.0	5641793	901	2.85	5.455	8	77	0
1634354564.33	2850	25.666667	0.0	5361170	918	2.85	9.465	72	316	43.64089775561097
1634354565.49	2850	28.516667	0.0	5091418	827	2.85	9.465	72	316	43.64089775561097
1634354566.61	2850	31.416667	0.0	5227125	835	2.85	9.465	72	316	43.64089775561097
1634354567.7	2850	34.316667	0.0	4841602	794	2.85	13.464	102	558	53.01325331332833
1634354568.79	2850	37.233334	0.0	4865486	778	2.85	13.464	102	558	53.01325331332833
