1634330755.58	750	4	0.173	427465	77	-0.7389	0	0	0	0
1634330755.76	300	8	0.0	474035	64	-0.15000000000000002	0	0	0	0
1634330755.96	300	12	0.0	448326	91	0.3	0	0	0	0
1634330756.25	300	16	0.0	480048	77	0.3	0	0	0	0
1634330756.44	300	20	0.0	488788	76	0.3	0	0	0	0
1634330756.61	300	24	0.0	487141	77	0.3	0	0	0	0
1634330756.78	300	28	0.0	483526	71	0.3	0	0	0	0
1634330756.95	300	32	0.0	460688	70	0.3	0	0	0	0
1634330757.12	300	36	0.0	444206	62	0.3	0	0	0	0
1634330757.29	300	39.911812	0.0	461617	50	0.3	0	0	0	0
1634330757.46	300	43.750645	0.0	450479	76	0.3	0	0	0	0
1634330757.64	300	47.548478	0.0	473222	79	0.3	0	0	0	0
1634330757.82	300	51.387567	0.0	450253	72	0.3	0	0	0	0
1634330757.99	300	55.226518	0.0	458340	69	0.3	0	0	0	0
1634330758.17	300	59.022621	0.0	501721	75	0.3	0	0	0	0
1634330761.9	300	59.447007	0.0	502943	88	0.3	5.35	0	105	0
1634330765.62	300	59.748407	0.0	495208	82	0.3	9.349	0	345	60.01500375093772
1634330769.86	300	59.496643	0.0	476785	76	0.3	13.349	0	585	60
1634330773.62	300	59.802403	0.0	470301	81	0.3	17.349	0	825	60
1634330777.85	300	59.546921	0.0	478876	89	0.3	21.349	0	1065	60
1634330781.6	300	59.855908	0.0	478683	80	0.3	25.353	0	1305	59.94005994005992
1634330785.35	300	59.873557	0.0	433197	78	0.3	29.353	0	1545	60
1634330789.58	300	59.620259	0.0	463002	100	0.3	33.354	0	1785	59.98500374906277
1634330793.3	300	59.972715	0.0	477800	77	0.3	37.354	0	2025	60
1634330797.54	300	59.710479	0.0	456630	80	0.3	41.357	0	2266	60.20484636522608
1634330801.78	300	59.458908	0.0	459893	86	0.3	45.358	0	2506	59.98500374906277
1634330805.54	300	59.761741	0.0	426253	81	0.3	49.357	0	2746	60.0150037509377
1634330809.75	300	59.533832	0.0	431643	78	0.3	53.358	0	2986	59.98500374906277
1634330813.46	300	59.843259	0.0	467241	90	0.3	57.359	0	3226	59.98500374906266
1634330817.67	300	59.586451	0.0	442868	76	0.3	61.36	0	3466	59.98500374906277
1634330821.39	300	59.905188	0.0	437041	83	0.3	65.361	0	3706	59.98500374906266
1634330825.62	300	59.646281	0.0	436753	74	0.3	69.361	0	3946	60
1634330829.33	300	59.954531	0.0	457086	68	0.3	73.361	0	4186	60
1634330833.54	300	59.691797	0.0	471069	77	0.3	77.361	0	4426	60
1634330837.78	300	59.438379	0.0	470476	80	0.3	81.361	0	4666	60
1634330841.53	300	59.752562	0.0	478853	99	0.3	85.362	0	4906	59.98500374906288
1634330845.76	300	59.496477	0.0	425308	71	0.3	89.362	0	5146	60
1634330849.5	300	59.805503	0.0	436762	79	0.3	93.362	0	5386	60
1634330853.74	300	59.54561	0.0	447413	60	0.3	97.362	0	5626	60
1634330857.5	300	59.860392	0.0	442185	73	0.3	101.363	0	5866	59.98500374906266
1634330861.7	300	59.604251	0.0	447309	68	0.3	105.362	0	6106	60.01500375093781
1634330865.41	300	59.916667	0.0	475738	71	0.3	109.363	0	6346	59.98500374906266
1634330869.61	300	59.667837	0.0	506145	88	0.3	113.363	0	6586	60
1634330873.3	300	59.983949	0.0	493441	84	0.3	117.363	0	6826	60
1634330877.52	300	59.735703	0.0	480118	83	0.3	121.364	0	7066	59.98500374906266
