1634645666.98	750	4	0.884	3873109	649	-3.7962	0	0	0	0
1634645667.73	2850	8	0.0	3278264	492	0.75	0	0	0	0
1634645668.67	2850	12	0.0	4479625	709	2.85	0	0	0	0
1634645669.54	2850	15.266667	0.0	3495272	526	2.85	0	0	0	0
1634645670.32	2850	18.451272	0.0	3525421	561	2.85	5.43	0	25	0
1634645671.34	2850	21.466667	0.0	4652033	719	2.85	5.43	0	25	0
1634645672.39	2850	24.4	0.0	4298145	795	2.85	5.43	0	25	0
1634645673.42	2850	27.433334	0.0	4054420	704	2.85	5.43	0	25	0
1634645674.34	2850	30.494341	0.0	3887575	543	2.85	9.429	2	145	29.50737684421105
1634645675.24	2850	33.566667	0.0	4241421	617	2.85	9.429	2	145	29.50737684421105
1634645676.06	2850	36.710248	0.0	3616621	596	2.85	9.429	2	145	29.50737684421105
1634645677.1	2850	39.733334	0.0	3962980	749	2.85	9.429	2	145	29.50737684421105
