1634315734.79	750	4	0.155	427465	66	-0.6615	0	0	0	0
1634315735.86	2850	8	0.0	4860073	777	0.75	0	0	0	0
1634315737.11	2850	11.266667	0.0	5306756	858	2.85	0	0	0	0
1634315738.5	2850	13.816667	0.0	5542685	1113	2.85	5.177	13	114	0
1634315739.74	2850	16.583334	0.0	5302108	961	2.85	5.177	13	114	0
1634315740.99	2850	19.333334	0.0	5631224	973	2.85	5.177	13	114	0
1634315742.32	2850	22.033334	0.0	5641793	1017	2.85	9.178	50	354	50.737315671082214
1634315743.69	2850	24.616667	0.0	5361170	1061	2.85	9.178	50	354	50.737315671082214
1634315744.86	2850	27.466667	0.0	5091418	887	2.85	9.178	50	354	50.737315671082214
1634315746.24	2850	30.1	0.0	5227125	1055	2.85	13.178	87	593	50.5
1634315747.43	2850	32.933334	0.0	4841602	856	2.85	13.178	87	593	50.5
1634315748.6	2850	35.7	0.0	4865486	894	2.85	13.178	87	593	50.5
1634315749.99	2850	38.433334	0.0	4882046	992	2.85	13.178	87	593	50.5
1634315751.26	2850	41.033334	0.0	5028620	1003	2.85	17.179	129	834	49.737565608597876
1634315752.65	2850	43.716667	0.0	5503564	1064	2.85	17.179	129	834	49.737565608597876
1634315754.12	2850	46.2	0.0	5599662	1121	2.85	17.179	129	834	49.737565608597876
