1634310078.11	750	4	0.177	427465	102	-0.7561	0	0	0	0
1634310078.96	1850	7.875158	0.0	3156042	623	0.75	0	0	0	0
1634310079.87	1850	10.966667	0.0	3331786	728	1.85	0	0	0	0
1634310080.71	1850	14.133334	0.0	3470899	662	1.85	0	0	0	0
1634310081.65	1850	17.2	0.0	3391540	744	1.85	4.783	4	166	0
1634310082.61	1850	20.25	0.0	3653733	745	1.85	4.783	4	166	0
1634310083.42	1850	23.433334	0.0	3500753	597	1.85	4.783	4	166	0
1634310084.27	1850	26.6	0.0	3417687	625	1.85	4.783	4	166	0
1634310085.07	1850	29.768406	0.0	3185216	618	1.85	4.783	4	166	0
1634310085.92	1850	32.933334	0.0	3286263	656	1.85	8.783	23	406	55.250000000000014
1634310086.77	1850	36.116667	0.0	3082343	608	1.85	8.783	23	406	55.250000000000014
1634310087.58	1850	39.258424	0.0	3170736	622	1.85	8.783	23	406	55.250000000000014
1634310088.36	1850	42.483334	0.0	3196938	602	1.85	8.783	23	406	55.250000000000014
1634310089.18	1850	45.666667	0.0	3228009	619	1.85	8.783	23	406	55.250000000000014
1634310090.03	1850	48.816667	0.0	3513138	664	1.85	12.784	36	646	56.735816045988486
1634310090.92	1850	51.916667	0.0	3686191	675	1.85	12.784	36	646	56.735816045988486
1634310091.76	1850	55.083334	0.0	3630324	654	1.85	12.784	36	646	56.735816045988486
1634310092.6	1850	58.233334	0.0	3348330	662	1.85	12.784	36	646	56.735816045988486
1634310095.5	1850	59.541395	0.0	3272823	642	1.85	16.787	47	886	57.20709467899078
1634310099.39	1850	59.634276	0.0	3263947	619	1.85	20.787	49	1126	59.5
1634310103.25	1850	59.662004	0.0	3246736	620	1.85	24.787	50	1366	59.75
1634310107.07	1850	59.974438	0.0	3067619	575	1.85	28.787	52	1606	59.5
1634310110.89	1850	59.993725	0.0	3258491	602	1.85	32.788	53	1846	59.73506623344167
1634310115.17	1850	59.733334	0.0	3217708	548	1.85	36.788	54	2086	59.75
1634310119.05	1850	59.792097	0.0	3168556	657	1.85	40.789	55	2326	59.73506623344157
1634310123.38	1850	59.535449	0.0	3254799	601	1.85	44.794	57	2566	59.425717852684215
1634310127.2	1850	59.85	0.0	3101633	573	1.85	48.794	61	2806	59
1634310131.05	1850	59.8719	0.0	3052590	634	1.85	52.795	62	3046	59.73506623344157
1634310135.41	1850	59.605785	0.0	3262551	592	1.85	56.795	73	3286	57.25
1634310138.89	1850	59.952109	0.0	3205725	725	1.85	60.795	75	3526	59.5
1634310143.19	1850	59.688579	0.0	3241632	544	1.85	64.795	77	3766	59.5
1634310146.96	1850	59.98588	0.0	3163365	578	1.85	68.796	77	4006	59.98500374906266
1634310151.39	1850	59.435293	0.0	3382463	702	1.85	72.798	80	4246	59.22038980509752
1634310155.16	1850	59.738984	0.0	3208848	566	1.85	76.798	81	4486	59.75
1634310159.52	1850	59.519375	0.0	3316907	581	1.85	80.802	83	4727	59.69030969030962
1634310163.38	1850	59.550502	0.0	3609809	637	1.85	84.802	85	4967	59.5
1634310167.14	1850	59.855846	0.0	3086911	539	1.85	88.803	87	5207	59.485128717820686
1634310171.43	1850	59.595684	0.0	3072632	550	1.85	92.803	89	5447	59.5
1634310175.06	1850	59.907087	0.0	3430637	895	1.85	96.803	91	5687	59.5
1634310178.93	1850	59.927905	0.0	3304164	597	1.85	100.803	93	5927	59.5
1634310183.24	1850	59.695711	0.0	3182442	587	1.85	104.804	95	6167	59.48512871782047
1634310187.09	1850	59.726922	0.0	3143744	650	1.85	108.804	97	6407	59.5
1634310191.51	1850	59.500238	0.0	3477665	696	1.85	112.804	99	6647	59.5
1634310195.19	1850	59.810179	0.0	3803623	928	1.85	116.813	101	6887	59.366425542529306
1634310198.97	1850	59.866667	0.0	3387153	564	1.85	120.813	103	7127	59.5
