1634343527.19	750	4	0.175	427465	82	-0.7474999999999999	0	0	0	0
1634343527.52	750	8	0.0	647387	160	0.75	0	0	0	0
1634343527.75	750	12	0.0	677925	124	0.75	0	0	0	0
1634343527.95	750	16	0.0	706841	106	0.75	0	0	0	0
1634343528.16	750	20	0.0	701203	106	0.75	0	0	0	0
1634343528.38	750	24	0.0	737962	123	0.75	0	0	0	0
1634343528.61	750	28	0.0	699376	120	0.75	0	0	0	0
1634343528.83	750	31.915009	0.0	691941	116	0.75	0	0	0	0
1634343529.06	750	35.713575	0.0	635193	102	0.75	0	0	0	0
1634343529.28	750	39.469427	0.0	655855	109	0.75	0	0	0	0
1634343529.52	750	43.267499	0.0	626785	94	0.75	0	0	0	0
1634343529.79	750	46.983952	0.0	641824	105	0.75	0	0	0	0
1634343530.03	750	50.741604	0.0	657300	109	0.75	0	0	0	0
1634343530.25	750	54.5	0.0	650171	106	0.75	0	0	0	0
1634343530.64	750	58.252946	0.0	713528	118	0.75	0	0	0	0
1634343533.4	750	59.452119	0.0	758246	113	0.75	5.426	0	117	0
1634343537.21	750	59.759583	0.0	743893	122	0.75	9.426	3	357	59.25
1634343541.0	750	59.788941	0.0	682559	111	0.75	13.426	3	597	60
1634343545.28	750	59.523323	0.0	689486	121	0.75	17.426	3	837	60.00000000000003
1634343549.05	750	59.835228	0.0	689027	124	0.75	21.427	3	1077	59.98500374906271
1634343553.38	750	59.580521	0.0	673540	106	0.75	25.427	3	1317	60
1634343557.15	750	59.611543	0.0	640816	101	0.75	29.427	3	1557	60
1634343560.92	750	59.921568	0.0	681370	116	0.75	33.427	3	1797	60
1634343565.22	750	59.655139	0.0	689141	111	0.75	37.427	3	2037	60
1634343569.04	750	59.989806	0.0	656898	118	0.75	41.428	3	2277	59.98500374906277
1634343573.29	750	59.740367	0.0	670951	114	0.75	45.429	3	2517	59.98500374906266
1634343577.04	750	59.769628	0.0	618544	105	0.75	49.429	3	2757	60
1634343581.28	750	59.497723	0.0	618247	97	0.75	53.43	3	2997	59.98500374906277
1634343585.05	750	59.806595	0.0	671894	131	0.75	57.43	3	3237	60
1634343589.33	750	59.553467	0.0	642169	108	0.75	61.43	3	3477	60
1634343593.11	750	59.857213	0.0	635411	103	0.75	65.43	3	3717	59.99999999999989
1634343596.93	750	59.889265	0.0	644615	113	0.75	69.431	3	3957	59.98500374906288
1634343601.25	750	59.645425	0.0	672342	115	0.75	73.431	3	4197	60
1634343605.05	750	59.955177	0.0	666301	109	0.75	77.431	3	4437	60
1634343608.85	750	59.974171	0.0	665276	108	0.75	81.431	3	4677	60
1634343613.17	750	59.759862	0.0	696340	115	0.75	85.431	3	4917	60
1634343616.99	750	59.819009	0.0	634337	110	0.75	89.432	3	5157	59.98500374906266
1634343621.23	750	59.561211	0.0	642800	98	0.75	93.431	3	5397	60.01500375093781
1634343624.99	750	59.865075	0.0	660587	103	0.75	97.432	3	5637	59.98500374906266
1634343629.25	750	59.6	0.0	654618	104	0.75	101.432	3	5877	60
1634343633.1	750	59.912601	0.0	644116	107	0.75	105.433	3	6117	59.98500374906266
1634343637.16	750	59.7	0.0	677809	7	0.75	109.435	3	6358	60.21989005497258
1634343641.44	750	59.439939	0.0	722701	127	0.75	113.433	3	6598	60.030015007503685
1634343645.21	750	59.74132	0.0	750718	114	0.75	117.433	3	6838	60
1634343649.48	750	59.486046	0.0	708690	102	0.75	121.434	3	7078	59.98500374906288
