1634349432.56	750	4	0.212	427465	87	-0.9065999999999999	0	0	0	0
1634349433.06	1200	8	0.0	1719226	249	0.75	0	0	0	0
1634349433.49	1200	12	0.0	1824230	289	1.2	0	0	0	0
1634349433.95	1200	16	0.0	1882039	262	1.2	0	0	0	0
1634349434.41	1200	19.709352	0.0	1838337	314	1.2	0	0	0	0
1634349434.92	1200	23.184571	0.0	1953398	343	1.2	0	0	0	0
1634349435.39	1200	26.7	0.0	1841430	320	1.2	0	0	0	0
1634349436.02	1200	30.08772	0.0	1838080	456	1.2	5.572	0	105	0
1634349436.44	1200	33.684246	0.0	1692604	271	1.2	5.572	0	105	0
1634349436.87	1200	37.235932	0.0	1727189	279	1.2	5.572	0	105	0
1634349437.31	1200	40.792475	0.0	1715705	279	1.2	5.572	0	105	0
1634349437.79	1200	44.35	0.0	1729349	279	1.2	5.572	0	105	0
1634349438.23	1200	47.903052	0.0	1754261	286	1.2	5.572	0	105	0
1634349438.71	1200	51.415925	0.0	1778755	319	1.2	5.572	0	105	0
1634349439.17	1200	54.93175	0.0	1915304	305	1.2	5.572	0	105	0
1634349439.69	1200	58.45	0.0	1992580	305	1.2	5.572	0	105	0
1634349442.75	1200	59.533334	0.0	2012653	322	1.2	9.573	5	345	58.735316170957255
1634349446.25	1200	59.844044	0.0	1822103	294	1.2	13.573	6	585	59.75
1634349450.74	1200	59.574821	0.0	1832177	288	1.2	17.573	6	825	60
1634349454.24	1200	59.881173	0.0	1820480	289	1.2	21.574	6	1065	59.98500374906271
1634349458.25	1200	59.905456	0.0	1799178	280	1.2	25.573	7	1305	59.76494123530885
1634349462.24	1200	59.972525	0.0	1709916	266	1.2	29.574	7	1545	59.98500374906271
1634349466.22	1200	59.992673	0.0	1771595	291	1.2	33.584	7	1786	60.09975062344137
1634349470.67	1200	59.453258	0.0	1761173	270	1.2	37.584	7	2026	60
1634349474.63	1200	59.770458	0.0	1733302	267	1.2	41.585	7	2266	59.98500374906277
1634349478.61	1200	59.514336	0.0	1784941	287	1.2	45.586	7	2506	59.98500374906277
1634349482.65	1200	59.539989	0.0	1702509	282	1.2	49.586	8	2746	59.75
1634349486.63	1200	59.570624	0.0	1694307	297	1.2	53.587	8	2986	59.98500374906266
1634349490.61	1200	59.606844	0.0	1839362	284	1.2	57.586	9	3226	59.764941235308896
1634349494.56	1200	59.636941	0.0	1715553	274	1.2	61.587	9	3466	59.98500374906266
1634349498.56	1200	59.655928	0.0	1737144	285	1.2	65.587	9	3706	60
1634349502.57	1200	59.679925	0.0	1718570	261	1.2	69.596	10	3946	59.61586430531304
1634349506.58	1200	59.779559	0.0	1799075	265	1.2	73.597	10	4186	59.98500374906288
1634349510.55	1200	59.804935	0.0	1764247	277	1.2	77.596	10	4426	60.015003750937595
1634349514.58	1200	59.547165	0.0	1792164	299	1.2	81.596	10	4666	60
1634349518.59	1200	59.58408	0.0	1923129	305	1.2	85.597	11	4906	59.73506623344178
1634349522.59	1200	59.606602	0.0	1619018	305	1.2	89.598	11	5146	59.98500374906266
1634349526.55	1200	59.627239	0.0	1766623	267	1.2	93.597	11	5386	60.01500375093781
1634349530.55	1200	59.652825	0.0	1805304	279	1.2	97.598	13	5626	59.48512871782047
1634349534.54	1200	59.679438	0.0	1754155	284	1.2	101.599	13	5866	59.98500374906266
1634349538.53	1200	59.706571	0.0	1739691	283	1.2	105.599	13	6106	60
1634349542.53	1200	59.726255	0.0	1734417	272	1.2	109.604	14	6347	59.92509363295887
1634349546.53	1200	59.791835	0.0	1932720	307	1.2	113.6	14	6586	59.809809809809884
1634349550.59	1200	59.54106	0.0	2017647	345	1.2	117.599	15	6826	59.76494123530868
1634349554.59	1200	59.562899	0.0	1827933	322	1.2	121.6	16	7067	59.98500374906288
