1634640271.65	750	4	0.922	3873109	712	-3.9596	0	0	0	0
1634640272.62	2850	8	0.0	3278264	634	0.75	0	0	0	0
1634640273.7	2850	11.433334	0.0	4479625	801	2.85	0	0	0	0
1634640274.53	2850	14.622454	0.0	3495272	620	2.85	5.406	0	31	0
1634640275.41	2850	17.736476	0.0	3525421	643	2.85	5.406	0	31	0
1634640276.7	2850	20.466667	0.0	4652033	983	2.85	5.406	0	31	0
1634640278.05	2850	23.166667	0.0	4298145	969	2.85	5.406	0	31	0
1634640279.21	2850	25.966667	0.0	4054420	727	2.85	9.414	3	151	29.191616766467067
1634640280.25	2850	28.966667	0.0	3887575	702	2.85	9.414	3	151	29.191616766467067
1634640281.28	2850	31.878143	0.0	4241421	759	2.85	9.414	3	151	29.191616766467067
1634640282.23	2850	34.908251	0.0	3616621	706	2.85	13.414	9	271	28.5
1634640283.56	2850	37.6	0.0	3962980	1059	2.85	13.414	9	271	28.5
1634640284.61	2850	40.533334	0.0	4314183	762	2.85	13.414	9	271	28.5
1634640285.68	2850	43.477321	0.0	4310059	796	2.85	13.414	9	271	28.5
1634640286.63	2850	46.51117	0.0	4053167	724	2.85	17.415	10	391	29.742564358910276
1634640287.62	2850	49.533334	0.0	4086458	733	2.85	17.415	10	391	29.742564358910276
1634640288.78	2850	52.466667	0.0	4236208	811	2.85	17.415	10	391	29.742564358910276
1634640289.97	2850	55.235353	0.0	4627495	824	2.85	17.415	10	391	29.742564358910276
1634640291.07	2850	58.1	0.0	4132961	752	2.85	21.415	18	511	28
