1634336885.62	750	4	0.167	427465	68	-0.7131000000000001	0	0	0	0
1634336885.98	750	8	0.0	647387	139	0.75	0	0	0	0
1634336886.19	750	12	0.0	677925	113	0.75	0	0	0	0
1634336886.4	750	16	0.0	706841	112	0.75	0	0	0	0
1634336886.61	750	20	0.0	701203	114	0.75	0	0	0	0
1634336886.84	750	24	0.0	737962	107	0.75	0	0	0	0
1634336887.08	750	27.993192	0.0	699376	96	0.75	0	0	0	0
1634336887.29	750	31.750934	0.0	691941	110	0.75	0	0	0	0
1634336887.5	750	35.589946	0.0	635193	97	0.75	0	0	0	0
1634336887.74	750	39.348196	0.0	655855	100	0.75	0	0	0	0
1634336887.98	750	43.064803	0.0	626785	93	0.75	0	0	0	0
1634336888.21	750	46.863156	0.0	641824	96	0.75	0	0	0	0
1634336888.42	750	50.620096	0.0	657300	106	0.75	0	0	0	0
1634336888.65	750	54.41876	0.0	650171	105	0.75	0	0	0	0
1634336888.86	750	58.176623	0.0	713528	108	0.75	0	0	0	0
1634336891.74	750	59.461681	0.0	758246	125	0.75	5.398	0	120	0
1634336895.53	750	59.763486	0.0	743893	109	0.75	9.399	2	360	59.48512871782055
1634336899.4	750	59.790905	0.0	682559	89	0.75	13.398	2	600	60.01500375093772
1634336903.69	750	59.527778	0.0	689486	106	0.75	17.398	2	840	60
1634336907.49	750	59.833334	0.0	689027	113	0.75	21.399	2	1079	59.73506623344162
1634336911.25	750	59.85376	0.0	673540	102	0.75	25.4	2	1320	60.23494126468386
1634336915.51	750	59.589236	0.0	640816	106	0.75	29.4	2	1560	60
1634336919.27	750	59.89725	0.0	681370	119	0.75	33.403	2	1800	59.95503372470647
1634336923.54	750	59.640673	0.0	689141	99	0.75	37.402	2	2040	60.0150037509377
1634336927.44	750	59.66265	0.0	656898	190	0.75	41.402	2	2280	60
1634336931.22	750	59.96961	0.0	670951	120	0.75	45.404	2	2520	59.970014992503714
1634336935.54	750	59.702134	0.0	618544	148	0.75	49.404	2	2760	60
1634336939.8	750	59.440947	0.0	618247	102	0.75	53.408	2	3000	59.940059940059975
1634336943.53	750	59.75	0.0	671894	113	0.75	57.408	2	3240	60
1634336947.36	750	59.785172	0.0	642169	136	0.75	61.409	2	3480	59.98500374906277
1634336951.67	750	59.523952	0.0	635411	135	0.75	65.409	2	3720	59.99999999999989
1634336955.5	750	59.583744	0.0	644615	140	0.75	69.409	2	3960	60
1634336959.31	750	59.892818	0.0	672342	113	0.75	73.41	2	4200	59.98500374906288
1634336963.63	750	59.629932	0.0	666301	129	0.75	77.409	2	4440	60.015003750937595
1634336967.41	750	59.929366	0.0	665276	121	0.75	81.41	2	4680	59.98500374906288
1634336971.22	750	59.952218	0.0	696340	158	0.75	85.41	2	4920	60
1634336975.52	750	59.692427	0.0	634337	153	0.75	89.41	2	5160	60
1634336979.35	750	59.993532	0.0	642800	183	0.75	93.41	2	5400	60
1634336983.66	750	59.442849	0.0	660587	112	0.75	97.413	2	5640	59.95503372470647
1634336987.49	750	59.783334	0.0	654618	120	0.75	101.414	2	5880	59.98500374906266
1634336991.3	750	59.813381	0.0	644116	106	0.75	105.414	2	6120	60
1634336995.38	750	59.831674	0.0	677809	10	0.75	109.415	2	6360	59.98500374906266
1634336999.64	750	59.5708	0.0	722701	128	0.75	113.414	2	6600	60.01500375093781
1634337003.42	750	59.922778	0.0	750718	132	0.75	117.414	2	6840	60
1634337007.15	750	59.945705	0.0	708690	119	0.75	121.415	2	7081	60.234941264683755
