1634646171.93	750	4	0.927	3873109	743	-3.9811	0	0	0	0
1634646172.7	2850	8	0.0	3278264	534	0.75	0	0	0	0
1634646173.64	2850	12	0.0	4479625	649	2.85	0	0	0	0
1634646174.46	2850	15.233334	0.0	3495272	544	2.85	5.348	0	22	0
1634646175.28	2850	18.376163	0.0	3525421	576	2.85	5.348	0	22	0
1634646176.33	2850	21.4	0.0	4652033	734	2.85	5.348	0	22	0
1634646177.29	2850	24.4	0.0	4298145	670	2.85	5.348	0	22	0
1634646178.2	2850	27.5	0.0	4054420	652	2.85	5.348	0	22	0
1634646179.12	2850	30.581505	0.0	3887575	632	2.85	9.348	3	142	29.249999999999993
1634646180.14	2850	33.573858	0.0	4241421	734	2.85	9.348	3	142	29.249999999999993
1634646180.96	2850	36.725146	0.0	3616621	576	2.85	9.348	3	142	29.249999999999993
1634646181.98	2850	39.716143	0.0	3962980	796	2.85	9.348	3	142	29.249999999999993
1634646182.97	2850	42.706845	0.0	4314183	691	2.85	13.349	3	262	29.99250187453137
