1634352910.47	750	4	0.14	391964	73	-0.597	0	0	0	0
1634352910.77	1200	8	0.0	1027639	165	0.75	0	0	0	0
1634352911.11	1200	11.956437	0.0	1094547	158	1.2	0	0	0	0
1634352911.39	1200	15.674797	0.0	1068941	173	1.2	0	0	0	0
1634352911.67	1200	19.392234	0.0	1069226	173	1.2	0	0	0	0
1634352911.99	1200	23.06955	0.0	1157353	176	1.2	0	0	0	0
1634352912.36	1200	26.706951	0.0	1168829	211	1.2	0	0	0	0
1634352912.71	1200	30.343536	0.0	1093471	173	1.2	0	0	0	0
1634352912.99	1200	34.061198	0.0	1020028	163	1.2	0	0	0	0
1634352913.3	1200	37.778362	0.0	1051427	185	1.2	0	0	0	0
1634352913.63	1200	41.454712	0.0	1070992	166	1.2	0	0	0	0
1634352913.92	1200	45.131214	0.0	1063461	154	1.2	0	0	0	0
1634352914.22	1200	48.847321	0.0	1074096	173	1.2	4.627	0	88	0
1634352914.61	1200	52.444031	0.0	1080192	232	1.2	4.627	0	88	0
1634352914.95	1200	56.120894	0.0	1139934	176	1.2	4.627	0	88	0
1634352915.27	1200	59.798577	0.0	1145330	185	1.2	4.627	0	88	0
1634352919.61	1200	59.527543	0.0	1173744	184	1.2	8.628	0	208	29.992501874531364
1634352923.46	1200	59.867415	0.0	1061602	163	1.2	12.628	0	328	30
1634352927.36	1200	59.929509	0.0	1076224	181	1.2	16.647	0	448	29.858173675043556
1634352931.23	1200	59.948185	0.0	1068038	172	1.2	20.647	0	568	30
1634352935.6	1200	59.502199	0.0	1097493	198	1.2	24.647	0	688	30
1634352939.48	1200	59.840452	0.0	1072339	180	1.2	28.648	0	808	29.992501874531357
1634352943.35	1200	59.925396	0.0	1067889	174	1.2	32.648	0	928	29.999999999999975
1634352947.2	1200	59.953008	0.0	1067959	155	1.2	36.649	0	1048	29.992501874531385
1634352951.54	1200	59.674257	0.0	1077712	166	1.2	40.649	0	1168	30
1634352955.37	1200	59.973612	0.0	1138441	175	1.2	44.649	0	1288	30
1634352959.72	1200	59.456429	0.0	1027213	163	1.2	48.649	0	1408	30
1634352963.58	1200	59.766667	0.0	1019513	166	1.2	52.65	0	1528	29.992501874531385
1634352967.41	1200	59.788086	0.0	1030601	165	1.2	56.65	0	1648	30
1634352971.32	1200	59.801696	0.0	1059459	166	1.2	60.651	0	1768	29.99250187453133
1634352975.67	1200	59.546473	0.0	1058483	171	1.2	64.651	0	1888	30.000000000000053
1634352979.52	1200	59.606149	0.0	1026788	159	1.2	68.655	0	2008	29.970029970029934
1634352983.39	1200	59.908801	0.0	1034920	167	1.2	72.668	0	2129	30.152005980563132
1634352987.2	1200	59.915818	0.0	1024487	162	1.2	76.67	0	2249	29.98500749625191
1634352991.56	1200	59.640657	0.0	1088769	175	1.2	80.669	0	2369	30.007501875468904
1634352995.41	1200	59.727409	0.0	1213691	188	1.2	84.669	0	2489	30
1634352999.71	1200	59.470999	0.0	996535	171	1.2	88.67	0	2609	29.99250187453133
1634353003.56	1200	59.774164	0.0	1040309	167	1.2	92.67	0	2729	30
1634353007.5	1200	59.793667	0.0	1135519	175	1.2	96.671	0	2849	29.99250187453133
1634353011.3	1200	59.806862	0.0	1080635	170	1.2	100.671	0	2969	30
1634353015.65	1200	59.576351	0.0	1037366	163	1.2	104.672	0	3089	29.99250187453144
1634353019.53	1200	59.66706	0.0	1075257	157	1.2	108.672	0	3209	30
1634353023.38	1200	59.68198	0.0	1145173	205	1.2	112.672	0	3329	30
1634353027.33	1200	59.982567	0.0	1216507	221	1.2	116.672	0	3449	30
1634353031.72	1200	59.472012	0.0	1142437	209	1.2	120.672	0	3569	30
