1634330991.36	750	4	0.18	427465	84	-0.769	0	0	0	0
1634330991.6	300	8	0.0	474035	99	-0.15000000000000002	0	0	0	0
1634330991.77	300	12	0.0	448326	74	0.3	0	0	0	0
1634330991.97	300	16	0.0	480048	91	0.3	0	0	0	0
1634330992.16	300	20	0.0	488788	76	0.3	0	0	0	0
1634330992.34	300	24	0.0	487141	70	0.3	0	0	0	0
1634330992.51	300	28	0.0	483526	75	0.3	0	0	0	0
1634330992.69	300	32	0.0	460688	83	0.3	0	0	0	0
1634330992.96	300	36	0.0	444206	61	0.3	0	0	0	0
1634330993.15	300	39.874865	0.0	461617	35	0.3	0	0	0	0
1634330993.36	300	43.673431	0.0	450479	119	0.3	0	0	0	0
1634330993.56	300	47.472127	0.0	473222	81	0.3	0	0	0	0
1634330993.76	300	51.310626	0.0	450253	68	0.3	0	0	0	0
1634330993.93	300	55.109279	0.0	458340	68	0.3	0	0	0	0
1634330994.11	300	58.907994	0.0	501721	79	0.3	0	0	0	0
1634330997.35	300	59.746978	0.0	502943	81	0.3	5.26	0	100	0
1634331001.59	300	59.483334	0.0	495208	81	0.3	9.259	0	340	60.01500375093772
1634331005.35	300	59.793942	0.0	476785	76	0.3	13.259	0	580	60
1634331009.56	300	59.539787	0.0	470301	76	0.3	17.26	0	820	59.98500374906271
1634331013.32	300	59.852126	0.0	478876	82	0.3	21.261	0	1060	59.98500374906277
1634331017.55	300	59.588693	0.0	478683	62	0.3	25.261	0	1300	60
1634331021.27	300	59.9	0.0	433197	69	0.3	29.261	0	1540	60
1634331025.51	300	59.642659	0.0	463002	76	0.3	33.261	0	1780	59.99999999999995
1634331029.27	300	59.94591	0.0	477800	75	0.3	37.262	0	2020	59.98500374906277
1634331033.49	300	59.686677	0.0	456630	83	0.3	41.262	0	2260	60
1634331037.22	300	59.996364	0.0	459893	74	0.3	45.263	0	2500	59.98500374906277
1634331041.47	300	59.72808	0.0	426253	82	0.3	49.262	0	2740	60.0150037509377
1634331045.69	300	59.513904	0.0	431643	61	0.3	53.262	0	2980	60
1634331049.37	300	59.828047	0.0	467241	74	0.3	57.262	0	3220	60
1634331053.55	300	59.602411	0.0	442868	70	0.3	61.263	0	3460	59.98500374906277
1634331057.28	300	59.911566	0.0	437041	81	0.3	65.264	0	3700	59.98500374906277
1634331061.51	300	59.65	0.0	436753	76	0.3	69.264	0	3940	60
1634331065.25	300	59.957157	0.0	457086	85	0.3	73.264	0	4180	60
1634331069.44	300	59.7	0.0	471069	73	0.3	77.265	0	4420	59.98500374906266
1634331073.68	300	59.445968	0.0	470476	86	0.3	81.265	0	4660	60
1634331077.39	300	59.752015	0.0	478853	79	0.3	85.264	0	4900	60.01500375093781
1634331081.59	300	59.502137	0.0	425308	77	0.3	89.266	0	5140	59.97001499250361
1634331085.32	300	59.810388	0.0	436762	77	0.3	93.266	0	5380	60
1634331089.57	300	59.554934	0.0	447413	93	0.3	97.266	0	5620	60
1634331093.27	300	59.867886	0.0	442185	72	0.3	101.267	0	5860	59.98500374906288
1634331097.5	300	59.628157	0.0	447309	67	0.3	105.267	0	6100	60
1634331101.21	300	59.93889	0.0	475738	82	0.3	109.266	0	6340	60.015003750937595
1634331105.43	300	59.685532	0.0	506145	85	0.3	113.267	0	6580	59.98500374906288
1634331109.62	300	59.432048	0.0	493441	84	0.3	117.267	0	6820	60
1634331113.36	300	59.740642	0.0	480118	90	0.3	121.267	0	7060	60
