1634321511.01	750	4	0.169	391964	70	-0.7216999999999999	0	0	0	0
1634321511.24	300	8	0.0	212073	4	-0.15000000000000002	0	0	0	0
1634321511.37	300	12	0.0	209182	38	0.3	0	0	0	0
1634321511.56	300	16	0.0	227172	48	0.3	0	0	0	0
1634321511.69	300	20	0.0	238359	43	0.3	0	0	0	0
1634321511.81	300	24	0.0	239351	34	0.3	0	0	0	0
1634321511.93	300	28	0.0	228239	34	0.3	0	0	0	0
1634321512.09	300	32	0.0	217009	45	0.3	0	0	0	0
1634321512.22	300	36	0.0	207641	35	0.3	0	0	0	0
1634321512.4	300	39.954972	0.0	218897	49	0.3	0	0	0	0
1634321512.52	300	43.834073	0.0	219759	35	0.3	0	0	0	0
1634321512.64	300	47.713333	0.0	203704	38	0.3	0	0	0	0
1634321512.76	300	51.592141	0.0	211384	38	0.3	0	0	0	0
1634321512.88	300	55.4715	0.0	213546	30	0.3	0	0	0	0
1634321513.05	300	59.31061	0.0	246294	46	0.3	0	0	0	0
1634321516.7	300	59.745709	0.0	253840	39	0.3	5.174	0	61	0
1634321520.86	300	59.760169	0.0	239526	38	0.3	9.172	0	181	30.015007503751875
1634321525.08	300	59.494995	0.0	208664	49	0.3	13.171	0	301	30.007501875468876
1634321528.75	300	59.835915	0.0	215978	43	0.3	17.173	0	421	29.98500749625188
1634321532.92	300	59.566688	0.0	214741	38	0.3	21.173	0	541	30
1634321536.67	300	59.907589	0.0	229698	29	0.3	25.174	0	661	29.992501874531357
1634321540.91	300	59.676187	0.0	216304	35	0.3	29.179	0	781	29.962546816479406
1634321545.06	300	59.457578	0.0	219079	41	0.3	33.179	0	901	29.999999999999975
1634321548.71	300	59.792759	0.0	220595	42	0.3	37.179	0	1021	30
1634321552.9	300	59.571905	0.0	208066	35	0.3	41.179	0	1141	30
1634321556.61	300	59.860728	0.0	217725	51	0.3	45.18	0	1261	29.992501874531385
1634321560.76	300	59.597411	0.0	207408	33	0.3	49.183	0	1381	29.977516862353234
1634321564.43	300	59.93646	0.0	202241	33	0.3	53.183	0	1501	30
1634321568.6	300	59.979445	0.0	213768	47	0.3	57.183	0	1621	30
1634321572.8	300	59.711764	0.0	206170	25	0.3	61.183	0	1741	30
1634321577.01	300	59.482414	0.0	209147	34	0.3	65.184	0	1861	29.992501874531385
1634321580.69	300	59.783104	0.0	203399	40	0.3	69.184	0	1981	30
1634321584.89	300	59.530381	0.0	208834	46	0.3	73.185	0	2101	29.99250187453133
1634321588.56	300	59.838853	0.0	210493	31	0.3	77.184	0	2221	30.007501875468904
1634321592.78	300	59.846526	0.0	214341	40	0.3	81.185	0	2341	29.99250187453133
1634321596.96	300	59.58639	0.0	236978	38	0.3	85.185	0	2461	30
1634321600.6	300	59.922369	0.0	206432	24	0.3	89.185	0	2581	30
1634321604.75	300	59.66852	0.0	213940	40	0.3	93.233	0	2703	30.138339920948603
1634321608.45	300	59.969563	0.0	217550	42	0.3	97.233	0	2823	30
1634321612.64	300	59.980266	0.0	217543	39	0.3	101.234	0	2943	29.99250187453144
1634321616.82	300	59.710636	0.0	207114	43	0.3	105.234	0	3063	30
1634321620.98	300	59.433334	0.0	230790	42	0.3	109.234	0	3183	30
1634321624.65	300	59.73384	0.0	242484	44	0.3	113.235	0	3303	29.99250187453133
1634321628.83	300	59.75511	0.0	244433	52	0.3	117.235	0	3423	30
1634321632.99	300	59.479672	0.0	245567	51	0.3	121.235	0	3543	30
