1634311884.22	750	4	0.17	427465	72	-0.726	0	0	0	0
1634311884.46	300	8	0.0	474035	90	-0.15000000000000002	0	0	0	0
1634311884.64	300	12	0.0	448326	82	0.3	0	0	0	0
1634311884.83	300	16	0.0	480048	64	0.3	0	0	0	0
1634311885.0	300	20	0.0	488788	88	0.3	0	0	0	0
1634311885.2	300	24	0.0	487141	99	0.3	0	0	0	0
1634311885.37	300	28	0.0	483526	75	0.3	0	0	0	0
1634311885.57	300	32	0.0	460688	77	0.3	0	0	0	0
1634311885.73	300	36	0.0	444206	68	0.3	0	0	0	0
1634311885.94	300	39.872606	0.0	461617	62	0.3	0	0	0	0
1634311886.15	300	43.667362	0.0	450479	91	0.3	0	0	0	0
1634311886.33	300	47.465785	0.0	473222	81	0.3	0	0	0	0
1634311886.5	300	51.304168	0.0	450253	73	0.3	0	0	0	0
1634311886.7	300	55.101634	0.0	458340	80	0.3	0	0	0	0
1634311886.88	300	58.940608	0.0	501721	84	0.3	0	0	0	0
1634311890.12	300	59.733581	0.0	502943	89	0.3	5.302	0	104	0
1634311894.34	300	59.473251	0.0	495208	86	0.3	9.303	0	345	60.23494126468381
1634311898.08	300	59.785953	0.0	476785	71	0.3	13.304	0	585	59.98500374906274
1634311902.3	300	59.520887	0.0	470301	77	0.3	17.304	0	825	60.00000000000003
1634311906.04	300	59.822696	0.0	478876	79	0.3	21.304	0	1065	60
1634311910.32	300	59.593533	0.0	478683	119	0.3	25.304	0	1305	60
1634311914.04	300	59.907257	0.0	433197	80	0.3	29.304	0	1545	60
1634311918.28	300	59.645246	0.0	463002	102	0.3	33.306	0	1785	59.97001499250376
1634311922.01	300	59.991432	0.0	477800	73	0.3	37.307	0	2025	59.98500374906266
1634311926.24	300	59.730426	0.0	456630	96	0.3	41.307	0	2265	60
1634311930.48	300	59.471261	0.0	459893	80	0.3	45.308	0	2505	59.98500374906277
1634311934.21	300	59.772584	0.0	426253	91	0.3	49.309	0	2745	59.98500374906277
1634311938.48	300	59.514885	0.0	431643	115	0.3	53.309	0	2985	60
1634311942.22	300	59.830126	0.0	467241	113	0.3	57.31	0	3225	59.98500374906266
1634311946.45	300	59.409565	0.0	442868	95	0.3	61.309	0	3465	60.01500375093781
1634311950.21	300	59.883334	0.0	437041	95	0.3	65.31	0	3705	59.98500374906266
1634311953.93	300	59.909955	0.0	436753	77	0.3	69.311	0	3945	59.98500374906266
1634311958.22	300	59.638203	0.0	457086	130	0.3	73.311	0	4185	60
1634311961.98	300	59.939276	0.0	471069	86	0.3	77.311	0	4425	60
1634311966.19	300	59.675797	0.0	470476	83	0.3	81.311	0	4665	60
1634311969.93	300	59.990042	0.0	478853	102	0.3	85.311	0	4905	60
1634311974.19	300	59.737438	0.0	425308	86	0.3	89.311	0	5145	60
1634311978.43	300	59.476569	0.0	436762	70	0.3	93.311	0	5385	60
1634311982.25	300	59.780712	0.0	447413	101	0.3	97.312	0	5625	59.98500374906288
1634311986.01	300	59.837048	0.0	442185	88	0.3	101.313	0	5865	59.98500374906266
1634311990.27	300	59.573936	0.0	447309	103	0.3	105.313	0	6105	60
1634311993.98	300	59.883334	0.0	475738	77	0.3	109.312	0	6345	60.01500375093781
1634311998.24	300	59.620689	0.0	506145	101	0.3	113.313	0	6585	59.98500374906266
1634312001.96	300	59.92685	0.0	493441	96	0.3	117.313	0	6825	60
1634312006.2	300	59.672505	0.0	480118	113	0.3	121.314	0	7065	59.98500374906288
