1634346529.19	750	4	0.155	391964	73	-0.6615	0	0	0	0
1634346529.35	750	8	0.0	411055	56	0.75	0	0	0	0
1634346529.57	750	12	0.0	428763	123	0.75	0	0	0	0
1634346529.76	750	16	0.0	426503	71	0.75	0	0	0	0
1634346529.93	750	20	0.0	417864	90	0.75	0	0	0	0
1634346530.09	750	24	0.0	462833	74	0.75	0	0	0	0
1634346530.27	750	28	0.0	444447	76	0.75	0	0	0	0
1634346530.44	750	32	0.0	439044	83	0.75	0	0	0	0
1634346530.6	750	36	0.0	407056	63	0.75	0	0	0	0
1634346530.78	750	40	0.0	431257	65	0.75	0	0	0	0
1634346530.93	750	44	0.0	424931	62	0.75	0	0	0	0
1634346531.15	750	47.952768	0.0	415862	86	0.75	0	0	0	0
1634346531.31	750	51.789099	0.0	417958	66	0.75	0	0	0	0
1634346531.48	750	55.627867	0.0	418039	70	0.75	0	0	0	0
1634346531.65	750	59.426122	0.0	441262	70	0.75	0	0	0	0
1634346535.34	750	59.752068	0.0	464095	73	0.75	5.155	0	42	0
1634346539.57	750	59.764137	0.0	462002	71	0.75	9.15	0	162	30.037546933667084
1634346543.79	750	59.50465	0.0	416260	63	0.75	13.15	0	282	30
1634346547.52	750	59.809747	0.0	426855	67	0.75	17.151	0	402	29.99250187453137
1634346551.27	750	59.875493	0.0	423992	78	0.75	21.15	0	522	30.007501875468876
1634346555.54	750	59.614797	0.0	443256	70	0.75	25.152	0	642	29.985007496251857
1634346559.26	750	59.926116	0.0	420854	72	0.75	29.151	0	762	30.007501875468876
1634346563.48	750	59.694539	0.0	434977	78	0.75	33.152	0	882	29.992501874531357
1634346567.17	750	59.994344	0.0	427693	69	0.75	37.151	0	1002	30.00750187546885
1634346571.42	750	59.727569	0.0	435879	67	0.75	41.152	0	1122	29.992501874531385
1634346575.69	750	59.469331	0.0	458523	71	0.75	45.165	0	1242	29.902815848492413
1634346579.41	750	59.766667	0.0	389475	45	0.75	49.16	0	1362	30.0375469336671
1634346583.65	750	59.543622	0.0	412786	84	0.75	53.16	0	1482	30
1634346587.44	750	59.879201	0.0	423981	74	0.75	57.161	0	1602	29.99250187453133
1634346591.64	750	59.607088	0.0	411450	75	0.75	61.16	0	1722	30.007501875468904
1634346595.42	750	59.901311	0.0	415853	66	0.75	65.161	0	1842	29.99250187453133
1634346599.12	750	59.964146	0.0	410977	64	0.75	69.161	0	1962	30
1634346603.37	750	59.97	0.0	419815	73	0.75	73.161	0	2082	30
1634346607.6	750	59.717323	0.0	418828	73	0.75	77.162	0	2202	29.99250187453133
1634346611.86	750	59.451241	0.0	422899	73	0.75	81.167	0	2322	29.962546816479435
1634346615.6	750	59.756577	0.0	461245	83	0.75	85.167	0	2442	30
1634346619.3	750	59.80359	0.0	420927	67	0.75	89.167	0	2562	30
1634346623.58	750	59.580975	0.0	434125	76	0.75	93.168	0	2682	29.99250187453133
1634346627.33	750	59.887514	0.0	438085	71	0.75	97.168	0	2802	30
1634346631.52	750	59.676991	0.0	426879	55	0.75	101.168	0	2922	30
1634346635.79	750	59.441291	0.0	423829	67	0.75	105.174	0	3042	29.955067398901647
1634346639.5	750	59.749817	0.0	440437	79	0.75	109.175	0	3163	30.242439390152533
1634346643.71	750	59.484978	0.0	464617	77	0.75	113.175	0	3282	29.75
1634346647.39	750	59.794878	0.0	482901	74	0.75	117.176	0	3403	30.242439390152427
1634346651.63	750	59.516539	0.0	478486	91	0.75	121.178	0	3523	29.98500749625191
