1634345591.82	750	4	0.154	391964	61	-0.6571999999999999	0	0	0	0
1634345592.34	1850	8	0.0	2068530	339	0.75	0	0	0	0
1634345592.89	1850	11.51533	0.0	2231919	358	1.85	0	0	0	0
1634345593.44	1850	14.99113	0.0	2071679	367	1.85	0	0	0	0
1634345593.94	1850	18.466667	0.0	2075075	332	1.85	0	0	0	0
1634345594.5	1850	21.900462	0.0	2324573	389	1.85	0	0	0	0
1634345595.07	1850	25.334499	0.0	2327434	406	1.85	0	0	0	0
1634345595.64	1850	28.76805	0.0	2160877	355	1.85	4.576	0	86	0
1634345596.27	1850	32.2	0.0	2004753	347	1.85	4.576	0	86	0
1634345596.82	1850	35.635084	0.0	2057086	369	1.85	4.576	0	86	0
1634345597.38	1850	39.025321	0.0	2101929	355	1.85	4.576	0	86	0
1634345597.93	1850	42.459766	0.0	2052018	358	1.85	4.576	0	86	0
1634345598.48	1850	45.928933	0.0	2085705	331	1.85	4.576	0	86	0
1634345599.0	1850	49.403571	0.0	2112772	354	1.85	4.576	0	86	0
1634345599.6	1850	52.798371	0.0	2222688	404	1.85	8.576	1	207	29.999999999999993
1634345600.14	1850	56.274184	0.0	2169593	357	1.85	8.576	1	207	29.999999999999993
1634345600.7	1850	59.708715	0.0	2267471	355	1.85	8.576	1	207	29.999999999999993
1634345604.78	1850	59.854297	0.0	2094437	329	1.85	12.577	1	326	29.742564358910276
1634345608.88	1850	59.58608	0.0	2148255	343	1.85	16.577	1	447	30.249999999999986
1634345612.92	1850	59.604804	0.0	2132587	331	1.85	20.577	1	567	30
1634345616.96	1850	59.62824	0.0	2151407	358	1.85	24.578	1	687	29.992501874531385
1634345620.53	1850	59.936952	0.0	2063523	320	1.85	28.579	1	807	29.992501874531357
1634345624.57	1850	59.957138	0.0	2103042	311	1.85	32.579	1	927	30
1634345628.64	1850	59.979888	0.0	2103040	331	1.85	36.607	1	1047	29.791459781529305
1634345633.22	1850	59.426641	0.0	2114688	319	1.85	40.608	1	1167	29.992501874531385
1634345636.78	1850	59.782619	0.0	2240212	348	1.85	44.609	1	1287	29.99250187453133
1634345640.8	1850	59.835084	0.0	2002951	315	1.85	48.608	1	1407	30.007501875468904
1634345644.83	1850	59.848181	0.0	1961003	313	1.85	52.609	1	1528	30.242439390152427
1634345648.84	1850	59.575798	0.0	1969295	307	1.85	56.608	1	1647	29.757439359839996
1634345652.84	1850	59.639109	0.0	2042142	327	1.85	60.609	1	1768	30.242439390152427
1634345656.93	1850	59.646486	0.0	2087704	337	1.85	64.632	1	1888	29.828486204325106
1634345660.49	1850	59.952793	0.0	2022676	319	1.85	68.632	1	2008	30
1634345664.55	1850	59.978526	0.0	2027226	313	1.85	72.632	1	2128	30
1634345669.1	1850	59.431182	0.0	1993205	317	1.85	76.633	1	2248	29.99250187453144
1634345672.66	1850	59.775902	0.0	2185074	344	1.85	80.634	1	2368	29.99250187453133
1634345676.72	1850	59.788777	0.0	2416062	376	1.85	84.633	1	2488	30.007501875468904
1634345680.75	1850	59.840234	0.0	1975785	323	1.85	88.634	1	2608	29.99250187453133
1634345684.82	1850	59.615144	0.0	2017826	309	1.85	92.634	1	2728	30
1634345688.92	1850	59.64275	0.0	2236854	334	1.85	96.66	1	2849	30.0546448087432
1634345692.47	1850	59.986622	0.0	2165385	330	1.85	100.659	1	2969	30.007501875468797
1634345697.0	1850	59.473291	0.0	2021844	326	1.85	104.66	1	3089	29.99250187453144
1634345701.11	1850	59.486311	0.0	2100101	357	1.85	108.66	1	3209	30
1634345704.62	1850	59.793072	0.0	2192105	305	1.85	112.661	1	3329	29.99250187453133
1634345708.79	1850	59.84692	0.0	2446938	417	1.85	116.661	1	3449	30
1634345712.87	1850	59.575039	0.0	2298336	363	1.85	120.661	1	3569	30
