1634298691.3	750	4	0.189	427465	81	-0.8077	0	0	0	0
1634298691.82	1200	8	0.0	1719226	357	0.75	0	0	0	0
1634298692.32	1200	12	0.0	1824230	309	1.2	0	0	0	0
1634298692.8	1200	16	0.0	1882039	330	1.2	0	0	0	0
1634298693.31	1200	19.673382	0.0	1838337	358	1.2	0	0	0	0
1634298693.86	1200	23.133334	0.0	1953398	363	1.2	0	0	0	0
1634298694.4	1200	26.6	0.0	1841430	339	1.2	0	0	0	0
1634298694.96	1200	30.05	0.0	1838080	344	1.2	5.21	2	96	0
1634298695.4	1200	33.572826	0.0	1692604	300	1.2	5.21	2	96	0
1634298695.91	1200	37.084142	0.0	1727189	323	1.2	5.21	2	96	0
1634298696.39	1200	40.6	0.0	1715705	316	1.2	5.21	2	96	0
1634298696.95	1200	44.05	0.0	1729349	347	1.2	5.21	2	96	0
1634298697.48	1200	47.533334	0.0	1754261	321	1.2	5.21	2	96	0
1634298697.95	1200	51.022842	0.0	1778755	331	1.2	5.21	2	96	0
1634298698.53	1200	54.466667	0.0	1915304	386	1.2	5.21	2	96	0
1634298699.12	1200	57.866667	0.0	1992580	407	1.2	9.25	12	338	57.42574257425743
1634298701.23	1200	59.780052	0.0	2012653	397	1.2	9.25	12	338	57.42574257425743
1634298705.25	1200	59.815242	0.0	1822103	333	1.2	13.251	14	578	59.48512871782055
1634298709.38	1200	59.845665	0.0	1832177	379	1.2	17.251	16	818	59.49999999999997
1634298713.37	1200	59.862499	0.0	1820480	304	1.2	21.252	17	1058	59.73506623344167
1634298717.4	1200	59.594257	0.0	1799178	292	1.2	25.252	19	1298	59.5
1634298721.38	1200	59.61909	0.0	1709916	295	1.2	29.252	19	1538	60
1634298725.45	1200	59.680055	0.0	1771595	290	1.2	33.253	22	1778	59.23519120219943
1634298729.59	1200	59.700686	0.0	1761173	351	1.2	37.253	22	2018	60
1634298733.21	1200	59.748059	0.0	1733302	317	1.2	41.255	28	2258	58.47076461769112
1634298737.27	1200	59.773557	0.0	1784941	364	1.2	45.26	30	2499	59.67540574282154
1634298741.28	1200	59.831986	0.0	1702509	286	1.2	49.255	31	2739	59.824780976220204
1634298745.33	1200	59.883334	0.0	1694307	367	1.2	53.255	31	2978	59.75
1634298749.48	1200	59.655064	0.0	1839362	302	1.2	57.272	31	3220	60.24396315658458
1634298753.28	1200	59.959905	0.0	1715553	356	1.2	61.255	36	3459	58.74968616620632
