1634342369.95	750	4	0.186	427465	113	-0.7948	0	0	0	0
1634342370.71	1850	8	0.0	3156042	561	0.75	0	0	0	0
1634342371.43	1850	11.316667	0.0	3331786	539	1.85	0	0	0	0
1634342372.21	1850	14.55	0.0	3470899	583	1.85	0	0	0	0
1634342372.97	1850	17.816667	0.0	3391540	531	1.85	0	0	0	0
1634342373.75	1850	21.033334	0.0	3653733	579	1.85	4.572	5	164	0
1634342374.49	1850	24.283334	0.0	3500753	533	1.85	4.572	5	164	0
1634342375.3	1850	27.516667	0.0	3417687	546	1.85	4.572	5	164	0
1634342376.04	1850	30.733334	0.0	3185216	516	1.85	4.572	5	164	0
1634342376.77	1850	34.016667	0.0	3286263	519	1.85	4.572	5	164	0
1634342377.49	1850	37.3	0.0	3082343	505	1.85	8.572	35	401	51.750000000000014
1634342378.18	1850	40.583334	0.0	3170736	479	1.85	8.572	35	401	51.750000000000014
1634342378.89	1850	43.866667	0.0	3196938	505	1.85	8.572	35	401	51.750000000000014
1634342379.65	1850	47.15	0.0	3228009	522	1.85	8.572	35	401	51.750000000000014
1634342380.44	1850	50.35	0.0	3513138	561	1.85	8.572	35	401	51.750000000000014
1634342381.21	1850	53.566667	0.0	3686191	563	1.85	8.572	35	401	51.750000000000014
1634342382.01	1850	56.783334	0.0	3630324	570	1.85	12.572	52	644	56.5
1634342383.29	1850	59.483776	0.0	3348330	500	1.85	12.572	52	644	56.5
1634342387.04	1850	59.792874	0.0	3272823	502	1.85	16.572	60	884	58
1634342391.32	1850	59.537929	0.0	3263947	513	1.85	20.572	61	1124	59.75
1634342395.1	1850	59.88119	0.0	3246736	532	1.85	24.573	63	1364	59.48512871782053
1634342398.86	1850	59.946984	0.0	3067619	526	1.85	28.573	65	1604	59.5
1634342403.16	1850	59.689905	0.0	3258491	538	1.85	32.573	67	1844	59.5
1634342407.45	1850	59.436642	0.0	3217708	528	1.85	36.573	69	2084	59.5
1634342411.24	1850	59.751887	0.0	3168556	534	1.85	40.574	74	2324	58.7353161709573
1634342415.12	1850	59.820758	0.0	3254799	609	1.85	44.575	76	2564	59.48512871782047
1634342418.89	1850	59.881645	0.0	3101633	530	1.85	48.575	81	2804	58.75
1634342423.1	1850	59.902084	0.0	3052590	501	1.85	52.575	83	3044	59.5
1634342426.91	1850	59.929716	0.0	3262551	1534	1.85	56.575	88	3284	58.75
1634342431.2	1850	59.669281	0.0	3205725	530	1.85	60.575	90	3524	59.5
1634342435.03	1850	59.729104	0.0	3241632	569	1.85	64.575	95	3764	58.75
1634342439.32	1850	59.471293	0.0	3163365	534	1.85	68.576	97	4004	59.485128717820686
1634342443.17	1850	59.770082	0.0	3382463	582	1.85	72.576	103	4244	58.5
1634342446.98	1850	59.796068	0.0	3208848	541	1.85	76.576	105	4484	59.5
1634342451.28	1850	59.533394	0.0	3316907	527	1.85	80.576	107	4724	59.5
1634342455.28	1850	59.559539	0.0	3609809	706	1.85	84.579	115	4965	58.206345241069194
1634342459.11	1850	59.848932	0.0	3086911	555	1.85	88.586	121	5205	58.3978038432742
1634342462.91	1850	59.879507	0.0	3072632	522	1.85	92.587	125	5445	58.98525368657828
1634342467.26	1850	59.613242	0.0	3430637	599	1.85	96.586	130	5685	58.76469117279327
1634342471.18	1850	59.642522	0.0	3304164	567	1.85	100.586	133	5925	59.25
1634342475.04	1850	59.711088	0.0	3182442	593	1.85	104.587	138	6165	58.73531617095719
1634342479.32	1850	59.446435	0.0	3143744	560	1.85	108.587	140	6405	59.5
1634342483.14	1850	59.756095	0.0	3477665	562	1.85	112.587	144	6645	59
1634342487.03	1850	59.813379	0.0	3803623	622	1.85	116.588	150	6885	58.485378655336305
1634342491.32	1850	59.543937	0.0	3387153	581	1.85	120.593	153	7125	59.17602996254667
