1634319632.52	750	4	0.137	391964	57	-0.5841000000000001	0	0	0	0
1634319633.02	1850	8	0.0	2068530	323	0.75	0	0	0	0
1634319633.56	1850	11.749194	0.0	2231919	380	1.85	0	0	0	0
1634319634.1	1850	15.183929	0.0	2071679	343	1.85	0	0	0	0
1634319634.62	1850	18.659818	0.0	2075075	337	1.85	0	0	0	0
1634319635.16	1850	22.134463	0.0	2324573	386	1.85	0	0	0	0
1634319635.77	1850	25.533334	0.0	2327434	385	1.85	0	0	0	0
1634319636.32	1850	28.962486	0.0	2160877	350	1.85	4.593	0	80	0
1634319636.83	1850	32.478929	0.0	2004753	335	1.85	4.593	0	80	0
1634319637.33	1850	36	0.0	2057086	359	1.85	4.593	0	80	0
1634319637.88	1850	39.430019	0.0	2101929	364	1.85	4.593	0	80	0
1634319638.4	1850	42.904624	0.0	2052018	331	1.85	4.593	0	80	0
1634319638.9	1850	46.380242	0.0	2085705	341	1.85	4.593	0	80	0
1634319639.42	1850	49.855541	0.0	2112772	367	1.85	4.593	0	80	0
1634319639.97	1850	53.331267	0.0	2222688	385	1.85	8.593	1	200	29.75
1634319640.5	1850	56.806381	0.0	2169593	355	1.85	8.593	1	200	29.75
1634319641.59	1850	59.793843	0.0	2267471	378	1.85	8.593	1	200	29.75
1634319645.68	1850	59.82347	0.0	2094437	357	1.85	12.593	1	320	30
1634319649.73	1850	59.840169	0.0	2148255	377	1.85	16.593	1	440	30
1634319653.87	1850	59.575983	0.0	2132587	347	1.85	20.593	1	560	30
1634319657.44	1850	59.879692	0.0	2151407	387	1.85	24.593	1	680	30
1634319661.5	1850	59.900321	0.0	2063523	331	1.85	28.597	1	800	29.97002997002996
1634319665.54	1850	59.925934	0.0	2103042	328	1.85	32.598	1	920	29.992501874531385
1634319669.62	1850	59.941487	0.0	2103040	371	1.85	36.598	1	1040	30
1634319673.68	1850	59.721132	0.0	2114688	350	1.85	40.599	1	1160	29.992501874531385
1634319677.74	1850	59.776948	0.0	2240212	377	1.85	44.599	1	1280	30
1634319681.77	1850	59.8	0.0	2002951	348	1.85	48.598	1	1400	30.00750187546885
1634319685.81	1850	59.536459	0.0	1961003	327	1.85	52.599	1	1520	29.992501874531385
1634319689.89	1850	59.575042	0.0	1969295	357	1.85	56.6	1	1640	29.99250187453133
1634319693.54	1850	59.927644	0.0	2042142	379	1.85	60.601	1	1760	29.992501874531385
1634319697.61	1850	59.941558	0.0	2087704	304	1.85	64.601	1	1880	30
1634319701.67	1850	59.676514	0.0	2022676	365	1.85	68.601	1	2000	30
1634319705.81	1850	59.701009	0.0	2027226	379	1.85	72.602	1	2120	29.99250187453133
1634319709.94	1850	59.436418	0.0	1993205	383	1.85	76.602	1	2240	30
1634319713.55	1850	59.772706	0.0	2185074	372	1.85	80.602	1	2360	30
1634319717.8	1850	59.588057	0.0	2416062	512	1.85	84.602	1	2480	30
1634319721.89	1850	59.648759	0.0	1975785	341	1.85	88.628	1	2601	30.0546448087432
1634319725.42	1850	59.99339	0.0	2017826	335	1.85	92.627	1	2721	30.007501875468904
1634319730.02	1850	59.481935	0.0	2236854	375	1.85	96.627	1	2841	30
1634319733.61	1850	59.787349	0.0	2165385	352	1.85	100.628	1	2961	29.99250187453133
1634319737.63	1850	59.807584	0.0	2021844	328	1.85	104.629	1	3081	29.99250187453133
1634319741.68	1850	59.839006	0.0	2100101	335	1.85	108.628	1	3201	30.007501875468904
1634319745.8	1850	59.618719	0.0	2192105	399	1.85	112.629	1	3321	29.99250187453133
1634319749.56	1850	59.930888	0.0	2446938	408	1.85	116.629	1	3441	30
1634319753.73	1850	59.663437	0.0	2298336	398	1.85	120.629	1	3561	30
