1634313722.3	750	4	0.15	391964	68	-0.64	0	0	0	0
1634313722.6	1200	8	0.0	1027639	173	0.75	0	0	0	0
1634313722.9	1200	12	0.0	1094547	189	1.2	0	0	0	0
1634313723.19	1200	16	0.0	1068941	171	1.2	0	0	0	0
1634313723.49	1200	20	0.0	1069226	178	1.2	0	0	0	0
1634313723.79	1200	23.948819	0.0	1157353	194	1.2	0	0	0	0
1634313724.08	1200	27.626853	0.0	1168829	180	1.2	0	0	0	0
1634313724.39	1200	31.344351	0.0	1093471	187	1.2	0	0	0	0
1634313724.69	1200	35.062658	0.0	1020028	155	1.2	0	0	0	0
1634313725.02	1200	38.7	0.0	1051427	177	1.2	0	0	0	0
1634313725.35	1200	42.377263	0.0	1070992	178	1.2	0	0	0	0
1634313725.83	1200	46.05497	0.0	1063461	154	1.2	5.276	0	57	0
1634313726.14	1200	49.569692	0.0	1074096	194	1.2	5.276	0	57	0
1634313726.45	1200	53.287966	0.0	1080192	183	1.2	5.276	0	57	0
1634313726.78	1200	56.966667	0.0	1139934	186	1.2	5.276	0	57	0
1634313728.18	1200	59.710663	0.0	1145330	188	1.2	5.276	0	57	0
1634313732.11	1200	59.778361	0.0	1173744	193	1.2	9.276	0	177	30
1634313735.97	1200	59.887139	0.0	1061602	197	1.2	13.277	0	297	29.99250187453137
1634313739.86	1200	59.930246	0.0	1076224	215	1.2	17.276	0	417	30.00750187546886
1634313744.25	1200	59.663684	0.0	1068038	182	1.2	21.277	0	537	29.992501874531357
1634313748.09	1200	59.693281	0.0	1097493	167	1.2	25.279	0	657	29.98500749625188
1634313751.94	1200	59.993153	0.0	1072339	178	1.2	29.279	0	777	30
1634313756.3	1200	59.443125	0.0	1067889	191	1.2	33.281	0	897	29.98500749625188
1634313760.19	1200	59.793146	0.0	1067959	184	1.2	37.282	0	1017	29.992501874531385
1634313764.08	1200	59.847623	0.0	1077712	204	1.2	41.281	0	1137	30.00750187546885
1634313767.99	1200	59.851993	0.0	1138441	230	1.2	45.282	0	1257	29.992501874531385
1634313772.33	1200	59.591397	0.0	1027213	170	1.2	49.282	0	1377	30
1634313776.16	1200	59.613599	0.0	1019513	128	1.2	53.282	0	1497	30
1634313779.98	1200	59.933728	0.0	1030601	191	1.2	57.283	0	1617	29.99250187453133
1634313783.84	1200	59.952233	0.0	1059459	202	1.2	61.283	0	1737	30
1634313788.27	1200	59.726512	0.0	1058483	189	1.2	65.283	0	1857	30
1634313792.12	1200	59.746128	0.0	1026788	160	1.2	69.283	0	1977	30
1634313795.96	1200	59.803901	0.0	1034920	163	1.2	73.285	0	2097	29.98500749625191
1634313800.3	1200	59.539262	0.0	1024487	178	1.2	77.316	0	2218	30.017365418010375
1634313804.12	1200	59.840018	0.0	1088769	182	1.2	81.316	0	2338	30
1634313808.03	1200	59.908068	0.0	1213691	227	1.2	85.317	0	2458	29.99250187453144
1634313811.86	1200	59.939554	0.0	996535	187	1.2	89.317	0	2578	30
1634313816.19	1200	59.7	0.0	1040309	180	1.2	93.323	0	2698	29.955067398901647
1634313820.12	1200	59.762486	0.0	1135519	183	1.2	97.323	0	2818	30
1634313823.96	1200	59.822126	0.0	1080635	146	1.2	101.323	0	2938	30
1634313828.37	1200	59.553344	0.0	1037366	229	1.2	105.323	0	3058	30
1634313832.26	1200	59.612961	0.0	1075257	185	1.2	109.324	0	3178	29.99250187453133
1634313836.14	1200	59.628342	0.0	1145173	205	1.2	113.324	0	3298	30
1634313840.08	1200	59.661016	0.0	1216507	262	1.2	117.324	0	3418	30
1634313843.92	1200	59.968099	0.0	1142437	200	1.2	121.326	0	3538	29.98500749625191
