1624881130.64	750	4	0.183	447032	104	-0.7818999999999999	0	0	0	0
1624881132.97	1850	7.15234	0.0	2254830	1947	0.75	0	0	0	0
1624881133.52	1850	10.587094	0.0	1837501	368	1.85	0	0	0	0
1624881134.21	1850	13.901254	0.0	2108748	536	1.85	5.332	0	55	0
1624881134.92	1850	17.176015	0.0	2229492	525	1.85	5.332	0	55	0
1624881135.48	1850	20.611542	0.0	2078237	387	1.85	5.332	0	55	0
1624881136.12	1850	24.006767	0.0	2030644	467	1.85	5.332	0	55	0
1624881136.8	1850	27.32166	0.0	2298831	464	1.85	5.332	0	55	0
1624881137.44	1850	30.675138	0.0	2164964	420	1.85	5.332	0	55	0
1624881138.06	1850	34.029178	0.0	2175479	448	1.85	9.332	0	175	29.999999999999993
1624881138.66	1850	37.423686	0.0	2156805	426	1.85	9.332	0	175	29.999999999999993
1624881139.3	1850	40.815493	0.0	2101523	455	1.85	9.332	0	175	29.999999999999993
1624881140.23	1850	43.881678	0.0	2344608	742	1.85	9.332	0	175	29.999999999999993
1624881141.22	1850	46.911354	0.0	2334646	771	1.85	9.332	0	175	29.999999999999993
1624881141.91	1850	50.182714	0.0	2109579	521	1.85	9.332	0	175	29.999999999999993
1624881142.7	1850	53.41768	0.0	2097243	601	1.85	13.362	0	296	30.02481389578164
1624881143.31	1850	56.810591	0.0	2054074	397	1.85	13.362	0	296	30.02481389578164
1624881144.4	1850	59.962157	0.0	2079344	411	1.85	13.362	0	296	30.02481389578164
1624881148.57	1850	59.713115	0.0	2353718	473	1.85	17.362	0	416	30.000000000000014
1624881152.82	1850	59.487833	0.0	2119053	441	1.85	21.362	0	536	30
1624881156.58	1850	59.515725	0.0	2145449	513	1.85	25.363	0	656	29.992501874531357
1624881160.25	1850	59.844352	0.0	2087310	446	1.85	29.369	0	777	30.20469296055916
1624881164.56	1850	59.622322	0.0	2348666	576	1.85	33.37	0	897	29.992501874531385
1624881168.69	1850	59.650915	0.0	1801794	399	1.85	37.369	0	1017	30.00750187546885
1624881172.25	1850	59.977079	0.0	1864524	367	1.85	41.37	0	1137	29.992501874531385
1624881176.36	1850	59.730387	0.0	2051691	433	1.85	45.37	0	1257	30
1624881180.39	1850	59.769855	0.0	1898420	384	1.85	49.37	0	1377	30
1624881184.66	1850	59.547001	0.0	2276304	546	1.85	53.371	0	1497	29.99250187453133
1624881188.25	1850	59.944698	0.0	2239013	420	1.85	57.371	0	1617	30
1624881192.46	1850	59.689533	0.0	2417622	472	1.85	61.371	0	1737	30
1624881196.58	1850	59.753266	0.0	1950728	379	1.85	65.371	0	1857	30.000000000000053
1624881200.79	1850	59.492057	0.0	2268079	484	1.85	69.371	0	1977	30
1624881204.55	1850	59.800776	0.0	2105954	530	1.85	73.371	0	2097	30
1624881208.74	1850	59.578946	0.0	2049597	454	1.85	77.372	0	2217	29.99250187453133
1624881212.38	1850	59.982208	0.0	2267452	438	1.85	81.372	0	2337	30
1624881216.6	1850	59.738845	0.0	1977775	526	1.85	85.372	0	2457	30
1624881220.78	1850	59.480078	0.0	2145766	457	1.85	89.372	0	2577	30
1624881224.41	1850	59.80202	0.0	2064567	432	1.85	93.372	0	2697	30
1624881228.65	1850	59.59703	0.0	1899367	515	1.85	97.372	0	2817	30
1624881232.44	1850	59.662266	0.0	2118078	526	1.85	101.373	0	2937	29.99250187453133
1624881236.59	1850	59.687456	0.0	2045638	404	1.85	105.372	0	3057	30.007501875468904
1624881240.74	1850	59.443705	0.0	2132751	446	1.85	109.373	0	3177	29.99250187453133
1624881244.4	1850	59.789538	0.0	2105800	419	1.85	113.373	0	3297	30
1624881248.62	1850	59.54382	0.0	2117310	523	1.85	117.374	0	3417	29.99250187453144
1624881252.38	1850	59.856671	0.0	2106167	507	1.85	121.374	0	3537	30
