1624876818.61	750	4	0.196	447032	93	-0.8378	0	0	0	0
1624876818.82	300	8	0.0	222343	37	-0.15000000000000002	0	0	0	0
1624876818.93	300	12	0.0	202601	43	0.3	0	0	0	0
1624876819.16	300	16	0.0	231442	55	0.3	0	0	0	0
1624876819.3	300	20	0.0	223916	41	0.3	0	0	0	0
1624876819.42	300	24	0.0	227288	43	0.3	0	0	0	0
1624876819.56	300	28	0.0	210296	38	0.3	0	0	0	0
1624876819.68	300	32	0.0	232710	43	0.3	0	0	0	0
1624876819.89	300	36	0.0	230934	57	0.3	0	0	0	0
1624876820.04	300	40	0.0	230466	54	0.3	0	0	0	0
1624876820.2	300	44	0.0	222766	49	0.3	0	0	0	0
1624876820.45	300	47.831402	0.0	215843	114	0.3	0	0	0	0
1624876821.35	300	50.984855	0.0	240996	402	0.3	0	0	0	0
1624876821.65	300	54.661087	0.0	241376	55	0.3	0	0	0	0
1624876822.02	300	58.257287	0.0	215448	250	0.3	5.225	0	49	0
1624876824.81	300	59.472338	0.0	224191	81	0.3	5.225	0	49	0
1624876828.53	300	59.794393	0.0	201147	80	0.3	9.23	0	170	30.212234706616723
1624876832.73	300	59.811657	0.0	208138	50	0.3	13.229	0	290	30.007501875468876
1624876836.44	300	59.834264	0.0	237703	37	0.3	17.23	0	410	29.992501874531357
1624876840.69	300	59.897003	0.0	221939	42	0.3	21.23	0	530	30
1624876844.42	300	59.915093	0.0	216091	50	0.3	25.231	0	650	29.992501874531357
1624876848.66	300	59.660342	0.0	221930	36	0.3	29.232	0	770	29.992501874531385
1624876852.32	300	59.996733	0.0	244209	51	0.3	33.232	0	890	30
1624876857.05	300	59.483457	0.0	201448	39	0.3	37.233	0	1010	29.992501874531385
1624876860.77	300	59.578879	0.0	216871	500	0.3	41.233	0	1130	30
1624876864.47	300	59.889546	0.0	226875	71	0.3	45.234	0	1250	29.99250187453133
1624876868.65	300	59.92207	0.0	215302	54	0.3	49.233	0	1370	30.007501875468904
1624876872.83	300	59.647408	0.0	231664	50	0.3	53.234	0	1490	29.99250187453133
1624876876.49	300	59.947423	0.0	233190	47	0.3	57.235	0	1610	29.992501874531385
1624876880.7	300	59.678816	0.0	245887	52	0.3	61.236	0	1730	29.992501874531385
1624876884.41	300	59.982122	0.0	205585	36	0.3	65.235	0	1850	30.00750187546885
1624876888.61	300	59.717629	0.0	248259	50	0.3	69.235	0	1970	30
1624876892.79	300	59.764347	0.0	221496	39	0.3	73.235	0	2090	30
1624876896.97	300	59.52584	0.0	238596	45	0.3	77.236	0	2210	29.99250187453133
1624876900.7	300	59.589217	0.0	239547	41	0.3	81.236	0	2330	30
1624876904.39	300	59.906601	0.0	210306	30	0.3	85.237	0	2450	29.99250187453144
1624876908.55	300	59.923796	0.0	223809	39	0.3	89.237	0	2570	30
1624876912.74	300	59.727957	0.0	233162	21	0.3	93.237	0	2690	30
1624876916.91	300	59.460589	0.0	211150	25	0.3	97.237	0	2810	30
1624876920.62	300	59.782316	0.0	227487	39	0.3	101.237	0	2930	30
1624876924.86	300	59.533334	0.0	218501	72	0.3	105.238	0	3050	29.99250187453133
1624876928.62	300	59.836424	0.0	223461	54	0.3	109.239	0	3170	29.99250187453133
1624876932.82	300	59.6112	0.0	223191	48	0.3	113.238	0	3290	30.007501875468904
1624876936.51	300	59.914368	0.0	228365	50	0.3	117.239	0	3410	29.99250187453133
1624876940.67	300	59.651957	0.0	223247	38	0.3	121.238	0	3530	30.007501875468904
