1624870856.44	750	4	0.195	446149	114	-0.8335	0	0	0	0
1624870857.71	2850	7.5	0.0	5338027	947	0.75	0	0	0	0
1624870858.74	2850	10.433334	0.0	4485847	762	2.85	0	0	0	0
1624870860.09	2850	13.266667	0.0	5004689	923	2.85	4.666	12	163	0
1624870861.44	2850	15.8	0.0	5182650	1031	2.85	4.666	12	163	0
1624870862.66	2850	18.533334	0.0	5173280	939	2.85	4.666	12	163	0
1624870863.82	2850	21.4	0.0	4880493	867	2.85	4.666	12	163	0
1624870865.03	2850	24.15	0.0	5406574	950	2.85	8.688	56	408	49.97513674788662
1624870866.12	2850	27.05	0.0	4844720	850	2.85	8.688	56	408	49.97513674788662
1624870867.31	2850	29.883334	0.0	4832207	937	2.85	8.688	56	408	49.97513674788662
1624870868.66	2850	32.55	0.0	4887638	1060	2.85	12.688	90	648	51.5
1624870869.8	2850	35.416667	0.0	4995664	841	2.85	12.688	90	648	51.5
1624870871.02	2850	38.183334	0.0	5320325	814	2.85	12.688	90	648	51.5
1624870872.18	2850	41	0.0	5320224	899	2.85	16.694	126	889	51.17324013979034
1624870873.27	2850	43.95	0.0	4822090	798	2.85	16.694	126	889	51.17324013979034
1624870874.45	2850	46.733334	0.0	5024811	853	2.85	16.694	126	889	51.17324013979034
1624870875.64	2850	49.583334	0.0	4620969	859	2.85	16.694	126	889	51.17324013979034
1624870877.08	2850	52.133334	0.0	4982065	1132	2.85	20.707	167	1129	49.58883628208321
1624870878.41	2850	54.866667	0.0	5333279	976	2.85	20.707	167	1129	49.58883628208321
1624870879.63	2850	57.6	0.0	5166435	898	2.85	20.707	167	1129	49.58883628208321
1624870881.73	2850	59.463674	0.0	4952219	856	2.85	24.707	213	1369	48.5
1624870885.35	2850	59.776152	0.0	5148296	849	2.85	28.713	230	1610	55.916125811283074
1624870889.59	2850	59.516667	0.0	5332212	916	2.85	32.714	240	1850	57.48562859285182
1624870893.73	2850	59.542993	0.0	4130375	782	2.85	36.714	247	2090	58.25
1624870897.3	2850	59.845567	0.0	4502091	822	2.85	40.714	253	2330	58.5
1624870901.59	2850	59.633619	0.0	4906417	1004	2.85	44.715	264	2570	57.235691077230626
1624870905.27	2850	59.939517	0.0	4606683	813	2.85	48.715	284	2810	55
1624870909.54	2850	59.686574	0.0	4992827	948	2.85	52.715	290	3050	58.5
1624870913.45	2850	59.959311	0.0	4833092	1202	2.85	56.716	307	3290	55.736065983504155
1624870917.76	2850	59.460621	0.0	5560086	1512	2.85	60.73	322	3531	56.30293971101152
1624870921.45	2850	59.773271	0.0	4512973	904	2.85	64.742	329	3771	58.07577268195403
1624870925.72	2850	59.509819	0.0	5477056	959	2.85	68.739	338	4011	57.79334500875657
1624870929.53	2850	59.786493	0.0	5211665	990	2.85	72.739	352	4251	56.5
1624870933.36	2850	59.859012	0.0	5155066	1020	2.85	76.74	363	4491	57.235691077230825
1624870937.31	2850	59.933381	0.0	5042047	1092	2.85	80.74	375	4731	57
1624870941.41	2850	59.960837	0.0	4373848	762	2.85	84.74	384	4971	57.75
1624870945.59	2850	59.658989	0.0	4955552	854	2.85	88.741	391	5211	58.235441139715
1624870949.67	2850	59.45	0.0	4533309	763	2.85	92.74	397	5451	58.51462865716436
1624870953.71	2850	59.477269	0.0	4404309	728	2.85	96.741	406	5691	57.73556610847281
1624870957.74	2850	59.508271	0.0	4543808	781	2.85	100.741	413	5931	58.25
1624870961.39	2850	59.828299	0.0	4672100	832	2.85	104.741	423	6171	57.5
1624870965.3	2850	59.89591	0.0	5112917	1090	2.85	108.741	431	6411	58
1624870969.38	2850	59.9623	0.0	4777608	833	2.85	112.742	437	6651	58.4853786553361
1624870973.5	2850	59.750357	0.0	5053470	1280	2.85	116.742	451	6891	56.5
1624870977.64	2850	59.486349	0.0	4782473	863	2.85	120.742	457	7131	58.5
