1624874171.5	750	4	0.181	447032	80	-0.7733	0	0	0	0
1624874172.44	2850	8	0.0	3731877	595	0.75	0	0	0	0
1624874173.15	2850	11.83429	0.0	2988743	549	2.85	0	0	0	0
1624874173.96	2850	15.027375	0.0	3344033	629	2.85	0	0	0	0
1624874174.99	2850	18.019161	0.0	3588671	779	2.85	5.375	0	54	0
1624874175.85	2850	21.133334	0.0	3516436	666	2.85	5.375	0	54	0
1624874176.74	2850	24.284653	0.0	3520561	637	2.85	5.375	0	54	0
1624874177.76	2850	27.23465	0.0	3787958	781	2.85	5.375	0	54	0
1624874178.64	2850	30.346086	0.0	3482140	690	2.85	5.375	0	54	0
1624874179.71	2850	33.366667	0.0	3620909	746	2.85	9.374	4	174	29.007251812953236
1624874180.9	2850	36.084708	0.0	3578596	902	2.85	9.374	4	174	29.007251812953236
1624874181.81	2850	39.196949	0.0	3430213	712	2.85	9.374	4	174	29.007251812953236
1624874182.99	2850	42.025248	0.0	3873343	929	2.85	13.376	6	294	29.48525737131435
1624874183.97	2850	45.033334	0.0	4055051	735	2.85	13.376	6	294	29.48525737131435
1624874184.75	2850	48.245618	0.0	3383484	601	2.85	13.376	6	294	29.48525737131435
1624874185.54	2850	51.480018	0.0	3439708	600	2.85	13.376	6	294	29.48525737131435
1624874186.38	2850	54.633501	0.0	3270011	585	2.85	13.376	6	294	29.48525737131435
1624874187.42	2850	57.666667	0.0	3397053	704	2.85	17.376	6	414	29.999999999999986
1624874189.11	2850	59.891374	0.0	3855639	944	2.85	17.376	6	414	29.999999999999986
1624874193.27	2850	59.93248	0.0	3553518	891	2.85	21.376	6	534	30
1624874197.36	2850	59.960543	0.0	3560530	749	2.85	25.376	6	654	30
1624874201.68	2850	59.704026	0.0	3529545	756	2.85	29.377	7	774	29.74256435891029
1624874205.28	2850	59.742929	0.0	3944215	790	2.85	33.38	7	894	29.97751686235321
1624874209.28	2850	59.961389	0.0	2874206	506	2.85	37.377	7	1014	30.02251688766575
1624874213.39	2850	59.714668	0.0	3298545	793	2.85	41.382	7	1134	29.962546816479435
1624874217.9	2850	59.712766	0.0	3406141	571	2.85	45.404	7	1254	29.835902536051673
