1624875645.84	750	4	0.15	447032	78	-0.64	0	0	0	0
1624875646.19	1200	8	0.0	1081855	197	0.75	0	0	0	0
1624875646.51	1200	12	0.0	909590	151	1.2	0	0	0	0
1624875646.81	1200	15.714495	0.0	1064785	191	1.2	0	0	0	0
1624875647.1	1200	19.432128	0.0	1068330	176	1.2	0	0	0	0
1624875647.47	1200	23.069325	0.0	1091906	197	1.2	0	0	0	0
1624875647.79	1200	26.744435	0.0	989621	167	1.2	0	0	0	0
1624875648.09	1200	30.422018	0.0	1120373	193	1.2	0	0	0	0
1624875648.38	1200	34.140001	0.0	1096122	174	1.2	0	0	0	0
1624875648.71	1200	37.815438	0.0	1088831	181	1.2	0	0	0	0
1624875649.03	1200	41.492622	0.0	1080940	176	1.2	0	0	0	0
1624875649.37	1200	45.168752	0.0	1075422	186	1.2	4.646	0	83	0
1624875649.66	1200	48.886347	0.0	1146374	178	1.2	4.646	0	83	0
1624875649.99	1200	52.563309	0.0	1146930	80	1.2	4.646	0	83	0
1624875650.31	1200	56.241085	0.0	1066542	192	1.2	4.646	0	83	0
1624875650.63	1200	59.916736	0.0	1056887	188	1.2	4.646	0	83	0
1624875654.94	1200	59.774298	0.0	990369	163	1.2	8.646	0	203	29.999999999999993
1624875658.78	1200	59.794304	0.0	1015471	184	1.2	12.646	0	323	30
1624875662.76	1200	59.810041	0.0	1173982	226	1.2	16.646	0	443	30
1624875667.08	1200	59.552599	0.0	1058624	172	1.2	20.646	0	563	30
1624875670.91	1200	59.654711	0.0	1046861	175	1.2	24.646	0	683	30
1624875674.85	1200	59.673738	0.0	1048437	247	1.2	28.647	0	803	29.992501874531385
1624875678.77	1200	59.982989	0.0	1152505	210	1.2	32.647	0	923	30
1624875683.09	1200	59.442358	0.0	877099	152	1.2	36.648	0	1043	29.99250187453133
1624875687.02	1200	59.752799	0.0	968042	166	1.2	40.648	0	1163	30
1624875690.92	1200	59.777119	0.0	1064114	222	1.2	44.648	0	1283	30
1624875694.76	1200	59.8	0.0	1005764	168	1.2	48.67	0	1404	30.08453505718549
1624875699.12	1200	59.57899	0.0	1078959	202	1.2	52.67	0	1524	30
1624875702.98	1200	59.604509	0.0	1074526	195	1.2	56.67	0	1644	30
1624875706.87	1200	59.915147	0.0	1231303	223	1.2	60.67	0	1764	30
1624875710.72	1200	59.938986	0.0	960890	166	1.2	64.67	0	1884	30
1624875715.11	1200	59.714544	0.0	1183904	202	1.2	68.672	0	2004	29.98500749625191
1624875718.98	1200	59.735278	0.0	1065257	189	1.2	72.671	0	2124	30.007501875468797
1624875722.89	1200	59.740349	0.0	1108615	198	1.2	76.672	0	2244	29.99250187453144
1624875726.89	1200	59.766823	0.0	1113738	260	1.2	80.677	0	2364	29.96254681647933
1624875730.81	1200	59.788399	0.0	981548	218	1.2	84.677	0	2484	30
1624875735.2	1200	59.567088	0.0	1067644	195	1.2	88.678	0	2604	29.99250187453144
1624875739.05	1200	59.586066	0.0	1068520	178	1.2	92.678	0	2724	30
1624875742.89	1200	59.646194	0.0	946116	178	1.2	96.677	0	2844	30.007501875468797
1624875746.71	1200	59.943629	0.0	1041444	189	1.2	100.678	0	2964	29.99250187453144
1624875751.04	1200	59.671095	0.0	1033147	192	1.2	104.679	0	3084	29.99250187453133
1624875754.9	1200	59.712157	0.0	1043384	195	1.2	108.68	0	3204	29.99250187453133
1624875759.28	1200	59.441963	0.0	1047354	215	1.2	112.68	0	3324	30
1624875763.13	1200	59.460008	0.0	1058093	178	1.2	116.68	0	3444	30
1624875766.95	1200	59.760896	0.0	1038662	166	1.2	120.68	0	3564	30
