1624871924.41	750	4	0.225	446149	88	-0.9625	0	0	0	0
1624871924.96	1200	8	0.0	1737810	319	0.75	0	0	0	0
1624871925.39	1200	12	0.0	1497975	294	1.2	0	0	0	0
1624871925.88	1200	16	0.0	1711143	325	1.2	0	0	0	0
1624871926.37	1200	20	0.0	1733770	336	1.2	0	0	0	0
1624871926.83	1200	24	0.0	1749315	303	1.2	0	0	0	0
1624871927.37	1200	28	0.0	1603603	368	1.2	0	0	0	0
1624871928.15	1200	31.85	0.0	1702216	438	1.2	5.541	0	0	0
1624871928.8	1200	35.00846	0.0	1641950	495	1.2	5.541	0	0	0
1624871929.36	1200	38.466667	0.0	1559808	351	1.2	5.541	0	0	0
1624871929.88	1200	41.917028	0.0	1622647	352	1.2	5.541	0	0	0
1624871930.32	1200	45.470488	0.0	1630019	289	1.2	5.541	0	0	0
1624871930.79	1200	49	0.0	1658562	289	1.2	5.541	0	0	0
1624871931.25	1200	52.55	0.0	1669221	282	1.2	5.541	0	0	0
1624871931.67	1200	56.135585	0.0	1636310	271	1.2	9.49	14	228	54.19093441377564
1624871932.12	1200	59.650494	0.0	1732283	277	1.2	9.49	14	228	54.19093441377564
1624871936.08	1200	59.713545	0.0	1511913	256	1.2	13.491	17	468	59.23519120219946
1624871940.52	1200	59.463305	0.0	1593050	263	1.2	17.491	17	708	60
1624871944.19	1200	59.786318	0.0	1818927	412	1.2	21.492	17	948	59.98500374906271
1624871948.17	1200	59.82146	0.0	1667234	312	1.2	25.491	17	1188	60.01500375093775
1624871952.24	1200	59.572191	0.0	1633180	369	1.2	29.492	18	1428	59.73506623344162
1624871956.36	1200	59.603017	0.0	1663787	342	1.2	33.492	20	1669	59.75000000000005
1624871959.92	1200	59.943041	0.0	1674035	343	1.2	37.494	20	1909	59.970014992503714
1624871963.9	1200	59.974561	0.0	1460813	292	1.2	41.492	21	2149	59.779889944972524
1624871967.91	1200	59.990578	0.0	1541638	296	1.2	45.493	23	2389	59.48512871782047
1624871972.48	1200	59.463316	0.0	1680082	355	1.2	49.493	23	2629	60
1624871976.15	1200	59.780404	0.0	1542551	427	1.2	53.493	24	2869	59.75
1624871980.15	1200	59.846594	0.0	1603186	287	1.2	57.492	24	3109	60.01500375093781
1624871984.21	1200	59.603804	0.0	1611597	353	1.2	61.493	26	3349	59.48512871782047
1624871988.39	1200	59.629234	0.0	1888785	406	1.2	65.496	28	3589	59.45540844366735
1624871991.9	1200	59.946045	0.0	1552540	289	1.2	69.493	28	3829	60.0450337753315
1624871996.06	1200	59.963651	0.0	1957722	398	1.2	73.498	29	4069	59.675405742821326
1624872000.09	1200	59.706532	0.0	1766061	308	1.2	77.497	30	4309	59.764941235308896
1624872004.09	1200	59.731698	0.0	1645454	288	1.2	81.497	31	4549	59.75
1624872008.12	1200	59.755671	0.0	1604737	303	1.2	85.498	31	4789	59.98500374906266
1624872012.09	1200	59.789052	0.0	1487527	275	1.2	89.498	31	5029	60
1624872016.4	1200	59.852337	0.0	1643954	351	1.2	93.5	33	5269	59.470264867566286
1624872020.57	1200	59.523624	0.0	1555884	292	1.2	97.5	34	5509	59.75
1624872024.06	1200	59.900288	0.0	1535193	275	1.2	101.5	35	5749	59.75
1624872028.24	1200	59.934105	0.0	1551114	295	1.2	105.503	42	5989	58.206345241069194
1624872031.93	1200	59.926096	0.0	1575918	327	1.2	109.526	45	6231	59.40840169028094
1624872036.68	1200	59.437074	0.0	1672619	595	1.2	113.5	51	6469	58.37946653246094
1624872040.01	1200	59.923324	0.0	1631168	420	1.2	117.5	56	6709	58.75
1624872044.29	1200	59.670179	0.0	1687116	388	1.2	121.55	57	6952	59.75308641975313
