1624874333.04	750	4	0.173	447032	87	-0.7389	0	0	0	0
1624874333.99	2850	7.677602	0.0	3731877	722	0.75	0	0	0	0
1624874334.72	2850	10.952782	0.0	2988743	524	2.85	0	0	0	0
1624874335.68	2850	14	0.0	3344033	720	2.85	0	0	0	0
1624874336.62	2850	17.133334	0.0	3588671	626	2.85	4.698	0	85	0
1624874337.66	2850	20.003	0.0	3516436	811	2.85	4.698	0	85	0
1624874338.65	2850	23.133334	0.0	3520561	650	2.85	4.698	0	85	0
1624874339.71	2850	25.983013	0.0	3787958	773	2.85	4.698	0	85	0
1624874340.53	2850	29.134681	0.0	3482140	634	2.85	8.697	6	205	28.507126781695433
1624874341.54	2850	32.133334	0.0	3620909	730	2.85	8.697	6	205	28.507126781695433
1624874342.57	2850	35.112605	0.0	3578596	824	2.85	8.697	6	205	28.507126781695433
1624874343.79	2850	37.966667	0.0	3430213	898	2.85	8.697	6	205	28.507126781695433
1624874344.91	2850	40.771784	0.0	3873343	860	2.85	12.697	7	325	29.75
1624874346.01	2850	43.7	0.0	4055051	849	2.85	12.697	7	325	29.75
1624874346.98	2850	46.708151	0.0	3383484	718	2.85	12.697	7	325	29.75
1624874347.81	2850	49.861468	0.0	3439708	621	2.85	12.697	7	325	29.75
1624874348.57	2850	53.09548	0.0	3270011	582	2.85	16.698	8	445	29.742564358910265
1624874349.43	2850	56.2484	0.0	3397053	624	2.85	16.698	8	445	29.742564358910265
1624874350.47	2850	59.3	0.0	3855639	689	2.85	16.698	8	445	29.742564358910265
1624874353.95	2850	59.961036	0.0	3553518	705	2.85	20.697	10	565	29.507376844211063
1624874357.96	2850	59.732234	0.0	3560530	775	2.85	24.698	10	685	29.992501874531357
1624874362.13	2850	59.762168	0.0	3529545	847	2.85	28.699	12	805	29.49262684328917
1624874366.2	2850	59.502529	0.0	3944215	798	2.85	32.698	12	925	30.007501875468876
1624874370.17	2850	59.533334	0.0	2874206	728	2.85	36.699	12	1045	29.992501874531385
1624874374.09	2850	59.841133	0.0	3298545	672	2.85	40.699	12	1165	30
1624874378.0	2850	59.861365	0.0	3406141	642	2.85	44.7	12	1285	29.99250187453133
1624874381.95	2850	59.875404	0.0	3134119	718	2.85	48.699	12	1405	30.007501875468904
1624874385.92	2850	59.936567	0.0	3769859	669	2.85	52.7	12	1525	29.99250187453133
1624874389.88	2850	59.954864	0.0	3566857	669	2.85	56.699	12	1645	30.007501875468904
1624874393.93	2850	59.976601	0.0	3935536	772	2.85	60.699	12	1765	30
1624874398.38	2850	59.425395	0.0	3251953	672	2.85	64.699	13	1885	29.75
1624874402.05	2850	59.736851	0.0	3744840	917	2.85	68.703	13	2005	29.970029970029934
1624874405.97	2850	59.763984	0.0	3455854	645	2.85	72.703	13	2125	30
1624874410.16	2850	59.514338	0.0	3548731	844	2.85	76.703	14	2245	29.75
1624874414.32	2850	59.541805	0.0	3573884	846	2.85	80.703	16	2365	29.5
1624874418.3	2850	59.561429	0.0	3124748	688	2.85	84.704	17	2485	29.742564358910343
1624874422.26	2850	59.58907	0.0	3671669	685	2.85	88.704	18	2605	29.75
1624874425.86	2850	59.9	0.0	3397624	690	2.85	92.704	19	2725	29.75
1624874430.17	2850	59.640655	0.0	3070410	555	2.85	96.705	19	2845	29.99250187453133
1624874434.12	2850	59.658178	0.0	3480718	670	2.85	100.704	19	2965	30.007501875468904
1624874437.98	2850	59.721389	0.0	3396325	574	2.85	104.706	19	3085	29.985007496251804
1624874441.96	2850	59.754495	0.0	3538812	609	2.85	108.705	20	3205	29.757439359839996
1624874446.36	2850	59.503109	0.0	3440498	617	2.85	112.705	20	3325	30
1624874450.25	2850	59.528192	0.0	3504086	597	2.85	116.706	20	3445	29.99250187453133
1624874454.17	2850	59.553871	0.0	3345088	722	2.85	120.706	20	3565	30
