1624879904.48	750	4	0.246	446149	139	-1.0528	0	0	0	0
1624879904.81	300	8	0.0	458211	223	-0.15000000000000002	0	0	0	0
1624879904.97	300	12	0.0	390124	79	0.3	0	0	0	0
1624879905.16	300	16	0.0	474461	92	0.3	0	0	0	0
1624879905.32	300	20	0.0	444309	85	0.3	0	0	0	0
1624879905.5	300	24	0.0	443120	67	0.3	0	0	0	0
1624879905.66	300	28	0.0	416509	76	0.3	0	0	0	0
1624879905.87	300	31.957295	0.0	451355	89	0.3	0	0	0	0
1624879906.04	300	35.796366	0.0	417757	77	0.3	0	0	0	0
1624879906.26	300	39.593281	0.0	415350	77	0.3	0	0	0	0
1624879906.45	300	43.389715	0.0	433531	93	0.3	0	0	0	0
1624879906.61	300	47.222202	0.0	422916	70	0.3	0	0	0	0
1624879906.78	300	51.060777	0.0	459414	79	0.3	0	0	0	0
1624879906.96	300	54.858775	0.0	450936	78	0.3	0	0	0	0
1624879907.12	300	58.69736	0.0	439746	73	0.3	0	0	0	0
1624879910.37	300	59.743358	0.0	432189	75	0.3	5.11	0	116	0
1624879914.09	300	59.773874	0.0	396094	81	0.3	9.11	0	356	60.000000000000014
1624879918.35	300	59.512938	0.0	420942	99	0.3	13.11	0	596	60
1624879922.09	300	59.82361	0.0	477686	106	0.3	17.11	0	836	60
1624879926.31	300	59.590497	0.0	429484	84	0.3	21.111	0	1076	59.98500374906271
1624879930.05	300	59.887679	0.0	428693	81	0.3	25.11	0	1316	60.01500375093775
1624879934.31	300	59.629504	0.0	445526	97	0.3	29.11	0	1556	60
1624879938.1	300	59.946629	0.0	459785	122	0.3	33.111	0	1796	59.98500374906277
1624879942.32	300	59.683334	0.0	395717	86	0.3	37.111	0	2036	60
1624879946.11	300	59.992409	0.0	421854	114	0.3	41.112	0	2276	59.98500374906266
1624879950.36	300	59.724277	0.0	464457	86	0.3	45.112	0	2516	60
1624879954.09	300	59.817548	0.0	430202	90	0.3	49.123	0	2757	60.084766891049675
1624879958.31	300	59.556223	0.0	445549	101	0.3	53.123	0	2997	60
1624879962.09	300	59.877256	0.0	449734	147	0.3	57.123	0	3237	60
1624879966.32	300	59.609814	0.0	478634	103	0.3	61.123	0	3477	60
1624879970.08	300	59.909419	0.0	421756	106	0.3	65.124	0	3717	59.98500374906277
1624879974.33	300	59.64105	0.0	500580	91	0.3	69.124	0	3957	60
1624879978.07	300	59.950707	0.0	471259	101	0.3	73.125	0	4197	59.98500374906266
1624879982.35	300	59.692206	0.0	447061	86	0.3	77.125	0	4437	60
1624879986.6	300	59.440019	0.0	414676	66	0.3	81.125	0	4677	60
1624879990.35	300	59.747744	0.0	407398	84	0.3	85.125	0	4917	60
1624879994.13	300	59.780805	0.0	438602	101	0.3	89.125	0	5157	60
1624879998.36	300	59.520463	0.0	421192	97	0.3	93.125	0	5397	60
1624880002.09	300	59.831656	0.0	414269	73	0.3	97.126	0	5637	59.98500374906266
1624880006.36	300	59.572234	0.0	427172	84	0.3	101.126	0	5877	60
1624880010.07	300	59.884747	0.0	435036	86	0.3	105.126	0	6117	60
1624880014.35	300	59.616667	0.0	454750	113	0.3	109.126	0	6357	60
1624880018.11	300	59.923737	0.0	436843	113	0.3	113.127	0	6597	59.98500374906288
1624880022.31	300	59.674602	0.0	455439	82	0.3	117.126	0	6837	60.015003750937595
1624880026.01	300	59.982077	0.0	439643	81	0.3	121.126	0	7077	60
