1624875882.01	750	4	0.195	447032	79	-0.8335	0	0	0	0
1624875882.18	750	8	0.0	437784	70	0.75	0	0	0	0
1624875882.33	750	12	0.0	358478	55	0.75	0	0	0	0
1624875882.49	750	16	0.0	433110	73	0.75	0	0	0	0
1624875882.65	750	20	0.0	425284	42	0.75	0	0	0	0
1624875882.81	750	24	0.0	428114	67	0.75	0	0	0	0
1624875882.95	750	28	0.0	387287	48	0.75	0	0	0	0
1624875883.12	750	32	0.0	435324	74	0.75	0	0	0	0
1624875883.29	750	36	0.0	447048	79	0.75	0	0	0	0
1624875883.47	750	40	0.0	446405	85	0.75	0	0	0	0
1624875883.65	750	44	0.0	423631	86	0.75	0	0	0	0
1624875883.82	750	47.910736	0.0	416730	54	0.75	0	0	0	0
1624875884.02	750	51.709542	0.0	471953	103	0.75	0	0	0	0
1624875884.21	750	55.508036	0.0	453536	78	0.75	0	0	0	0
1624875884.39	750	59.346374	0.0	420588	73	0.75	0	0	0	0
1624875888.09	750	59.753886	0.0	420917	67	0.75	5.33	0	48	0
1624875892.29	750	59.505976	0.0	392428	68	0.75	9.332	0	168	29.985007496251868
1624875896.03	750	59.81064	0.0	400748	69	0.75	13.331	0	288	30.007501875468876
1624875900.3	750	59.566667	0.0	471072	90	0.75	17.335	0	408	29.97002997002996
1624875904.02	750	59.894074	0.0	425923	87	0.75	21.335	0	528	30
1624875908.29	750	59.654792	0.0	419792	72	0.75	25.335	0	648	30
1624875912.24	750	59.683897	0.0	429429	726	0.75	29.335	0	768	30
1624875916.12	750	59.790512	0.0	461232	233	0.75	33.335	0	888	30
1624875920.38	750	59.534641	0.0	382848	76	0.75	37.351	0	1009	30.12948207171316
1624875924.08	750	59.849212	0.0	375227	68	0.75	41.352	0	1129	29.992501874531385
1624875928.33	750	59.58947	0.0	437258	83	0.75	45.357	0	1249	29.96254681647938
1624875932.15	750	59.614835	0.0	419071	70	0.75	49.352	0	1369	30.0375469336671
1624875935.94	750	59.913357	0.0	449162	149	0.75	53.353	0	1489	29.99250187453133
1624875940.17	750	59.658481	0.0	447732	93	0.75	57.352	0	1609	30.007501875468904
1624875943.95	750	59.994794	0.0	488806	94	0.75	61.353	0	1729	29.99250187453133
1624875948.22	750	59.734522	0.0	389747	82	0.75	65.353	0	1849	30.000000000000053
1624875952.02	750	59.809041	0.0	485582	78	0.75	69.354	0	1969	29.99250187453133
1624875956.29	750	59.552654	0.0	430276	2047	0.75	73.373	0	2089	29.858173675043503
1624875960.05	750	59.846902	0.0	435590	113	0.75	77.373	0	2209	30
1624875964.31	750	59.593133	0.0	459331	101	0.75	81.373	0	2329	30
1624875968.12	750	59.653066	0.0	381587	86	0.75	85.374	0	2449	29.99250187453144
1624875971.88	750	59.958433	0.0	424399	104	0.75	89.373	0	2569	30.007501875468797
1624875976.13	750	59.74759	0.0	436743	90	0.75	93.374	0	2689	29.99250187453144
1624875980.33	750	59.521718	0.0	385692	67	0.75	97.375	0	2809	29.99250187453133
1624875984.08	750	59.875415	0.0	424746	86	0.75	101.374	0	2929	30.007501875468904
1624875987.81	750	59.936079	0.0	407135	69	0.75	105.374	0	3049	30
1624875992.05	750	59.672481	0.0	427720	107	0.75	109.375	0	3169	29.99250187453133
1624875995.77	750	59.981361	0.0	427353	77	0.75	113.375	0	3289	30
1624876000.03	750	59.711642	0.0	418534	79	0.75	117.375	0	3409	30
1624876004.29	750	59.456733	0.0	421343	103	0.75	121.376	0	3529	29.99250187453133
