1624877051.07	750	4	0.18	447032	97	-0.769	0	0	0	0
1624877051.25	300	8	0.0	222343	63	-0.15000000000000002	0	0	0	0
1624877051.37	300	12	0.0	202601	36	0.3	0	0	0	0
1624877051.5	300	16	0.0	231442	15	0.3	0	0	0	0
1624877051.63	300	19.957064	0.0	223916	24	0.3	0	0	0	0
1624877051.75	300	23.835808	0.0	227288	37	0.3	0	0	0	0
1624877051.87	300	27.715119	0.0	210296	37	0.3	0	0	0	0
1624877052.0	300	31.593814	0.0	232710	36	0.3	0	0	0	0
1624877052.12	300	35.473203	0.0	230934	46	0.3	0	0	0	0
1624877052.25	300	39.351885	0.0	230466	42	0.3	0	0	0	0
1624877052.38	300	43.231034	0.0	222766	41	0.3	0	0	0	0
1624877052.52	300	47.069884	0.0	215843	36	0.3	0	0	0	0
1624877052.68	300	50.907719	0.0	240996	46	0.3	0	0	0	0
1624877052.85	300	54.74538	0.0	241376	46	0.3	0	0	0	0
1624877053.01	300	58.582527	0.0	215448	34	0.3	0	0	0	0
1624877056.21	300	59.457004	0.0	224191	44	0.3	4.639	0	87	0
1624877060.0	300	59.756661	0.0	201147	42	0.3	8.641	0	207	29.985007496251875
1624877064.18	300	59.489776	0.0	208138	51	0.3	12.641	0	327	30
1624877067.91	300	59.793277	0.0	237703	51	0.3	16.641	0	447	30.000000000000014
1624877072.18	300	59.533334	0.0	221939	53	0.3	20.641	0	567	30
1624877075.88	300	59.833334	0.0	216091	50	0.3	24.642	0	687	29.992501874531357
1624877080.08	300	59.573268	0.0	221930	45	0.3	28.641	0	807	30.007501875468876
1624877083.77	300	59.872915	0.0	244209	35	0.3	32.642	0	927	29.99250187453133
1624877088.04	300	59.608702	0.0	201448	99	0.3	36.642	0	1047	30
1624877091.86	300	59.926237	0.0	216871	44	0.3	40.642	0	1167	30
1624877095.73	300	59.935427	0.0	226875	98	0.3	44.664	0	1288	30.08453505718549
1624877100.06	300	59.670395	0.0	215302	648	0.3	48.664	0	1408	30
1624877104.28	300	59.433827	0.0	231664	78	0.3	52.665	0	1528	29.992501874531385
1624877107.96	300	59.723789	0.0	233190	63	0.3	56.667	0	1648	29.985007496251857
1624877112.18	300	59.482387	0.0	245887	48	0.3	60.667	0	1768	30
1624877115.85	300	59.779301	0.0	205585	41	0.3	64.667	0	1888	30
1624877120.08	300	59.546714	0.0	248259	39	0.3	68.667	0	2008	30
1624877123.79	300	59.856844	0.0	221496	47	0.3	72.667	0	2128	30
1624877127.97	300	59.882684	0.0	238596	46	0.3	76.667	0	2248	30
1624877131.66	300	59.930282	0.0	239547	57	0.3	80.668	0	2368	29.99250187453133
1624877135.83	300	59.954399	0.0	210306	41	0.3	84.668	0	2488	30
1624877140.09	300	59.68717	0.0	223809	97	0.3	88.669	0	2608	29.99250187453144
1624877143.78	300	59.991896	0.0	233162	49	0.3	92.67	0	2728	29.99250187453133
1624877148.27	300	59.444478	0.0	211150	2783	0.3	96.67	0	2848	30
1624877152.12	300	59.745492	0.0	227487	206	0.3	100.671	0	2968	29.99250187453133
1624877155.87	300	59.769766	0.0	218501	95	0.3	104.671	0	3088	30
1624877160.08	300	59.509372	0.0	223461	93	0.3	108.672	0	3208	29.99250187453144
1624877163.83	300	59.820715	0.0	223191	118	0.3	112.672	0	3328	30
1624877168.03	300	59.55614	0.0	228365	68	0.3	116.672	0	3448	30
1624877172.21	300	59.582076	0.0	223247	60	0.3	120.672	0	3568	30
