1624882294.83	750	4	0.187	447032	80	-0.7991	0	0	0	0
1624882295.08	750	8	0.0	437784	72	0.75	0	0	0	0
1624882295.24	750	12	0.0	358478	62	0.75	0	0	0	0
1624882295.4	750	16	0.0	433110	75	0.75	0	0	0	0
1624882295.57	750	20	0.0	425284	79	0.75	0	0	0	0
1624882295.74	750	24	0.0	428114	80	0.75	0	0	0	0
1624882295.88	750	28	0.0	387287	63	0.75	0	0	0	0
1624882296.04	750	32	0.0	435324	69	0.75	0	0	0	0
1624882296.2	750	36	0.0	447048	78	0.75	0	0	0	0
1624882296.37	750	40	0.0	446405	60	0.75	0	0	0	0
1624882296.58	750	44	0.0	423631	87	0.75	0	0	0	0
1624882296.74	750	48	0.0	416730	71	0.75	0	0	0	0
1624882296.92	750	51.916688	0.0	471953	81	0.75	0	0	0	0
1624882297.1	750	55.71482	0.0	453536	80	0.75	0	0	0	0
1624882297.27	750	59.553561	0.0	420588	83	0.75	0	0	0	0
1624882301.49	750	59.472809	0.0	420917	65	0.75	5.331	0	40	0
1624882305.22	750	59.780454	0.0	392428	66	0.75	9.333	0	160	29.985007496251875
1624882309.44	750	59.519954	0.0	400748	73	0.75	13.346	0	280	29.902815848492402
1624882313.18	750	59.852859	0.0	471072	89	0.75	17.346	0	401	30.25
1624882317.41	750	59.586553	0.0	425923	78	0.75	21.346	0	520	29.75
1624882321.15	750	59.890704	0.0	419792	8	0.75	25.347	0	641	30.24243939015245
1624882324.95	750	59.912636	0.0	429429	88	0.75	29.346	0	761	30.007501875468876
1624882329.2	750	59.648279	0.0	461232	86	0.75	33.347	0	881	29.992501874531357
1624882332.91	750	59.970994	0.0	382848	83	0.75	37.348	0	1001	29.992501874531385
1624882337.1	750	59.733334	0.0	375227	60	0.75	41.348	0	1121	30
1624882341.34	750	59.749989	0.0	437258	92	0.75	45.35	0	1241	29.985007496251857
1624882345.07	750	59.78071	0.0	419071	68	0.75	49.349	0	1361	30.007501875468904
1624882349.3	750	59.556754	0.0	449162	83	0.75	53.35	0	1481	29.99250187453133
1624882353.01	750	59.870644	0.0	447732	82	0.75	57.35	0	1601	30
1624882357.27	750	59.621304	0.0	488806	70	0.75	61.351	0	1721	29.992501874531385
1624882360.97	750	59.918551	0.0	389747	68	0.75	65.351	0	1841	30
1624882365.26	750	59.704387	0.0	485582	78	0.75	69.352	0	1961	29.99250187453133
1624882369.52	750	59.437162	0.0	430276	118	0.75	73.352	0	2081	30
1624882373.26	750	59.74445	0.0	435590	83	0.75	77.352	0	2201	30
1624882377.48	750	59.521229	0.0	459331	83	0.75	81.354	0	2321	29.98500749625191
1624882381.22	750	59.831207	0.0	381587	55	0.75	85.371	0	2441	29.873039581777476
1624882384.93	750	59.923074	0.0	424399	82	0.75	89.371	0	2561	30
1624882389.13	750	59.939742	0.0	436743	78	0.75	93.371	0	2681	30
1624882393.32	750	59.674957	0.0	385692	67	0.75	97.371	0	2801	30
1624882397.04	750	59.991747	0.0	424746	87	0.75	101.371	0	2921	30
1624882401.28	750	59.72707	0.0	407135	86	0.75	105.373	0	3041	29.985007496251804
1624882405.51	750	59.478719	0.0	427720	78	0.75	109.372	0	3161	30.007501875468904
1624882409.29	750	59.7853	0.0	427353	103	0.75	113.376	0	3281	29.970029970029934
1624882413.56	750	59.515099	0.0	418534	72	0.75	117.376	0	3401	30
1624882417.24	750	59.824393	0.0	421343	79	0.75	121.376	0	3521	30
