1624870587.85	750	4	0.233	446149	124	-0.9969	0	0	0	0
1624870589.48	2850	8	0.0	5338027	1193	0.75	0	0	0	0
1624870590.63	2850	11.066667	0.0	4485847	814	2.85	0	0	0	0
1624870592.26	2850	13.5	0.0	5004689	1252	2.85	5.288	9	86	0
1624870593.6	2850	16.166667	0.0	5182650	947	2.85	5.288	9	86	0
1624870594.94	2850	18.816667	0.0	5173280	913	2.85	5.288	9	86	0
1624870596.2	2850	21.55	0.0	4880493	869	2.85	9.299	66	322	44.62727499376715
1624870597.47	2850	24.266667	0.0	5406574	923	2.85	9.299	66	322	44.62727499376715
1624870598.69	2850	27.05	0.0	4844720	861	2.85	9.299	66	322	44.62727499376715
1624870599.92	2850	29.816667	0.0	4832207	843	2.85	13.299	137	567	43.5
1624870601.36	2850	32.35	0.0	4887638	1117	2.85	13.299	137	567	43.5
1624870603.0	2850	34.75	0.0	4995664	1270	2.85	13.299	137	567	43.5
1624870604.62	2850	37.133334	0.0	5320325	1248	2.85	17.359	185	807	47.29064039408864
1624870606.51	2850	39.3	0.0	5320224	1401	2.85	17.359	185	807	47.29064039408864
