1624879435.2	750	4	0.173	446149	90	-0.7389	0	0	0	0
1624879435.45	750	8	0.0	657276	87	0.75	0	0	0	0
1624879435.64	750	12	0.0	531142	103	0.75	0	0	0	0
1624879435.87	750	15.993396	0.0	641782	116	0.75	0	0	0	0
1624879436.08	750	19.751376	0.0	655328	104	0.75	0	0	0	0
1624879436.3	750	23.55	0.0	643029	116	0.75	0	0	0	0
1624879436.5	750	27.347415	0.0	586466	115	0.75	0	0	0	0
1624879436.76	750	31.105056	0.0	640646	114	0.75	0	0	0	0
1624879436.97	750	34.903031	0.0	603976	101	0.75	0	0	0	0
1624879437.18	750	38.660545	0.0	579575	103	0.75	0	0	0	0
1624879437.4	750	42.457496	0.0	622523	107	0.75	0	0	0	0
1624879437.64	750	46.215363	0.0	590406	99	0.75	0	0	0	0
1624879437.89	750	49.972754	0.0	636852	102	0.75	0	0	0	0
1624879438.1	750	53.729365	0.0	619167	96	0.75	0	0	0	0
1624879438.32	750	57.527777	0.0	636453	117	0.75	0	0	0	0
1624879440.22	750	59.748008	0.0	637789	163	0.75	4.696	0	166	0
1624879444.49	750	59.535984	0.0	574537	101	0.75	8.696	0	406	60
1624879448.3	750	59.840863	0.0	595492	112	0.75	12.697	0	646	59.98500374906274
1624879452.07	750	59.902941	0.0	662075	119	0.75	16.696	0	886	60.0150037509377
1624879456.36	750	59.65	0.0	622438	115	0.75	20.697	0	1126	59.98500374906277
1624879460.16	750	59.9555	0.0	607166	156	0.75	24.697	0	1366	60
1624879464.02	750	59.974972	0.0	615645	206	0.75	28.698	0	1606	59.98500374906271
1624879468.34	750	59.714859	0.0	651954	116	0.75	32.698	0	1846	60
1624879472.15	750	59.734159	0.0	550774	125	0.75	36.698	0	2086	60
1624879476.48	750	59.483377	0.0	594579	131	0.75	40.698	0	2326	60
1624879480.26	750	59.787919	0.0	632394	121	0.75	44.699	0	2566	59.98500374906277
1624879484.53	750	59.528043	0.0	575968	121	0.75	48.714	0	2807	60.02490660024906
1624879488.31	750	59.831431	0.0	632851	132	0.75	52.714	0	3047	60
1624879492.11	750	59.85	0.0	604086	138	0.75	56.715	0	3287	59.98500374906266
1624879496.43	750	59.614167	0.0	712976	152	0.75	60.714	0	3527	60.01500375093781
1624879500.24	750	59.633522	0.0	581323	118	0.75	64.715	0	3767	59.98500374906266
1624879504.07	750	59.938661	0.0	729373	152	0.75	68.716	0	4007	59.98500374906288
1624879508.38	750	59.681718	0.0	670981	152	0.75	72.716	0	4247	60
1624879512.17	750	59.700688	0.0	621207	104	0.75	76.716	0	4487	60
1624879516.43	750	59.441307	0.0	579598	114	0.75	80.718	0	4727	59.97001499250361
1624879520.21	750	59.743688	0.0	558064	110	0.75	84.718	0	4967	60
1624879524.5	750	59.492816	0.0	609656	113	0.75	88.718	0	5207	60
1624879528.3	750	59.802386	0.0	599153	136	0.75	92.719	0	5447	59.98500374906288
1624879532.09	750	59.829519	0.0	574452	131	0.75	96.719	0	5687	60
1624879536.43	750	59.571962	0.0	605550	165	0.75	100.719	0	5927	60
1624879540.2	750	59.883334	0.0	601791	122	0.75	104.72	0	6167	59.98500374906266
1624879543.98	750	59.907742	0.0	627361	130	0.75	108.719	0	6407	60.01500375093781
1624879548.33	750	59.648541	0.0	623214	163	0.75	112.72	0	6647	59.98500374906266
1624879552.08	750	59.957052	0.0	648266	128	0.75	116.72	0	6887	60
1624879556.35	750	59.7	0.0	606947	92	0.75	120.72	0	7127	60
