1624873568.48	750	4	0.187	446149	100	-0.7991	0	0	0	0
1624873568.68	300	8	0.0	458211	77	-0.15000000000000002	0	0	0	0
1624873568.84	300	12	0.0	390124	71	0.3	0	0	0	0
1624873569.01	300	16	0.0	474461	76	0.3	0	0	0	0
1624873569.28	300	20	0.0	444309	68	0.3	0	0	0	0
1624873569.46	300	24	0.0	443120	85	0.3	0	0	0	0
1624873569.62	300	28	0.0	416509	58	0.3	0	0	0	0
1624873569.79	300	32	0.0	451355	78	0.3	0	0	0	0
1624873570.24	300	35.992342	0.0	417757	94	0.3	0	0	0	0
1624873570.43	300	39.503178	0.0	415350	75	0.3	0	0	0	0
1624873570.6	300	43.341223	0.0	433531	75	0.3	0	0	0	0
1624873570.77	300	47.178851	0.0	422916	75	0.3	0	0	0	0
1624873570.96	300	50.975351	0.0	459414	86	0.3	0	0	0	0
1624873571.13	300	54.813729	0.0	450936	83	0.3	0	0	0	0
1624873571.3	300	58.651767	0.0	439746	79	0.3	0	0	0	0
1624873574.52	300	59.73493	0.0	432189	70	0.3	5.217	0	114	0
1624873578.23	300	59.74381	0.0	396094	67	0.3	9.216	0	354	60.01500375093774
1624873582.46	300	59.495256	0.0	420942	70	0.3	13.217	0	594	59.98500374906271
1624873586.2	300	59.810559	0.0	477686	97	0.3	17.218	0	834	59.98500374906274
1624873590.43	300	59.551172	0.0	429484	84	0.3	21.231	0	1074	59.805631696984776
1624873594.15	300	59.856808	0.0	428693	77	0.3	25.232	0	1315	60.23494126468386
1624873598.38	300	59.878961	0.0	445526	86	0.3	29.232	0	1555	60
1624873602.14	300	59.900144	0.0	459785	88	0.3	33.232	0	1795	60
1624873606.36	300	59.644222	0.0	395717	71	0.3	37.232	0	2035	60
1624873610.1	300	59.953886	0.0	421854	82	0.3	41.233	0	2275	59.98500374906277
1624873614.34	300	59.693364	0.0	464457	88	0.3	45.234	0	2515	59.98500374906266
1624873618.57	300	59.436564	0.0	430202	81	0.3	49.235	0	2755	59.98500374906277
1624873622.28	300	59.738094	0.0	445549	67	0.3	53.235	0	2995	60
1624873626.49	300	59.483334	0.0	449734	74	0.3	57.235	0	3235	60
1624873630.23	300	59.821118	0.0	478634	87	0.3	61.237	0	3475	59.970014992503714
1624873634.45	300	59.552412	0.0	421756	77	0.3	65.237	0	3715	60.00000000000011
1624873638.23	300	59.896559	0.0	500580	120	0.3	69.238	0	3955	59.98500374906266
1624873642.47	300	59.636857	0.0	471259	103	0.3	73.238	0	4195	60
1624873646.18	300	59.988948	0.0	447061	40	0.3	77.239	0	4435	59.98500374906266
1624873650.4	300	59.737212	0.0	414676	71	0.3	81.239	0	4675	60
1624873654.62	300	59.476434	0.0	407398	35	0.3	85.239	0	4915	60
1624873658.34	300	59.795407	0.0	438602	77	0.3	89.239	0	5155	60
1624873662.56	300	59.535224	0.0	421192	79	0.3	93.242	0	5395	59.95503372470647
1624873666.29	300	59.837877	0.0	414269	93	0.3	97.24	0	5635	60.0300150075039
1624873670.53	300	59.58953	0.0	427172	70	0.3	101.24	0	5875	60
1624873674.27	300	59.903792	0.0	435036	64	0.3	105.241	0	6115	59.98500374906266
1624873678.5	300	59.648619	0.0	454750	79	0.3	109.241	0	6355	60
1624873682.22	300	59.967393	0.0	436843	97	0.3	113.24	0	6595	60.01500375093781
1624873686.45	300	59.709381	0.0	455439	79	0.3	117.241	0	6835	59.98500374906266
1624873690.65	300	59.463871	0.0	439643	70	0.3	121.241	0	7075	60
