1624878088.2	750	4	0.164	446149	72	-0.7001999999999999	0	0	0	0
1624878089.07	1850	7.866667	0.0	3302713	598	0.75	0	0	0	0
1624878089.76	1850	11.166667	0.0	2780269	499	1.85	0	0	0	0
1624878090.52	1850	14.433334	0.0	3138830	545	1.85	0	0	0	0
1624878091.32	1850	17.65	0.0	3252745	559	1.85	0	0	0	0
1624878092.13	1850	20.8	0.0	3175667	620	1.85	4.658	10	157	0
1624878092.97	1850	24	0.0	2962628	622	1.85	4.658	10	157	0
1624878094.0	1850	26.983334	0.0	3242545	785	1.85	4.658	10	157	0
1624878094.76	1850	30.183334	0.0	2999470	547	1.85	4.658	10	157	0
1624878095.49	1850	33.433334	0.0	2926075	526	1.85	4.658	10	157	0
1624878096.24	1850	36.75	0.0	3029009	507	1.85	8.698	33	400	54.45544554455446
1624878097.09	1850	39.85	0.0	3113599	603	1.85	8.698	33	400	54.45544554455446
1624878097.83	1850	43.133334	0.0	3116790	517	1.85	8.698	33	400	54.45544554455446
1624878098.58	1850	46.35	0.0	3132453	557	1.85	8.698	33	400	54.45544554455446
1624878099.34	1850	49.633334	0.0	2994095	528	1.85	8.698	33	400	54.45544554455446
1624878100.12	1850	52.866667	0.0	3154088	520	1.85	12.698	76	640	49.25
1624878100.76	1850	56.172259	0.0	2803553	463	1.85	12.698	76	640	49.25
1624878101.47	1850	59.45	0.0	3039477	522	1.85	12.698	76	640	49.25
1624878105.4	1850	59.596724	0.0	3356332	693	1.85	16.699	100	880	53.98650337415644
1624878109.25	1850	59.940382	0.0	3105690	585	1.85	20.698	103	1120	59.26481620405103
1624878113.02	1850	59.953639	0.0	3008856	554	1.85	24.699	106	1360	59.23519120219943
1624878117.34	1850	59.687536	0.0	3066869	572	1.85	28.699	109	1600	59.25
1624878121.64	1850	59.466667	0.0	3178549	549	1.85	32.7	112	1840	59.23519120219943
1624878125.33	1850	59.786183	0.0	2577778	444	1.85	36.7	113	2080	59.75
1624878129.1	1850	59.82391	0.0	2819145	500	1.85	40.701	121	2320	57.98550362409401
1624878133.39	1850	59.604599	0.0	3037564	545	1.85	44.701	124	2560	59.25
1624878137.18	1850	59.91955	0.0	2852411	585	1.85	48.701	125	2800	59.75
1624878140.96	1850	59.943618	0.0	3004818	540	1.85	52.701	126	3040	59.75
1624878145.18	1850	59.973776	0.0	2930516	484	1.85	56.701	129	3280	59.25
1624878149.59	1850	59.437618	0.0	3381885	649	1.85	60.701	131	3520	59.5
1624878153.5	1850	59.462165	0.0	2812661	663	1.85	64.702	133	3760	59.48512871782058
1624878157.4	1850	59.772487	0.0	3529340	634	1.85	68.702	135	4000	59.5
1624878161.19	1850	59.808129	0.0	3274615	579	1.85	72.703	138	4240	59.23519120219938
1624878165.5	1850	59.517035	0.0	3020205	527	1.85	76.702	150	4480	57.014253563390916
1624878169.31	1850	59.821724	0.0	3084353	540	1.85	80.703	155	4720	58.73531617095719
1624878173.12	1850	59.8473	0.0	2743535	612	1.85	84.703	156	4960	59.75
1624878177.41	1850	59.58984	0.0	3049078	528	1.85	88.704	161	5200	58.7353161709574
1624878181.1	1850	59.904697	0.0	2866070	494	1.85	92.703	162	5440	59.76494123530868
1624878185.35	1850	59.602805	0.0	2786310	520	1.85	96.704	166	5680	58.985253686578496
1624878189.07	1850	59.9148	0.0	2886749	517	1.85	100.704	167	5920	59.75
1624878193.44	1850	59.653389	0.0	2928463	571	1.85	104.704	172	6160	58.75
1624878197.42	1850	59.638088	0.0	3115560	651	1.85	108.705	192	6400	54.98625343664077
1624878201.26	1850	59.667066	0.0	3008634	568	1.85	112.705	194	6640	59.5
1624878205.01	1850	59.973421	0.0	3111850	568	1.85	116.705	196	6880	59.5
1624878209.26	1850	59.708207	0.0	2982399	569	1.85	120.706	197	7120	59.73506623344157
