1624881596.73	750	4	0.172	447032	88	-0.7346	0	0	0	0
1624881597.13	1200	8	0.0	1081855	238	0.75	0	0	0	0
1624881597.46	1200	12	0.0	909590	237	1.2	0	0	0	0
1624881597.78	1200	16	0.0	1064785	209	1.2	0	0	0	0
1624881598.07	1200	20	0.0	1068330	182	1.2	0	0	0	0
1624881598.38	1200	23.915302	0.0	1091906	195	1.2	0	0	0	0
1624881598.73	1200	27.593194	0.0	989621	206	1.2	0	0	0	0
1624881599.1	1200	31.229825	0.0	1120373	209	1.2	0	0	0	0
1624881599.51	1200	34.787033	0.0	1096122	253	1.2	0	0	0	0
1624881599.85	1200	38.463062	0.0	1088831	224	1.2	0	0	0	0
1624881600.38	1200	42.100338	0.0	1080940	223	1.2	5.253	0	52	0
1624881600.74	1200	45.575202	0.0	1075422	205	1.2	5.253	0	52	0
1624881601.06	1200	49.212931	0.0	1146374	214	1.2	5.253	0	52	0
1624881601.42	1200	52.890469	0.0	1146930	232	1.2	5.253	0	52	0
1624881601.72	1200	56.566707	0.0	1066542	180	1.2	5.253	0	52	0
1624881602.57	1200	59.757113	0.0	1056887	190	1.2	5.253	0	52	0
1624881606.91	1200	59.514478	0.0	990369	157	1.2	9.253	1	173	30
1624881610.79	1200	59.559179	0.0	1015471	219	1.2	13.253	1	293	30
1624881614.67	1200	59.882405	0.0	1173982	209	1.2	17.253	1	412	29.75
1624881618.52	1200	59.906756	0.0	1058624	176	1.2	21.253	1	533	30.25
1624881622.87	1200	59.646877	0.0	1046861	190	1.2	25.254	1	653	29.992501874531357
1624881626.75	1200	59.662909	0.0	1048437	200	1.2	29.254	1	773	30
1624881630.63	1200	59.701165	0.0	1152505	199	1.2	33.255	1	893	29.992501874531357
1624881634.95	1200	59.428203	0.0	877099	159	1.2	37.267	1	1013	29.910269192422728
1624881638.79	1200	59.752148	0.0	968042	162	1.2	41.256	1	1133	30.082727500626746
1624881642.65	1200	59.772228	0.0	1064114	189	1.2	45.262	1	1253	29.955067398901647
1624881646.49	1200	59.823027	0.0	1005764	180	1.2	49.256	1	1373	30.045067601402106
1624881650.85	1200	59.582526	0.0	1078959	185	1.2	53.257	1	1493	29.992501874531385
1624881654.69	1200	59.635908	0.0	1074526	176	1.2	57.258	1	1613	29.99250187453133
1624881658.57	1200	59.948648	0.0	1231303	198	1.2	61.258	1	1733	30
1624881662.4	1200	59.987817	0.0	960890	171	1.2	65.259	1	1853	29.992501874531385
1624881666.77	1200	59.74172	0.0	1183904	218	1.2	69.258	1	1973	30.007501875468904
1624881670.65	1200	59.807458	0.0	1065257	188	1.2	73.259	1	2093	29.99250187453133
1624881674.61	1200	59.867624	0.0	1108615	167	1.2	77.259	1	2213	30
1624881678.46	1200	59.907396	0.0	1113738	210	1.2	81.259	1	2333	30
1624881682.82	1200	59.684847	0.0	981548	202	1.2	85.259	1	2453	30
1624881686.71	1200	59.703687	0.0	1067644	190	1.2	89.26	1	2573	29.99250187453133
1624881690.58	1200	59.743992	0.0	1068520	185	1.2	93.259	1	2693	30.007501875468904
1624881694.88	1200	59.483685	0.0	946116	548	1.2	97.26	1	2813	29.99250187453133
1624881698.76	1200	59.800366	0.0	1041444	183	1.2	101.26	1	2933	30
1624881703.7	1200	59.802801	0.0	1033147	195	1.2	105.26	1	3053	30
1624881706.6	1200	59.983599	0.0	1043384	238	1.2	109.26	3	3173	29.5
