1624877285.3	750	4	0.216	446149	113	-0.9238	0	0	0	0
1624877286.83	2850	8	0.0	5338027	1102	0.75	0	0	0	0
1624877287.93	2850	11.066667	0.0	4485847	870	2.85	0	0	0	0
1624877289.08	2850	13.916667	0.0	5004689	905	2.85	5.33	4	97	0
1624877290.23	2850	16.783334	0.0	5182650	847	2.85	5.33	4	97	0
1624877291.45	2850	19.566667	0.0	5173280	978	2.85	5.33	4	97	0
1624877292.7	2850	22.383334	0.0	4880493	919	2.85	9.331	41	336	50.487378155461144
1624877294.04	2850	25.066667	0.0	5406574	982	2.85	9.331	41	336	50.487378155461144
1624877295.18	2850	27.85	0.0	4844720	838	2.85	9.331	41	336	50.487378155461144
1624877296.31	2850	30.7	0.0	4832207	868	2.85	9.331	41	336	50.487378155461144
1624877297.54	2850	33.516667	0.0	4887638	914	2.85	13.332	83	577	49.73756560859783
1624877298.67	2850	36.416667	0.0	4995664	769	2.85	13.332	83	577	49.73756560859783
