1624879202.77	750	4	0.172	446149	56	-0.7346	0	0	0	0
1624879203.11	750	8	0.0	657276	99	0.75	0	0	0	0
1624879203.28	750	12	0.0	531142	87	0.75	0	0	0	0
1624879203.51	750	16	0.0	641782	81	0.75	0	0	0	0
1624879203.73	750	20	0.0	655328	115	0.75	0	0	0	0
1624879204.03	750	24	0.0	643029	184	0.75	0	0	0	0
1624879204.29	750	27.995997	0.0	586466	113	0.75	0	0	0	0
1624879204.77	750	31.471536	0.0	640646	114	0.75	0	0	0	0
1624879205.01	750	35.229757	0.0	603976	128	0.75	0	0	0	0
1624879205.26	750	38.988068	0.0	579575	116	0.75	0	0	0	0
1624879205.48	750	42.784901	0.0	622523	121	0.75	0	0	0	0
1624879205.7	750	46.543121	0.0	590406	120	0.75	0	0	0	0
1624879205.94	750	50.300866	0.0	636852	141	0.75	0	0	0	0
1624879206.36	750	53.897482	0.0	619167	152	0.75	5.468	0	115	0
1624879206.59	750	57.65561	0.0	636453	115	0.75	5.468	0	115	0
1624879208.83	750	59.471816	0.0	637789	117	0.75	5.468	0	115	0
1624879212.6	750	59.781523	0.0	574537	111	0.75	9.468	1	355	59.75
1624879216.94	750	59.527536	0.0	595492	147	0.75	13.477	1	596	60.11474183088051
1624879220.78	750	59.552434	0.0	662075	159	0.75	17.478	1	836	59.98500374906271
1624879224.59	750	59.867421	0.0	622438	118	0.75	21.478	1	1076	60
1624879228.89	750	59.617198	0.0	607166	124	0.75	25.478	1	1316	60
1624879232.68	750	59.686337	0.0	615645	108	0.75	29.478	1	1556	60
1624879236.5	750	59.983494	0.0	651954	120	0.75	33.479	1	1796	59.98500374906277
1624879240.75	750	59.728691	0.0	550774	98	0.75	37.479	1	2036	60
1624879244.54	750	59.755157	0.0	594579	117	0.75	41.48	1	2276	59.98500374906277
1624879248.82	750	59.496535	0.0	632394	109	0.75	45.48	1	2516	60
1624879252.58	750	59.795146	0.0	575968	94	0.75	49.48	1	2756	60
1624879256.86	750	59.568437	0.0	632851	113	0.75	53.48	1	2996	60
1624879260.6	750	59.918647	0.0	604086	104	0.75	57.481	1	3236	59.98500374906266
1624879264.43	750	59.947843	0.0	712976	135	0.75	61.481	1	3476	60
1624879268.75	750	59.689406	0.0	581323	120	0.75	65.481	1	3716	60.00000000000011
1624879272.6	750	59.716686	0.0	729373	123	0.75	69.481	1	3956	60
1624879276.87	750	59.451976	0.0	670981	114	0.75	73.482	1	4196	59.98500374906266
1624879280.62	750	59.765027	0.0	621207	118	0.75	77.482	1	4436	60
1624879284.86	750	59.514218	0.0	579598	104	0.75	81.487	1	4676	59.92509363295887
1624879288.63	750	59.823962	0.0	558064	114	0.75	85.488	1	4916	59.98500374906266
1624879292.91	750	59.559757	0.0	609656	119	0.75	89.488	1	5156	60
1624879296.68	750	59.864046	0.0	599153	124	0.75	93.488	1	5396	60
1624879300.46	750	59.889344	0.0	574452	107	0.75	97.489	1	5636	59.98500374906266
1624879304.74	750	59.630962	0.0	605550	124	0.75	101.49	1	5876	59.98500374906288
1624879308.54	750	59.940298	0.0	601791	131	0.75	105.49	1	6116	60
1624879312.37	750	59.961551	0.0	627361	139	0.75	109.49	1	6356	60
1624879316.67	750	59.703298	0.0	623214	120	0.75	113.491	1	6596	59.98500374906266
1624879320.94	750	59.446927	0.0	648266	118	0.75	117.49	1	6836	60.01500375093781
1624879324.69	750	59.753151	0.0	606947	96	0.75	121.49	1	7076	60
