1624882530.53	750	4	0.211	447032	76	-0.9023	0	0	0	0
1624882531.11	750	8	0.0	437784	68	0.75	0	0	0	0
1624882531.24	750	12	0.0	358478	59	0.75	0	0	0	0
1624882531.41	750	16	0.0	433110	77	0.75	0	0	0	0
1624882531.59	750	20	0.0	425284	68	0.75	0	0	0	0
1624882531.76	750	24	0.0	428114	71	0.75	0	0	0	0
1624882532.0	750	27.957129	0.0	387287	103	0.75	0	0	0	0
1624882532.19	750	31.755308	0.0	435324	78	0.75	0	0	0	0
1624882532.39	750	35.553652	0.0	447048	96	0.75	0	0	0	0
1624882532.58	750	39.35121	0.0	446405	92	0.75	0	0	0	0
1624882532.8	750	43.149747	0.0	423631	112	0.75	0	0	0	0
1624882533.1	750	46.826089	0.0	416730	141	0.75	0	0	0	0
1624882533.36	750	50.58381	0.0	471953	116	0.75	0	0	0	0
1624882533.55	750	54.382313	0.0	453536	96	0.75	0	0	0	0
1624882533.86	750	58.100355	0.0	420588	202	0.75	5.384	0	53	0
1624882536.56	750	59.472556	0.0	420917	65	0.75	5.384	0	53	0
1624882540.32	750	59.78072	0.0	392428	52	0.75	9.383	0	173	30.007501875468876
1624882544.55	750	59.569812	0.0	400748	65	0.75	13.383	0	293	30
1624882548.27	750	59.89124	0.0	471072	96	0.75	17.384	0	413	29.992501874531357
1624882552.46	750	59.723571	0.0	425923	76	0.75	21.384	0	533	30
1624882556.71	750	59.461386	0.0	419792	71	0.75	25.384	0	653	30
1624882560.49	750	59.759538	0.0	429429	78	0.75	29.384	0	773	30
1624882564.21	750	59.782817	0.0	461232	86	0.75	33.384	0	893	30
1624882568.43	750	59.52899	0.0	382848	79	0.75	37.384	0	1013	30
1624882572.24	750	59.840672	0.0	375227	63	0.75	41.385	0	1133	29.992501874531385
1624882576.44	750	59.575532	0.0	437258	67	0.75	45.385	0	1253	30
1624882580.17	750	59.877584	0.0	419071	75	0.75	49.385	0	1373	30
1624882584.48	750	59.622487	0.0	449162	151	0.75	53.385	0	1493	30
1624882588.19	750	59.937857	0.0	447732	91	0.75	57.386	0	1613	29.99250187453133
1624882592.42	750	59.666667	0.0	488806	58	0.75	61.386	0	1733	30
1624882596.14	750	59.975082	0.0	389747	87	0.75	65.387	0	1853	29.992501874531385
1624882600.42	750	59.718193	0.0	485582	67	0.75	69.392	0	1973	29.962546816479435
1624882604.68	750	59.46178	0.0	430276	67	0.75	73.392	0	2093	30
1624882608.45	750	59.770155	0.0	435590	68	0.75	77.392	0	2213	30
1624882612.18	750	59.806349	0.0	459331	83	0.75	81.393	0	2333	29.99250187453133
1624882616.39	750	59.819028	0.0	381587	71	0.75	85.393	0	2453	30
1624882620.09	750	59.885833	0.0	424399	85	0.75	89.393	0	2573	30
1624882624.29	750	59.906741	0.0	436743	78	0.75	93.393	0	2693	30
1624882628.55	750	59.647924	0.0	385692	70	0.75	97.406	0	2814	30.152005980563132
1624882632.3	750	59.674236	0.0	424746	67	0.75	101.407	0	2934	29.99250187453144
1624882636.51	750	59.459841	0.0	407135	72	0.75	105.406	0	3054	30.007501875468797
1624882640.24	750	59.759343	0.0	427720	76	0.75	109.407	0	3174	29.99250187453144
1624882644.43	750	59.775071	0.0	427353	78	0.75	113.407	0	3294	30
1624882648.18	750	59.811616	0.0	418534	94	0.75	117.408	0	3414	29.99250187453133
1624882652.41	750	59.553671	0.0	421343	92	0.75	121.407	0	3534	30.007501875468904
