1624877786.79	750	4	0.223	446149	116	-0.9539	0	0	0	0
1624877787.65	1850	8	0.0	3302713	610	0.75	0	0	0	0
1624877788.32	1850	12	0.0	2780269	480	1.85	0	0	0	0
1624877789.05	1850	15.516667	0.0	3138830	515	1.85	0	0	0	0
1624877789.8	1850	18.766667	0.0	3252745	549	1.85	0	0	0	0
1624877790.56	1850	22	0.0	3175667	523	1.85	5.462	4	89	0
1624877791.24	1850	25.3	0.0	2962628	509	1.85	5.462	4	89	0
1624877792.01	1850	28.55	0.0	3242545	562	1.85	5.462	4	89	0
1624877792.76	1850	31.85	0.0	2999470	503	1.85	5.462	4	89	0
1624877793.48	1850	35.1	0.0	2926075	485	1.85	5.462	4	89	0
1624877794.19	1850	38.366667	0.0	3029009	498	1.85	9.462	29	329	53.75
1624877794.91	1850	41.633334	0.0	3113599	534	1.85	9.462	29	329	53.75
1624877795.79	1850	44.816667	0.0	3116790	631	1.85	9.462	29	329	53.75
1624877796.64	1850	47.933334	0.0	3132453	612	1.85	9.462	29	329	53.75
1624877797.37	1850	51.2	0.0	2994095	482	1.85	9.462	29	329	53.75
1624877798.14	1850	54.416667	0.0	3154088	559	1.85	13.461	53	569	54.01350337584395
1624877798.86	1850	57.7	0.0	2803553	501	1.85	13.461	53	569	54.01350337584395
1624877801.11	1850	59.558662	0.0	3039477	521	1.85	13.461	53	569	54.01350337584395
