1624880371.31	750	4	0.205	447032	72	-0.8765	0	0	0	0
1624880372.45	2850	8	0.0	3731877	676	0.75	0	0	0	0
1624880373.41	2850	12	0.0	2988743	608	2.85	0	0	0	0
1624880374.29	2850	15.190502	0.0	3344033	630	2.85	0	0	0	0
1624880375.34	2850	18.100574	0.0	3588671	834	2.85	5.282	0	35	0
1624880376.24	2850	21.214303	0.0	3516436	671	2.85	5.282	0	35	0
1624880377.16	2850	24.285034	0.0	3520561	695	2.85	5.282	0	35	0
1624880378.19	2850	27.3	0.0	3787958	792	2.85	5.282	0	35	0
1624880379.12	2850	30.366667	0.0	3482140	675	2.85	9.28	17	155	25.762881440720363
1624880380.09	2850	33.367566	0.0	3620909	731	2.85	9.28	17	155	25.762881440720363
1624880381.04	2850	36.4	0.0	3578596	726	2.85	9.28	17	155	25.762881440720363
1624880381.97	2850	39.470322	0.0	3430213	726	2.85	9.28	17	155	25.762881440720363
1624880383.11	2850	42.366667	0.0	3873343	880	2.85	13.281	18	275	29.742564358910265
