1624874035.83	750	4	0.215	447032	117	-0.9195	0	0	0	0
1624874036.93	2850	8	0.0	3731877	783	0.75	0	0	0	0
1624874037.75	2850	11.579932	0.0	2988743	618	2.85	0	0	0	0
1624874038.65	2850	14.690888	0.0	3344033	698	2.85	0	0	0	0
1624874039.93	2850	17.438059	0.0	3588671	1031	2.85	5.256	0	53	0
1624874040.92	2850	20.428559	0.0	3516436	773	2.85	5.256	0	53	0
1624874042.04	2850	23.433334	0.0	3520561	878	2.85	5.256	0	53	0
1624874043.36	2850	25.966667	0.0	3787958	1058	2.85	9.255	32	173	22.005501375343833
1624874044.57	2850	28.836372	0.0	3482140	895	2.85	9.255	32	173	22.005501375343833
1624874045.7	2850	31.733334	0.0	3620909	774	2.85	9.255	32	173	22.005501375343833
1624874046.69	2850	34.655753	0.0	3578596	746	2.85	9.255	32	173	22.005501375343833
1624874047.66	2850	37.686658	0.0	3430213	759	2.85	13.255	33	293	29.75
1624874048.63	2850	40.7	0.0	3873343	750	2.85	13.255	33	293	29.75
1624874049.92	2850	43.533334	0.0	4055051	924	2.85	13.255	33	293	29.75
1624874050.96	2850	46.4	0.0	3383484	730	2.85	13.255	33	293	29.75
1624874052.31	2850	49.019407	0.0	3439708	1005	2.85	17.305	35	414	29.382716049382722
