1624874567.37	750	4	0.246	447032	120	-1.0528	0	0	0	0
1624874567.99	1850	8	0.0	2254830	420	0.75	0	0	0	0
1624874568.46	1850	12	0.0	1837501	317	1.85	0	0	0	0
1624874569.01	1850	15.873389	0.0	2108748	394	1.85	0	0	0	0
1624874569.56	1850	19.308836	0.0	2229492	391	1.85	0	0	0	0
1624874570.1	1850	22.783643	0.0	2078237	361	1.85	0	0	0	0
1624874570.69	1850	26.177917	0.0	2030644	406	1.85	5.443	0	52	0
1624874571.29	1850	29.573623	0.0	2298831	429	1.85	5.443	0	52	0
1624874571.89	1850	33.008104	0.0	2164964	404	1.85	5.443	0	52	0
1624874572.46	1850	36.40154	0.0	2175479	405	1.85	5.443	0	52	0
1624874573.24	1850	39.630403	0.0	2156805	581	1.85	5.443	0	52	0
1624874573.89	1850	42.983456	0.0	2101523	447	1.85	5.443	0	52	0
1624874574.49	1850	46.376188	0.0	2344608	424	1.85	5.443	0	52	0
1624874575.23	1850	49.647734	0.0	2334646	569	1.85	9.442	1	172	29.757439359839957
1624874575.81	1850	53.081237	0.0	2109579	409	1.85	9.442	1	172	29.757439359839957
1624874576.34	1850	56.517067	0.0	2097243	364	1.85	9.442	1	172	29.757439359839957
1624874576.87	1850	59.991398	0.0	2054074	384	1.85	9.442	1	172	29.757439359839957
1624874581.51	1850	59.579801	0.0	2079344	412	1.85	13.442	1	292	30
1624874585.22	1850	59.892856	0.0	2353718	398	1.85	17.444	1	412	29.98500749625188
1624874589.13	1850	59.937356	0.0	2119053	526	1.85	21.443	1	532	30.00750187546885
1624874593.47	1850	59.998705	0.0	2145449	402	1.85	25.446	3	653	29.727704221833623
