1624871492.52	750	4	0.188	446149	78	-0.8034	0	0	0	0
1624871493.53	1850	8	0.0	3302713	671	0.75	0	0	0	0
1624871494.26	1850	11.75	0.0	2780269	531	1.85	0	0	0	0
1624871495.02	1850	15.016667	0.0	3138830	535	1.85	0	0	0	0
1624871495.78	1850	18.25	0.0	3252745	549	1.85	5.666	3	101	0
1624871496.51	1850	21.516667	0.0	3175667	536	1.85	5.666	3	101	0
1624871497.22	1850	24.8	0.0	2962628	524	1.85	5.666	3	101	0
1624871498.0	1850	28.066667	0.0	3242545	535	1.85	5.666	3	101	0
1624871498.75	1850	31.316667	0.0	2999470	517	1.85	5.666	3	101	0
1624871499.51	1850	34.533334	0.0	2926075	529	1.85	5.666	3	101	0
1624871500.2	1850	37.816667	0.0	3029009	500	1.85	9.665	42	341	50.26256564141037
1624871500.97	1850	41.083334	0.0	3113599	533	1.85	9.665	42	341	50.26256564141037
1624871501.91	1850	44.25	0.0	3116790	572	1.85	9.665	42	341	50.26256564141037
1624871502.67	1850	47.366667	0.0	3132453	542	1.85	9.665	42	341	50.26256564141037
1624871503.37	1850	50.666667	0.0	2994095	504	1.85	9.665	42	341	50.26256564141037
1624871504.15	1850	53.9	0.0	3154088	567	1.85	13.666	62	581	54.98625343664082
1624871504.85	1850	57.166667	0.0	2803553	498	1.85	13.666	62	581	54.98625343664082
1624871506.65	1850	59.547967	0.0	3039477	554	1.85	13.666	62	581	54.98625343664082
1624871510.52	1850	59.585763	0.0	3356332	629	1.85	17.665	94	821	52.013003250812716
1624871514.34	1850	59.904765	0.0	3105690	590	1.85	21.665	97	1061	59.25
1624871518.26	1850	59.973832	0.0	3008856	636	1.85	25.666	100	1301	59.23519120219943
1624871522.67	1850	59.474885	0.0	3066869	579	1.85	29.666	104	1541	59
1624871526.54	1850	59.50606	0.0	3178549	604	1.85	33.667	106	1781	59.48512871782053
1624871530.24	1850	59.784602	0.0	2577778	491	1.85	37.666	107	2021	59.764941235308896
1624871534.5	1850	59.533334	0.0	2819145	509	1.85	41.667	115	2261	57.98550362409391
1624871538.72	1850	59.465417	0.0	3037564	512	1.85	45.696	118	2475	52.37031521469352
1624871542.45	1850	59.770159	0.0	2852411	513	1.85	49.691	202	2742	45.80725907384225
1624871546.33	1850	59.81074	0.0	3004818	584	1.85	53.692	207	2982	58.7353161709573
1624871550.61	1850	59.563731	0.0	2930516	528	1.85	57.693	209	3222	59.48512871782058
1624871554.5	1850	59.602271	0.0	3381885	628	1.85	61.692	211	3462	59.514878719679885
1624871558.33	1850	59.883509	0.0	2812661	510	1.85	65.692	219	3702	58.00000000000011
1624871562.38	1850	59.912073	0.0	3529340	618	1.85	69.695	225	3943	58.705970522108416
1624871566.75	1850	59.7	0.0	3274615	634	1.85	73.696	231	4183	58.4853786553361
1624871570.43	1850	59.729113	0.0	3020205	620	1.85	77.695	236	4423	58.76469117279327
