1624878322.36	750	4	0.194	446149	87	-0.8291999999999999	0	0	0	0
1624878322.88	1200	8	0.0	1737810	287	0.75	0	0	0	0
1624878323.29	1200	12	0.0	1497975	213	1.2	0	0	0	0
1624878323.77	1200	16	0.0	1711143	343	1.2	0	0	0	0
1624878324.28	1200	20	0.0	1733770	360	1.2	0	0	0	0
1624878324.78	1200	23.511962	0.0	1749315	356	1.2	0	0	0	0
1624878325.25	1200	27.068186	0.0	1603603	328	1.2	0	0	0	0
1624878325.73	1200	30.581816	0.0	1702216	329	1.2	5.174	0	81	0
1624878326.57	1200	33.733566	0.0	1641950	531	1.2	5.174	0	81	0
1624878327.01	1200	37.3	0.0	1559808	259	1.2	5.174	0	81	0
1624878327.44	1200	40.846651	0.0	1622647	280	1.2	5.174	0	81	0
1624878328.01	1200	44.3	0.0	1630019	387	1.2	5.174	0	81	0
1624878328.47	1200	47.833842	0.0	1658562	306	1.2	5.174	0	81	0
1624878328.93	1200	51.388893	0.0	1669221	286	1.2	5.174	0	81	0
1624878329.41	1200	54.916667	0.0	1636310	268	1.2	5.174	0	81	0
1624878329.87	1200	58.45769	0.0	1732283	272	1.2	9.179	5	321	58.67665418227216
1624878332.82	1200	59.545423	0.0	1511913	262	1.2	9.179	5	321	58.67665418227216
1624878336.81	1200	59.570486	0.0	1593050	318	1.2	13.179	6	561	59.75
1624878340.83	1200	59.607328	0.0	1818927	333	1.2	17.18	6	801	59.98500374906274
1624878344.82	1200	59.63045	0.0	1667234	309	1.2	21.18	6	1041	60
1624878348.93	1200	59.66415	0.0	1633180	287	1.2	25.179	8	1281	59.514878719679935
1624878352.51	1200	59.981338	0.0	1663787	351	1.2	29.18	9	1521	59.73506623344162
1624878357.08	1200	59.448644	0.0	1674035	304	1.2	33.18	9	1761	60
1624878360.65	1200	59.784353	0.0	1460813	341	1.2	37.18	12	2001	59.25
1624878364.79	1200	59.591891	0.0	1541638	315	1.2	41.222	23	2244	57.397328055418086
1624878368.83	1200	59.666667	0.0	1680082	333	1.2	45.188	29	2482	58.49722642460916
1624878372.42	1200	59.986591	0.0	1542551	280	1.2	49.181	30	2721	59.60430753819191
1624878376.75	1200	59.831155	0.0	1603186	269	1.2	53.183	33	2962	59.47026486756618
1624878380.89	1200	59.581324	0.0	1611597	367	1.2	57.182	39	3201	58.26456614153535
