1624880965.78	750	4	0.19	447032	90	-0.8119999999999999	0	0	0	0
1624880966.47	1850	8	0.0	2254830	435	0.75	0	0	0	0
1624880966.96	1850	12	0.0	1837501	355	1.85	0	0	0	0
1624880967.55	1850	15.714815	0.0	2108748	429	1.85	0	0	0	0
1624880968.13	1850	19.149742	0.0	2229492	413	1.85	0	0	0	0
1624880968.67	1850	22.625245	0.0	2078237	384	1.85	0	0	0	0
1624880969.4	1850	25.900041	0.0	2030644	575	1.85	5.282	0	51	0
1624880970.01	1850	29.293946	0.0	2298831	428	1.85	5.282	0	51	0
1624880970.58	1850	32.720203	0.0	2164964	390	1.85	5.282	0	51	0
1624880971.2	1850	36.075532	0.0	2175479	421	1.85	5.282	0	51	0
1624880971.77	1850	39.511034	0.0	2156805	381	1.85	5.282	0	51	0
1624880972.38	1850	42.904315	0.0	2101523	429	1.85	5.282	0	51	0
1624880973.26	1850	46.012693	0.0	2344608	661	1.85	9.281	0	171	30.00750187546886
1624880973.96	1850	49.325791	0.0	2334646	474	1.85	9.281	0	171	30.00750187546886
1624880975.03	1850	52.318993	0.0	2109579	807	1.85	9.281	0	171	30.00750187546886
1624880975.61	1850	55.671685	0.0	2097243	346	1.85	9.281	0	171	30.00750187546886
1624880976.15	1850	59.147055	0.0	2054074	377	1.85	9.281	0	171	30.00750187546886
1624880979.78	1850	59.548829	0.0	2079344	389	1.85	13.281	0	291	30
1624880983.44	1850	59.867216	0.0	2353718	448	1.85	17.281	0	411	30.000000000000014
1624880987.61	1850	59.886412	0.0	2119053	447	1.85	21.284	0	531	29.977516862353234
1624880991.81	1850	59.659793	0.0	2145449	492	1.85	25.285	0	651	29.992501874531357
1624880996.56	1850	59.454025	0.0	2087310	483	1.85	29.285	0	771	30
1624880999.64	1850	59.879039	0.0	2348666	471	1.85	33.287	0	891	29.98500749625188
1624881003.99	1850	59.629987	0.0	1801794	347	1.85	37.286	3	1011	29.25731432858213
1624881007.73	1850	59.802129	0.0	1864524	339	1.85	41.293	3	1131	29.94759171449964
