1624880500.84	750	4	0.277	447032	170	-1.1860999999999997	0	0	0	0
1624880508.0	2850	4.360877	2.304	3731877	6798	-9.1572	5.135	0	61	0
1624880509.77	2850	6.633334	0.0	2988743	1543	2.85	9.158	0	112	12.67710663683818
1624880511.54	2850	8.806912	0.0	3344033	1510	2.85	9.158	0	112	12.67710663683818
1624880520.61	2850	4.286707	0.563	3588671	8837	0.42910000000000004	21.177	44	472	29.742564358910265
1624880522.07	2850	8	0.0	3516436	1232	2.85	21.177	44	472	29.742564358910265
1624880525.59	2850	8.133334	0.0	3520561	3040	2.85	25.177	110	546	2
1624880527.65	2850	9.216329	0.0	3787958	1616	2.85	25.177	110	546	2
1624880528.83	2850	12.046687	0.0	3482140	937	2.85	29.177	235	697	6.5
1624880530.37	2850	14.513217	0.0	3620909	1323	2.85	29.177	235	697	6.5
1624880531.94	2850	16.940087	0.0	3578596	1325	2.85	29.177	235	697	6.5
1624880533.35	2850	19.524604	0.0	3430213	1185	2.85	33.178	235	817	29.992501874531385
1624880535.44	2850	21.5	0.0	3873343	1789	2.85	33.178	235	817	29.992501874531385
1624880537.86	2850	23.033334	0.0	4055051	2138	2.85	37.179	237	937	29.49262684328914
1624880540.08	2850	25.055808	0.0	3383484	1734	2.85	37.179	237	937	29.49262684328914
1624880541.67	2850	27.198502	0.0	3439708	1379	2.85	41.224	238	1058	29.666254635352328
1624880543.29	2850	29.622271	0.0	3270011	1331	2.85	41.224	238	1058	29.666254635352328
1624880545.22	2850	31.646138	0.0	3397053	1668	2.85	45.224	238	1178	30
1624880548.02	2850	33	0.0	3855639	2398	2.85	45.224	238	1178	30
1624880549.79	2850	35.079992	0.0	3553518	1532	2.85	49.225	240	1298	29.49262684328914
1624880552.01	2850	36.873524	0.0	3560530	1956	2.85	49.225	240	1298	29.49262684328914
1624880553.64	2850	39.233334	0.0	3529545	1395	2.85	53.225	240	1418	30
1624880555.22	2850	41.643263	0.0	3944215	1285	2.85	53.225	240	1418	30
1624880556.33	2850	44.566667	0.0	2874206	808	2.85	57.228	240	1539	30.227329502872845
1624880557.34	2850	47.566667	0.0	3298545	731	2.85	57.228	240	1539	30.227329502872845
1624880558.38	2850	50.491384	0.0	3406141	780	2.85	57.228	240	1539	30.227329502872845
1624880559.16	2850	53.725005	0.0	3134119	585	2.85	57.228	240	1539	30.227329502872845
1624880560.1	2850	56.756206	0.0	3769859	738	2.85	57.228	240	1539	30.227329502872845
1624880561.01	2850	59.863359	0.0	3566857	684	2.85	61.239	241	1659	29.668411867364778
1624880565.18	2850	59.821404	0.0	3935536	872	2.85	65.239	241	1779	29.999999999999947
1624880569.19	2850	59.863079	0.0	3251953	656	2.85	69.24	241	1899	29.99250187453144
1624880573.27	2850	59.612036	0.0	3744840	760	2.85	73.24	241	2019	30
1624880577.95	2850	59.7	0.0	3455854	693	2.85	77.248	241	2139	29.940119760478968
1624880581.31	2850	59.60465	0.0	3548731	651	2.85	81.252	260	2259	25.224775224775282
1624880585.1	2850	59.920907	0.0	3573884	747	2.85	85.244	260	2379	30.060120240480927
1624880588.97	2850	59.959839	0.0	3124748	557	2.85	89.242	260	2499	30.015007503751843
1624880593.49	2850	59.639151	0.0	3671669	841	2.85	93.325	268	2621	27.920646583394575
1624880597.24	2850	59.860044	0.0	3397624	837	2.85	97.242	270	2739	29.614500893540963
1624880601.16	2850	59.888863	0.0	3070410	553	2.85	101.242	271	2859	29.75
1624880605.52	2850	59.68074	0.0	3480718	782	2.85	105.246	299	2979	22.97702297702303
1624880609.57	2850	59.461418	0.0	3396325	616	2.85	109.243	301	3099	29.522141606204656
1624880613.93	2850	59.828599	0.0	3538812	738	2.85	113.244	304	3219	29.24268932766805
