1624877918.89	750	4	0.191	446149	95	-0.8162999999999999	0	0	0	0
1624877919.72	1850	8	0.0	3302713	556	0.75	0	0	0	0
1624877920.39	1850	12	0.0	2780269	467	1.85	0	0	0	0
1624877921.16	1850	15.267522	0.0	3138830	598	1.85	0	0	0	0
1624877921.95	1850	18.5	0.0	3252745	586	1.85	0	0	0	0
1624877922.66	1850	21.783334	0.0	3175667	515	1.85	5.083	4	110	0
1624877923.35	1850	25.086032	0.0	2962628	502	1.85	5.083	4	110	0
1624877924.15	1850	28.333334	0.0	3242545	559	1.85	5.083	4	110	0
1624877924.9	1850	31.55	0.0	2999470	546	1.85	5.083	4	110	0
1624877925.69	1850	34.8	0.0	2926075	529	1.85	5.083	4	110	0
1624877926.43	1850	38.033334	0.0	3029009	504	1.85	9.084	22	350	55.486128467883034
1624877927.17	1850	41.283334	0.0	3113599	535	1.85	9.084	22	350	55.486128467883034
1624877927.92	1850	44.55	0.0	3116790	508	1.85	9.084	22	350	55.486128467883034
1624877928.65	1850	47.816667	0.0	3132453	482	1.85	9.084	22	350	55.486128467883034
1624877929.35	1850	51.1	0.0	2994095	487	1.85	9.084	22	350	55.486128467883034
1624877930.23	1850	54.266667	0.0	3154088	618	1.85	9.084	22	350	55.486128467883034
1624877930.91	1850	57.583334	0.0	2803553	448	1.85	13.13	44	592	54.37469105289173
1624877932.65	1850	59.868153	0.0	3039477	496	1.85	13.13	44	592	54.37469105289173
1624877936.96	1850	59.615797	0.0	3356332	571	1.85	17.13	71	833	53.50000000000002
1624877940.75	1850	59.930471	0.0	3105690	527	1.85	21.13	74	1073	59.25
1624877944.6	1850	59.959925	0.0	3008856	562	1.85	25.13	76	1313	59.5
1624877949.07	1850	59.438624	0.0	3066869	554	1.85	29.13	78	1553	59.5
1624877952.92	1850	59.752543	0.0	3178549	583	1.85	33.131	85	1793	58.23544113971505
1624877956.56	1850	59.978211	0.0	2577778	439	1.85	37.13	86	2033	59.76494123530879
1624877960.78	1850	59.731307	0.0	2819145	494	1.85	41.131	88	2273	59.48512871782058
1624877965.14	1850	59.466667	0.0	3037564	528	1.85	45.146	91	2514	59.277708592777074
1624877969.01	1850	59.492962	0.0	2852411	620	1.85	49.132	94	2753	59.207225288509825
1624877972.78	1850	59.803834	0.0	3004818	560	1.85	53.131	95	2993	59.76494123530879
