1624874712.79	750	4	0.234	447032	100	-1.0011999999999999	0	0	0	0
1624874713.51	1850	8	0.0	2254830	496	0.75	0	0	0	0
1624874713.99	1850	12	0.0	1837501	328	1.85	0	0	0	0
1624874714.51	1850	15.752876	0.0	2108748	377	1.85	0	0	0	0
1624874715.17	1850	19.105171	0.0	2229492	504	1.85	0	0	0	0
1624874715.77	1850	22.53984	0.0	2078237	442	1.85	0	0	0	0
1624874716.46	1850	25.855103	0.0	2030644	516	1.85	5.092	0	53	0
1624874717.14	1850	29.167289	0.0	2298831	458	1.85	5.092	0	53	0
1624874717.74	1850	32.561187	0.0	2164964	409	1.85	5.092	0	53	0
1624874718.38	1850	35.966667	0.0	2175479	458	1.85	5.092	0	53	0
1624874719.01	1850	39.270729	0.0	2156805	444	1.85	5.092	0	53	0
1624874720.27	1850	42.012007	0.0	2101523	1095	1.85	9.092	2	173	29.499999999999993
1624874721.02	1850	45.284401	0.0	2344608	580	1.85	9.092	2	173	29.499999999999993
1624874721.66	1850	48.640008	0.0	2334646	434	1.85	9.092	2	173	29.499999999999993
1624874722.3	1850	52	0.0	2109579	428	1.85	9.092	2	173	29.499999999999993
1624874722.9	1850	55.387977	0.0	2097243	416	1.85	9.092	2	173	29.499999999999993
1624874723.42	1850	58.862811	0.0	2054074	360	1.85	9.092	2	173	29.499999999999993
1624874726.5	1850	59.865045	0.0	2079344	386	1.85	13.092	2	293	30
1624874730.69	1850	59.626714	0.0	2353718	490	1.85	17.093	2	413	29.99250187453137
1624874734.34	1850	59.949336	0.0	2119053	459	1.85	21.093	2	533	30
1624874738.72	1850	59.703124	0.0	2145449	632	1.85	25.093	2	653	30
1624874742.85	1850	59.448995	0.0	2087310	424	1.85	29.093	2	773	30
1624874746.53	1850	59.758269	0.0	2348666	485	1.85	33.093	2	893	29.999999999999975
1624874750.61	1850	59.809214	0.0	1801794	360	1.85	37.094	2	1013	29.992501874531385
1624874754.76	1850	59.585042	0.0	1864524	401	1.85	41.095	2	1133	29.992501874531385
1624874758.49	1850	59.903698	0.0	2051691	451	1.85	45.097	2	1253	29.985007496251857
1624874762.7	1850	59.670694	0.0	1898420	376	1.85	49.118	2	1374	30.09201691121611
1624874766.9	1850	59.435487	0.0	2276304	487	1.85	53.118	2	1494	30
1624874770.72	1850	59.757002	0.0	2239013	449	1.85	57.119	2	1614	29.992501874531385
1624874774.78	1850	59.507323	0.0	2417622	706	1.85	61.119	2	1734	30
1624874778.49	1850	59.815504	0.0	1950728	492	1.85	65.119	2	1854	30
1624874782.66	1850	59.836422	0.0	2268079	442	1.85	69.12	2	1974	29.99250187453133
1624874786.43	1850	59.857025	0.0	2105954	572	1.85	73.12	2	2094	30
1624874790.64	1850	59.891057	0.0	2049597	470	1.85	77.12	2	2214	30
1624874794.37	1850	59.931282	0.0	2267452	495	1.85	81.121	2	2334	29.99250187453144
1624874798.82	1850	59.685094	0.0	1977775	516	1.85	85.121	2	2454	30
1624874802.62	1850	59.706265	0.0	2145766	551	1.85	89.121	2	2574	30
1624874806.78	1850	59.727113	0.0	2064567	442	1.85	93.121	2	2694	30
1624874810.86	1850	59.514347	0.0	1899367	408	1.85	97.122	2	2814	29.99250187453133
1624874814.58	1850	59.837389	0.0	2118078	485	1.85	101.121	2	2934	30.007501875468904
1624874818.73	1850	59.595881	0.0	2045638	462	1.85	105.122	2	3054	29.99250187453133
1624874822.4	1850	59.903288	0.0	2132751	479	1.85	109.129	2	3174	29.947591714499588
1624874826.6	1850	59.936094	0.0	2105800	504	1.85	113.122	2	3294	30.05259203606315
1624874830.41	1850	59.971741	0.0	2117310	600	1.85	117.122	2	3414	30
1624874835.1	1850	59.71657	0.0	2106167	421	1.85	121.123	2	3534	29.99250187453133
