1624883234.98	750	4	0.235	447032	70	-1.0055	0	0	0	0
1624883235.3	300	8	0.0	222343	160	-0.15000000000000002	0	0	0	0
1624883235.43	300	12	0.0	202601	51	0.3	0	0	0	0
1624883235.59	300	16	0.0	231442	53	0.3	0	0	0	0
1624883235.76	300	20	0.0	223916	61	0.3	0	0	0	0
1624883235.9	300	24	0.0	227288	33	0.3	0	0	0	0
1624883236.05	300	28	0.0	210296	60	0.3	0	0	0	0
1624883236.18	300	32	0.0	232710	43	0.3	0	0	0	0
1624883236.31	300	36	0.0	230934	48	0.3	0	0	0	0
1624883236.44	300	40	0.0	230466	35	0.3	0	0	0	0
1624883236.56	300	44	0.0	222766	46	0.3	0	0	0	0
1624883236.68	300	48	0.0	215843	37	0.3	0	0	0	0
1624883236.81	300	52	0.0	240996	39	0.3	0	0	0	0
1624883236.94	300	55.916587	0.0	241376	27	0.3	0	0	0	0
1624883237.06	300	59.79558	0.0	215448	45	0.3	0	0	0	0
1624883241.22	300	59.753568	0.0	224191	21	0.3	5.877	0	30	0
1624883245.5	300	59.45548	0.0	201147	32	0.3	9.877	0	150	29.999999999999993
1624883249.23	300	59.762728	0.0	208138	65	0.3	13.877	0	270	30
1624883253.45	300	59.567991	0.0	237703	44	0.3	17.878	0	390	29.99250187453137
1624883257.18	300	59.868184	0.0	221939	50	0.3	21.88	0	510	29.98500749625188
1624883261.37	300	59.661044	0.0	216091	46	0.3	25.88	0	630	30
1624883265.06	300	59.955907	0.0	221930	41	0.3	29.88	0	750	30
1624883269.26	300	59.704721	0.0	244209	67	0.3	33.88	0	870	29.999999999999975
1624883273.41	300	59.458404	0.0	201448	35	0.3	37.88	0	990	30
1624883277.58	300	59.486901	0.0	216871	36	0.3	41.881	0	1110	29.992501874531385
1624883281.31	300	59.789887	0.0	226875	37	0.3	45.883	0	1230	29.985007496251857
1624883285.47	300	59.556885	0.0	215302	38	0.3	49.881	0	1350	30.015007503751896
1624883289.18	300	59.910646	0.0	231664	45	0.3	53.881	0	1470	30
1624883293.4	300	59.646757	0.0	233190	41	0.3	57.882	0	1590	29.992501874531385
1624883297.09	300	59.941983	0.0	245887	43	0.3	61.882	0	1710	30
1624883301.28	300	59.718976	0.0	205585	28	0.3	65.883	0	1830	29.992501874531385
1624883305.51	300	59.467955	0.0	248259	68	0.3	69.883	0	1950	30
1624883309.22	300	59.78628	0.0	221496	49	0.3	73.883	0	2070	30
1624883313.39	300	59.548648	0.0	238596	46	0.3	77.884	0	2190	29.99250187453133
1624883317.09	300	59.888138	0.0	239547	56	0.3	81.883	0	2310	30.007501875468904
1624883321.28	300	59.625785	0.0	210306	45	0.3	85.883	0	2430	30
1624883324.97	300	59.928602	0.0	223809	38	0.3	89.883	0	2550	30
1624883329.15	300	59.980584	0.0	233162	44	0.3	93.884	0	2670	29.99250187453133
1624883333.33	300	59.751466	0.0	211150	63	0.3	97.884	0	2790	30
1624883337.48	300	59.529349	0.0	227487	31	0.3	101.885	0	2910	29.99250187453133
1624883341.18	300	59.835746	0.0	218501	56	0.3	105.885	0	3030	30
1624883345.37	300	59.638136	0.0	223461	33	0.3	109.888	0	3150	29.977516862353234
1624883349.07	300	59.943864	0.0	223191	53	0.3	113.887	0	3270	30.007501875468904
1624883353.25	300	59.67309	0.0	228365	48	0.3	117.888	0	3391	30.242439390152427
1624883357.38	300	59.719072	0.0	223247	36	0.3	121.888	0	3510	29.75
