1624880136.4	750	4	0.193	446149	103	-0.8249	0	0	0	0
1624880136.62	300	8	0.0	458211	84	-0.15000000000000002	0	0	0	0
1624880136.78	300	12	0.0	390124	46	0.3	0	0	0	0
1624880136.96	300	16	0.0	474461	85	0.3	0	0	0	0
1624880137.15	300	19.837126	0.0	444309	81	0.3	0	0	0	0
1624880137.33	300	23.675975	0.0	443120	71	0.3	0	0	0	0
1624880137.51	300	27.474365	0.0	416509	88	0.3	0	0	0	0
1624880137.72	300	31.272937	0.0	451355	106	0.3	0	0	0	0
1624880137.91	300	35.07101	0.0	417757	73	0.3	0	0	0	0
1624880138.12	300	38.869212	0.0	415350	91	0.3	0	0	0	0
1624880138.34	300	42.667602	0.0	433531	84	0.3	0	0	0	0
1624880138.52	300	46.464724	0.0	422916	80	0.3	0	0	0	0
1624880138.75	300	50.260203	0.0	459414	79	0.3	0	0	0	0
1624880138.99	300	54.016667	0.0	450936	92	0.3	0	0	0	0
1624880139.18	300	57.813906	0.0	439746	83	0.3	0	0	0	0
1624880141.43	300	59.822644	0.0	432189	76	0.3	4.671	0	169	0
1624880145.17	300	59.874016	0.0	396094	74	0.3	8.671	0	409	60.000000000000014
1624880149.46	300	59.60622	0.0	420942	89	0.3	12.671	0	649	60
1624880153.25	300	59.920196	0.0	477686	122	0.3	16.672	0	889	59.98500374906271
1624880157.47	300	59.664571	0.0	429484	76	0.3	20.672	0	1129	60
1624880161.21	300	59.971756	0.0	428693	95	0.3	24.672	0	1369	60
1624880165.47	300	59.706742	0.0	445526	108	0.3	28.672	0	1609	60
1624880169.74	300	59.438581	0.0	459785	126	0.3	32.672	0	1849	60.00000000000006
1624880173.45	300	59.743949	0.0	395717	78	0.3	36.681	0	2090	60.11474183088051
1624880177.28	300	59.77269	0.0	421854	154	0.3	40.681	0	2330	60
1624880181.55	300	59.511121	0.0	464457	103	0.3	44.682	0	2570	59.98500374906266
1624880185.31	300	59.811852	0.0	430202	76	0.3	48.681	0	2810	60.01500375093781
1624880189.59	300	59.597012	0.0	445549	88	0.3	52.683	0	3050	59.970014992503714
1624880193.32	300	59.91259	0.0	449734	92	0.3	56.682	0	3290	60.0150037509377
1624880197.14	300	59.921048	0.0	478634	148	0.3	60.683	0	3530	59.98500374906277
1624880201.39	300	59.648562	0.0	421756	85	0.3	64.683	0	3770	59.99999999999989
1624880205.19	300	59.96011	0.0	500580	133	0.3	68.683	0	4010	60
1624880209.47	300	59.700587	0.0	471259	108	0.3	72.684	0	4250	59.98500374906288
1624880213.73	300	59.442946	0.0	447061	103	0.3	76.683	0	4490	60.015003750937595
1624880217.49	300	59.751828	0.0	414676	114	0.3	80.684	0	4730	59.98500374906288
1624880221.22	300	59.818288	0.0	407398	99	0.3	84.684	0	4970	60
1624880225.51	300	59.56293	0.0	438602	71	0.3	88.684	0	5210	60
1624880229.25	300	59.872689	0.0	421192	89	0.3	92.684	0	5450	60
1624880233.5	300	59.6	0.0	414269	89	0.3	96.685	0	5690	59.98500374906266
1624880237.25	300	59.896143	0.0	427172	105	0.3	100.684	0	5930	60.01500375093781
1624880241.5	300	59.628491	0.0	435036	99	0.3	104.685	0	6170	59.98500374906266
1624880245.24	300	59.934785	0.0	454750	94	0.3	108.686	0	6410	59.98500374906266
1624880249.47	300	59.660405	0.0	436843	107	0.3	112.686	0	6650	60
1624880253.22	300	59.969083	0.0	455439	139	0.3	116.686	0	6890	60
1624880257.45	300	59.709812	0.0	439643	86	0.3	120.686	0	7130	60
