1624883470.98	750	4	0.2	447032	33	-0.855	0	0	0	0
1624883471.15	300	8	0.0	222343	43	-0.15000000000000002	0	0	0	0
1624883471.35	300	12	0.0	202601	7	0.3	0	0	0	0
1624883471.51	300	16	0.0	231442	66	0.3	0	0	0	0
1624883471.66	300	20	0.0	223916	68	0.3	0	0	0	0
1624883471.81	300	24	0.0	227288	42	0.3	0	0	0	0
1624883471.97	300	28	0.0	210296	80	0.3	0	0	0	0
1624883472.11	300	32	0.0	232710	50	0.3	0	0	0	0
1624883472.26	300	36	0.0	230934	51	0.3	0	0	0	0
1624883472.39	300	40	0.0	230466	43	0.3	0	0	0	0
1624883472.52	300	44	0.0	222766	37	0.3	0	0	0	0
1624883472.68	300	47.874938	0.0	215843	54	0.3	0	0	0	0
1624883472.81	300	51.753499	0.0	240996	48	0.3	0	0	0	0
1624883472.94	300	55.632016	0.0	241376	49	0.3	0	0	0	0
1624883473.06	300	59.51115	0.0	215448	51	0.3	0	0	0	0
1624883477.26	300	59.456466	0.0	224191	48	0.3	5.255	0	51	0
1624883480.94	300	59.837207	0.0	201147	49	0.3	9.254	0	171	30.00750187546887
1624883485.14	300	59.566667	0.0	208138	34	0.3	13.255	0	291	29.992501874531357
1624883488.81	300	59.872397	0.0	237703	41	0.3	17.255	0	411	30.000000000000014
1624883493.05	300	59.613246	0.0	221939	33	0.3	21.255	0	531	30
1624883496.73	300	59.927056	0.0	216091	42	0.3	25.255	0	651	30
1624883500.94	300	59.713553	0.0	221930	31	0.3	29.256	0	771	29.992501874531357
1624883505.12	300	59.448184	0.0	244209	63	0.3	33.279	0	892	30.07705692269448
1624883508.8	300	59.779647	0.0	201448	37	0.3	37.279	0	1012	30
1624883512.97	300	59.807842	0.0	216871	47	0.3	41.279	0	1132	30
1624883517.19	300	59.572149	0.0	226875	48	0.3	45.28	0	1252	29.992501874531385
1624883520.88	300	59.904089	0.0	215302	49	0.3	49.28	0	1372	30
1624883525.06	300	59.645521	0.0	231664	37	0.3	53.28	0	1492	30
1624883528.74	300	59.950697	0.0	233190	47	0.3	57.28	0	1612	30
1624883532.89	300	59.708175	0.0	245887	41	0.3	61.28	0	1732	30
1624883537.09	300	59.729867	0.0	205585	44	0.3	65.28	0	1852	30
1624883540.82	300	59.797346	0.0	248259	42	0.3	69.281	0	1972	29.99250187453133
1624883545.01	300	59.816393	0.0	221496	41	0.3	73.281	0	2092	30
1624883549.18	300	59.592122	0.0	238596	38	0.3	77.282	0	2212	29.99250187453144
1624883552.89	300	59.901995	0.0	239547	60	0.3	81.282	0	2332	30
1624883557.12	300	59.629124	0.0	210306	43	0.3	85.282	0	2452	30
1624883560.81	300	59.941366	0.0	223809	52	0.3	89.282	0	2572	30
1624883565.01	300	59.679888	0.0	233162	22	0.3	93.283	0	2692	29.99250187453133
1624883569.24	300	59.453876	0.0	211150	56	0.3	97.285	0	2812	29.98500749625191
1624883572.94	300	59.756538	0.0	227487	41	0.3	101.285	0	2932	30
1624883577.24	300	59.489037	0.0	218501	79	0.3	105.285	0	3052	30
1624883580.92	300	59.786991	0.0	223461	41	0.3	109.286	0	3172	29.99250187453133
1624883585.14	300	59.555273	0.0	223191	37	0.3	113.286	0	3292	30
1624883588.83	300	59.858954	0.0	228365	50	0.3	117.286	0	3412	30
1624883593.0	300	59.872612	0.0	223247	41	0.3	121.286	0	3532	30
