1624872867.92	750	4	0.227	446149	106	-0.9710999999999999	0	0	0	0
1624872868.22	750	8	0.0	657276	122	0.75	0	0	0	0
1624872868.44	750	12	0.0	531142	130	0.75	0	0	0	0
1624872868.68	750	16	0.0	641782	113	0.75	0	0	0	0
1624872868.9	750	20	0.0	655328	121	0.75	0	0	0	0
1624872869.13	750	24	0.0	643029	120	0.75	0	0	0	0
1624872869.34	750	27.9151	0.0	586466	110	0.75	0	0	0	0
1624872869.57	750	31.673304	0.0	640646	138	0.75	0	0	0	0
1624872869.83	750	35.431624	0.0	603976	125	0.75	0	0	0	0
1624872870.02	750	39.22981	0.0	579575	94	0.75	0	0	0	0
1624872870.22	750	43.026621	0.0	622523	95	0.75	0	0	0	0
1624872870.43	750	46.8249	0.0	590406	115	0.75	0	0	0	0
1624872870.66	750	50.583334	0.0	636852	109	0.75	0	0	0	0
1624872870.87	750	54.380497	0.0	619167	103	0.75	0	0	0	0
1624872871.09	750	58.138024	0.0	636453	118	0.75	0	0	0	0
1624872873.95	750	59.463019	0.0	637789	216	0.75	5.144	0	117	0
1624872877.71	750	59.76932	0.0	574537	101	0.75	9.144	2	357	59.5
1624872881.47	750	59.79411	0.0	595492	104	0.75	13.146	2	597	59.970014992503735
1624872885.75	750	59.528856	0.0	662075	115	0.75	17.147	2	837	59.98500374906277
1624872889.54	750	59.835022	0.0	622438	111	0.75	21.146	2	1077	60.0150037509377
1624872893.84	750	59.580827	0.0	607166	102	0.75	25.147	2	1317	59.98500374906277
1624872897.63	750	59.895757	0.0	615645	105	0.75	29.147	2	1557	60
1624872901.43	750	59.918142	0.0	651954	120	0.75	33.148	2	1797	59.98500374906266
1624872905.72	750	59.663401	0.0	550774	117	0.75	37.147	2	2037	60.01500375093781
1624872909.97	750	59.442593	0.0	594579	105	0.75	41.147	2	2277	60
1624872913.7	750	59.75536	0.0	632394	99	0.75	45.148	2	2517	59.98500374906266
1624872917.46	750	59.783741	0.0	575968	105	0.75	49.149	2	2757	59.98500374906277
1624872921.72	750	59.518301	0.0	632851	125	0.75	53.149	2	2997	60
1624872925.51	750	59.831419	0.0	604086	94	0.75	57.148	2	3237	60.0150037509377
1624872929.81	750	59.577948	0.0	712976	128	0.75	61.149	2	3477	59.98500374906277
1624872933.53	750	59.884744	0.0	581323	87	0.75	65.149	2	3717	60
1624872937.83	750	59.62602	0.0	729373	148	0.75	69.15	2	3958	60.234941264683755
1624872941.62	750	59.933334	0.0	670981	117	0.75	73.151	2	4198	59.98500374906288
1624872945.36	750	59.992578	0.0	621207	105	0.75	77.151	3	4438	59.75
1624872949.64	750	59.728739	0.0	579598	103	0.75	81.151	3	4678	60
1624872953.89	750	59.46008	0.0	558064	95	0.75	85.152	3	4918	59.98500374906266
1624872957.65	750	59.772744	0.0	609656	116	0.75	89.158	3	5158	59.910134797803295
1624872961.95	750	59.519025	0.0	599153	105	0.75	93.158	3	5398	60
1624872965.73	750	59.591737	0.0	574452	112	0.75	97.159	3	5638	59.98500374906266
1624872969.48	750	59.898589	0.0	605550	112	0.75	101.159	3	5878	60
1624872973.72	750	59.673895	0.0	601791	119	0.75	105.159	3	6118	60
1624872977.45	750	59.991201	0.0	627361	109	0.75	109.16	3	6358	59.98500374906288
1624872981.7	750	59.746173	0.0	623214	118	0.75	113.16	3	6598	60
1624872985.48	750	59.772367	0.0	648266	118	0.75	117.159	3	6838	60.015003750937595
1624872989.72	750	59.54411	0.0	606947	93	0.75	121.161	3	7078	59.97001499250382
