1624877417.54	750	4	0.242	446149	125	-1.0356	0	0	0	0
1624877418.8	2850	8	0.0	5338027	954	0.75	0	0	0	0
1624877419.84	2850	11.216667	0.0	4485847	766	2.85	0	0	0	0
1624877421.2	2850	13.833334	0.0	5004689	1036	2.85	5.126	5	111	0
1624877422.68	2850	16.466667	0.0	5182650	1099	2.85	5.126	5	111	0
1624877423.8	2850	19.233334	0.0	5173280	849	2.85	5.126	5	111	0
1624877424.89	2850	22.133334	0.0	4880493	810	2.85	9.125	37	351	52.01300325081271
1624877426.21	2850	24.833334	0.0	5406574	1036	2.85	9.125	37	351	52.01300325081271
1624877427.6	2850	27.466667	0.0	4844720	1053	2.85	9.125	37	351	52.01300325081271
1624877428.76	2850	30.266667	0.0	4832207	894	2.85	9.125	37	351	52.01300325081271
1624877429.97	2850	33.133334	0.0	4887638	874	2.85	13.159	74	592	50.570153693604354
1624877431.12	2850	35.916667	0.0	4995664	816	2.85	13.159	74	592	50.570153693604354
1624877432.54	2850	38.616667	0.0	5320325	1045	2.85	13.159	74	592	50.570153693604354
1624877433.82	2850	41.283334	0.0	5320224	878	2.85	17.159	102	833	53.25000000000002
1624877434.96	2850	44.066667	0.0	4822090	881	2.85	17.159	102	833	53.25000000000002
1624877436.24	2850	46.883334	0.0	5024811	904	2.85	17.159	102	833	53.25000000000002
1624877437.4	2850	49.683334	0.0	4620969	797	2.85	21.16	139	1073	50.737315671082214
