1624876117.2	750	4	0.156	447032	62	-0.6658	0	0	0	0
1624876117.38	750	8	0.0	437784	56	0.75	0	0	0	0
1624876117.54	750	12	0.0	358478	66	0.75	0	0	0	0
1624876117.7	750	16	0.0	433110	65	0.75	0	0	0	0
1624876117.86	750	20	0.0	425284	77	0.75	0	0	0	0
1624876118.09	750	24	0.0	428114	78	0.75	0	0	0	0
1624876118.26	750	28	0.0	387287	89	0.75	0	0	0	0
1624876118.42	750	32	0.0	435324	69	0.75	0	0	0	0
1624876118.61	750	36	0.0	447048	96	0.75	0	0	0	0
1624876118.82	750	39.955411	0.0	446405	111	0.75	0	0	0	0
1624876118.98	750	43.753248	0.0	423631	71	0.75	0	0	0	0
1624876119.14	750	47.633334	0.0	416730	65	0.75	0	0	0	0
1624876119.31	750	51.470904	0.0	471953	76	0.75	0	0	0	0
1624876119.51	750	55.229151	0.0	453536	82	0.75	0	0	0	0
1624876119.72	750	59.026534	0.0	420588	94	0.75	0	0	0	0
1624876123.46	750	59.467603	0.0	420917	73	0.75	5.224	0	54	0
1624876127.16	750	59.806492	0.0	392428	521	0.75	9.224	0	174	30
1624876131.41	750	59.536922	0.0	400748	99	0.75	13.224	0	294	30
1624876135.21	750	59.595302	0.0	471072	110	0.75	17.225	0	414	29.992501874531357
1624876138.96	750	59.935939	0.0	425923	96	0.75	21.226	0	534	29.992501874531385
1624876143.13	750	59.69823	0.0	419792	71	0.75	25.225	0	654	30.00750187546885
1624876147.38	750	59.445579	0.0	429429	125	0.75	29.226	0	774	29.992501874531385
1624876151.11	750	59.751962	0.0	461232	77	0.75	33.226	0	894	30
1624876155.31	750	59.5	0.0	382848	68	0.75	37.226	0	1014	30
1624876159.02	750	59.808969	0.0	375227	56	0.75	41.226	0	1134	30
1624876163.26	750	59.548549	0.0	437258	79	0.75	45.226	0	1254	30
1624876167.0	750	59.859682	0.0	419071	73	0.75	49.227	0	1374	29.992501874531385
1624876171.2	750	59.591878	0.0	449162	76	0.75	53.228	0	1494	29.99250187453133
1624876174.9	750	59.908115	0.0	447732	77	0.75	57.228	0	1614	30
1624876179.18	750	59.661826	0.0	488806	152	0.75	61.228	0	1734	30
1624876182.93	750	59.967986	0.0	389747	68	0.75	65.228	0	1854	30.000000000000053
1624876187.21	750	59.775196	0.0	485582	88	0.75	69.228	0	1974	30
1624876191.41	750	59.506726	0.0	430276	75	0.75	73.229	0	2094	29.99250187453133
1624876195.13	750	59.816605	0.0	435590	85	0.75	77.229	0	2214	30
1624876199.36	750	59.560576	0.0	459331	67	0.75	81.229	0	2334	30
1624876203.13	750	59.653417	0.0	381587	52	0.75	85.265	0	2455	29.98017839444994
1624876207.19	750	59.963065	0.0	424399	69	0.75	89.265	0	2575	30
1624876211.02	750	59.995778	0.0	436743	79	0.75	93.265	0	2695	30
1624876215.26	750	59.773991	0.0	385692	74	0.75	97.266	0	2815	29.99250187453133
1624876218.99	750	59.804277	0.0	424746	87	0.75	101.266	0	2935	30
1624876223.27	750	59.583068	0.0	407135	130	0.75	105.266	0	3055	30
1624876227.0	750	59.887952	0.0	427720	92	0.75	109.266	0	3175	30
1624876231.21	750	59.61735	0.0	427353	78	0.75	113.269	0	3295	29.977516862353234
1624876234.92	750	59.968011	0.0	418534	66	0.75	117.269	0	3415	30
1624876239.09	750	59.820701	0.0	421343	76	0.75	121.269	0	3535	30
