1624871688.6	750	4	0.165	446149	81	-0.7045	0	0	0	0
1624871689.48	1850	7.666667	0.0	3302713	626	0.75	0	0	0	0
1624871690.14	1850	11.016667	0.0	2780269	465	1.85	0	0	0	0
1624871690.92	1850	14.219257	0.0	3138830	582	1.85	0	0	0	0
1624871691.8	1850	17.366667	0.0	3252745	638	1.85	0	0	0	0
1624871692.66	1850	20.483334	0.0	3175667	653	1.85	4.678	12	177	0
1624871693.39	1850	23.75	0.0	2962628	535	1.85	4.678	12	177	0
1624871694.2	1850	26.966667	0.0	3242545	580	1.85	4.678	12	177	0
1624871694.98	1850	30.2	0.0	2999470	531	1.85	4.678	12	177	0
1624871695.74	1850	33.416667	0.0	2926075	522	1.85	4.678	12	177	0
1624871696.69	1850	36.5	0.0	3029009	705	1.85	8.678	35	417	54.249999999999986
1624871697.43	1850	39.733334	0.0	3113599	521	1.85	8.678	35	417	54.249999999999986
1624871698.18	1850	42.95	0.0	3116790	558	1.85	8.678	35	417	54.249999999999986
1624871699.07	1850	46.1	0.0	3132453	675	1.85	8.678	35	417	54.249999999999986
1624871699.8	1850	49.333334	0.0	2994095	540	1.85	8.678	35	417	54.249999999999986
1624871700.59	1850	52.55	0.0	3154088	586	1.85	12.678	67	657	52
1624871701.52	1850	55.633334	0.0	2803553	712	1.85	12.678	67	657	52
1624871702.24	1850	58.9	0.0	3039477	535	1.85	12.678	67	657	52
1624871705.7	1850	59.563748	0.0	3356332	729	1.85	16.678	76	897	57.75
1624871709.47	1850	59.875797	0.0	3105690	512	1.85	20.678	81	1137	58.75
1624871713.34	1850	59.895862	0.0	3008856	637	1.85	24.68	85	1377	58.9705147426287
1624871717.64	1850	59.625672	0.0	3066869	515	1.85	28.679	90	1617	58.76469117279321
1624871721.43	1850	59.934786	0.0	3178549	561	1.85	32.68	92	1857	59.48512871782053
1624871725.17	1850	59.967786	0.0	2577778	471	1.85	36.68	97	2097	58.75
1624871729.43	1850	59.710213	0.0	2819145	492	1.85	40.68	101	2337	59
1624871733.81	1850	59.441673	0.0	3037564	616	1.85	44.681	107	2577	58.4853786553362
1624871737.64	1850	59.746247	0.0	2852411	597	1.85	48.681	108	2817	59.75
1624871741.51	1850	59.764056	0.0	3004818	628	1.85	52.682	109	3057	59.73506623344157
1624871745.35	1850	59.783581	0.0	2930516	533	1.85	56.681	125	3297	56.01400350087528
1624871749.71	1850	59.522324	0.0	3381885	645	1.85	60.683	128	3537	59.22038980509741
1624871753.57	1850	59.828922	0.0	2812661	598	1.85	64.683	132	3777	58.99999999999989
1624871757.43	1850	59.861108	0.0	3529340	640	1.85	68.683	134	4017	59.5
1624871761.3	1850	59.890352	0.0	3274615	634	1.85	72.684	136	4257	59.485128717820686
1624871765.55	1850	59.627148	0.0	3020205	533	1.85	76.694	138	4498	59.600997506234336
1624871769.33	1850	59.9	0.0	3084353	567	1.85	80.711	141	4739	59.24819517052533
1624871773.52	1850	59.638196	0.0	2743535	452	1.85	84.711	142	4979	59.75
1624871777.45	1850	59.95588	0.0	3049078	567	1.85	88.711	148	5219	58.5
1624871781.25	1850	59.986622	0.0	2866070	515	1.85	92.711	152	5459	59
1624871785.52	1850	59.725559	0.0	2786310	544	1.85	96.712	154	5699	59.48512871782047
1624871789.78	1850	59.464008	0.0	2886749	511	1.85	100.713	155	5939	59.73506623344178
1624871793.61	1850	59.492199	0.0	2928463	594	1.85	104.713	159	6179	59
1624871797.46	1850	59.802243	0.0	3115560	612	1.85	108.714	161	6419	59.48512871782047
1624871801.27	1850	59.861624	0.0	3008634	539	1.85	112.714	165	6659	59
1624871805.57	1850	59.604869	0.0	3111850	598	1.85	116.717	167	6899	59.455408443667245
1624871809.34	1850	59.921038	0.0	2982399	547	1.85	120.719	168	7140	59.97001499250382
