1624873334.32	750	4	0.235	446149	123	-1.0055	0	0	0	0
1624873334.51	300	8	0.0	458211	94	-0.15000000000000002	0	0	0	0
1624873334.69	300	12	0.0	390124	97	0.3	0	0	0	0
1624873334.89	300	16	0.0	474461	103	0.3	0	0	0	0
1624873335.09	300	20	0.0	444309	106	0.3	0	0	0	0
1624873335.27	300	24	0.0	443120	91	0.3	0	0	0	0
1624873335.45	300	28	0.0	416509	90	0.3	0	0	0	0
1624873335.65	300	32	0.0	451355	100	0.3	0	0	0	0
1624873335.84	300	35.954986	0.0	417757	104	0.3	0	0	0	0
1624873336.04	300	39.753534	0.0	415350	75	0.3	0	0	0	0
1624873336.23	300	43.551033	0.0	433531	72	0.3	0	0	0	0
1624873336.41	300	47.38989	0.0	422916	89	0.3	0	0	0	0
1624873336.6	300	51.187394	0.0	459414	81	0.3	0	0	0	0
1624873336.78	300	55.025826	0.0	450936	71	0.3	0	0	0	0
1624873336.96	300	58.82394	0.0	439746	88	0.3	0	0	0	0
1624873340.15	300	59.754327	0.0	432189	68	0.3	5.188	0	106	0
1624873344.4	300	59.50286	0.0	396094	78	0.3	9.188	0	346	59.999999999999986
1624873348.2	300	59.809111	0.0	420942	84	0.3	13.188	0	586	60
1624873351.96	300	59.826362	0.0	477686	92	0.3	17.189	0	826	59.98500374906274
1624873356.21	300	59.85357	0.0	429484	86	0.3	21.189	0	1066	60
1624873359.92	300	59.887391	0.0	428693	86	0.3	25.189	0	1306	60
1624873364.25	300	59.633656	0.0	445526	76	0.3	29.189	0	1546	60
1624873367.98	300	59.940431	0.0	459785	93	0.3	33.189	0	1786	60
1624873372.21	300	59.716667	0.0	395717	83	0.3	37.203	0	2027	60.03986048829094
1624873376.47	300	59.457226	0.0	421854	59	0.3	41.203	1	2267	59.75
1624873380.26	300	59.774333	0.0	464457	88	0.3	45.203	1	2507	60
1624873383.99	300	59.843904	0.0	430202	88	0.3	49.204	1	2747	59.98500374906277
1624873388.29	300	59.587853	0.0	445549	87	0.3	53.203	1	2987	60.0150037509377
1624873391.99	300	59.90442	0.0	449734	88	0.3	57.204	1	3227	59.98500374906277
1624873396.29	300	59.640623	0.0	478634	97	0.3	61.204	1	3467	60
1624873400.02	300	59.958082	0.0	421756	69	0.3	65.208	1	3707	59.940059940059975
1624873404.31	300	59.738586	0.0	500580	84	0.3	69.209	1	3947	59.98500374906266
1624873408.51	300	59.477792	0.0	471259	67	0.3	73.208	1	4187	60.01500375093781
1624873412.29	300	59.794171	0.0	447061	85	0.3	77.209	1	4427	59.98500374906266
1624873416.08	300	59.819705	0.0	414676	92	0.3	81.209	1	4667	60
1624873420.32	300	59.565321	0.0	407398	89	0.3	85.209	1	4907	60
1624873424.07	300	59.872063	0.0	438602	80	0.3	89.209	1	5147	60
1624873428.28	300	59.642585	0.0	421192	66	0.3	93.209	1	5387	60
1624873432.05	300	59.956618	0.0	414269	71	0.3	97.21	1	5627	59.98500374906288
1624873436.3	300	59.71303	0.0	427172	100	0.3	101.209	1	5867	60.015003750937595
1624873440.52	300	59.45303	0.0	435036	76	0.3	105.21	1	6107	59.98500374906288
1624873444.3	300	59.757518	0.0	454750	128	0.3	109.211	1	6347	59.98500374906266
1624873448.07	300	59.78466	0.0	436843	99	0.3	113.21	1	6587	60.01500375093781
1624873452.3	300	59.520617	0.0	455439	95	0.3	117.211	1	6827	59.98500374906266
1624873456.0	300	59.834233	0.0	439643	88	0.3	121.211	1	7067	60
