1624878500.77	750	4	0.179	446149	81	-0.7646999999999999	0	0	0	0
1624878501.25	1200	8	0.0	1737810	274	0.75	0	0	0	0
1624878501.64	1200	12	0.0	1497975	212	1.2	0	0	0	0
1624878502.15	1200	16	0.0	1711143	341	1.2	0	0	0	0
1624878502.6	1200	19.673107	0.0	1733770	303	1.2	0	0	0	0
1624878503.07	1200	23.22809	0.0	1749315	302	1.2	0	0	0	0
1624878503.47	1200	26.824592	0.0	1603603	276	1.2	0	0	0	0
1624878503.91	1200	30.376236	0.0	1702216	288	1.2	0	0	0	0
1624878504.42	1200	33.851918	0.0	1641950	372	1.2	5.169	1	112	0
1624878504.86	1200	37.446592	0.0	1559808	274	1.2	5.169	1	112	0
1624878505.36	1200	40.920017	0.0	1622647	348	1.2	5.169	1	112	0
1624878505.8	1200	44.476151	0.0	1630019	279	1.2	5.169	1	112	0
1624878506.28	1200	48	0.0	1658562	288	1.2	5.169	1	112	0
1624878506.75	1200	51.55	0.0	1669221	286	1.2	5.169	1	112	0
1624878507.19	1200	55.105137	0.0	1636310	280	1.2	5.169	1	112	0
1624878507.67	1200	58.65	0.0	1732283	287	1.2	5.169	1	112	0
1624878510.62	1200	59.786653	0.0	1511913	262	1.2	9.169	5	352	58.999999999999986
1624878514.68	1200	59.81867	0.0	1593050	291	1.2	13.169	6	592	59.75
1624878518.8	1200	59.561621	0.0	1818927	383	1.2	17.17	6	832	59.98500374906271
1624878522.79	1200	59.589538	0.0	1667234	283	1.2	21.169	6	1072	60.01500375093775
1624878526.43	1200	59.904343	0.0	1633180	412	1.2	25.17	6	1312	59.98500374906271
1624878530.4	1200	59.936228	0.0	1663787	282	1.2	29.17	6	1552	60
1624878534.39	1200	59.961567	0.0	1674035	274	1.2	33.171	7	1792	59.73506623344167
1624878538.35	1200	59.991801	0.0	1460813	253	1.2	37.171	7	2032	60
1624878542.81	1200	59.742993	0.0	1541638	287	1.2	41.172	7	2272	59.98500374906277
1624878546.83	1200	59.49049	0.0	1680082	305	1.2	45.171	8	2512	59.76494123530879
1624878550.81	1200	59.524929	0.0	1542551	293	1.2	49.171	8	2752	60
1624878554.84	1200	59.592274	0.0	1603186	346	1.2	53.188	9	2993	59.746079163554846
1624878558.88	1200	59.62485	0.0	1611597	322	1.2	57.188	11	3233	59.5
1624878562.38	1200	59.950208	0.0	1888785	312	1.2	61.188	11	3473	60
1624878566.37	1200	59.96976	0.0	1552540	283	1.2	65.189	11	3713	59.98500374906288
1624878570.45	1200	59.99746	0.0	1957722	353	1.2	69.189	11	3953	60
1624878574.98	1200	59.489313	0.0	1766061	328	1.2	73.19	11	4193	59.98500374906266
1624878578.61	1200	59.801153	0.0	1645454	311	1.2	77.19	13	4433	59.5
1624878582.64	1200	59.828563	0.0	1604737	316	1.2	81.19	15	4673	59.5
1624878586.56	1200	59.857477	0.0	1487527	262	1.2	85.193	15	4913	59.95503372470647
1624878590.6	1200	59.879029	0.0	1643954	332	1.2	89.194	15	5153	59.98500374906266
1624878594.61	1200	59.903903	0.0	1555884	290	1.2	93.196	15	5393	59.97001499250382
1624878598.58	1200	59.938016	0.0	1535193	283	1.2	97.196	15	5633	60
1624878602.6	1200	59.733334	0.0	1551114	320	1.2	101.196	16	5873	59.75
1624878606.67	1200	59.759574	0.0	1575918	369	1.2	105.196	16	6113	60
1624878610.7	1200	59.83134	0.0	1672619	324	1.2	109.197	18	6353	59.48512871782047
1624878614.68	1200	59.587257	0.0	1631168	286	1.2	113.197	19	6594	60
1624878618.7	1200	59.613233	0.0	1687116	354	1.2	117.197	19	6834	60
1624878622.69	1200	59.640782	0.0	1644749	312	1.2	121.2	20	7074	59.70522108418686
