1624872398.5	750	4	0.217	446149	127	-0.9280999999999999	0	0	0	0
1624872399.22	1200	8	0.0	1737810	501	0.75	0	0	0	0
1624872399.82	1200	11.466667	0.0	1497975	404	1.2	0	0	0	0
1624872400.53	1200	14.75	0.0	1711143	515	1.2	0	0	0	0
1624872401.32	1200	18.019683	0.0	1733770	552	1.2	4.786	4	92	0
1624872402.17	1200	21.116667	0.0	1749315	606	1.2	4.786	4	92	0
1624872403.0	1200	24.316667	0.0	1603603	558	1.2	4.786	4	92	0
1624872403.58	1200	27.676815	0.0	1702216	425	1.2	4.786	4	92	0
1624872404.26	1200	31	0.0	1641950	509	1.2	4.786	4	92	0
1624872404.9	1200	34.385586	0.0	1559808	438	1.2	8.786	11	332	58.25
1624872405.86	1200	37.454799	0.0	1622647	699	1.2	8.786	11	332	58.25
1624872406.41	1200	40.848647	0.0	1630019	393	1.2	8.786	11	332	58.25
1624872406.98	1200	44.28145	0.0	1658562	421	1.2	8.786	11	332	58.25
1624872407.57	1200	47.716667	0.0	1669221	392	1.2	8.786	11	332	58.25
1624872408.07	1200	51.188346	0.0	1636310	348	1.2	8.786	11	332	58.25
1624872408.6	1200	54.666667	0.0	1732283	342	1.2	8.786	11	332	58.25
1624872409.03	1200	58.219003	0.0	1511913	287	1.2	12.786	14	572	59.25
1624872411.56	1200	59.829995	0.0	1593050	336	1.2	12.786	14	572	59.25
1624872415.7	1200	59.575635	0.0	1818927	443	1.2	16.785	14	812	60.01500375093772
1624872419.75	1200	59.608645	0.0	1667234	283	1.2	20.786	16	1052	59.48512871782053
1624872423.74	1200	59.635573	0.0	1633180	289	1.2	24.786	17	1292	59.75
1624872427.28	1200	59.986075	0.0	1663787	358	1.2	28.788	17	1532	59.97001499250376
1624872431.86	1200	59.428896	0.0	1674035	358	1.2	32.787	18	1772	59.76494123530885
1624872435.84	1200	59.453719	0.0	1460813	275	1.2	36.788	18	2012	59.98500374906277
1624872439.89	1200	59.478455	0.0	1541638	352	1.2	40.788	18	2252	60
1624872443.93	1200	59.512742	0.0	1680082	297	1.2	44.788	21	2492	59.25
1624872447.87	1200	59.540431	0.0	1542551	249	1.2	48.788	21	2732	60
1624872451.85	1200	59.574735	0.0	1603186	310	1.2	52.788	21	2972	60
1624872455.36	1200	59.891717	0.0	1611597	323	1.2	56.789	21	3212	59.98500374906266
1624872459.43	1200	59.923786	0.0	1888785	378	1.2	60.79	22	3452	59.73506623344167
1624872463.52	1200	59.982126	0.0	1552540	370	1.2	64.789	22	3692	60.0150037509377
1624872467.38	1200	59.997866	0.0	1957722	632	1.2	68.789	23	3932	59.75
1624872471.91	1200	59.496609	0.0	1766061	322	1.2	72.79	23	4172	59.98500374906266
1624872475.89	1200	59.525686	0.0	1645454	300	1.2	76.79	23	4412	60
1624872479.64	1200	59.877284	0.0	1604737	484	1.2	80.791	23	4652	59.98500374906288
1624872483.79	1200	59.65073	0.0	1487527	403	1.2	84.791	24	4892	59.75
1624872487.41	1200	59.966667	0.0	1643954	420	1.2	88.791	24	5132	60
1624872491.46	1200	59.989114	0.0	1555884	284	1.2	92.792	26	5372	59.48512871782047
1624872495.72	1200	59.772062	0.0	1535193	488	1.2	96.792	26	5612	60
1624872499.57	1200	59.800214	0.0	1551114	584	1.2	100.791	28	5852	59.51487871967999
1624872503.55	1200	59.823818	0.0	1575918	698	1.2	104.792	28	6092	59.98500374906266
1624872507.55	1200	59.855579	0.0	1672619	288	1.2	108.793	30	6333	59.73506623344157
1624872511.65	1200	59.883334	0.0	1631168	393	1.2	112.792	31	6572	59.51487871967999
1624872515.67	1200	59.626305	0.0	1687116	358	1.2	116.793	31	6813	60.234941264683755
1624872519.38	1200	59.930342	0.0	1644749	514	1.2	120.793	33	7053	59.5
