1624878967.65	750	4	0.223	446149	112	-0.9539	0	0	0	0
1624878967.92	750	8	0.0	657276	117	0.75	0	0	0	0
1624878968.14	750	12	0.0	531142	87	0.75	0	0	0	0
1624878968.38	750	16	0.0	641782	118	0.75	0	0	0	0
1624878968.58	750	20	0.0	655328	105	0.75	0	0	0	0
1624878968.78	750	24	0.0	643029	99	0.75	0	0	0	0
1624878968.97	750	28	0.0	586466	95	0.75	0	0	0	0
1624878969.18	750	31.912893	0.0	640646	72	0.75	0	0	0	0
1624878969.37	750	35.710749	0.0	603976	96	0.75	0	0	0	0
1624878969.57	750	39.509136	0.0	579575	100	0.75	0	0	0	0
1624878969.8	750	43.267159	0.0	622523	108	0.75	0	0	0	0
1624878970.01	750	47.064973	0.0	590406	95	0.75	0	0	0	0
1624878970.25	750	50.823354	0.0	636852	114	0.75	0	0	0	0
1624878970.5	750	54.580798	0.0	619167	107	0.75	0	0	0	0
1624878970.7	750	58.378954	0.0	636453	96	0.75	0	0	0	0
1624878973.45	750	59.751941	0.0	637789	119	0.75	5.146	0	108	0
1624878977.72	750	59.510303	0.0	574537	109	0.75	9.146	1	348	59.749999999999986
1624878981.49	750	59.814631	0.0	595492	120	0.75	13.146	1	588	60
1624878985.3	750	59.845453	0.0	662075	125	0.75	17.147	1	828	59.98500374906277
1624878989.59	750	59.589851	0.0	622438	118	0.75	21.146	1	1068	60.0150037509377
1624878993.38	750	59.905257	0.0	607166	119	0.75	25.147	1	1309	60.23494126468386
1624878997.15	750	59.928731	0.0	615645	115	0.75	29.178	1	1550	59.786653435871955
1624879001.4	750	59.676866	0.0	651954	120	0.75	33.177	1	1790	60.01500375093775
1624879005.16	750	59.998089	0.0	550774	127	0.75	37.177	1	2030	60
1624879009.41	750	59.752522	0.0	594579	121	0.75	41.18	1	2270	59.95503372470647
1624879013.69	750	59.504676	0.0	632394	128	0.75	45.18	1	2510	60
1624879017.47	750	59.810649	0.0	575968	118	0.75	49.18	1	2750	60
1624879021.27	750	59.869379	0.0	632851	90	0.75	53.181	1	2991	60.23494126468386
1624879025.54	750	59.604968	0.0	604086	133	0.75	57.181	1	3231	60
1624879029.36	750	59.916667	0.0	712976	138	0.75	61.18	1	3471	60.0150037509377
1624879033.11	750	59.983334	0.0	581323	83	0.75	65.181	1	3711	59.98500374906277
1624879037.39	750	59.72329	0.0	729373	126	0.75	69.186	1	3951	59.92509363295866
1624879041.69	750	59.467979	0.0	670981	113	0.75	73.186	1	4191	60
1624879045.48	750	59.783975	0.0	621207	112	0.75	77.186	1	4431	60
1624879049.27	750	59.846697	0.0	579598	109	0.75	81.187	1	4671	59.98500374906288
1624879053.58	750	59.579481	0.0	558064	117	0.75	85.187	1	4911	60
1624879057.38	750	59.883334	0.0	609656	118	0.75	89.196	1	5151	59.86530306809678
1624879061.65	750	59.655079	0.0	599153	113	0.75	93.197	1	5391	59.98500374906266
1624879065.44	750	59.683334	0.0	574452	110	0.75	97.197	1	5632	60.25
1624879069.21	750	59.991621	0.0	605550	117	0.75	101.198	1	5872	59.98500374906288
1624879073.48	750	59.719147	0.0	601791	120	0.75	105.198	1	6112	60
1624879077.75	750	59.459066	0.0	627361	109	0.75	109.199	1	6352	59.98500374906266
1624879081.53	750	59.770651	0.0	623214	124	0.75	113.198	1	6592	60.01500375093781
1624879085.32	750	59.79331	0.0	648266	138	0.75	117.199	1	6832	59.98500374906266
1624879089.59	750	59.531744	0.0	606947	127	0.75	121.199	1	7072	60
