1624876349.55	750	4	0.204	447032	123	-0.8722	0	0	0	0
1624876349.73	750	8	0.0	437784	91	0.75	0	0	0	0
1624876349.93	750	12	0.0	358478	96	0.75	0	0	0	0
1624876350.13	750	15.95467	0.0	433110	100	0.75	0	0	0	0
1624876350.66	750	19.426948	0.0	425284	408	0.75	0	0	0	0
1624876350.88	750	23.1842	0.0	428114	106	0.75	0	0	0	0
1624876351.12	750	26.982075	0.0	387287	98	0.75	0	0	0	0
1624876351.33	750	30.739772	0.0	435324	89	0.75	0	0	0	0
1624876351.57	750	34.497398	0.0	447048	111	0.75	0	0	0	0
1624876351.82	750	38.255239	0.0	446405	111	0.75	0	0	0	0
1624876352.13	750	41.931557	0.0	423631	173	0.75	0	0	0	0
1624876352.41	750	45.688815	0.0	416730	137	0.75	0	0	0	0
1624876352.63	750	49.446308	0.0	471953	104	0.75	0	0	0	0
1624876352.85	750	53.202898	0.0	453536	97	0.75	0	0	0	0
1624876353.03	750	57.037848	0.0	420588	80	0.75	4.695	0	86	0
1624876354.73	750	59.459552	0.0	420917	86	0.75	4.695	0	86	0
1624876358.47	750	59.768273	0.0	392428	64	0.75	8.696	0	206	29.99250187453137
1624876362.71	750	59.508075	0.0	400748	97	0.75	12.697	0	326	29.99250187453137
1624876366.45	750	59.861175	0.0	471072	56	0.75	16.697	0	446	30
1624876370.17	750	59.931891	0.0	425923	98	0.75	20.697	0	566	30
1624876374.39	750	59.674422	0.0	419792	92	0.75	24.697	0	686	30
1624876378.12	750	59.983049	0.0	429429	105	0.75	28.713	0	807	30.129482071713134
1624876382.39	750	59.728367	0.0	461232	131	0.75	32.713	0	927	30
1624876386.83	750	59.741947	0.0	382848	73	0.75	36.713	0	1047	30
1624876391.05	750	59.485498	0.0	375227	154	0.75	40.713	0	1167	30
1624876394.55	750	59.779824	0.0	437258	1226	0.75	44.714	0	1287	29.992501874531385
1624876398.41	750	59.806262	0.0	419071	1216	0.75	48.714	0	1407	30
1624876402.67	750	59.540536	0.0	449162	121	0.75	52.714	0	1527	30
1624876406.45	750	59.85759	0.0	447732	78	0.75	56.715	0	1647	29.99250187453133
1624876410.25	750	59.877163	0.0	488806	124	0.75	60.715	0	1767	30
1624876414.51	750	59.609961	0.0	389747	113	0.75	64.714	0	1887	30.007501875468904
1624876418.26	750	59.917499	0.0	485582	109	0.75	68.715	0	2007	29.99250187453133
1624876422.48	750	59.649733	0.0	430276	92	0.75	72.718	0	2127	29.977516862353234
1624876426.2	750	59.952348	0.0	435590	81	0.75	76.722	0	2247	29.97002997003004
1624876430.51	750	59.707135	0.0	459331	112	0.75	80.72	0	2367	30.015007503751843
1624876434.75	750	59.443933	0.0	381587	76	0.75	84.721	0	2487	29.99250187453133
1624876438.5	750	59.751862	0.0	424399	71	0.75	88.72	0	2607	30.007501875468904
1624876442.74	750	59.495565	0.0	436743	49	0.75	92.72	0	2727	30
1624876446.49	750	59.801605	0.0	385692	70	0.75	96.721	0	2847	29.99250187453133
1624876450.71	750	59.526873	0.0	424746	96	0.75	100.721	0	2967	30
1624876454.42	750	59.845915	0.0	407135	62	0.75	104.721	0	3087	30
1624876458.62	750	59.628962	0.0	427720	103	0.75	108.721	0	3207	30
1624876462.34	750	59.947027	0.0	427353	77	0.75	112.727	0	3327	29.955067398901647
1624876466.55	750	59.684174	0.0	418534	65	0.75	116.731	0	3447	29.97002997003004
1624876470.27	750	59.989823	0.0	421343	79	0.75	120.73	0	3567	30.007501875468797
