1624880731.53	750	4	0.17	447032	89	-0.726	0	0	0	0
1624880732.62	2850	7.546334	0.0	3731877	866	0.75	0	0	0	0
1624880733.69	2850	10.497227	0.0	2988743	857	2.85	0	0	0	0
1624880734.69	2850	13.487489	0.0	3344033	778	2.85	0	0	0	0
1624880735.63	2850	16.518199	0.0	3588671	736	2.85	4.731	0	85	0
1624880736.75	2850	19.533334	0.0	3516436	772	2.85	4.731	0	85	0
1624880737.75	2850	22.433334	0.0	3520561	696	2.85	4.731	0	85	0
1624880738.91	2850	25.266667	0.0	3787958	921	2.85	4.731	0	85	0
1624880739.89	2850	28.3	0.0	3482140	721	2.85	8.738	6	205	28.45021212877465
1624880740.81	2850	31.345522	0.0	3620909	723	2.85	8.738	6	205	28.45021212877465
1624880741.89	2850	34.266667	0.0	3578596	837	2.85	8.738	6	205	28.45021212877465
1624880742.8	2850	37.366667	0.0	3430213	631	2.85	8.738	6	205	28.45021212877465
1624880744.26	2850	39.905719	0.0	3873343	1229	2.85	12.738	7	325	29.75
1624880745.39	2850	42.773911	0.0	4055051	895	2.85	12.738	7	325	29.75
1624880746.26	2850	45.887256	0.0	3383484	688	2.85	12.738	7	325	29.75
1624880747.09	2850	49.081979	0.0	3439708	643	2.85	16.739	7	445	29.992501874531357
1624880748.03	2850	52.233334	0.0	3270011	591	2.85	16.739	7	445	29.992501874531357
1624880749.15	2850	55.103957	0.0	3397053	731	2.85	16.739	7	445	29.992501874531357
1624880750.24	2850	57.933334	0.0	3855639	811	2.85	16.739	7	445	29.992501874531357
1624880752.64	2850	59.619471	0.0	3553518	669	2.85	20.739	9	565	29.5
1624880756.59	2850	59.637667	0.0	3560530	682	2.85	24.74	9	685	29.992501874531385
1624880760.25	2850	59.976008	0.0	3529545	802	2.85	28.741	11	805	29.49262684328917
1624880764.49	2850	59.717938	0.0	3944215	919	2.85	32.756	12	926	29.887920298879198
1624880768.84	2850	59.447059	0.0	2874206	548	2.85	36.764	13	1046	29.69061876247503
1624880772.42	2850	59.763195	0.0	3298545	755	2.85	40.764	16	1166	29.25
1624880776.47	2850	59.782575	0.0	3406141	769	2.85	44.764	16	1286	30
1624880780.78	2850	59.516946	0.0	3134119	614	2.85	48.764	16	1406	30
1624880784.79	2850	59.544329	0.0	3769859	740	2.85	52.765	16	1526	29.992501874531385
1624880788.77	2850	59.56895	0.0	3566857	736	2.85	56.765	16	1646	30
1624880792.39	2850	59.876325	0.0	3935536	838	2.85	60.765	17	1766	29.75
1624880796.61	2850	59.615465	0.0	3251953	1009	2.85	64.766	17	1886	29.99250187453133
1624880800.74	2850	59.637738	0.0	3744840	840	2.85	68.766	17	2006	30
1624880804.39	2850	59.937204	0.0	3455854	898	2.85	72.767	17	2126	29.99250187453144
1624880808.81	2850	59.43618	0.0	3548731	623	2.85	76.769	17	2246	29.985007496251804
1624880812.78	2850	59.507533	0.0	3573884	684	2.85	80.769	17	2366	30
1624880816.63	2850	59.529273	0.0	3124748	1084	2.85	84.77	17	2486	29.99250187453144
1624880820.63	2850	59.559112	0.0	3671669	699	2.85	88.769	18	2606	29.75743935983989
1624880824.67	2850	59.58982	0.0	3397624	727	2.85	92.77	19	2726	29.742564358910343
1624880828.57	2850	59.619921	0.0	3070410	628	2.85	96.77	19	2846	30
1624880832.46	2850	59.929668	0.0	3480718	633	2.85	100.77	19	2966	30
1624880836.22	2850	59.960155	0.0	3396325	656	2.85	104.771	20	3086	29.742564358910236
1624880840.9	2850	59.484089	0.0	3538812	807	2.85	108.775	24	3206	28.971028971028936
1624880844.47	2850	59.833334	0.0	3440498	819	2.85	112.78	24	3327	30.212234706616762
1624880848.42	2850	59.853854	0.0	3504086	741	2.85	116.78	24	3447	30
1624880852.39	2850	59.872674	0.0	3345088	696	2.85	120.78	25	3567	29.75
