1624874945.76	750	4	0.177	447032	103	-0.7561	0	0	0	0
1624874946.5	1850	7.837999	0.0	2254830	547	0.75	0	0	0	0
1624874947.01	1850	11.31477	0.0	1837501	376	1.85	0	0	0	0
1624874947.64	1850	14.709652	0.0	2108748	434	1.85	0	0	0	0
1624874948.4	1850	17.941512	0.0	2229492	547	1.85	0	0	0	0
1624874949.0	1850	21.335402	0.0	2078237	395	1.85	0	0	0	0
1624874949.52	1850	24.810664	0.0	2030644	358	1.85	4.692	0	85	0
1624874950.36	1850	28	0.0	2298831	544	1.85	4.692	0	85	0
1624874951.04	1850	31.316468	0.0	2164964	436	1.85	4.692	0	85	0
1624874951.84	1850	34.506114	0.0	2175479	546	1.85	4.692	0	85	0
1624874952.46	1850	37.861088	0.0	2156805	416	1.85	4.692	0	85	0
1624874953.11	1850	41.254572	0.0	2101523	439	1.85	4.692	0	85	0
1624874953.77	1850	44.567785	0.0	2344608	440	1.85	8.726	1	206	29.747149231531974
1624874954.41	1850	47.922441	0.0	2334646	455	1.85	8.726	1	206	29.747149231531974
1624874955.09	1850	51.235401	0.0	2109579	530	1.85	8.726	1	206	29.747149231531974
1624874955.76	1850	54.587324	0.0	2097243	497	1.85	8.726	1	206	29.747149231531974
1624874956.3	1850	58.061348	0.0	2054074	375	1.85	8.726	1	206	29.747149231531974
1624874958.56	1850	59.794171	0.0	2079344	509	1.85	12.726	1	326	30
1624874962.79	1850	59.818657	0.0	2353718	470	1.85	16.727	1	446	29.99250187453137
1624874966.97	1850	59.566667	0.0	2119053	450	1.85	20.727	1	566	30
1624874970.68	1850	59.868547	0.0	2145449	464	1.85	24.727	1	686	30
1624874974.48	1850	59.889526	0.0	2087310	529	1.85	28.728	1	806	29.992501874531357
1624874978.94	1850	59.623398	0.0	2348666	696	1.85	32.728	1	926	30
1624874982.47	1850	59.928267	0.0	1801794	328	1.85	36.728	1	1046	30
1624874986.49	1850	59.952752	0.0	1864524	319	1.85	40.729	1	1166	29.992501874531385
1624874990.74	1850	59.7	0.0	2051691	499	1.85	44.73	1	1286	29.992501874531385
1624874994.87	1850	59.721848	0.0	1898420	441	1.85	48.73	1	1406	30
1624874999.07	1850	59.466667	0.0	2276304	466	1.85	52.731	1	1526	29.99250187453133
1624875002.82	1850	59.786237	0.0	2239013	557	1.85	56.731	1	1646	30
1624875006.86	1850	59.527927	0.0	2417622	799	1.85	60.731	1	1766	30
1624875011.01	1850	59.547766	0.0	1950728	380	1.85	64.731	1	1886	30.000000000000053
1624875014.82	1850	59.580409	0.0	2268079	538	1.85	68.732	1	2006	29.99250187453133
1624875018.53	1850	59.920963	0.0	2105954	462	1.85	72.732	1	2126	30
1624875022.73	1850	59.697048	0.0	2049597	464	1.85	76.731	1	2246	30.007501875468904
1624875026.73	1850	59.71984	0.0	2267452	758	1.85	80.733	1	2366	29.985007496251804
1624875031.0	1850	59.450118	0.0	1977775	532	1.85	84.733	1	2486	30
1624875034.62	1850	59.794758	0.0	2145766	394	1.85	88.733	1	2606	30
1624875038.84	1850	59.544944	0.0	2064567	531	1.85	92.733	1	2726	30
1624875042.89	1850	59.574788	0.0	1899367	389	1.85	96.733	1	2846	30
1624875046.49	1850	59.884676	0.0	2118078	394	1.85	100.734	1	2966	29.99250187453144
1624875050.57	1850	59.910208	0.0	2045638	392	1.85	104.735	1	3086	29.99250187453133
1624875054.66	1850	59.936402	0.0	2132751	372	1.85	108.734	1	3206	30.007501875468904
1624875058.73	1850	59.673463	0.0	2105800	393	1.85	112.735	1	3326	29.99250187453133
1624875062.79	1850	59.687962	0.0	2117310	380	1.85	116.735	1	3446	30
1624875066.33	1850	59.993863	0.0	2106167	399	1.85	120.739	1	3566	29.970029970029934
