1624873100.27	750	4	0.171	446149	94	-0.7303	0	0	0	0
1624873100.58	750	8	0.0	657276	117	0.75	0	0	0	0
1624873100.78	750	12	0.0	531142	92	0.75	0	0	0	0
1624873101.16	750	15.878466	0.0	641782	101	0.75	0	0	0	0
1624873101.38	750	19.474732	0.0	655328	106	0.75	0	0	0	0
1624873101.6	750	23.273185	0.0	643029	128	0.75	0	0	0	0
1624873101.8	750	27.070153	0.0	586466	106	0.75	0	0	0	0
1624873102.06	750	30.826934	0.0	640646	121	0.75	0	0	0	0
1624873102.3	750	34.543135	0.0	603976	100	0.75	0	0	0	0
1624873102.57	750	38.300261	0.0	579575	109	0.75	0	0	0	0
1624873102.82	750	42.057114	0.0	622523	103	0.75	0	0	0	0
1624873103.05	750	45.81473	0.0	590406	89	0.75	0	0	0	0
1624873103.32	750	49.571579	0.0	636852	90	0.75	0	0	0	0
1624873103.57	750	53.287041	0.0	619167	109	0.75	0	0	0	0
1624873103.8	750	57.045435	0.0	636453	105	0.75	4.644	0	172	0
1624873105.56	750	59.466667	0.0	637789	106	0.75	4.644	0	172	0
1624873109.33	750	59.526234	0.0	574537	114	0.75	8.643	0	412	60.01500375093772
1624873113.09	750	59.873676	0.0	595492	106	0.75	12.644	0	652	59.98500374906274
1624873117.43	750	59.651042	0.0	662075	107	0.75	16.643	0	892	60.01500375093772
1624873121.23	750	59.675892	0.0	622438	121	0.75	20.644	0	1132	59.98500374906277
1624873124.99	750	59.967218	0.0	607166	129	0.75	24.644	0	1372	60
1624873129.28	750	59.7	0.0	615645	108	0.75	28.651	0	1612	59.89518342899923
1624873133.59	750	59.45	0.0	651954	142	0.75	32.656	0	1853	60.174781523096144
1624873137.33	750	59.757417	0.0	550774	99	0.75	36.656	0	2093	60
1624873141.12	750	59.779401	0.0	594579	123	0.75	40.657	0	2333	59.98500374906277
1624873145.35	750	59.522241	0.0	632394	102	0.75	44.657	0	2573	60
1624873149.09	750	59.861101	0.0	575968	108	0.75	48.657	0	2813	60
1624873153.35	750	59.595046	0.0	632851	131	0.75	52.657	0	3053	60
1624873157.16	750	59.904765	0.0	604086	149	0.75	56.658	0	3293	59.98500374906266
1624873161.02	750	59.911888	0.0	712976	174	0.75	60.658	0	3533	60
1624873165.3	750	59.654344	0.0	581323	135	0.75	64.658	0	3773	60
1624873169.13	750	59.962715	0.0	729373	122	0.75	68.658	0	4013	60
1624873173.37	750	59.704471	0.0	670981	102	0.75	72.658	0	4253	60
1624873177.16	750	59.7351	0.0	621207	112	0.75	76.661	0	4493	59.95503372470647
1624873181.42	750	59.470775	0.0	579598	86	0.75	80.661	0	4733	60
1624873185.18	750	59.787681	0.0	558064	113	0.75	84.662	0	4973	59.98500374906266
1624873189.43	750	59.536582	0.0	609656	99	0.75	88.662	0	5213	60
1624873193.2	750	59.830744	0.0	599153	108	0.75	92.662	0	5453	60
1624873197.48	750	59.565842	0.0	574452	127	0.75	96.663	0	5693	59.98500374906288
1624873201.21	750	59.877934	0.0	605550	99	0.75	100.662	0	5933	60.015003750937595
1624873205.09	750	59.9	0.0	601791	182	0.75	104.663	0	6173	59.98500374906288
1624873208.9	750	59.965337	0.0	627361	144	0.75	108.663	0	6413	60
1624873213.2	750	59.704567	0.0	623214	139	0.75	112.663	0	6653	60
1624873217.47	750	59.450827	0.0	648266	140	0.75	116.663	0	6893	60
1624873221.25	750	59.757249	0.0	606947	133	0.75	120.664	0	7133	59.98500374906266
