1634609908.24	750	4	0.202	632582	95	-0.8635999999999999	0	0	0	0
1634609908.57	750	8	0.0	701538	115	0.75	0	0	0	0
1634609908.82	750	12	0.0	652167	133	0.75	0	0	0	0
1634609909.04	750	16	0.0	676228	98	0.75	0	0	0	0
1634609909.26	750	20	0.0	687537	115	0.75	0	0	0	0
1634609909.49	750	24	0.0	663003	102	0.75	0	0	0	0
1634609909.79	750	28	0.0	694755	109	0.75	0	0	0	0
1634609910.0	750	32	0.0	669189	96	0.75	0	0	0	0
1634609910.26	750	35.788512	0.0	662375	100	0.75	0	0	0	0
1634609910.5	750	39.546179	0.0	675276	111	0.75	0	0	0	0
1634609910.73	750	43.341647	0.0	697146	109	0.75	0	0	0	0
1634609910.97	750	47.1	0.0	655809	113	0.75	0	0	0	0
1634609911.24	750	50.816667	0.0	739625	128	0.75	0	0	0	0
1634609911.58	750	54.573953	0.0	635863	103	0.75	0	0	0	0
1634609911.8	750	58.250751	0.0	677487	99	0.75	5.482	0	96	0
1634609914.57	750	59.737602	0.0	670471	112	0.75	5.482	0	96	0
1634609918.39	750	59.759358	0.0	657723	101	0.75	9.481	0	336	60.01500375093774
1634609922.68	750	59.496181	0.0	687669	103	0.75	13.481	0	576	60
1634609926.48	750	59.809312	0.0	689081	130	0.75	17.482	0	816	59.98500374906274
1634609930.23	750	59.866667	0.0	671979	101	0.75	21.484	0	1057	60.219890054972474
1634609934.5	750	59.61936	0.0	686526	117	0.75	25.482	0	1296	59.779889944972524
1634609938.28	750	59.964465	0.0	658511	119	0.75	29.483	0	1536	59.98500374906271
1634609942.57	750	59.704289	0.0	689315	111	0.75	33.482	0	1776	60.01500375093775
1634609946.6	750	59.724808	0.0	653179	13	0.75	37.483	0	2016	59.98500374906277
1634609950.39	750	59.751023	0.0	665560	125	0.75	41.484	0	2256	59.98500374906266
1634609954.65	750	59.497148	0.0	686735	111	0.75	45.485	0	2497	60.23494126468386
1634609958.43	750	59.804851	0.0	691385	109	0.75	49.484	0	2737	60.0150037509377
1634609962.71	750	59.551937	0.0	674179	116	0.75	53.485	0	2976	59.73506623344167
1634609966.5	750	59.573137	0.0	659438	100	0.75	57.487	0	3217	60.219890054972474
1634609970.32	750	59.872652	0.0	683313	143	0.75	61.486	0	3457	60.01500375093781
1634609974.16	750	59.966667	0.0	663183	108	0.75	65.485	0	3697	60.0150037509377
1634609978.46	750	59.694941	0.0	665407	126	0.75	69.486	0	3937	59.98500374906266
1634609982.73	750	59.431834	0.0	656035	106	0.75	73.486	0	4177	60
1634609986.54	750	59.536032	0.0	695274	98	0.75	77.488	0	4417	59.97001499250382
1634609990.32	750	59.840878	0.0	661157	111	0.75	81.489	0	4657	59.98500374906266
1634609994.6	750	59.573646	0.0	693898	111	0.75	85.489	0	4897	60
1634609998.42	750	59.875916	0.0	676065	109	0.75	89.49	0	5137	59.98500374906288
1634610002.19	750	59.928954	0.0	670173	118	0.75	93.49	0	5377	60
1634610006.44	750	59.666667	0.0	642464	110	0.75	97.491	0	5617	59.98500374906266
1634610010.25	750	59.974131	0.0	668436	101	0.75	101.492	0	5857	59.98500374906266
1634610014.5	750	59.724198	0.0	702191	115	0.75	105.491	0	6097	60.01500375093781
1634610018.75	750	59.506604	0.0	661963	86	0.75	109.491	0	6337	60
1634610022.52	750	59.811058	0.0	662155	105	0.75	113.492	0	6577	59.98500374906266
1634610026.3	750	59.828086	0.0	687392	115	0.75	117.492	0	6817	60
1634610030.55	750	59.604128	0.0	697493	102	0.75	121.492	0	7057	60
