1634608434.72	750	4	0.979	4663471	758	-4.2047	0	0	0	0
1634608435.78	2850	7.7	0.0	4787686	755	0.75	0	0	0	0
1634608436.9	2850	10.566667	0.0	4911120	851	2.85	0	0	0	0
1634608437.99	2850	13.5	0.0	4836291	777	2.85	4.575	16	121	0
1634608439.09	2850	16.366667	0.0	5126607	827	2.85	4.575	16	121	0
1634608440.15	2850	19.316667	0.0	4874070	782	2.85	4.575	16	121	0
1634608441.22	2850	22.233334	0.0	5038633	754	2.85	4.575	16	121	0
1634608442.32	2850	25.15	0.0	4938910	808	2.85	8.573	66	360	47.2736368184092
1634608443.43	2850	28.05	0.0	4974075	812	2.85	8.573	66	360	47.2736368184092
1634608444.52	2850	30.933334	0.0	5018837	835	2.85	8.573	66	360	47.2736368184092
1634608445.71	2850	33.766667	0.0	5500834	892	2.85	12.572	98	600	52.013003250812716
1634608446.79	2850	36.683334	0.0	4811084	766	2.85	12.572	98	600	52.013003250812716
1634608448.02	2850	39.45	0.0	5675063	934	2.85	12.572	98	600	52.013003250812716
1634608449.02	2850	42.433334	0.0	4593022	722	2.85	12.572	98	600	52.013003250812716
1634608450.19	2850	45.316667	0.0	5259926	856	2.85	16.573	148	841	47.73806548362908
1634608451.27	2850	48.2	0.0	5063028	812	2.85	16.573	148	841	47.73806548362908
1634608452.29	2850	51.15	0.0	4717144	772	2.85	16.573	148	841	47.73806548362908
1634608453.53	2850	54.033334	0.0	5134053	872	2.85	20.573	184	1077	50
1634608454.76	2850	56.75	0.0	5496964	889	2.85	20.573	184	1077	50
1634608455.94	2850	59.566667	0.0	5143491	820	2.85	20.573	184	1077	50
1634608459.64	2850	59.962539	0.0	5316086	867	2.85	24.573	257	1321	42.75
1634608463.8	2850	59.729886	0.0	4821804	798	2.85	28.573	274	1561	55.75
1634608467.97	2850	59.506446	0.0	5202047	823	2.85	32.574	290	1801	55.98600349912525
1634608471.63	2850	59.843666	0.0	5068232	819	2.85	36.575	304	2041	56.48587853036734
1634608475.84	2850	59.580096	0.0	5351367	832	2.85	40.575	324	2281	55
1634608479.6	2850	59.888846	0.0	5527128	873	2.85	44.575	347	2521	54.25
1634608483.86	2850	59.628644	0.0	5340443	866	2.85	48.575	370	2761	54.25
1634608487.51	2850	59.971227	0.0	4948873	826	2.85	52.575	382	3001	57
1634608491.68	2850	59.747357	0.0	5088692	822	2.85	56.576	397	3241	56.235941014746345
1634608495.62	2850	59.972841	0.0	5378468	1017	2.85	60.576	425	3481	53
1634608499.86	2850	59.671871	0.0	4820790	823	2.85	64.578	438	3721	56.72163918040976
1634608503.57	2850	59.98582	0.0	4970066	817	2.85	68.577	452	3961	56.5141285321331
1634608507.73	2850	59.719751	0.0	4908623	790	2.85	72.585	466	4201	56.38722554890226
1634608512.03	2850	59.488186	0.0	5566900	885	2.85	76.585	485	4441	55.25
1634608515.71	2850	59.84174	0.0	5073184	809	2.85	80.585	500	4681	56.25
1634608519.85	2850	59.573016	0.0	5051199	792	2.85	84.585	512	4921	57
1634608523.98	2850	59.580277	0.0	4992500	825	2.85	88.585	524	5161	57
1634608527.73	2850	59.850426	0.0	5051278	888	2.85	92.585	538	5401	56.5
1634608531.88	2850	59.581076	0.0	5012623	811	2.85	96.586	551	5641	56.735816045988436
1634608535.52	2850	59.87808	0.0	5180299	849	2.85	100.586	563	5881	57
1634608539.83	2850	59.613089	0.0	5571174	946	2.85	104.586	576	6121	56.75
1634608543.98	2850	59.55672	0.0	4885145	803	2.85	108.587	591	6361	56.235941014746246
1634608547.55	2850	59.905046	0.0	4777561	731	2.85	112.587	606	6601	56.25
1634608551.85	2850	59.67496	0.0	5323435	930	2.85	116.587	626	6841	55
1634608555.57	2850	59.983334	0.0	5306151	880	2.85	120.592	637	7082	57.428214731585584
