1634609200.37	750	4	0.445	1685249	290	-1.9085	0	0	0	0
1634609200.9	1200	8	0.0	1781540	301	0.75	0	0	0	0
1634609201.36	1200	12	0.0	1722737	274	1.2	0	0	0	0
1634609201.79	1200	16	0.0	1740707	284	1.2	0	0	0	0
1634609202.3	1200	19.6	0.0	1752806	276	1.2	0	0	0	0
1634609202.73	1200	23.150237	0.0	1706225	269	1.2	0	0	0	0
1634609203.2	1200	26.666667	0.0	1829999	298	1.2	0	0	0	0
1634609203.8	1200	30.100921	0.0	1721616	282	1.2	5.327	1	92	0
1634609204.32	1200	33.6	0.0	1715269	294	1.2	5.327	1	92	0
1634609204.85	1200	37.05	0.0	1769586	295	1.2	5.327	1	92	0
1634609205.35	1200	40.55	0.0	1849979	271	1.2	5.327	1	92	0
1634609205.84	1200	44.066667	0.0	1693292	265	1.2	5.327	1	92	0
1634609206.31	1200	47.566667	0.0	1905664	294	1.2	5.327	1	92	0
1634609206.75	1200	51.116667	0.0	1623155	273	1.2	5.327	1	92	0
1634609207.22	1200	54.666667	0.0	1754132	273	1.2	5.327	1	92	0
1634609207.65	1200	58.21832	0.0	1752304	277	1.2	9.325	10	332	57.778889444722374
1634609210.25	1200	59.868862	0.0	1690172	364	1.2	9.325	10	332	57.778889444722374
1634609214.27	1200	59.612114	0.0	1834922	290	1.2	13.326	11	572	59.73506623344162
1634609218.26	1200	59.628336	0.0	1776705	272	1.2	17.326	11	812	60
1634609222.29	1200	59.659064	0.0	1719504	273	1.2	21.326	13	1052	59.5
1634609226.29	1200	59.672462	0.0	1807724	287	1.2	25.326	13	1292	60
1634609230.26	1200	59.702157	0.0	1718882	267	1.2	29.327	14	1532	59.73506623344162
1634609234.26	1200	59.733756	0.0	1803226	296	1.2	33.327	14	1772	60.00000000000006
1634609238.25	1200	59.774231	0.0	1686003	279	1.2	37.327	15	2012	59.75
1634609242.26	1200	59.8	0.0	1737120	281	1.2	41.327	17	2252	59.5
1634609246.31	1200	59.821774	0.0	1801713	226	1.2	45.343	19	2493	59.51195219123498
1634609250.31	1200	59.56747	0.0	1846078	279	1.2	49.327	21	2732	59.487951807228995
1634609254.33	1200	59.600324	0.0	1749409	266	1.2	53.328	23	2972	59.48512871782047
1634609258.35	1200	59.613946	0.0	1753415	292	1.2	57.333	23	3213	60.1747815230962
1634609262.39	1200	59.643047	0.0	1802826	309	1.2	61.333	25	3453	59.5
1634609266.39	1200	59.671593	0.0	1711828	254	1.2	65.335	25	3693	59.97001499250382
1634609269.94	1200	59.980378	0.0	1677116	315	1.2	69.333	26	3933	59.77988994497242
1634609274.0	1200	59.963745	0.0	1696497	278	1.2	73.335	30	4173	58.97051474262875
1634609278.06	1200	59.986019	0.0	1789902	302	1.2	77.334	32	4413	59.51487871967978
1634609282.17	1200	59.995955	0.0	1750744	256	1.2	81.334	34	4653	59.5
1634609286.18	1200	59.730405	0.0	1795743	280	1.2	85.335	36	4893	59.485128717820686
1634609290.21	1200	59.813214	0.0	1747384	280	1.2	89.336	38	5133	59.48512871782047
1634609294.24	1200	59.878795	0.0	1755372	281	1.2	93.335	40	5373	59.51487871967999
1634609298.26	1200	59.915035	0.0	1684976	259	1.2	97.34	42	5613	59.425717852684
1634609302.27	1200	59.646611	0.0	1728132	278	1.2	101.34	43	5853	59.75
1634609306.31	1200	59.678013	0.0	1808301	286	1.2	105.34	43	6093	60
1634609310.31	1200	59.777611	0.0	1726475	268	1.2	109.345	43	6333	59.92509363295887
1634609314.28	1200	59.810913	0.0	1726086	278	1.2	113.341	44	6573	59.809809809809884
1634609319.28	1200	59.556199	0.0	1805658	302	1.2	117.34	48	6813	59.01475368842197
1634609322.49	1200	59.495545	0.0	1787150	261	1.2	121.454	48	7060	60.038891589693876
