1634631091.3	750	4	0.172	450171	90	-0.7346	0	0	0	0
1634631091.49	300	8	0.0	479340	96	-0.15000000000000002	0	0	0	0
1634631091.66	300	12	0.0	482464	77	0.3	0	0	0	0
1634631091.87	300	15.953992	0.0	473027	99	0.3	0	0	0	0
1634631092.03	300	19.79298	0.0	482174	78	0.3	0	0	0	0
1634631092.19	300	23.632006	0.0	467405	78	0.3	0	0	0	0
1634631092.39	300	27.430312	0.0	481853	100	0.3	0	0	0	0
1634631092.59	300	31.229086	0.0	476808	89	0.3	0	0	0	0
1634631092.81	300	34.987004	0.0	475686	67	0.3	0	0	0	0
1634631093.01	300	38.824245	0.0	478640	85	0.3	0	0	0	0
1634631093.23	300	42.581361	0.0	489636	77	0.3	0	0	0	0
1634631093.42	300	46.379258	0.0	459485	85	0.3	0	0	0	0
1634631093.67	300	50.136239	0.0	510706	107	0.3	0	0	0	0
1634631093.91	300	53.934808	0.0	453259	99	0.3	0	0	0	0
1634631094.12	300	57.692125	0.0	480339	68	0.3	0	0	0	0
1634631095.85	300	59.983415	0.0	470888	76	0.3	4.603	0	177	0
1634631100.12	300	59.726045	0.0	467296	110	0.3	8.603	0	417	60
1634631104.4	300	59.466667	0.0	476280	93	0.3	12.603	0	657	60
1634631108.15	300	59.768086	0.0	482436	82	0.3	16.603	0	897	59.99999999999997
1634631112.4	300	59.512306	0.0	460532	69	0.3	20.604	0	1137	59.98500374906277
1634631116.14	300	59.811112	0.0	476583	71	0.3	24.604	0	1377	60
1634631120.4	300	59.540542	0.0	465070	85	0.3	28.605	0	1617	59.98500374906271
1634631124.16	300	59.845619	0.0	482219	105	0.3	32.605	0	1857	60.00000000000006
1634631128.41	300	59.579809	0.0	461632	63	0.3	36.605	0	2097	60
1634631132.18	300	59.880212	0.0	462277	55	0.3	40.605	0	2337	60
1634631135.93	300	59.939498	0.0	490432	77	0.3	44.606	0	2577	59.98500374906266
1634631140.19	300	59.674814	0.0	489711	83	0.3	48.606	0	2817	60
1634631144.44	300	59.442629	0.0	467054	82	0.3	52.605	0	3057	60.01500375093781
1634631148.17	300	59.75	0.0	476238	79	0.3	56.606	0	3297	59.98500374906266
1634631152.41	300	59.520815	0.0	474119	73	0.3	60.607	0	3537	59.98500374906277
1634631156.16	300	59.825567	0.0	476910	89	0.3	64.607	0	3777	60
1634631160.43	300	59.554139	0.0	490660	111	0.3	68.607	0	4017	60
1634631164.2	300	59.89212	0.0	470742	69	0.3	72.607	0	4257	60
1634631167.94	300	59.91721	0.0	497446	72	0.3	76.61	0	4498	60.20484636522608
1634631172.22	300	59.640193	0.0	456821	80	0.3	80.609	0	4738	60.01500375093781
1634631175.95	300	59.993609	0.0	484228	80	0.3	84.61	0	4978	59.98500374906266
1634631180.18	300	59.729283	0.0	471941	74	0.3	88.61	0	5218	60
1634631184.41	300	59.475317	0.0	464051	79	0.3	92.611	0	5458	59.98500374906266
1634631188.16	300	59.783334	0.0	471791	75	0.3	96.612	0	5698	59.98500374906288
1634631192.41	300	59.523488	0.0	478859	100	0.3	100.612	0	5938	60
1634631196.2	300	59.822131	0.0	488451	72	0.3	104.612	0	6178	60
1634631199.93	300	59.881474	0.0	444887	72	0.3	108.613	0	6418	59.98500374906266
1634631204.16	300	59.896509	0.0	452873	81	0.3	112.615	0	6658	59.97001499250382
1634631207.89	300	59.956869	0.0	492347	82	0.3	116.615	0	6898	60
1634631212.12	300	59.697282	0.0	496200	84	0.3	120.616	0	7138	59.98500374906266
