1634621899.58	750	4	1.077	4663471	799	-4.626099999999999	0	0	0	0
1634621900.7	2850	8	0.0	4787686	783	0.75	0	0	0	0
1634621901.78	2850	11.383334	0.0	4911120	794	2.85	0	0	0	0
1634621902.8	2850	14.333334	0.0	4836291	783	2.85	5.114	13	58	0
1634621903.88	2850	17.266667	0.0	5126607	809	2.85	5.114	13	58	0
1634621904.95	2850	20.2	0.0	4874070	817	2.85	5.114	13	58	0
1634621906.43	2850	22.716667	0.0	5038633	1214	2.85	9.113	37	298	54.01350337584397
1634621907.48	2850	25.666667	0.0	4938910	785	2.85	9.113	37	298	54.01350337584397
1634621908.6	2850	28.6	0.0	4974075	795	2.85	9.113	37	298	54.01350337584397
1634621909.72	2850	31.466667	0.0	5018837	809	2.85	9.113	37	298	54.01350337584397
1634621910.88	2850	34.283334	0.0	5500834	865	2.85	13.114	83	538	48.48787803049236
1634621911.99	2850	37.15	0.0	4811084	844	2.85	13.114	83	538	48.48787803049236
1634621913.29	2850	39.883334	0.0	5675063	1011	2.85	13.114	83	538	48.48787803049236
1634621914.39	2850	42.766667	0.0	4593022	800	2.85	17.114	115	778	52
1634621915.63	2850	45.6	0.0	5259926	800	2.85	17.114	115	778	52
