1634605811.48	750	4	0.426	1913263	314	-1.8268	0	0	0	0
1634605811.98	1850	8	0.0	2089029	333	0.75	0	0	0	0
1634605812.45	1850	11.709751	0.0	2096691	322	1.85	0	0	0	0
1634605812.95	1850	15.226629	0.0	2102150	327	1.85	0	0	0	0
1634605813.48	1850	18.702201	0.0	2202821	371	1.85	0	0	0	0
1634605814.03	1850	22.137448	0.0	2122248	352	1.85	0	0	0	0
1634605814.59	1850	25.572939	0.0	2085229	363	1.85	0	0	0	0
1634605815.16	1850	29.048547	0.0	2110319	304	1.85	4.681	0	77	0
1634605815.72	1850	32.480165	0.0	2159897	346	1.85	4.681	0	77	0
1634605816.34	1850	35.833921	0.0	2169645	350	1.85	4.681	0	77	0
1634605816.85	1850	39.346417	0.0	2138606	310	1.85	4.681	0	77	0
1634605817.36	1850	42.862238	0.0	2043307	323	1.85	4.681	0	77	0
1634605817.92	1850	46.257288	0.0	2327436	408	1.85	4.681	0	77	0
1634605818.41	1850	49.773668	0.0	1904210	312	1.85	4.681	0	77	0
1634605818.94	1850	53.248081	0.0	2144078	332	1.85	8.68	0	196	29.757439359839964
1634605819.49	1850	56.721258	0.0	2096332	339	1.85	8.68	0	196	29.757439359839964
1634605820.51	1850	59.831368	0.0	1978857	319	1.85	8.68	0	196	29.757439359839964
1634605824.61	1850	59.597472	0.0	2103885	278	1.85	12.68	0	317	30.25
1634605828.79	1850	59.605	0.0	2123697	413	1.85	16.681	0	437	29.992501874531357
1634605832.43	1850	59.900931	0.0	2101249	372	1.85	20.681	0	557	30
1634605836.51	1850	59.949425	0.0	2221891	332	1.85	24.681	0	677	30
1634605840.62	1850	59.668666	0.0	2069811	332	1.85	28.682	0	797	29.992501874531385
1634605844.71	1850	59.721925	0.0	2168537	341	1.85	32.683	0	917	29.992501874531357
1634605848.79	1850	59.433819	0.0	2104614	336	1.85	36.684	0	1037	29.992501874531385
1634605852.87	1850	59.452901	0.0	2073522	342	1.85	40.69	0	1157	29.955067398901647
1634605856.53	1850	59.789377	0.0	2173759	331	1.85	44.691	0	1277	29.99250187453133
1634605860.58	1850	59.805391	0.0	2112825	342	1.85	48.691	0	1397	30
1634605864.71	1850	59.594469	0.0	2152172	329	1.85	52.691	0	1517	30
1634605868.76	1850	59.609249	0.0	2125345	319	1.85	56.691	0	1637	30
1634605872.33	1850	59.903383	0.0	2144544	334	1.85	60.691	0	1757	30
1634605876.41	1850	59.91938	0.0	2005686	344	1.85	64.692	0	1877	29.99250187453144
1634605880.49	1850	59.754999	0.0	2107587	302	1.85	68.692	0	1997	30
1634605884.57	1850	59.762997	0.0	2129753	339	1.85	72.692	0	2117	30
1634605888.67	1850	59.522623	0.0	2230435	364	1.85	76.693	0	2237	29.99250187453133
1634605892.73	1850	59.534166	0.0	2145105	341	1.85	80.693	0	2357	30
1634605896.81	1850	59.545338	0.0	2084291	336	1.85	84.694	0	2477	29.99250187453133
1634605900.38	1850	59.845781	0.0	2076226	322	1.85	88.694	0	2597	30
1634605904.5	1850	59.85027	0.0	2125976	362	1.85	92.694	0	2717	30
1634605908.51	1850	59.901925	0.0	1990834	288	1.85	96.694	0	2837	30
1634605912.6	1850	59.626144	0.0	2100565	338	1.85	100.695	0	2957	29.99250187453144
1634605916.73	1850	59.685801	0.0	2267754	367	1.85	104.695	0	3077	30
1634605920.32	1850	59.983677	0.0	2012700	310	1.85	108.696	0	3197	29.99250187453133
1634605924.37	1850	59.980393	0.0	2099151	347	1.85	112.696	0	3317	30
1634605928.44	1850	59.994363	0.0	2201867	348	1.85	116.696	0	3437	30
1634605932.51	1850	59.715535	0.0	2187933	367	1.85	120.736	0	3558	29.950495049504905
