1634609437.44	750	4	0.427	1685249	272	-1.8310999999999997	0	0	0	0
1634609437.9	1200	8	0.0	1781540	277	0.75	0	0	0	0
1634609438.36	1200	12	0.0	1722737	276	1.2	0	0	0	0
1634609438.86	1200	16	0.0	1740707	283	1.2	0	0	0	0
1634609439.33	1200	19.566667	0.0	1752806	284	1.2	0	0	0	0
1634609439.78	1200	23.107475	0.0	1706225	278	1.2	0	0	0	0
1634609440.27	1200	26.633334	0.0	1829999	292	1.2	0	0	0	0
1634609440.87	1200	30.015245	0.0	1721616	405	1.2	5.338	3	96	0
1634609441.36	1200	33.569293	0.0	1715269	272	1.2	5.338	3	96	0
1634609441.85	1200	37.066667	0.0	1769586	290	1.2	5.338	3	96	0
1634609442.35	1200	40.559551	0.0	1849979	317	1.2	5.338	3	96	0
1634609442.8	1200	44.083334	0.0	1693292	279	1.2	5.338	3	96	0
1634609443.28	1200	47.6	0.0	1905664	319	1.2	5.338	3	96	0
1634609443.71	1200	51.186211	0.0	1623155	260	1.2	5.338	3	96	0
1634609444.16	1200	54.736722	0.0	1754132	273	1.2	5.338	3	96	0
1634609444.62	1200	58.266667	0.0	1752304	281	1.2	9.339	10	336	58.235441139715064
1634609447.16	1200	59.933334	0.0	1690172	269	1.2	9.339	10	336	58.235441139715064
1634609451.18	1200	59.948085	0.0	1834922	285	1.2	13.339	14	576	59
1634609455.19	1200	59.716667	0.0	1776705	279	1.2	17.339	16	816	59.50000000000003
1634609459.21	1200	59.727348	0.0	1719504	302	1.2	21.34	16	1056	59.98500374906271
1634609463.25	1200	59.746702	0.0	1807724	310	1.2	25.34	17	1296	59.75
1634609467.26	1200	59.80461	0.0	1718882	277	1.2	29.34	17	1536	60
1634609471.28	1200	59.838143	0.0	1803226	271	1.2	33.34	19	1776	59.49999999999995
1634609475.23	1200	59.854907	0.0	1686003	256	1.2	37.34	19	2016	60
1634609479.27	1200	59.878038	0.0	1737120	284	1.2	41.341	20	2256	59.73506623344167
1634609483.28	1200	59.692175	0.0	1801713	295	1.2	45.341	21	2496	59.75
1634609487.3	1200	59.713782	0.0	1846078	289	1.2	49.341	23	2736	59.5
1634609491.34	1200	59.730716	0.0	1749409	293	1.2	53.342	24	2976	59.73506623344167
1634609495.45	1200	59.757058	0.0	1753415	284	1.2	57.342	25	3216	59.75
1634609499.48	1200	59.458165	0.0	1802826	281	1.2	61.342	26	3456	59.75
1634609503.48	1200	59.486602	0.0	1711828	275	1.2	65.343	27	3696	59.73506623344157
1634609507.49	1200	59.500627	0.0	1677116	275	1.2	69.343	27	3936	60
1634609511.54	1200	59.516667	0.0	1696497	283	1.2	73.343	29	4176	59.5
1634609515.06	1200	59.829792	0.0	1789902	290	1.2	77.343	30	4416	59.75
1634609519.07	1200	59.881037	0.0	1750744	300	1.2	81.343	32	4656	59.5
1634609523.08	1200	59.9012	0.0	1795743	280	1.2	85.343	34	4896	59.5
1634609527.05	1200	59.933334	0.0	1747384	258	1.2	89.344	34	5136	59.98500374906288
1634609531.07	1200	59.962129	0.0	1755372	280	1.2	93.344	35	5376	59.75
1634609535.6	1200	59.463989	0.0	1684976	275	1.2	97.344	35	5616	60
1634609539.14	1200	59.77517	0.0	1728132	310	1.2	101.344	37	5856	59.5
1634609543.17	1200	59.783334	0.0	1808301	301	1.2	105.344	40	6096	59.25
1634609547.19	1200	59.805972	0.0	1726475	278	1.2	109.356	42	6337	59.571286141575264
1634609551.22	1200	59.876587	0.0	1726086	292	1.2	113.345	45	6576	59.16269741789916
1634609555.21	1200	59.896683	0.0	1805658	291	1.2	117.346	45	6816	59.98500374906266
1634609559.21	1200	59.906866	0.0	1787150	309	1.2	121.346	46	7056	59.75
