1634613861.15	750	4	0.135	216384	44	-0.5755	0	0	0	0
1634613861.35	300	8	0.0	236485	47	-0.15000000000000002	0	0	0	0
1634613861.55	300	12	0.0	218986	55	0.3	0	0	0	0
1634613861.68	300	16	0.0	217799	38	0.3	0	0	0	0
1634613861.81	300	20	0.0	230217	35	0.3	0	0	0	0
1634613862.0	300	24	0.0	224507	74	0.3	0	0	0	0
1634613862.12	300	28	0.0	232367	35	0.3	0	0	0	0
1634613862.24	300	32	0.0	227584	32	0.3	0	0	0	0
1634613862.39	300	36	0.0	220321	36	0.3	0	0	0	0
1634613862.55	300	40	0.0	232282	29	0.3	0	0	0	0
1634613862.7	300	44	0.0	233963	42	0.3	0	0	0	0
1634613862.83	300	47.953578	0.0	216411	22	0.3	0	0	0	0
1634613862.98	300	51.791831	0.0	246147	49	0.3	0	0	0	0
1634613863.1	300	55.671124	0.0	208634	14	0.3	0	0	0	0
1634613863.23	300	59.550352	0.0	225731	32	0.3	0	0	0	0
1634613867.45	300	59.489865	0.0	226480	45	0.3	5.185	0	52	0
1634613871.19	300	59.855495	0.0	215806	30	0.3	9.186	0	172	29.992501874531364
1634613875.41	300	59.574043	0.0	227416	44	0.3	13.187	0	292	29.99250187453137
1634613879.18	300	59.882118	0.0	225400	44	0.3	17.187	0	412	29.999999999999986
1634613883.39	300	59.612473	0.0	224611	36	0.3	21.188	0	532	29.992501874531385
1634613887.05	300	59.915921	0.0	229757	45	0.3	25.187	0	652	30.00750187546885
1634613891.23	300	59.694004	0.0	220298	31	0.3	29.188	0	772	29.992501874531385
1634613895.48	300	59.429445	0.0	226443	27	0.3	33.19	0	892	29.98500749625188
1634613899.24	300	59.767721	0.0	217694	38	0.3	37.191	0	1012	29.99250187453133
1634613903.42	300	59.492111	0.0	222958	53	0.3	41.19	0	1132	30.007501875468904
1634613907.14	300	59.786217	0.0	235152	39	0.3	45.192	0	1252	29.985007496251857
1634613911.32	300	59.559399	0.0	223149	30	0.3	49.192	0	1372	30
1634613914.99	300	59.892527	0.0	228977	36	0.3	53.191	0	1492	30.00750187546885
1634613919.24	300	59.659473	0.0	222941	3	0.3	57.192	0	1612	29.992501874531385
1634613922.92	300	59.995597	0.0	233161	45	0.3	61.199	0	1732	29.94759171449964
1634613927.15	300	59.755383	0.0	219759	43	0.3	65.199	0	1852	30
1634613931.38	300	59.533527	0.0	226806	48	0.3	69.199	0	1972	30
1634613935.07	300	59.834961	0.0	221281	52	0.3	73.2	0	2092	29.99250187453133
1634613939.27	300	59.567392	0.0	223179	30	0.3	77.2	0	2212	30
1634613942.95	300	59.862051	0.0	220510	36	0.3	81.202	0	2332	29.98500749625191
1634613947.18	300	59.872147	0.0	226428	44	0.3	85.201	0	2452	30.007501875468904
1634613950.87	300	59.921899	0.0	226474	40	0.3	89.202	0	2572	29.99250187453133
1634613955.09	300	59.948203	0.0	230919	44	0.3	93.202	0	2692	30
1634613958.8	300	59.991814	0.0	218516	46	0.3	97.202	0	2812	30
1634613963.54	300	59.439906	0.0	221177	50	0.3	101.204	0	2932	29.98500749625191
1634613967.32	300	59.474947	0.0	226885	15	0.3	105.204	0	3052	30
1634613971.02	300	59.770196	0.0	224090	37	0.3	109.204	0	3172	30
1634613975.23	300	59.8142	0.0	220991	39	0.3	113.204	0	3292	30
1634613979.43	300	59.537368	0.0	225771	37	0.3	117.204	0	3412	30
1634613983.09	300	59.841208	0.0	226386	49	0.3	121.208	0	3532	29.970029970029934
