1634628678.58	750	4	0.787	3074737	538	-3.3791	0	0	0	0
1634628679.34	1850	8	0.0	3160992	508	0.75	0	0	0	0
1634628680.15	1850	11.866667	0.0	3235310	570	1.85	0	0	0	0
1634628680.95	1850	15.083334	0.0	3213562	575	1.85	0	0	0	0
1634628681.75	1850	18.3	0.0	3305813	554	1.85	5.322	6	73	0
1634628682.59	1850	21.433334	0.0	3195623	596	1.85	5.322	6	73	0
1634628683.49	1850	24.566667	0.0	3306050	641	1.85	5.322	6	73	0
1634628684.29	1850	27.75	0.0	3145358	543	1.85	5.322	6	73	0
1634628685.12	1850	30.916667	0.0	3239444	568	1.85	5.322	6	73	0
1634628685.96	1850	34.1	0.0	3183282	540	1.85	9.337	53	314	48.318804483188046
1634628686.82	1850	37.233334	0.0	3355795	600	1.85	9.337	53	314	48.318804483188046
1634628687.64	1850	40.416667	0.0	3134957	524	1.85	9.337	53	314	48.318804483188046
1634628688.46	1850	43.583334	0.0	3565391	573	1.85	9.337	53	314	48.318804483188046
1634628689.15	1850	46.85	0.0	2977189	462	1.85	9.337	53	314	48.318804483188046
1634628689.95	1850	50.066667	0.0	3347917	562	1.85	13.365	104	556	47.418073485600786
1634628690.79	1850	53.283334	0.0	3231663	569	1.85	13.365	104	556	47.418073485600786
1634628691.61	1850	56.4	0.0	3077749	599	1.85	13.365	104	556	47.418073485600786
1634628692.46	1850	59.583334	0.0	3395248	561	1.85	13.365	104	556	47.418073485600786
