1634633406.36	750	4	0.192	424762	89	-0.8205999999999999	0	0	0	0
1634633406.64	750	8	0.0	426330	77	0.75	0	0	0	0
1634633406.89	750	12	0.0	449994	140	0.75	0	0	0	0
1634633407.07	750	16	0.0	431398	86	0.75	0	0	0	0
1634633407.25	750	20	0.0	443117	92	0.75	0	0	0	0
1634633407.44	750	24	0.0	436277	88	0.75	0	0	0	0
1634633407.64	750	28	0.0	439594	84	0.75	0	0	0	0
1634633407.82	750	32	0.0	433964	92	0.75	0	0	0	0
1634633408.0	750	35.876781	0.0	430713	79	0.75	0	0	0	0
1634633408.18	750	39.715589	0.0	440056	79	0.75	0	0	0	0
1634633408.4	750	43.471053	0.0	455141	101	0.75	0	0	0	0
1634633408.6	750	47.30972	0.0	426996	73	0.75	0	0	0	0
1634633408.8	750	51.068123	0.0	471493	103	0.75	0	0	0	0
1634633408.97	750	54.906295	0.0	400302	70	0.75	0	0	0	0
1634633409.29	750	58.704177	0.0	448474	85	0.75	0	0	0	0
1634633412.53	750	59.463933	0.0	445607	77	0.75	5.55	0	45	0
1634633416.32	750	59.754323	0.0	411626	81	0.75	9.55	0	165	29.999999999999993
1634633420.59	750	59.47393	0.0	430480	75	0.75	13.55	0	285	30
1634633424.42	750	59.771752	0.0	442297	85	0.75	17.551	0	405	29.992501874531385
1634633428.19	750	59.809921	0.0	447875	70	0.75	21.552	0	525	29.992501874531357
1634633432.39	750	59.605575	0.0	446481	73	0.75	25.551	0	645	30.007501875468876
1634633436.13	750	59.930308	0.0	434796	99	0.75	29.552	0	765	29.992501874531357
1634633440.4	750	59.642623	0.0	442748	73	0.75	33.57	0	886	30.114484818317568
1634633444.16	750	59.940733	0.0	418479	88	0.75	37.571	0	1006	29.992501874531385
1634633448.4	750	59.673118	0.0	439171	100	0.75	41.571	0	1126	30
1634633452.21	750	59.691099	0.0	449404	92	0.75	45.573	0	1246	29.985007496251857
1634633455.99	750	59.993672	0.0	422644	108	0.75	49.573	0	1366	30
1634633460.26	750	59.726044	0.0	443628	100	0.75	53.572	0	1486	30.00750187546885
1634633464.5	750	59.45996	0.0	431627	113	0.75	57.573	0	1606	29.992501874531385
1634633468.32	750	59.781288	0.0	456770	122	0.75	61.573	0	1726	30
1634633472.56	750	59.519749	0.0	425981	81	0.75	65.573	0	1846	30.000000000000053
1634633476.34	750	59.570923	0.0	437493	100	0.75	69.574	0	1966	29.99250187453133
1634633480.12	750	59.868612	0.0	434822	99	0.75	73.574	0	2086	30
1634633484.37	750	59.60072	0.0	453909	89	0.75	77.574	0	2206	30
1634633488.13	750	59.90578	0.0	435539	91	0.75	81.577	0	2326	29.977516862353234
1634633492.41	750	59.671633	0.0	437746	50	0.75	85.577	0	2446	30
1634633496.16	750	59.972004	0.0	422693	91	0.75	89.577	0	2566	30
1634633499.96	750	59.981625	0.0	452093	101	0.75	93.577	0	2686	30
1634633504.21	750	59.70018	0.0	425677	92	0.75	97.578	0	2806	29.99250187453133
1634633508.46	750	59.468306	0.0	430316	88	0.75	101.578	0	2926	30
1634633512.25	750	59.762298	0.0	453394	134	0.75	105.578	0	3046	30
1634633516.5	750	59.49283	0.0	433396	101	0.75	109.579	0	3166	29.99250187453144
1634633520.28	750	59.792375	0.0	432118	104	0.75	113.578	0	3286	30.007501875468797
1634633524.48	750	59.505623	0.0	447207	101	0.75	117.578	0	3406	30
1634633528.29	750	59.811271	0.0	437559	92	0.75	121.58	0	3526	29.98500749625191
