1634614329.45	750	4	0.124	216384	41	-0.5281999999999999	0	0	0	0
1634614329.64	300	8	0.0	236485	68	-0.15000000000000002	0	0	0	0
1634614329.78	300	12	0.0	218986	38	0.3	0	0	0	0
1634614329.92	300	16	0.0	217799	42	0.3	0	0	0	0
1634614330.11	300	20	0.0	230217	42	0.3	0	0	0	0
1634614330.26	300	23.959311	0.0	224507	37	0.3	0	0	0	0
1634614330.4	300	27.798195	0.0	232367	35	0.3	0	0	0	0
1634614330.55	300	31.67735	0.0	227584	41	0.3	0	0	0	0
1634614330.69	300	35.55665	0.0	220321	37	0.3	0	0	0	0
1634614330.83	300	39.394862	0.0	232282	34	0.3	0	0	0	0
1634614330.98	300	43.233338	0.0	233963	41	0.3	0	0	0	0
1634614331.14	300	47.072136	0.0	216411	57	0.3	0	0	0	0
1634614331.29	300	50.950599	0.0	246147	44	0.3	0	0	0	0
1634614331.44	300	54.788097	0.0	208634	4	0.3	0	0	0	0
1634614331.58	300	58.626446	0.0	225731	38	0.3	0	0	0	0
1634614334.26	300	59.981237	0.0	226480	46	0.3	4.576	0	82	0
1634614338.47	300	59.958651	0.0	215806	34	0.3	8.575	0	202	30.00750187546887
1634614342.68	300	59.685706	0.0	227416	38	0.3	12.576	0	322	29.992501874531357
1634614346.33	300	59.981997	0.0	225400	35	0.3	16.578	0	442	29.98500749625188
1634614350.52	300	59.989992	0.0	224611	36	0.3	20.578	0	563	30.25
1634614354.75	300	59.504886	0.0	229757	40	0.3	24.579	0	683	29.992501874531357
1634614358.46	300	59.8058	0.0	220298	39	0.3	28.579	0	803	30
1634614362.7	300	59.809749	0.0	226443	36	0.3	32.605	0	923	29.806259314456064
1634614366.42	300	59.857761	0.0	217694	36	0.3	36.623	0	1044	30.114484818317568
1634614370.6	300	59.873858	0.0	222958	37	0.3	40.624	0	1164	29.99250187453133
1634614374.86	300	59.580935	0.0	235152	48	0.3	44.624	0	1284	30
1634614378.57	300	59.871143	0.0	223149	38	0.3	48.625	0	1404	29.992501874531385
1634614382.77	300	59.626272	0.0	228977	40	0.3	52.625	0	1524	30
1634614386.47	300	59.921325	0.0	222941	7	0.3	56.625	0	1644	30
1634614390.65	300	59.641263	0.0	233161	42	0.3	60.625	0	1764	30
1634614394.87	300	59.473785	0.0	219759	26	0.3	64.625	0	1884	30
1634614398.62	300	59.797257	0.0	226806	55	0.3	68.628	0	2004	29.977516862353234
1634614402.84	300	59.521993	0.0	221281	41	0.3	72.629	0	2124	29.99250187453133
1634614406.59	300	59.81575	0.0	223179	47	0.3	76.629	0	2244	30
1634614410.76	300	59.531623	0.0	220510	49	0.3	80.629	0	2364	30
1634614414.48	300	59.829221	0.0	226428	34	0.3	84.63	0	2484	29.99250187453144
1634614418.68	300	59.561711	0.0	226474	33	0.3	88.631	0	2604	29.99250187453133
1634614422.84	300	59.564875	0.0	230919	43	0.3	92.631	0	2724	30
1634614426.51	300	59.9	0.0	218516	14	0.3	96.631	0	2844	30
1634614430.67	300	59.614109	0.0	221177	44	0.3	100.631	0	2964	30
1634614434.36	300	59.920202	0.0	226885	38	0.3	104.632	0	3084	29.99250187453133
1634614438.59	300	59.93381	0.0	224090	29	0.3	108.633	0	3204	29.99250187453144
1634614442.76	300	59.649462	0.0	220991	35	0.3	112.634	0	3324	29.99250187453133
1634614446.92	300	59.496805	0.0	225771	43	0.3	116.635	0	3444	29.99250187453133
1634614450.61	300	59.789808	0.0	226386	10	0.3	120.635	0	3564	30
