1634602629.69	750	4	0.651	3074737	511	-2.7943	0	0	0	0
1634602630.41	1850	7.918216	0.0	3160992	521	0.75	0	0	0	0
1634602631.13	1850	11.233334	0.0	3235310	508	1.85	0	0	0	0
1634602631.84	1850	14.504593	0.0	3213562	511	1.85	0	0	0	0
1634602632.62	1850	17.75	0.0	3305813	532	1.85	0	0	0	0
1634602633.33	1850	21.016667	0.0	3195623	508	1.85	4.719	10	143	0
1634602634.08	1850	24.283334	0.0	3306050	529	1.85	4.719	10	143	0
1634602634.85	1850	27.55	0.0	3145358	507	1.85	4.719	10	143	0
1634602635.64	1850	30.75	0.0	3239444	536	1.85	4.719	10	143	0
1634602636.39	1850	33.966667	0.0	3183282	526	1.85	4.719	10	143	0
1634602637.16	1850	37.216667	0.0	3355795	539	1.85	8.719	42	383	52.000000000000014
1634602637.9	1850	40.483334	0.0	3134957	491	1.85	8.719	42	383	52.000000000000014
1634602638.74	1850	43.65	0.0	3565391	563	1.85	8.719	42	383	52.000000000000014
1634602639.48	1850	46.883334	0.0	2977189	489	1.85	8.719	42	383	52.000000000000014
1634602640.26	1850	50.1	0.0	3347917	579	1.85	8.719	42	383	52.000000000000014
1634602641.06	1850	53.35	0.0	3231663	543	1.85	12.72	65	623	54.23644088977754
1634602641.77	1850	56.583334	0.0	3077749	506	1.85	12.72	65	623	54.23644088977754
1634602642.54	1850	59.833334	0.0	3395248	532	1.85	12.72	65	623	54.23644088977754
1634602646.87	1850	59.483883	0.0	3300898	537	1.85	16.72	120	863	46.25000000000002
1634602650.67	1850	59.780666	0.0	3229020	501	1.85	20.72	128	1103	58
1634602654.99	1850	59.519517	0.0	3459954	557	1.85	24.72	130	1343	59.5
1634602658.76	1850	59.580092	0.0	3170038	504	1.85	28.721	137	1583	58.23544113971505
1634602662.57	1850	59.87229	0.0	3293455	530	1.85	32.722	140	1823	59.23519120219943
1634602666.89	1850	59.640313	0.0	3114298	489	1.85	36.722	170	2063	52.5
1634602670.72	1850	59.660522	0.0	3242905	509	1.85	40.721	175	2303	58.76469117279327
1634602674.58	1850	59.97238	0.0	3471163	550	1.85	44.722	180	2543	58.73531617095719
1634602678.42	1850	59.991935	0.0	3435610	554	1.85	48.722	189	2783	57.75
1634602682.72	1850	59.685434	0.0	3219962	535	1.85	52.722	195	3023	58.5
1634602686.53	1850	59.951989	0.0	3210875	517	1.85	56.724	217	3263	54.47276361819097
1634602690.86	1850	59.686831	0.0	3463194	562	1.85	60.723	222	3503	58.764691172793164
1634602694.63	1850	59.711062	0.0	3109497	495	1.85	64.724	228	3743	58.4853786553361
1634602698.9	1850	59.481333	0.0	3080559	489	1.85	68.724	231	3983	59.25
1634602702.81	1850	59.787738	0.0	3091453	543	1.85	72.724	269	4223	50.5
1634602706.69	1850	59.806901	0.0	3357725	565	1.85	76.725	276	4463	58.235441139715206
1634602710.48	1850	59.898335	0.0	3210261	514	1.85	80.725	282	4703	58.5
1634602714.77	1850	59.62913	0.0	3209878	529	1.85	84.73	287	4943	58.67665418227202
1634602718.52	1850	59.93094	0.0	3173733	499	1.85	88.73	289	5183	59.5
1634602722.81	1850	59.671768	0.0	3198667	529	1.85	92.73	291	5423	59.5
1634602726.61	1850	59.971359	0.0	3149583	507	1.85	96.731	297	5663	58.485378655336305
1634602730.42	1850	59.985349	0.0	3234318	528	1.85	100.731	302	5903	58.75
1634602734.74	1850	59.719819	0.0	3447749	562	1.85	104.731	307	6143	58.75
1634602739.06	1850	59.463247	0.0	3160804	518	1.85	108.732	311	6384	59.23519120219938
1634602742.81	1850	59.766667	0.0	3083737	484	1.85	112.732	318	6624	58.25
1634602746.61	1850	59.778659	0.0	3324674	554	1.85	116.733	320	6864	59.48512871782047
1634602750.96	1850	59.45508	0.0	3341849	516	1.85	120.733	351	7104	52.25
