1634634343.19	750	4	0.105	216384	45	-0.4465	0	0	0	0
1634634343.36	300	8	0.0	236485	47	-0.15000000000000002	0	0	0	0
1634634343.53	300	12	0.0	218986	46	0.3	0	0	0	0
1634634343.69	300	16	0.0	217799	59	0.3	0	0	0	0
1634634343.83	300	19.951535	0.0	230217	48	0.3	0	0	0	0
1634634343.95	300	23.830586	0.0	224507	38	0.3	0	0	0	0
1634634344.09	300	27.709982	0.0	232367	47	0.3	0	0	0	0
1634634344.26	300	31.547775	0.0	227584	62	0.3	0	0	0	0
1634634344.38	300	35.426722	0.0	220321	41	0.3	0	0	0	0
1634634344.53	300	39.265397	0.0	232282	46	0.3	0	0	0	0
1634634344.7	300	43.104122	0.0	233963	53	0.3	0	0	0	0
1634634344.86	300	46.942694	0.0	216411	45	0.3	0	0	0	0
1634634345.04	300	50.740595	0.0	246147	60	0.3	0	0	0	0
1634634345.2	300	54.61938	0.0	208634	35	0.3	0	0	0	0
1634634345.35	300	58.458127	0.0	225731	49	0.3	0	0	0	0
1634634348.55	300	59.453447	0.0	226480	49	0.3	4.616	0	87	0
1634634352.26	300	59.783626	0.0	215806	43	0.3	8.616	0	207	30
1634634356.46	300	59.540771	0.0	227416	52	0.3	12.615	0	327	30.00750187546886
1634634360.16	300	59.84248	0.0	225400	48	0.3	16.616	0	447	29.99250187453137
1634634364.35	300	59.575784	0.0	224611	46	0.3	20.616	0	567	30
1634634368.02	300	59.862156	0.0	229757	46	0.3	24.617	0	687	29.992501874531357
1634634372.21	300	59.621913	0.0	220298	49	0.3	28.617	0	807	30
1634634375.87	300	59.919385	0.0	226443	44	0.3	32.617	0	927	30.00000000000003
1634634380.07	300	59.96131	0.0	217694	47	0.3	36.617	0	1047	30
1634634384.32	300	59.686422	0.0	222958	57	0.3	40.617	0	1167	30
1634634388.04	300	59.984399	0.0	235152	33	0.3	44.618	0	1287	29.99250187453133
1634634392.26	300	59.721723	0.0	223149	55	0.3	48.618	0	1407	30
1634634396.51	300	59.450328	0.0	228977	25	0.3	52.618	0	1527	30
1634634400.21	300	59.784463	0.0	222941	27	0.3	56.618	0	1647	30
1634634404.42	300	59.512697	0.0	233161	52	0.3	60.618	0	1767	30
1634634408.13	300	59.791497	0.0	219759	58	0.3	64.618	0	1887	30.000000000000053
1634634412.44	300	59.51901	0.0	226806	59	0.3	68.619	0	2007	29.99250187453133
1634634416.14	300	59.808756	0.0	221281	44	0.3	72.619	0	2127	30
1634634420.39	300	59.574933	0.0	223179	52	0.3	76.62	0	2247	29.99250187453133
1634634424.09	300	59.907558	0.0	220510	58	0.3	80.62	0	2367	30
1634634428.28	300	59.63618	0.0	226428	42	0.3	84.621	0	2487	29.99250187453144
1634634432.48	300	59.439492	0.0	226474	39	0.3	88.629	0	2607	29.940119760478968
1634634436.27	300	59.730386	0.0	230919	63	0.3	92.63	0	2727	29.99250187453144
1634634440.43	300	59.449045	0.0	218516	30	0.3	96.63	0	2847	30
1634634444.13	300	59.745478	0.0	221177	43	0.3	100.629	0	2967	30.007501875468797
1634634448.3	300	59.7514	0.0	226885	49	0.3	104.63	0	3087	29.99250187453144
1634634452.49	300	59.508396	0.0	224090	49	0.3	108.63	0	3207	30
1634634456.17	300	59.796258	0.0	220991	35	0.3	112.631	0	3327	29.99250187453133
1634634460.36	300	59.521751	0.0	225771	73	0.3	116.63	0	3447	30.007501875468904
1634634464.05	300	59.827848	0.0	226386	54	0.3	120.631	0	3567	29.99250187453133
