1634634110.89	750	4	0.126	216384	46	-0.5367999999999999	0	0	0	0
1634634111.12	300	8	0.0	236485	106	-0.15000000000000002	0	0	0	0
1634634111.27	300	12	0.0	218986	35	0.3	0	0	0	0
1634634111.45	300	16	0.0	217799	63	0.3	0	0	0	0
1634634111.59	300	20	0.0	230217	44	0.3	0	0	0	0
1634634111.73	300	24	0.0	224507	50	0.3	0	0	0	0
1634634111.87	300	28	0.0	232367	41	0.3	0	0	0	0
1634634112.03	300	32	0.0	227584	69	0.3	0	0	0	0
1634634112.22	300	35.95311	0.0	220321	75	0.3	0	0	0	0
1634634112.35	300	39.833334	0.0	232282	42	0.3	0	0	0	0
1634634112.5	300	43.670968	0.0	233963	41	0.3	0	0	0	0
1634634112.67	300	47.509409	0.0	216411	39	0.3	0	0	0	0
1634634112.81	300	51.347223	0.0	246147	48	0.3	0	0	0	0
1634634112.94	300	55.225576	0.0	208634	44	0.3	0	0	0	0
1634634113.08	300	59.104736	0.0	225731	43	0.3	0	0	0	0
1634634116.27	300	59.942368	0.0	226480	47	0.3	5.371	0	63	0
1634634120.53	300	59.705558	0.0	215806	47	0.3	9.371	0	183	30
1634634124.74	300	59.472437	0.0	227416	52	0.3	13.371	0	303	30
1634634128.43	300	59.763869	0.0	225400	40	0.3	17.372	0	423	29.99250187453137
1634634132.64	300	59.81028	0.0	224611	42	0.3	21.372	0	543	30
1634634136.38	300	59.82567	0.0	229757	44	0.3	25.373	0	663	29.992501874531357
1634634140.58	300	59.875099	0.0	220298	47	0.3	29.373	0	783	30
1634634144.27	300	59.929811	0.0	226443	43	0.3	33.382	0	903	29.932651534048414
1634634148.46	300	59.941294	0.0	217694	44	0.3	37.383	0	1023	29.99250187453133
1634634152.68	300	59.701543	0.0	222958	27	0.3	41.383	0	1143	30
1634634156.42	300	59.994083	0.0	235152	51	0.3	45.384	0	1263	29.992501874531385
1634634160.66	300	59.543407	0.0	223149	57	0.3	49.383	0	1383	30.00750187546885
1634634164.33	300	59.871062	0.0	228977	48	0.3	53.384	0	1503	29.992501874531385
1634634168.55	300	59.880909	0.0	222941	54	0.3	57.392	0	1624	30.189620758483013
1634634172.72	300	59.611992	0.0	233161	45	0.3	61.392	0	1744	30
1634634176.43	300	59.919665	0.0	219759	63	0.3	65.399	0	1864	29.94759171449964
1634634180.64	300	59.661911	0.0	226806	14	0.3	69.399	0	1984	30
1634634184.36	300	59.996976	0.0	221281	56	0.3	73.399	0	2104	30
1634634188.53	300	59.730586	0.0	223179	44	0.3	77.399	0	2224	30
1634634192.75	300	59.472786	0.0	220510	45	0.3	81.399	0	2344	30
1634634196.46	300	59.766667	0.0	226428	46	0.3	85.399	0	2464	30
1634634200.65	300	59.528244	0.0	226474	42	0.3	89.399	0	2584	30
1634634204.84	300	59.544383	0.0	230919	38	0.3	93.4	0	2704	29.99250187453133
1634634208.61	300	59.842569	0.0	218516	52	0.3	97.4	0	2824	30
1634634212.33	300	59.882973	0.0	221177	44	0.3	101.4	0	2944	30
1634634216.54	300	59.956165	0.0	226885	43	0.3	105.401	0	3064	29.99250187453144
1634634220.26	300	59.966667	0.0	224090	69	0.3	109.401	0	3184	30
1634634224.48	300	59.767325	0.0	220991	50	0.3	113.402	0	3304	29.99250187453133
1634634228.68	300	59.522952	0.0	225771	38	0.3	117.402	0	3424	30
1634634232.38	300	59.855252	0.0	226386	31	0.3	121.402	0	3544	30
