1634627004.12	750	4	0.159	424762	70	-0.6787	0	0	0	0
1634627004.3	750	8	0.0	426330	65	0.75	0	0	0	0
1634627004.47	750	12	0.0	449994	69	0.75	0	0	0	0
1634627004.62	750	16	0.0	431398	68	0.75	0	0	0	0
1634627004.79	750	20	0.0	443117	71	0.75	0	0	0	0
1634627004.95	750	24	0.0	436277	69	0.75	0	0	0	0
1634627005.11	750	28	0.0	439594	72	0.75	0	0	0	0
1634627005.27	750	32	0.0	433964	71	0.75	0	0	0	0
1634627005.45	750	36	0.0	430713	82	0.75	0	0	0	0
1634627005.69	750	39.950596	0.0	440056	89	0.75	0	0	0	0
1634627005.9	750	43.708962	0.0	455141	73	0.75	0	0	0	0
1634627006.07	750	47.507553	0.0	426996	72	0.75	0	0	0	0
1634627006.26	750	51.345805	0.0	471493	84	0.75	0	0	0	0
1634627006.42	750	55.182189	0.0	400302	65	0.75	0	0	0	0
1634627006.61	750	58.98054	0.0	448474	69	0.75	0	0	0	0
1634627010.31	750	59.463088	0.0	445607	79	0.75	5.301	0	53	0
1634627014.05	750	59.762076	0.0	411626	25	0.75	9.301	0	173	30
1634627017.81	750	59.814925	0.0	430480	74	0.75	13.301	0	293	30
1634627022.05	750	59.83575	0.0	442297	76	0.75	17.302	0	413	29.99250187453137
1634627025.76	750	59.853032	0.0	447875	84	0.75	21.302	0	533	30
1634627029.99	750	59.871314	0.0	446481	87	0.75	25.302	0	653	30
1634627033.73	750	59.920787	0.0	434796	68	0.75	29.303	0	773	29.992501874531357
1634627037.99	750	59.646138	0.0	442748	75	0.75	33.303	0	893	30.00000000000003
1634627041.7	750	59.945484	0.0	418479	77	0.75	37.309	0	1013	29.955067398901647
1634627045.93	750	59.692134	0.0	439171	63	0.75	41.309	0	1133	30
1634627050.17	750	59.464071	0.0	449404	78	0.75	45.31	0	1253	29.99250187453133
1634627053.92	750	59.76917	0.0	422644	63	0.75	49.31	0	1373	30
1634627058.16	750	59.512345	0.0	443628	68	0.75	53.31	0	1493	30
1634627061.83	750	59.819325	0.0	431627	67	0.75	57.31	0	1613	30
1634627066.03	750	59.822555	0.0	456770	79	0.75	61.311	0	1733	29.992501874531385
1634627070.24	750	59.553276	0.0	425981	79	0.75	65.311	0	1853	29.999999999999947
1634627073.96	750	59.631931	0.0	437493	74	0.75	69.312	0	1973	29.99250187453144
1634627077.66	750	59.93504	0.0	434822	72	0.75	73.35	0	2094	29.965329370975756
1634627081.89	750	59.737483	0.0	453909	86	0.75	77.35	0	2214	30
1634627086.14	750	59.477117	0.0	435539	77	0.75	81.35	0	2334	30
1634627089.86	750	59.76974	0.0	437746	82	0.75	85.351	0	2455	30.242439390152427
1634627094.08	750	59.785494	0.0	422693	64	0.75	89.351	0	2574	29.75
1634627097.84	750	59.789402	0.0	452093	99	0.75	93.351	0	2695	30.25
1634627102.1	750	59.520207	0.0	425677	98	0.75	97.352	0	2814	29.742564358910236
1634627105.81	750	59.818188	0.0	430316	65	0.75	101.352	0	2935	30.25
1634627110.05	750	59.819147	0.0	453394	71	0.75	105.352	0	3055	30
1634627113.78	750	59.877244	0.0	433396	72	0.75	109.353	0	3175	29.99250187453144
1634627118.01	750	59.607041	0.0	432118	63	0.75	113.358	0	3295	29.96254681647933
1634627121.71	750	59.943244	0.0	447207	64	0.75	117.358	0	3415	30
1634627125.88	750	59.97211	0.0	437559	77	0.75	121.359	0	3535	29.99250187453144
