1634626531.14	750	4	0.322	1027433	237	-1.3796	0	0	0	0
1634626531.48	1200	8	0.0	1033094	176	0.75	0	0	0	0
1634626531.79	1200	11.914632	0.0	1112859	199	1.2	0	0	0	0
1634626532.09	1200	15.592397	0.0	1072091	185	1.2	0	0	0	0
1634626532.42	1200	19.269592	0.0	1097552	189	1.2	0	0	0	0
1634626532.76	1200	22.94637	0.0	1089913	181	1.2	0	0	0	0
1634626533.11	1200	26.582239	0.0	1088005	182	1.2	0	0	0	0
1634626533.46	1200	30.258692	0.0	1080926	196	1.2	0	0	0	0
1634626533.8	1200	33.896342	0.0	1075186	170	1.2	0	0	0	0
1634626534.16	1200	37.533585	0.0	1100003	200	1.2	0	0	0	0
1634626534.46	1200	41.245636	0.0	1089392	170	1.2	0	0	0	0
1634626534.83	1200	44.879548	0.0	1048032	188	1.2	4.671	0	85	0
1634626535.14	1200	48.555607	0.0	1147785	190	1.2	4.671	0	85	0
1634626535.48	1200	52.234061	0.0	1002936	183	1.2	4.671	0	85	0
1634626535.81	1200	55.911385	0.0	1102694	198	1.2	4.671	0	85	0
1634626536.14	1200	59.547682	0.0	1084569	170	1.2	4.671	0	85	0
1634626540.0	1200	59.764879	0.0	1055419	176	1.2	8.671	0	205	30.000000000000007
1634626543.91	1200	59.803568	0.0	1063815	199	1.2	12.671	0	325	30
1634626548.28	1200	59.535383	0.0	1133223	201	1.2	16.672	0	445	29.992501874531357
1634626552.2	1200	59.546117	0.0	1073029	194	1.2	20.672	0	565	30
1634626556.13	1200	59.84276	0.0	1083265	222	1.2	24.672	0	685	30
1634626560.05	1200	59.860759	0.0	1075789	199	1.2	28.672	0	805	30
1634626563.97	1200	59.858798	0.0	1076090	224	1.2	32.673	0	925	29.992501874531357
1634626567.85	1200	59.87678	0.0	1020386	169	1.2	36.673	0	1045	30
1634626572.22	1200	59.645268	0.0	1065194	164	1.2	40.674	0	1166	30.24243939015248
1634626576.11	1200	59.7	0.0	1124023	198	1.2	44.674	0	1285	29.75
1634626579.96	1200	59.996473	0.0	1128063	182	1.2	48.725	0	1407	30.11602073562082
1634626584.33	1200	59.481406	0.0	1090975	161	1.2	52.726	0	1527	29.992501874531385
1634626588.19	1200	59.786233	0.0	1102350	166	1.2	56.726	0	1647	30
1634626592.06	1200	59.796229	0.0	1105578	171	1.2	60.727	0	1767	29.992501874531385
1634626595.89	1200	59.84987	0.0	1020290	168	1.2	64.727	0	1887	29.999999999999947
1634626600.26	1200	59.585369	0.0	1053290	174	1.2	68.728	0	2007	29.99250187453144
1634626604.14	1200	59.597249	0.0	1095971	168	1.2	72.728	0	2127	30
1634626608.04	1200	59.904217	0.0	1092760	182	1.2	76.729	0	2247	29.99250187453133
1634626611.94	1200	59.942623	0.0	1082760	196	1.2	80.732	0	2367	29.977516862353234
1634626615.83	1200	59.995181	0.0	1075795	178	1.2	84.733	0	2487	29.99250187453133
1634626620.21	1200	59.759758	0.0	1052643	164	1.2	88.733	0	2607	30
1634626624.19	1200	59.763932	0.0	1136208	199	1.2	92.733	0	2727	30
1634626628.03	1200	59.805828	0.0	1026937	174	1.2	96.734	0	2847	29.99250187453144
1634626632.38	1200	59.521893	0.0	1090516	177	1.2	100.734	0	2967	30
1634626636.23	1200	59.528601	0.0	1126916	191	1.2	104.734	0	3087	30
1634626640.1	1200	59.858408	0.0	1032576	159	1.2	108.737	0	3207	29.977516862353234
1634626644.02	1200	59.872098	0.0	1059276	214	1.2	112.735	0	3327	30.015007503751843
1634626647.89	1200	59.880612	0.0	1142916	176	1.2	116.734	0	3447	30.007501875468904
1634626652.28	1200	59.646717	0.0	1105832	185	1.2	120.737	0	3567	29.977516862353234
