1634623982.88	750	4	0.221	632582	112	-0.9452999999999999	0	0	0	0
1634623983.13	750	8	0.0	701538	121	0.75	0	0	0	0
1634623983.33	750	12	0.0	652167	105	0.75	0	0	0	0
1634623983.54	750	16	0.0	676228	103	0.75	0	0	0	0
1634623983.73	750	19.838223	0.0	687537	99	0.75	0	0	0	0
1634623983.94	750	23.636273	0.0	663003	108	0.75	0	0	0	0
1634623984.19	750	27.393178	0.0	694755	111	0.75	0	0	0	0
1634623984.45	750	31.150501	0.0	669189	99	0.75	0	0	0	0
1634623984.73	750	34.867051	0.0	662375	102	0.75	0	0	0	0
1634623985.01	750	38.583585	0.0	675276	118	0.75	0	0	0	0
1634623985.28	750	42.300664	0.0	697146	102	0.75	0	0	0	0
1634623985.51	750	46.05784	0.0	655809	111	0.75	0	0	0	0
1634623985.74	750	49.814962	0.0	739625	127	0.75	0	0	0	0
1634623985.99	750	53.572764	0.0	635863	78	0.75	0	0	0	0
1634623986.25	750	57.326483	0.0	677487	117	0.75	0	0	0	0
1634623988.01	750	59.73846	0.0	670471	103	0.75	4.649	0	165	0
1634623992.27	750	59.480007	0.0	657723	72	0.75	8.648	0	405	60.01500375093774
1634623996.06	750	59.790383	0.0	687669	105	0.75	12.649	0	645	59.98500374906274
1634623999.84	750	59.814039	0.0	689081	113	0.75	16.649	0	885	59.99999999999997
1634624004.11	750	59.561009	0.0	671979	125	0.75	20.649	0	1125	60
1634624007.92	750	59.868254	0.0	686526	115	0.75	24.649	0	1365	60
1634624012.19	750	59.592034	0.0	658511	102	0.75	28.651	0	1605	59.97001499250376
1634624015.93	750	59.889888	0.0	689315	102	0.75	32.651	0	1845	59.99999999999995
1634624019.92	750	59.907545	0.0	653179	8	0.75	36.652	0	2086	60.23494126468386
1634624023.71	750	59.933334	0.0	665560	113	0.75	40.652	0	2325	59.75
1634624027.99	750	59.672861	0.0	686735	103	0.75	44.652	0	2565	60
1634624031.84	750	59.980765	0.0	691385	120	0.75	48.651	0	2805	60.0150037509377
1634624036.1	750	59.72212	0.0	674179	120	0.75	52.654	0	3046	60.20484636522608
1634624039.88	750	59.783334	0.0	659438	104	0.75	56.655	0	3286	59.98500374906277
1634624044.16	750	59.523522	0.0	683313	106	0.75	60.655	0	3526	60
1634624047.94	750	59.827711	0.0	663183	101	0.75	64.655	0	3766	60
1634624052.2	750	59.562461	0.0	665407	114	0.75	68.656	0	4006	59.98500374906266
1634624056.0	750	59.863797	0.0	656035	114	0.75	72.657	0	4246	59.98500374906288
1634624059.8	750	59.880348	0.0	695274	118	0.75	76.658	0	4486	59.98500374906266
1634624064.07	750	59.617348	0.0	661157	108	0.75	80.657	0	4726	60.01500375093781
1634624067.83	750	59.924097	0.0	693898	112	0.75	84.658	0	4966	59.98500374906266
1634624072.1	750	59.72941	0.0	676065	76	0.75	88.658	0	5206	60
1634624075.89	750	59.75532	0.0	670173	111	0.75	92.659	0	5446	59.98500374906266
1634624080.17	750	59.488855	0.0	642464	104	0.75	96.659	0	5686	60
1634624083.95	750	59.8	0.0	668436	131	0.75	100.659	0	5926	60
1634624087.76	750	59.821832	0.0	702191	95	0.75	104.66	0	6166	59.98500374906288
1634624092.07	750	59.556922	0.0	661963	119	0.75	108.659	0	6406	60.015003750937595
1634624095.83	750	59.854165	0.0	662155	101	0.75	112.66	0	6646	59.98500374906288
1634624100.13	750	59.585655	0.0	687392	151	0.75	116.66	0	6886	60
1634624103.92	750	59.885807	0.0	697493	122	0.75	120.661	0	7126	59.98500374906266
