1634611977.03	750	4	0.476	1913263	326	-2.0418000000000003	0	0	0	0
1634611977.63	1850	8	0.0	2089029	346	0.75	0	0	0	0
1634611978.25	1850	12	0.0	2096691	381	1.85	0	0	0	0
1634611978.75	1850	15.796925	0.0	2102150	326	1.85	0	0	0	0
1634611979.29	1850	19.270591	0.0	2202821	359	1.85	0	0	0	0
1634611979.83	1850	22.744932	0.0	2122248	360	1.85	0	0	0	0
1634611980.55	1850	26.016124	0.0	2085229	319	1.85	5.7	0	45	0
1634611981.1	1850	29.48887	0.0	2110319	365	1.85	5.7	0	45	0
1634611981.64	1850	32.922188	0.0	2159897	343	1.85	5.7	0	45	0
1634611982.16	1850	36.396803	0.0	2169645	336	1.85	5.7	0	45	0
1634611982.76	1850	39.831416	0.0	2138606	365	1.85	5.7	0	45	0
1634611983.28	1850	43.267416	0.0	2043307	335	1.85	5.7	0	45	0
1634611983.88	1850	46.702657	0.0	2327436	369	1.85	5.7	0	45	0
1634611984.37	1850	50.17662	0.0	1904210	302	1.85	9.7	0	165	30.000000000000007
1634611984.94	1850	53.611246	0.0	2144078	358	1.85	9.7	0	165	30.000000000000007
1634611985.54	1850	57.045769	0.0	2096332	374	1.85	9.7	0	165	30.000000000000007
1634611987.07	1850	59.592405	0.0	1978857	330	1.85	9.7	0	165	30.000000000000007
1634611990.66	1850	59.934428	0.0	2103885	355	1.85	13.7	0	285	30
1634611994.8	1850	59.943423	0.0	2123697	325	1.85	17.701	0	405	29.992501874531357
1634611998.85	1850	59.971721	0.0	2101249	315	1.85	21.702	0	525	29.992501874531357
1634612002.97	1850	59.702691	0.0	2221891	363	1.85	25.702	0	645	30
1634612007.06	1850	59.717235	0.0	2069811	322	1.85	29.702	0	765	30
1634612011.17	1850	59.442816	0.0	2168537	350	1.85	33.703	0	885	29.992501874531357
1634612015.19	1850	59.483713	0.0	2104614	349	1.85	37.702	0	1005	30.007501875468904
1634612019.27	1850	59.505303	0.0	2073522	352	1.85	41.702	0	1125	30
1634612022.89	1850	59.821126	0.0	2173759	368	1.85	45.711	0	1246	30.182090296832126
1634612026.92	1850	59.896193	0.0	2112825	332	1.85	49.704	0	1365	29.802153769095902
1634612030.97	1850	59.641717	0.0	2152172	358	1.85	53.703	0	1485	30.00750187546885
1634612035.04	1850	59.678982	0.0	2125345	351	1.85	57.703	0	1605	30
1634612038.61	1850	59.96691	0.0	2144544	358	1.85	61.704	0	1725	29.992501874531385
1634612043.17	1850	59.99483	0.0	2005686	327	1.85	65.709	0	1846	30.21223470661671
1634612046.81	1850	59.867498	0.0	2107587	288	1.85	69.707	0	1966	30.01500750375195
1634612050.91	1850	59.872852	0.0	2129753	348	1.85	73.704	0	2085	29.772329246935204
1634612055.01	1850	59.61721	0.0	2230435	385	1.85	77.705	0	2205	29.99250187453133
1634612059.08	1850	59.645761	0.0	2145105	334	1.85	81.705	0	2325	30
1634612062.68	1850	59.951357	0.0	2084291	325	1.85	85.708	0	2446	30.227329502872845
1634612067.27	1850	59.452145	0.0	2076226	342	1.85	89.708	0	2566	30
1634612070.85	1850	59.767493	0.0	2125976	325	1.85	93.708	0	2686	30
1634612074.89	1850	59.801541	0.0	1990834	318	1.85	97.709	0	2806	29.99250187453133
1634612079.0	1850	59.834689	0.0	2100565	336	1.85	101.709	0	2926	30
1634612083.19	1850	59.607505	0.0	2267754	381	1.85	105.711	0	3046	29.98500749625191
1634612086.75	1850	59.906941	0.0	2012700	341	1.85	109.722	0	3166	29.91772625280482
1634612090.87	1850	59.915551	0.0	2099151	356	1.85	113.718	0	3286	30.03003003002996
1634612094.91	1850	59.663059	0.0	2201867	357	1.85	117.718	0	3406	30
1634612099.32	1850	59.697191	0.0	2187933	331	1.85	121.718	0	3526	30
