1634633169.38	750	4	0.184	424762	91	-0.7861999999999999	0	0	0	0
1634633169.61	750	8	0.0	426330	90	0.75	0	0	0	0
1634633169.79	750	12	0.0	449994	88	0.75	0	0	0	0
1634633169.99	750	16	0.0	431398	103	0.75	0	0	0	0
1634633170.23	750	20	0.0	443117	80	0.75	0	0	0	0
1634633170.42	750	24	0.0	436277	84	0.75	0	0	0	0
1634633170.59	750	28	0.0	439594	85	0.75	0	0	0	0
1634633170.77	750	32	0.0	433964	90	0.75	0	0	0	0
1634633171.03	750	36	0.0	430713	79	0.75	0	0	0	0
1634633171.23	750	40	0.0	440056	91	0.75	0	0	0	0
1634633171.42	750	43.907019	0.0	455141	89	0.75	0	0	0	0
1634633171.6	750	47.745878	0.0	426996	75	0.75	0	0	0	0
1634633171.78	750	51.583785	0.0	471493	82	0.75	0	0	0	0
1634633171.97	750	55.382399	0.0	400302	82	0.75	0	0	0	0
1634633172.19	750	59.178755	0.0	448474	93	0.75	0	0	0	0
1634633175.4	750	59.987853	0.0	445607	76	0.75	5.266	0	40	0
1634633179.68	750	59.801177	0.0	411626	91	0.75	9.266	0	160	30
1634633183.94	750	59.600428	0.0	430480	77	0.75	13.266	0	280	30
1634633187.67	750	59.929458	0.0	442297	50	0.75	17.266	0	400	30.000000000000014
1634633191.5	750	59.939894	0.0	447875	94	0.75	21.266	0	521	30.25
1634633195.74	750	59.672296	0.0	446481	93	0.75	25.267	0	641	29.992501874531357
1634633199.48	750	59.974054	0.0	434796	98	0.75	29.269	0	761	29.98500749625188
1634633203.7	750	59.727639	0.0	442748	84	0.75	33.269	0	881	30
1634633207.92	750	59.48062	0.0	418479	92	0.75	37.269	0	1001	30
1634633211.68	750	59.776201	0.0	439171	92	0.75	41.269	0	1121	30
1634633215.9	750	59.541219	0.0	449404	72	0.75	45.277	0	1241	29.94011976047902
1634633219.67	750	59.837537	0.0	422644	87	0.75	49.27	0	1361	30.052592036063096
1634633223.45	750	59.933334	0.0	443628	74	0.75	53.272	0	1481	29.98500749625191
1634633227.68	750	59.945408	0.0	431627	76	0.75	57.273	0	1601	29.99250187453133
1634633231.44	750	59.945004	0.0	456770	86	0.75	61.274	0	1721	29.992501874531385
1634633235.74	750	59.676668	0.0	425981	76	0.75	65.274	0	1841	30
1634633239.54	750	59.979201	0.0	437493	90	0.75	69.275	0	1961	29.99250187453133
1634633243.76	750	59.701962	0.0	434822	60	0.75	73.275	0	2081	30
1634633247.98	750	59.443062	0.0	453909	89	0.75	77.275	0	2201	30
1634633251.82	750	59.791703	0.0	435539	106	0.75	81.276	0	2321	29.99250187453144
1634633255.56	750	59.85513	0.0	437746	85	0.75	85.276	0	2441	30
1634633259.83	750	59.644306	0.0	422693	82	0.75	89.276	0	2561	30
1634633263.61	750	59.935202	0.0	452093	100	0.75	93.276	0	2681	30
1634633267.83	750	59.662652	0.0	425677	52	0.75	97.276	0	2801	30
1634633271.59	750	59.96075	0.0	430316	100	0.75	101.276	0	2921	30
1634633275.87	750	59.724568	0.0	453394	92	0.75	105.277	0	3041	29.99250187453133
1634633280.13	750	59.452565	0.0	433396	77	0.75	109.278	0	3161	29.99250187453133
1634633283.86	750	59.496723	0.0	432118	97	0.75	113.288	0	3281	29.92518703241902
1634633287.6	750	59.786359	0.0	447207	98	0.75	117.296	0	3401	29.940119760478968
1634633291.83	750	59.558617	0.0	437559	94	0.75	121.296	0	3521	30
