1634628304.93	750	4	1.138	4663471	851	-4.8884	0	0	0	0
1634628306.11	2850	8	0.0	4787686	819	0.75	0	0	0	0
1634628307.2	2850	11.4	0.0	4911120	809	2.85	0	0	0	0
1634628308.26	2850	14.3	0.0	4836291	619	2.85	5.261	12	49	0
1634628309.32	2850	17.233334	0.0	5126607	803	2.85	5.261	12	49	0
1634628310.44	2850	20.15	0.0	4874070	834	2.85	5.261	12	49	0
1634628311.67	2850	22.916667	0.0	5038633	903	2.85	9.26	36	289	54.01350337584397
1634628312.82	2850	25.783334	0.0	4938910	843	2.85	9.26	36	289	54.01350337584397
1634628313.89	2850	28.666667	0.0	4974075	804	2.85	9.26	36	289	54.01350337584397
1634628315.03	2850	31.55	0.0	5018837	855	2.85	9.26	36	289	54.01350337584397
1634628316.43	2850	34.216667	0.0	5500834	1046	2.85	13.261	79	529	49.23769057735567
1634628317.6	2850	36.983334	0.0	4811084	889	2.85	13.261	79	529	49.23769057735567
1634628319.07	2850	39.516667	0.0	5675063	1134	2.85	13.261	79	529	49.23769057735567
1634628320.19	2850	42.383334	0.0	4593022	826	2.85	17.26	120	769	49.76244061015251
1634628321.4	2850	45.216667	0.0	5259926	873	2.85	17.26	120	769	49.76244061015251
1634628322.55	2850	48.05	0.0	5063028	864	2.85	17.26	120	769	49.76244061015251
1634628323.65	2850	50.966667	0.0	4717144	720	2.85	21.261	159	1009	50.23744063984007
