1634631327.76	750	4	0.727	2903817	506	-3.1211	0	0	0	0
1634631328.67	2850	8	0.0	3210755	544	0.75	0	0	0	0
1634631329.44	2850	12	0.0	3297850	547	2.85	0	0	0	0
1634631330.18	2850	15.267704	0.0	3113688	536	2.85	0	0	0	0
1634631331.02	2850	18.418833	0.0	3434179	607	2.85	5.341	0	31	0
1634631332.1	2850	21.369172	0.0	3246645	811	2.85	5.341	0	31	0
1634631332.92	2850	24.533334	0.0	3230273	579	2.85	5.341	0	31	0
1634631333.65	2850	27.795664	0.0	3265296	509	2.85	5.341	0	31	0
1634631334.48	2850	31	0.0	3330293	526	2.85	5.341	0	31	0
1634631335.29	2850	34.179731	0.0	3397189	567	2.85	9.404	1	153	29.780950036918536
1634631336.06	2850	37.413673	0.0	3383124	516	2.85	9.404	1	153	29.780950036918536
1634631336.8	2850	40.647681	0.0	3153089	507	2.85	9.404	1	153	29.780950036918536
1634631337.64	2850	43.837611	0.0	3557106	562	2.85	9.404	1	153	29.780950036918536
