1634623512.66	750	4	0.208	632582	96	-0.8894	0	0	0	0
1634623512.93	750	8	0.0	701538	105	0.75	0	0	0	0
1634623513.14	750	12	0.0	652167	85	0.75	0	0	0	0
1634623513.42	750	16	0.0	676228	164	0.75	0	0	0	0
1634623513.65	750	20	0.0	687537	117	0.75	0	0	0	0
1634623513.88	750	24	0.0	663003	97	0.75	0	0	0	0
1634623514.12	750	28	0.0	694755	106	0.75	0	0	0	0
1634623514.37	750	32	0.0	669189	110	0.75	0	0	0	0
1634623514.6	750	35.831606	0.0	662375	63	0.75	0	0	0	0
1634623514.84	750	39.589369	0.0	675276	103	0.75	0	0	0	0
1634623515.08	750	43.347446	0.0	697146	114	0.75	0	0	0	0
1634623515.31	750	47.144769	0.0	655809	102	0.75	0	0	0	0
1634623515.57	750	50.860988	0.0	739625	112	0.75	0	0	0	0
1634623515.88	750	54.61857	0.0	635863	101	0.75	0	0	0	0
1634623516.12	750	58.335373	0.0	677487	104	0.75	5.491	0	92	0
1634623518.89	750	59.734709	0.0	670471	119	0.75	5.491	0	92	0
1634623522.68	750	59.761312	0.0	657723	107	0.75	9.492	0	332	59.98500374906271
1634623527.02	750	59.502187	0.0	687669	114	0.75	13.492	0	572	60
1634623530.82	750	59.81517	0.0	689081	116	0.75	17.492	0	812	60
1634623535.08	750	59.566667	0.0	671979	105	0.75	21.492	0	1052	60
1634623538.83	750	59.878735	0.0	686526	108	0.75	25.492	0	1292	60
1634623542.61	750	59.905144	0.0	658511	107	0.75	29.499	0	1532	59.89518342899928
1634623546.94	750	59.646516	0.0	689315	133	0.75	33.499	0	1772	59.99999999999995
1634623550.51	750	59.954223	0.0	653179	5	0.75	37.499	0	2012	60
1634623554.78	750	59.686888	0.0	665560	115	0.75	41.5	0	2252	59.98500374906277
1634623558.58	750	59.993409	0.0	686735	140	0.75	45.5	0	2492	60
1634623562.86	750	59.737943	0.0	691385	114	0.75	49.499	0	2732	60.0150037509377
1634623567.16	750	59.511486	0.0	674179	85	0.75	53.5	0	2972	59.98500374906277
1634623570.94	750	59.525527	0.0	659438	126	0.75	57.5	0	3212	60
1634623574.71	750	59.838248	0.0	683313	116	0.75	61.501	0	3452	59.98500374906277
1634623578.99	750	59.595906	0.0	663183	108	0.75	65.5	0	3692	60.0150037509377
1634623582.79	750	59.911354	0.0	665407	131	0.75	69.501	0	3932	59.98500374906266
1634623586.64	750	59.943241	0.0	656035	129	0.75	73.501	0	4172	60
1634623590.94	750	59.718643	0.0	695274	96	0.75	77.502	0	4412	59.98500374906288
1634623595.21	750	59.444906	0.0	661157	112	0.75	81.503	0	4652	59.98500374906266
1634623599.02	750	59.466985	0.0	693898	124	0.75	85.502	0	4892	60.01500375093781
1634623602.82	750	59.778391	0.0	676065	139	0.75	89.503	0	5132	59.98500374906266
1634623607.09	750	59.514006	0.0	670173	111	0.75	93.503	0	5372	60
1634623610.87	750	59.851701	0.0	642464	77	0.75	97.503	0	5612	60
1634623614.63	750	59.872101	0.0	668436	113	0.75	101.504	0	5852	59.98500374906266
1634623618.92	750	59.61162	0.0	702191	109	0.75	105.525	0	6094	60.18403382243222
1634623622.73	750	59.959978	0.0	661963	108	0.75	109.526	0	6334	59.98500374906288
1634623626.49	750	59.978779	0.0	662155	104	0.75	113.526	0	6574	60
1634623630.75	750	59.714432	0.0	687392	107	0.75	117.526	0	6814	60
1634623635.02	750	59.44679	0.0	697493	101	0.75	121.526	0	7054	60
