1634631602.63	750	4	0.658	2903817	453	-2.8244000000000002	0	0	0	0
1634631603.38	2850	8	0.0	3210755	512	0.75	0	0	0	0
1634631604.13	2850	11.27025	0.0	3297850	521	2.85	0	0	0	0
1634631604.87	2850	14.542701	0.0	3113688	508	2.85	0	0	0	0
1634631605.68	2850	17.734407	0.0	3434179	548	2.85	4.617	0	64	0
1634631606.41	2850	21.007286	0.0	3246645	522	2.85	4.617	0	64	0
1634631607.14	2850	24.279643	0.0	3230273	521	2.85	4.617	0	64	0
1634631607.97	2850	27.5	0.0	3265296	520	2.85	4.617	0	64	0
1634631608.75	2850	30.666667	0.0	3330293	509	2.85	4.617	0	64	0
1634631609.61	2850	33.866667	0.0	3397189	545	2.85	8.617	2	183	29.249999999999993
1634631610.48	2850	36.967083	0.0	3383124	592	2.85	8.617	2	183	29.249999999999993
1634631611.22	2850	40.197328	0.0	3153089	482	2.85	8.617	2	183	29.249999999999993
1634631612.01	2850	43.430562	0.0	3557106	566	2.85	8.617	2	183	29.249999999999993
1634631612.77	2850	46.666667	0.0	3063784	493	2.85	8.617	2	183	29.249999999999993
1634631613.52	2850	49.9	0.0	3220745	516	2.85	8.617	2	183	29.249999999999993
1634631614.29	2850	53.129487	0.0	3227820	546	2.85	12.673	5	306	29.585798816568055
1634631615.03	2850	56.403168	0.0	3208216	525	2.85	12.673	5	306	29.585798816568055
1634631615.77	2850	59.636496	0.0	3214764	521	2.85	12.673	5	306	29.585798816568055
1634631619.7	2850	59.85955	0.0	3431047	546	2.85	16.673	6	426	29.750000000000014
1634631624.0	2850	59.621327	0.0	3273134	518	2.85	20.673	6	546	30
1634631627.88	2850	59.63806	0.0	3428089	564	2.85	24.673	7	666	29.75
1634631631.7	2850	59.937596	0.0	3228836	493	2.85	28.674	7	786	29.992501874531357
1634631635.51	2850	59.941381	0.0	3299322	517	2.85	32.674	7	906	30
1634631639.86	2850	59.70072	0.0	3159196	568	2.85	36.675	7	1026	29.992501874531385
1634631644.13	2850	59.457983	0.0	3333132	534	2.85	40.674	7	1146	30.00750187546885
1634631647.95	2850	59.502843	0.0	3321798	562	2.85	44.675	7	1266	29.992501874531385
1634631651.72	2850	59.854751	0.0	3268850	533	2.85	48.675	7	1386	30
1634631655.55	2850	59.90045	0.0	3251724	505	2.85	52.675	7	1506	30
1634631659.82	2850	59.633334	0.0	3363576	531	2.85	56.676	7	1626	29.99250187453133
1634631663.82	2850	59.648535	0.0	3383685	733	2.85	60.675	7	1746	30.007501875468904
1634631667.61	2850	59.980415	0.0	3106343	469	2.85	64.676	7	1866	29.99250187453133
1634631671.45	2850	59.988447	0.0	3361747	528	2.85	68.676	7	1986	30
1634631675.8	2850	59.711027	0.0	3257046	532	2.85	72.676	7	2106	30
1634631679.73	2850	59.762548	0.0	3504697	634	2.85	76.677	7	2226	29.99250187453133
1634631683.61	2850	59.815681	0.0	3390454	566	2.85	80.676	7	2346	30.007501875468904
1634631687.93	2850	59.550737	0.0	3290568	548	2.85	84.677	7	2466	29.99250187453133
1634631691.81	2850	59.849906	0.0	3468173	579	2.85	88.677	7	2586	30
1634631695.66	2850	59.862345	0.0	3324690	578	2.85	92.678	7	2706	29.99250187453144
1634631699.72	2850	59.92134	0.0	3246603	751	2.85	96.678	7	2826	30
1634631703.56	2850	59.975503	0.0	3249767	584	2.85	100.679	7	2946	29.99250187453133
1634631707.49	2850	59.98678	0.0	3503469	582	2.85	104.679	8	3066	29.75
1634631711.83	2850	59.723557	0.0	3066575	519	2.85	108.679	9	3186	29.75
1634631716.12	2850	59.504256	0.0	3194789	534	2.85	112.68	9	3306	29.99250187453133
1634631719.97	2850	59.521117	0.0	3474872	561	2.85	116.683	9	3426	29.977516862353234
1634631723.77	2850	59.839844	0.0	3477756	517	2.85	120.683	9	3546	30
