1634620357.18	750	4	0.173	424762	72	-0.7389	0	0	0	0
1634620357.33	750	8	0.0	426330	9	0.75	0	0	0	0
1634620357.54	750	12	0.0	449994	75	0.75	0	0	0	0
1634620357.72	750	16	0.0	431398	68	0.75	0	0	0	0
1634620357.89	750	20	0.0	443117	75	0.75	0	0	0	0
1634620358.07	750	24	0.0	436277	64	0.75	0	0	0	0
1634620358.25	750	28	0.0	439594	77	0.75	0	0	0	0
1634620358.45	750	32	0.0	433964	78	0.75	0	0	0	0
1634620358.63	750	36	0.0	430713	74	0.75	0	0	0	0
1634620358.8	750	39.913854	0.0	440056	37	0.75	0	0	0	0
1634620358.98	750	43.752811	0.0	455141	71	0.75	0	0	0	0
1634620359.16	750	47.550403	0.0	426996	79	0.75	0	0	0	0
1634620359.34	750	51.388915	0.0	471493	77	0.75	0	0	0	0
1634620359.51	750	55.227587	0.0	400302	59	0.75	0	0	0	0
1634620359.69	750	59.024023	0.0	448474	81	0.75	0	0	0	0
1634620362.88	750	59.995853	0.0	445607	69	0.75	5.26	0	52	0
1634620367.1	750	59.764778	0.0	411626	76	0.75	9.26	0	172	30
1634620371.28	750	59.494684	0.0	430480	66	0.75	13.26	0	292	30
1634620375.0	750	59.787773	0.0	442297	71	0.75	17.26	0	412	29.999999999999986
1634620379.26	750	59.515704	0.0	447875	81	0.75	21.26	0	532	30
1634620382.99	750	59.856908	0.0	446481	64	0.75	25.26	0	652	30
1634620387.23	750	59.6003	0.0	434796	43	0.75	29.261	0	772	29.992501874531385
1634620390.95	750	59.927671	0.0	442748	71	0.75	33.261	0	892	29.999999999999975
1634620395.16	750	59.712017	0.0	418479	67	0.75	37.261	0	1012	30
1634620399.39	750	59.479179	0.0	439171	71	0.75	41.261	0	1132	30
1634620403.16	750	59.822055	0.0	449404	78	0.75	45.263	0	1252	29.98500749625191
1634620406.89	750	59.835377	0.0	422644	74	0.75	49.262	0	1372	30.00750187546885
1634620411.13	750	59.845879	0.0	443628	87	0.75	53.262	0	1492	30
1634620415.39	750	59.572978	0.0	431627	62	0.75	57.262	0	1612	30
1634620419.1	750	59.668262	0.0	456770	92	0.75	61.263	0	1732	29.992501874531385
1634620423.41	750	59.434452	0.0	425981	74	0.75	65.264	0	1852	29.992501874531385
1634620427.21	750	59.77548	0.0	437493	78	0.75	69.263	0	1972	30.007501875468797
1634620430.96	750	59.787193	0.0	434822	74	0.75	73.264	0	2092	29.99250187453144
1634620435.19	750	59.626358	0.0	453909	66	0.75	77.264	0	2212	30
1634620438.91	750	59.92013	0.0	435539	79	0.75	81.265	0	2332	29.99250187453133
1634620443.19	750	59.715478	0.0	437746	65	0.75	85.265	0	2452	30
1634620447.42	750	59.444096	0.0	422693	43	0.75	89.265	0	2573	30.25
1634620451.2	750	59.734974	0.0	452093	85	0.75	93.266	0	2693	29.99250187453133
1634620455.43	750	59.462493	0.0	425677	57	0.75	97.266	0	2813	30
1634620459.17	750	59.770895	0.0	430316	70	0.75	101.267	0	2933	29.99250187453144
1634620462.92	750	59.840614	0.0	453394	78	0.75	105.268	0	3053	29.99250187453133
1634620467.17	750	59.605024	0.0	433396	78	0.75	109.27	0	3173	29.98500749625191
1634620470.92	750	59.940345	0.0	432118	76	0.75	113.27	0	3293	30
1634620475.15	750	59.657997	0.0	447207	72	0.75	117.27	0	3413	30
1634620478.85	750	59.996325	0.0	437559	73	0.75	121.274	0	3533	29.970029970029934
