1634611820.81	750	4	0.5	1913263	315	-2.145	0	0	0	0
1634611821.42	1850	8	0.0	2089029	358	0.75	0	0	0	0
1634611821.95	1850	12	0.0	2096691	325	1.85	0	0	0	0
1634611822.53	1850	16	0.0	2102150	372	1.85	0	0	0	0
1634611823.1	1850	19.474225	0.0	2202821	366	1.85	0	0	0	0
1634611823.76	1850	22.866667	0.0	2122248	358	1.85	5.331	0	33	0
1634611824.27	1850	26.300192	0.0	2085229	328	1.85	5.331	0	33	0
1634611824.8	1850	29.776017	0.0	2110319	343	1.85	5.331	0	33	0
1634611825.4	1850	33.13113	0.0	2159897	373	1.85	5.331	0	33	0
1634611825.93	1850	36.607482	0.0	2169645	366	1.85	5.331	0	33	0
1634611826.47	1850	40.082874	0.0	2138606	352	1.85	5.331	0	33	0
1634611827.0	1850	43.558602	0.0	2043307	328	1.85	5.331	0	33	0
1634611827.61	1850	46.953687	0.0	2327436	389	1.85	5.331	0	33	0
1634611828.08	1850	50.46923	0.0	1904210	296	1.85	9.378	0	154	29.898690387941688
1634611828.63	1850	53.945457	0.0	2144078	339	1.85	9.378	0	154	29.898690387941688
1634611829.16	1850	57.421114	0.0	2096332	333	1.85	9.378	0	154	29.898690387941688
1634611830.7	1850	59.887842	0.0	1978857	307	1.85	9.378	0	154	29.898690387941688
1634611834.76	1850	59.923336	0.0	2103885	337	1.85	13.378	0	274	30
1634611838.9	1850	59.695742	0.0	2123697	346	1.85	17.378	0	394	30
1634611842.99	1850	59.733813	0.0	2101249	323	1.85	21.378	0	514	30
1634611847.47	1850	59.514295	0.0	2221891	328	1.85	25.379	0	634	29.992501874531357
1634611851.31	1850	59.746381	0.0	2069811	314	1.85	29.379	0	754	30
1634611855.01	1850	59.615546	0.0	2168537	406	1.85	33.379	0	874	30.00000000000003
