1634626061.54	750	4	0.323	1027433	211	-1.3838999999999997	0	0	0	0
1634626061.94	1200	8	0.0	1033094	220	0.75	0	0	0	0
1634626062.26	1200	12	0.0	1112859	210	1.2	0	0	0	0
1634626062.56	1200	16	0.0	1072091	171	1.2	0	0	0	0
1634626062.89	1200	20	0.0	1097552	200	1.2	0	0	0	0
1634626063.21	1200	23.957551	0.0	1089913	192	1.2	0	0	0	0
1634626063.53	1200	27.635181	0.0	1088005	176	1.2	0	0	0	0
1634626063.87	1200	31.27277	0.0	1080926	181	1.2	0	0	0	0
1634626064.18	1200	34.990179	0.0	1075186	181	1.2	0	0	0	0
1634626064.52	1200	38.665281	0.0	1100003	173	1.2	0	0	0	0
1634626064.94	1200	42.261202	0.0	1089392	29	1.2	5.395	0	47	0
1634626065.26	1200	45.897124	0.0	1048032	169	1.2	5.395	0	47	0
1634626065.59	1200	49.574372	0.0	1147785	153	1.2	5.395	0	47	0
1634626065.94	1200	53.211715	0.0	1002936	180	1.2	5.395	0	47	0
1634626066.23	1200	56.927272	0.0	1102694	169	1.2	5.395	0	47	0
1634626067.57	1200	59.793981	0.0	1084569	187	1.2	5.395	0	47	0
1634626071.49	1200	59.805888	0.0	1055419	186	1.2	9.395	0	167	30
1634626075.34	1200	59.857447	0.0	1063815	185	1.2	13.395	0	287	30
1634626079.72	1200	59.601609	0.0	1133223	181	1.2	17.396	0	407	29.992501874531357
1634626083.59	1200	59.616996	0.0	1073029	179	1.2	21.397	0	527	29.992501874531385
1634626087.46	1200	59.907844	0.0	1083265	185	1.2	25.411	0	647	29.895366218236152
1634626091.34	1200	59.930216	0.0	1075789	165	1.2	29.413	0	767	29.98500749625188
1634626095.18	1200	59.961357	0.0	1076090	173	1.2	33.413	0	887	30.00000000000003
1634626099.53	1200	59.699179	0.0	1020386	172	1.2	37.412	0	1007	30.00750187546885
1634626103.41	1200	59.997904	0.0	1065194	176	1.2	41.413	0	1127	29.992501874531385
1634626107.81	1200	59.477895	0.0	1124023	214	1.2	45.421	0	1247	29.94011976047902
1634626111.7	1200	59.493311	0.0	1128063	192	1.2	49.414	0	1367	30.052592036063096
1634626115.57	1200	59.786583	0.0	1090975	194	1.2	53.414	0	1487	30
1634626119.5	1200	59.806028	0.0	1102350	191	1.2	57.414	0	1607	30
1634626123.36	1200	59.847938	0.0	1105578	194	1.2	61.414	0	1727	30
1634626127.78	1200	59.577999	0.0	1020290	193	1.2	65.415	0	1847	29.99250187453133
1634626131.75	1200	59.554156	0.0	1053290	213	1.2	69.416	0	1967	29.99250187453144
1634626135.65	1200	59.605422	0.0	1095971	183	1.2	73.416	0	2087	30
1634626139.59	1200	59.621346	0.0	1092760	166	1.2	77.416	0	2207	30
1634626143.44	1200	59.921919	0.0	1082760	177	1.2	81.417	0	2327	29.99250187453133
1634626147.36	1200	59.971631	0.0	1075795	157	1.2	85.417	0	2447	30
1634626151.2	1200	59.982505	0.0	1052643	123	1.2	89.417	0	2567	30
1634626155.55	1200	59.730867	0.0	1136208	190	1.2	93.417	0	2687	30
1634626159.44	1200	59.747523	0.0	1026937	170	1.2	97.417	0	2807	30
1634626163.78	1200	59.487366	0.0	1090516	195	1.2	101.418	0	2927	29.99250187453133
1634626167.62	1200	59.527799	0.0	1126916	191	1.2	105.418	0	3047	30
1634626171.49	1200	59.870806	0.0	1032576	173	1.2	109.419	0	3167	29.99250187453144
1634626175.36	1200	59.894215	0.0	1059276	178	1.2	113.418	0	3287	30.007501875468797
1634626179.28	1200	59.914617	0.0	1142916	208	1.2	117.419	0	3407	29.99250187453144
1634626183.68	1200	59.662758	0.0	1105832	226	1.2	121.418	0	3527	30.007501875468797
