1634629201.25	750	4	0.433	1685249	287	-1.8569	0	0	0	0
1634629201.79	1200	8	0.0	1781540	309	0.75	0	0	0	0
1634629202.24	1200	12	0.0	1722737	291	1.2	0	0	0	0
1634629202.7	1200	15.871555	0.0	1740707	296	1.2	0	0	0	0
1634629203.2	1200	19.4	0.0	1752806	293	1.2	0	0	0	0
1634629203.67	1200	22.903125	0.0	1706225	287	1.2	0	0	0	0
1634629204.15	1200	26.433334	0.0	1829999	300	1.2	0	0	0	0
1634629204.63	1200	29.973571	0.0	1721616	298	1.2	5.26	3	101	0
1634629205.15	1200	33.45	0.0	1715269	315	1.2	5.26	3	101	0
1634629205.69	1200	36.9	0.0	1769586	310	1.2	5.26	3	101	0
1634629206.22	1200	40.383334	0.0	1849979	318	1.2	5.26	3	101	0
1634629206.69	1200	43.873091	0.0	1693292	301	1.2	5.26	3	101	0
1634629207.21	1200	47.366667	0.0	1905664	341	1.2	5.26	3	101	0
1634629207.65	1200	50.945664	0.0	1623155	283	1.2	5.26	3	101	0
1634629208.16	1200	54.420889	0.0	1754132	310	1.2	5.26	3	101	0
1634629208.66	1200	57.936737	0.0	1752304	311	1.2	9.261	9	341	58.48537865533618
1634629211.23	1200	59.542739	0.0	1690172	319	1.2	9.261	9	341	58.48537865533618
1634629214.76	1200	59.85	0.0	1834922	317	1.2	13.261	11	581	59.5
1634629218.82	1200	59.881025	0.0	1776705	311	1.2	17.261	12	821	59.75
1634629222.82	1200	59.950231	0.0	1719504	275	1.2	21.261	12	1061	60
1634629226.82	1200	59.979994	0.0	1807724	317	1.2	25.262	12	1301	59.98500374906271
1634629230.86	1200	59.731172	0.0	1718882	298	1.2	29.262	14	1541	59.5
1634629234.88	1200	59.743449	0.0	1803226	291	1.2	33.262	14	1781	60
1634629238.89	1200	59.781938	0.0	1686003	259	1.2	37.264	15	2021	59.72013993003495
1634629242.86	1200	59.821111	0.0	1737120	279	1.2	41.264	15	2261	60
1634629246.89	1200	59.856388	0.0	1801713	291	1.2	45.275	19	2502	59.08750934928952
1634629250.92	1200	59.890766	0.0	1846078	281	1.2	49.264	20	2741	59.66407620957627
1634629254.94	1200	59.9209	0.0	1749409	276	1.2	53.264	22	2981	59.5
1634629258.9	1200	59.658365	0.0	1753415	250	1.2	57.264	22	3221	60
1634629263.2	1200	59.695244	0.0	1802826	279	1.2	61.265	22	3461	59.98500374906277
1634629267.29	1200	59.480633	0.0	1711828	293	1.2	65.266	23	3701	59.73506623344157
1634629270.79	1200	59.821865	0.0	1677116	265	1.2	69.265	25	3941	59.51487871967999
1634629274.83	1200	59.838067	0.0	1696497	283	1.2	73.266	26	4181	59.73506623344157
1634629278.9	1200	59.867384	0.0	1789902	312	1.2	77.266	28	4421	59.5
1634629282.91	1200	59.898851	0.0	1750744	307	1.2	81.266	28	4661	60
1634629286.98	1200	59.635092	0.0	1795743	299	1.2	85.267	31	4901	59.23519120219959
1634629290.98	1200	59.689747	0.0	1747384	267	1.2	89.267	32	5141	59.75
1634629294.99	1200	59.712145	0.0	1755372	258	1.2	93.267	33	5381	59.75
1634629298.99	1200	59.742437	0.0	1684976	269	1.2	97.267	34	5621	59.75
1634629303.23	1200	59.775568	0.0	1728132	277	1.2	101.268	34	5861	59.98500374906266
1634629307.02	1200	59.685831	0.0	1808301	448	1.2	105.271	35	6102	59.95503372470647
1634629311.1	1200	59.496196	0.0	1726475	260	1.2	109.278	39	6342	58.89693037184919
1634629316.2	1200	59.518783	0.0	1726086	285	1.2	113.274	41	6582	59.55955955955963
