1634622032.94	750	4	1.032	4663471	803	-4.4326	0	0	0	0
1634622034.05	2850	7.783334	0.0	4787686	808	0.75	0	0	0	0
1634622035.21	2850	10.65	0.0	4911120	846	2.85	0	0	0	0
1634622036.29	2850	13.516667	0.0	4836291	772	2.85	4.661	26	107	0
1634622037.39	2850	16.433334	0.0	5126607	829	2.85	4.661	26	107	0
1634622038.46	2850	19.383334	0.0	4874070	797	2.85	4.661	26	107	0
1634622039.55	2850	22.316667	0.0	5038633	798	2.85	8.66	50	340	52.263065766441606
1634622040.62	2850	25.2	0.0	4938910	818	2.85	8.66	50	340	52.263065766441606
1634622041.69	2850	28.133334	0.0	4974075	810	2.85	8.66	50	340	52.263065766441606
1634622042.77	2850	31.05	0.0	5018837	807	2.85	8.66	50	340	52.263065766441606
1634622043.99	2850	33.866667	0.0	5500834	883	2.85	12.669	91	588	51.63382389623347
1634622045.65	2850	36.2	0.0	4811084	1363	2.85	12.669	91	588	51.63382389623347
1634622046.98	2850	38.933334	0.0	5675063	991	2.85	12.669	91	588	51.63382389623347
1634622048.04	2850	41.8	0.0	4593022	796	2.85	16.669	142	828	47.25
1634622049.17	2850	44.65	0.0	5259926	863	2.85	16.669	142	828	47.25
1634622050.33	2850	47.516667	0.0	5063028	871	2.85	16.669	142	828	47.25
1634622051.53	2850	50.35	0.0	4717144	863	2.85	16.669	142	828	47.25
1634622052.69	2850	53.166667	0.0	5134053	825	2.85	20.734	186	1071	48.95448954489543
1634622054.04	2850	55.816667	0.0	5496964	1057	2.85	20.734	186	1071	48.95448954489543
1634622055.33	2850	58.533334	0.0	5143491	993	2.85	20.734	186	1071	48.95448954489543
1634622057.98	2850	59.844972	0.0	5316086	821	2.85	24.735	225	1312	50.487378155461165
1634622062.16	2850	59.630774	0.0	4821804	763	2.85	28.736	250	1552	53.73656585853535
1634622066.36	2850	59.538973	0.0	5202047	853	2.85	32.735	268	1792	55.513878469617424
1634622070.14	2850	59.809174	0.0	5068232	963	2.85	36.735	268	2026	58.5
1634622074.34	2850	59.545129	0.0	5351367	895	2.85	40.736	290	2272	55.98600349912525
1634622078.08	2850	59.844994	0.0	5527128	856	2.85	44.739	301	2511	56.95728203847114
1634622082.29	2850	59.65	0.0	5340443	851	2.85	48.742	316	2752	56.45765675743193
1634622085.91	2850	59.952447	0.0	4948873	788	2.85	52.742	326	2992	57.5
1634622090.0	2850	59.973846	0.0	5088692	1249	2.85	56.742	341	3231	56
1634622094.32	2850	59.592587	0.0	5378468	931	2.85	60.742	366	3472	54
1634622098.04	2850	59.90907	0.0	4820790	891	2.85	64.743	379	3712	56.735816045988535
1634622102.15	2850	59.644543	0.0	4970066	768	2.85	68.743	394	3952	56.25
1634622106.3	2850	59.662228	0.0	4908623	816	2.85	72.743	409	4192	56.25
1634622110.2	2850	59.883334	0.0	5566900	893	2.85	76.743	409	4418	56.5
1634622114.2	2850	59.785949	0.0	5073184	1175	2.85	80.743	448	4668	52.75
1634622118.36	2850	59.521774	0.0	5051199	813	2.85	84.744	475	4912	54.23644088977749
1634622122.28	2850	59.712055	0.0	4992500	1035	2.85	88.744	475	5150	59.5
1634622126.42	2850	59.445114	0.0	5051278	786	2.85	92.748	506	5393	52.94705294705288
1634622130.15	2850	59.79366	0.0	5012623	850	2.85	96.749	510	5628	57.735566108473016
1634622134.32	2850	59.536982	0.0	5180299	847	2.85	100.751	535	5873	54.9725137431283
1634622138.16	2850	59.850665	0.0	5571174	958	2.85	104.75	540	6110	58.01450362590655
1634622142.27	2850	59.590261	0.0	4885145	790	2.85	108.752	558	6353	56.22188905547233
1634622145.9	2850	59.897293	0.0	4777561	816	2.85	112.753	570	6593	56.98575356160953
1634622150.19	2850	59.636422	0.0	5323435	940	2.85	116.753	587	6833	55.75
1634622153.96	2850	59.943517	0.0	5306151	938	2.85	120.757	605	7073	55.44455544455538
