1634606047.67	750	4	0.274	1027433	165	-1.1732	0	0	0	0
1634606047.99	1200	8	0.0	1033094	170	0.75	0	0	0	0
1634606048.31	1200	12	0.0	1112859	164	1.2	0	0	0	0
1634606048.6	1200	16	0.0	1072091	174	1.2	0	0	0	0
1634606048.92	1200	20	0.0	1097552	179	1.2	0	0	0	0
1634606049.21	1200	24	0.0	1089913	110	1.2	0	0	0	0
1634606049.56	1200	27.869392	0.0	1088005	211	1.2	0	0	0	0
1634606049.93	1200	31.466779	0.0	1080926	166	1.2	0	0	0	0
1634606050.26	1200	35.14266	0.0	1075186	194	1.2	0	0	0	0
1634606050.6	1200	38.819874	0.0	1100003	183	1.2	0	0	0	0
1634606050.92	1200	42.496803	0.0	1089392	184	1.2	5.321	0	42	0
1634606051.2	1200	46.214637	0.0	1048032	164	1.2	5.321	0	42	0
1634606051.51	1200	49.892009	0.0	1147785	180	1.2	5.321	0	42	0
1634606051.78	1200	53.607942	0.0	1002936	147	1.2	5.321	0	42	0
1634606052.16	1200	57.244254	0.0	1102694	200	1.2	5.321	0	42	0
1634606053.52	1200	59.989368	0.0	1084569	181	1.2	5.321	0	42	0
1634606057.42	1200	59.996518	0.0	1055419	169	1.2	9.321	0	162	30
1634606061.77	1200	59.77076	0.0	1063815	180	1.2	13.321	0	282	30
1634606065.67	1200	59.80152	0.0	1133223	207	1.2	17.321	0	402	29.999999999999986
1634606070.07	1200	59.528922	0.0	1073029	213	1.2	21.322	0	522	29.992501874531385
1634606073.96	1200	59.548951	0.0	1083265	175	1.2	25.322	0	642	30
1634606077.83	1200	59.612893	0.0	1075789	180	1.2	29.322	0	762	30
1634606081.73	1200	59.935823	0.0	1076090	158	1.2	33.322	0	882	29.999999999999975
1634606085.55	1200	59.981294	0.0	1020386	163	1.2	37.322	0	1002	30
1634606089.91	1200	59.716565	0.0	1065194	166	1.2	41.323	0	1122	29.992501874531385
1634606093.86	1200	59.741767	0.0	1124023	190	1.2	45.334	0	1243	30.167040638244806
1634606097.68	1200	59.788498	0.0	1128063	183	1.2	49.328	0	1363	30.045067601402106
1634606101.54	1200	59.86835	0.0	1090975	182	1.2	53.328	0	1483	30
1634606105.9	1200	59.614772	0.0	1102350	179	1.2	57.329	0	1603	29.992501874531385
1634606109.78	1200	59.655458	0.0	1105578	195	1.2	61.329	0	1723	30
1634606113.68	1200	59.991406	0.0	1020290	167	1.2	65.33	0	1843	29.992501874531385
1634606118.06	1200	59.444575	0.0	1053290	193	1.2	69.352	0	1963	29.835902536051673
1634606121.93	1200	59.511779	0.0	1095971	181	1.2	73.352	0	2083	30
1634606125.89	1200	59.809227	0.0	1092760	175	1.2	77.352	0	2203	30
1634606129.77	1200	59.819636	0.0	1082760	183	1.2	81.352	0	2323	30
1634606133.66	1200	59.830649	0.0	1075795	172	1.2	85.353	0	2443	29.99250187453144
1634606137.55	1200	59.849838	0.0	1052643	161	1.2	89.353	0	2563	30
1634606141.95	1200	59.580631	0.0	1136208	184	1.2	93.353	0	2683	30
1634606145.8	1200	59.617238	0.0	1026937	168	1.2	97.353	0	2803	30
1634606149.65	1200	59.92684	0.0	1090516	181	1.2	101.354	0	2923	29.99250187453133
1634606153.52	1200	59.933334	0.0	1126916	149	1.2	105.354	0	3043	30
1634606157.9	1200	59.672863	0.0	1032576	174	1.2	109.355	0	3163	29.99250187453133
1634606161.72	1200	59.729968	0.0	1059276	169	1.2	113.36	0	3283	29.962546816479435
1634606166.08	1200	59.474992	0.0	1142916	185	1.2	117.36	3	3403	29.25
1634606169.94	1200	59.533902	0.0	1105832	175	1.2	121.36	3	3523	30
