1634611584.29	750	4	0.606	2903817	465	-2.6008	0	0	0	0
1634611585.03	2850	8	0.0	3210755	520	0.75	0	0	0	0
1634611585.86	2850	11.233334	0.0	3297850	557	2.85	0	0	0	0
1634611586.56	2850	14.506427	0.0	3113688	488	2.85	0	0	0	0
1634611587.35	2850	17.7	0.0	3434179	543	2.85	4.675	1	66	0
1634611588.12	2850	20.97022	0.0	3246645	541	2.85	4.675	1	66	0
1634611588.85	2850	24.204507	0.0	3230273	503	2.85	4.675	1	66	0
1634611589.59	2850	27.477783	0.0	3265296	522	2.85	4.675	1	66	0
1634611590.38	2850	30.670581	0.0	3330293	555	2.85	4.675	1	66	0
1634611591.2	2850	33.866667	0.0	3397189	558	2.85	4.675	1	66	0
1634611592.06	2850	37.033334	0.0	3383124	569	2.85	8.702	1	187	30.04718152470822
1634611592.86	2850	40.233334	0.0	3153089	513	2.85	8.702	1	187	30.04718152470822
1634611593.71	2850	43.366667	0.0	3557106	587	2.85	8.702	1	187	30.04718152470822
1634611594.45	2850	46.6	0.0	3063784	517	2.85	8.702	1	187	30.04718152470822
1634611595.18	2850	49.866667	0.0	3220745	512	2.85	8.702	1	187	30.04718152470822
1634611595.91	2850	53.13767	0.0	3227820	507	2.85	12.702	3	307	29.5
1634611596.71	2850	56.371542	0.0	3208216	557	2.85	12.702	3	307	29.5
1634611597.49	2850	59.564493	0.0	3214764	534	2.85	12.702	3	307	29.5
1634611601.38	2850	59.953751	0.0	3431047	550	2.85	16.703	3	427	29.99250187453137
1634611605.76	2850	59.473587	0.0	3273134	585	2.85	20.703	3	547	30
1634611609.62	2850	59.48575	0.0	3428089	534	2.85	24.739	3	668	29.98017839444994
1634611613.46	2850	59.82059	0.0	3228836	530	2.85	28.739	4	788	29.75
1634611617.28	2850	59.828998	0.0	3299322	528	2.85	32.739	4	908	30.00000000000003
1634611621.58	2850	59.59071	0.0	3159196	523	2.85	36.74	4	1028	29.99250187453133
1634611625.39	2850	59.927851	0.0	3333132	529	2.85	40.74	4	1148	30
1634611629.21	2850	59.944352	0.0	3321798	505	2.85	44.742	4	1268	29.98500749625191
1634611633.66	2850	59.466667	0.0	3268850	582	2.85	48.741	4	1388	30.00750187546885
1634611637.47	2850	59.76406	0.0	3251724	558	2.85	52.741	4	1508	30
1634611641.31	2850	59.812433	0.0	3363576	574	2.85	56.741	4	1628	30
1634611645.27	2850	59.833872	0.0	3383685	663	2.85	60.743	4	1748	29.985007496251857
1634611649.54	2850	59.600774	0.0	3106343	527	2.85	64.743	4	1868	30.000000000000053
1634611653.44	2850	59.654149	0.0	3361747	594	2.85	68.743	4	1988	30
1634611657.36	2850	59.957039	0.0	3257046	641	2.85	72.743	4	2108	30
1634611661.29	2850	59.976095	0.0	3504697	602	2.85	76.743	4	2228	30
1634611665.12	2850	59.996969	0.0	3390454	548	2.85	80.743	4	2348	30
1634611669.51	2850	59.7212	0.0	3290568	614	2.85	84.757	4	2468	29.8953662182361
1634611673.51	2850	59.734632	0.0	3468173	710	2.85	88.758	4	2588	29.99250187453144
1634611677.49	2850	59.752824	0.0	3324690	626	2.85	92.757	5	2708	29.75743935983989
1634611681.36	2850	59.764274	0.0	3246603	600	2.85	96.758	5	2828	29.99250187453144
1634611685.35	2850	59.783044	0.0	3249767	661	2.85	100.759	6	2948	29.742564358910236
1634611689.73	2850	59.514471	0.0	3503469	580	2.85	104.76	6	3068	29.99250187453133
1634611693.52	2850	59.808001	0.0	3066575	505	2.85	108.76	6	3188	30
1634611697.33	2850	59.848713	0.0	3194789	529	2.85	112.76	6	3308	30
1634611701.68	2850	59.58294	0.0	3474872	540	2.85	116.76	6	3428	30
1634611705.44	2850	59.63424	0.0	3477756	523	2.85	120.76	7	3548	29.75
