1634616557.32	750	4	0.214	632582	108	-0.9151999999999999	0	0	0	0
1634616557.58	750	8	0.0	701538	112	0.75	0	0	0	0
1634616557.8	750	12	0.0	652167	113	0.75	0	0	0	0
1634616558.07	750	16	0.0	676228	117	0.75	0	0	0	0
1634616558.28	750	20	0.0	687537	112	0.75	0	0	0	0
1634616558.5	750	24	0.0	663003	111	0.75	0	0	0	0
1634616558.72	750	28	0.0	694755	111	0.75	0	0	0	0
1634616558.95	750	32	0.0	669189	113	0.75	0	0	0	0
1634616559.18	750	36	0.0	662375	99	0.75	0	0	0	0
1634616559.43	750	39.750784	0.0	675276	116	0.75	0	0	0	0
1634616559.68	750	43.508501	0.0	697146	117	0.75	0	0	0	0
1634616559.92	750	47.266667	0.0	655809	95	0.75	0	0	0	0
1634616560.15	750	51.023867	0.0	739625	116	0.75	0	0	0	0
1634616560.38	750	54.822528	0.0	635863	97	0.75	0	0	0	0
1634616560.66	750	58.540225	0.0	677487	115	0.75	5.562	0	80	0
1634616563.45	750	59.993091	0.0	670471	103	0.75	5.562	0	80	0
1634616567.75	750	59.524274	0.0	657723	99	0.75	9.561	0	320	60.01500375093774
1634616571.52	750	59.831245	0.0	687669	109	0.75	13.566	0	560	59.92509363295879
1634616575.81	750	59.572998	0.0	689081	122	0.75	17.565	0	800	60.01500375093772
1634616579.61	750	59.585698	0.0	671979	122	0.75	21.565	0	1040	60
1634616583.42	750	59.895436	0.0	686526	122	0.75	25.566	0	1280	59.98500374906277
1634616587.68	750	59.629599	0.0	658511	107	0.75	29.566	0	1520	60
1634616591.47	750	59.95	0.0	689315	142	0.75	33.566	0	1760	59.99999999999995
1634616595.63	750	59.687463	0.0	653179	7	0.75	37.567	0	2000	59.98500374906277
1634616599.94	750	59.436122	0.0	665560	118	0.75	41.567	0	2240	60
1634616603.76	750	59.739032	0.0	686735	107	0.75	45.574	0	2481	60.14474669328678
1634616607.56	750	59.717879	0.0	691385	113	0.75	49.568	0	2720	59.839759639459196
1634616611.81	750	59.45161	0.0	674179	117	0.75	53.568	0	2960	60
1634616615.63	750	59.762576	0.0	659438	128	0.75	57.568	0	3200	60
1634616619.43	750	59.779559	0.0	683313	124	0.75	61.568	0	3440	60
1634616623.71	750	59.603978	0.0	663183	123	0.75	65.568	0	3680	60
1634616627.55	750	59.918843	0.0	665407	100	0.75	69.568	0	3920	60
1634616631.32	750	59.94354	0.0	656035	102	0.75	73.569	0	4160	59.98500374906266
1634616635.63	750	59.683334	0.0	695274	115	0.75	77.569	0	4400	60
1634616639.43	750	59.994003	0.0	661157	114	0.75	81.569	0	4640	60
1634616643.71	750	59.730014	0.0	693898	113	0.75	85.569	0	4880	60
1634616647.54	750	59.744776	0.0	676065	112	0.75	89.57	0	5121	60.23494126468397
1634616651.79	750	59.488706	0.0	670173	113	0.75	93.57	0	5360	59.75
1634616655.57	750	59.797654	0.0	642464	113	0.75	97.57	0	5601	60.25
1634616659.86	750	59.530669	0.0	668436	82	0.75	101.57	0	5841	60
1634616663.66	750	59.55	0.0	702191	114	0.75	105.571	0	6081	59.98500374906266
1634616667.46	750	59.864126	0.0	661963	129	0.75	109.572	0	6321	59.98500374906266
1634616671.72	750	59.597304	0.0	662155	106	0.75	113.573	0	6561	59.98500374906288
1634616675.5	750	59.904059	0.0	687392	84	0.75	117.574	0	6801	59.98500374906266
1634616679.29	750	59.933334	0.0	697493	108	0.75	121.574	0	7041	60
