1634608301.89	750	4	0.965	4663471	733	-4.1445	0	0	0	0
1634608303.05	2850	8	0.0	4787686	761	0.75	0	0	0	0
1634608304.12	2850	11.6	0.0	4911120	779	2.85	0	0	0	0
1634608305.23	2850	14.45	0.0	4836291	788	2.85	5.352	13	46	0
1634608306.36	2850	17.383334	0.0	5126607	773	2.85	5.352	13	46	0
1634608307.41	2850	20.3	0.0	4874070	765	2.85	5.352	13	46	0
1634608308.5	2850	23.216667	0.0	5038633	782	2.85	9.353	49	286	50.987253186703335
1634608309.57	2850	26.15	0.0	4938910	762	2.85	9.353	49	286	50.987253186703335
1634608310.71	2850	29.066667	0.0	4974075	750	2.85	9.353	49	286	50.987253186703335
1634608311.76	2850	31.95	0.0	5018837	776	2.85	9.353	49	286	50.987253186703335
1634608312.98	2850	34.766667	0.0	5500834	882	2.85	13.353	104	526	46.25
1634608314.09	2850	37.666667	0.0	4811084	764	2.85	13.353	104	526	46.25
1634608315.41	2850	40.433334	0.0	5675063	895	2.85	13.353	104	526	46.25
1634608316.48	2850	43.266667	0.0	4593022	728	2.85	17.352	172	763	42.26056514128531
