1634628964.8	750	4	0.682	3074737	515	-2.9276	0	0	0	0
1634628965.55	1850	7.95	0.0	3160992	510	0.75	0	0	0	0
1634628966.36	1850	11.166667	0.0	3235310	574	1.85	0	0	0	0
1634628967.12	1850	14.383334	0.0	3213562	521	1.85	0	0	0	0
1634628967.86	1850	17.633334	0.0	3305813	524	1.85	4.624	12	134	0
1634628968.6	1850	20.916667	0.0	3195623	512	1.85	4.624	12	134	0
1634628969.38	1850	24.15	0.0	3306050	532	1.85	4.624	12	134	0
1634628970.2	1850	27.3	0.0	3145358	608	1.85	4.624	12	134	0
1634628970.97	1850	30.566667	0.0	3239444	516	1.85	4.624	12	134	0
1634628971.76	1850	33.766667	0.0	3183282	544	1.85	8.625	45	373	51.48712821794551
1634628972.58	1850	36.933334	0.0	3355795	565	1.85	8.625	45	373	51.48712821794551
1634628973.36	1850	40.166667	0.0	3134957	527	1.85	8.625	45	373	51.48712821794551
1634628974.24	1850	43.3	0.0	3565391	616	1.85	8.625	45	373	51.48712821794551
1634628975.14	1850	46.533334	0.0	2977189	495	1.85	8.625	45	373	51.48712821794551
1634628975.93	1850	49.583334	0.0	3347917	547	1.85	12.627	93	614	48.225887056471755
1634628976.69	1850	52.816667	0.0	3231663	526	1.85	12.627	93	614	48.225887056471755
1634628977.46	1850	56.05	0.0	3077749	541	1.85	12.627	93	614	48.225887056471755
1634628978.22	1850	59.3	0.0	3395248	541	1.85	12.627	93	614	48.225887056471755
1634628982.04	1850	59.496436	0.0	3300898	566	1.85	16.634	121	854	52.907412028949345
1634628985.9	1850	59.804682	0.0	3229020	571	1.85	20.633	141	1094	55.01375343835961
1634628989.78	1850	59.826863	0.0	3459954	534	1.85	24.634	167	1334	53.48662834291426
1634628994.06	1850	59.608329	0.0	3170038	481	1.85	28.633	171	1574	59.014753688422125
1634628997.9	1850	59.628816	0.0	3293455	555	1.85	32.634	173	1814	59.48512871782053
1634629001.75	1850	59.890667	0.0	3114298	527	1.85	36.635	196	2054	54.23644088977759
1634629006.02	1850	59.633334	0.0	3242905	1486	1.85	40.634	198	2294	59.514878719679885
1634629009.86	1850	59.64254	0.0	3471163	533	1.85	44.636	204	2534	58.47076461769112
1634629013.68	1850	59.908585	0.0	3435610	546	1.85	48.635	208	2774	59.014753688422175
1634629018.01	1850	59.65	0.0	3219962	525	1.85	52.636	212	3014	58.98525368657828
1634629021.77	1850	59.960413	0.0	3210875	515	1.85	56.636	214	3254	59.5
1634629025.66	1850	59.944282	0.0	3463194	551	1.85	60.636	242	3494	53
1634629029.96	1850	59.683645	0.0	3109497	501	1.85	64.637	246	3734	58.98525368657839
1634629033.75	1850	59.736733	0.0	3080559	486	1.85	68.636	250	3974	59.014753688422175
1634629038.0	1850	59.473146	0.0	3091453	504	1.85	72.637	254	4215	59.23519120219938
1634629041.86	1850	59.822188	0.0	3357725	530	1.85	76.637	260	4455	58.5
1634629045.74	1850	59.843787	0.0	3210261	525	1.85	80.643	273	4695	56.66500249625561
1634629049.59	1850	59.90058	0.0	3209878	525	1.85	84.637	298	4935	53.83074611917877
1634629053.88	1850	59.642302	0.0	3173733	507	1.85	88.639	304	5175	58.47076461769122
1634629057.68	1850	59.947045	0.0	3198667	511	1.85	92.64	310	5415	58.4853786553361
1634629061.54	1850	59.95739	0.0	3149583	576	1.85	96.639	313	5655	59.26481620405109
1634629065.9	1850	59.692191	0.0	3234318	524	1.85	100.64	335	5895	54.48637840539858
1634629069.77	1850	59.760917	0.0	3447749	558	1.85	104.64	344	6135	57.75
1634629074.05	1850	59.505353	0.0	3160804	502	1.85	108.64	351	6375	58.25
1634629077.82	1850	59.771746	0.0	3083737	518	1.85	112.648	356	6615	58.63273453093819
1634629082.11	1850	59.541838	0.0	3324674	534	1.85	116.649	358	6855	59.48512871782047
1634629085.96	1850	59.55925	0.0	3341849	581	1.85	120.651	364	7095	58.47076461769122
