1634609670.98	750	4	0.412	1685249	300	-1.7666	0	0	0	0
1634609671.43	1200	8	0.0	1781540	283	0.75	0	0	0	0
1634609671.87	1200	11.752005	0.0	1722737	305	1.2	0	0	0	0
1634609672.32	1200	15.316667	0.0	1740707	285	1.2	0	0	0	0
1634609672.78	1200	18.863125	0.0	1752806	300	1.2	0	0	0	0
1634609673.26	1200	22.4	0.0	1706225	288	1.2	0	0	0	0
1634609673.73	1200	25.893433	0.0	1829999	324	1.2	0	0	0	0
1634609674.19	1200	29.448809	0.0	1721616	291	1.2	0	0	0	0
1634609674.73	1200	33.000571	0.0	1715269	294	1.2	4.69	3	158	0
1634609675.16	1200	36.476149	0.0	1769586	283	1.2	4.69	3	158	0
1634609675.64	1200	40.031728	0.0	1849979	310	1.2	4.69	3	158	0
1634609676.11	1200	43.547365	0.0	1693292	284	1.2	4.69	3	158	0
1634609676.56	1200	47.066667	0.0	1905664	293	1.2	4.69	3	158	0
1634609676.95	1200	50.701004	0.0	1623155	255	1.2	4.69	3	158	0
1634609677.38	1200	54.257993	0.0	1754132	282	1.2	4.69	3	158	0
1634609677.85	1200	57.816667	0.0	1752304	272	1.2	4.69	3	158	0
1634609680.31	1200	59.503451	0.0	1690172	266	1.2	8.69	4	397	59.500000000000014
1634609683.87	1200	59.804496	0.0	1834922	287	1.2	12.691	7	638	59.48512871782053
1634609687.87	1200	59.824337	0.0	1776705	290	1.2	16.691	8	878	59.75000000000003
1634609691.9	1200	59.846714	0.0	1719504	273	1.2	20.694	10	1118	59.455408443667245
1634609695.96	1200	59.869902	0.0	1807724	329	1.2	24.694	12	1358	59.5
1634609700.02	1200	59.635933	0.0	1718882	277	1.2	28.695	13	1598	59.73506623344162
1634609704.09	1200	59.660987	0.0	1803226	302	1.2	32.694	15	1838	59.514878719679885
1634609708.09	1200	59.705773	0.0	1686003	290	1.2	36.694	15	2078	60
1634609712.08	1200	59.725751	0.0	1737120	232	1.2	40.695	16	2318	59.73506623344167
1634609716.1	1200	59.776674	0.0	1801713	257	1.2	44.695	17	2558	59.75
1634609720.16	1200	59.588666	0.0	1846078	283	1.2	48.695	20	2798	59.25
1634609724.24	1200	59.606942	0.0	1749409	329	1.2	52.696	22	3038	59.48512871782058
1634609727.76	1200	59.91308	0.0	1753415	269	1.2	56.696	23	3278	59.75
1634609731.79	1200	59.933334	0.0	1802826	281	1.2	60.698	25	3519	59.72013993003495
1634609735.8	1200	59.996955	0.0	1711828	267	1.2	64.698	26	3759	59.75000000000011
1634609740.3	1200	59.450932	0.0	1677116	272	1.2	68.699	27	3999	59.73506623344157
1634609744.32	1200	59.483484	0.0	1696497	242	1.2	72.7	27	4239	59.98500374906266
1634609747.88	1200	59.789899	0.0	1789902	255	1.2	76.7	28	4479	59.75
1634609751.83	1200	59.845467	0.0	1750744	281	1.2	80.7	28	4719	60
1634609755.84	1200	59.858591	0.0	1795743	295	1.2	84.7	29	4959	59.75
1634609759.84	1200	59.916667	0.0	1747384	279	1.2	88.701	29	5199	59.98500374906288
1634609763.85	1200	59.971689	0.0	1755372	284	1.2	92.701	29	5439	60
1634609767.84	1200	59.995517	0.0	1684976	251	1.2	96.702	30	5679	59.73506623344157
1634609772.34	1200	59.445526	0.0	1728132	260	1.2	100.702	30	5919	60
1634609775.86	1200	59.788616	0.0	1808301	286	1.2	104.703	31	6159	59.73506623344157
1634609779.9	1200	59.789536	0.0	1726475	290	1.2	108.703	32	6399	59.75
1634609783.85	1200	59.806267	0.0	1726086	272	1.2	112.703	32	6639	60
1634609787.84	1200	59.83014	0.0	1805658	290	1.2	116.703	33	6879	59.75
1634609791.85	1200	59.842398	0.0	1787150	283	1.2	120.704	34	7119	59.73506623344178
