1634613153.66	750	4	0.165	424762	82	-0.7045	0	0	0	0
1634613153.97	750	8	0.0	426330	82	0.75	0	0	0	0
1634613154.14	750	12	0.0	449994	77	0.75	0	0	0	0
1634613154.3	750	16	0.0	431398	23	0.75	0	0	0	0
1634613154.47	750	20	0.0	443117	75	0.75	0	0	0	0
1634613154.64	750	24	0.0	436277	71	0.75	0	0	0	0
1634613154.8	750	28	0.0	439594	71	0.75	0	0	0	0
1634613154.97	750	32	0.0	433964	74	0.75	0	0	0	0
1634613155.13	750	36	0.0	430713	64	0.75	0	0	0	0
1634613155.35	750	39.872259	0.0	440056	58	0.75	0	0	0	0
1634613155.54	750	43.670683	0.0	455141	77	0.75	0	0	0	0
1634613155.74	750	47.509645	0.0	426996	78	0.75	0	0	0	0
1634613155.95	750	51.266708	0.0	471493	73	0.75	0	0	0	0
1634613156.12	750	55.105116	0.0	400302	70	0.75	0	0	0	0
1634613156.3	750	58.903448	0.0	448474	70	0.75	0	0	0	0
1634613159.51	750	59.748605	0.0	445607	65	0.75	5.364	0	53	0
1634613163.74	750	59.512563	0.0	411626	71	0.75	9.364	0	173	29.999999999999993
1634613167.47	750	59.814543	0.0	430480	69	0.75	13.364	0	293	30
1634613171.73	750	59.53686	0.0	442297	61	0.75	17.365	0	413	29.992501874531385
1634613175.46	750	59.922546	0.0	447875	69	0.75	21.366	0	533	29.992501874531357
1634613179.68	750	59.644849	0.0	446481	74	0.75	25.38	0	654	30.144494270054814
1634613183.43	750	59.939867	0.0	434796	70	0.75	29.38	0	774	30
1634613187.7	750	59.663515	0.0	442748	77	0.75	33.38	0	894	29.999999999999975
1634613191.44	750	59.96011	0.0	418479	65	0.75	37.381	0	1014	29.992501874531385
1634613195.67	750	59.667697	0.0	439171	65	0.75	41.381	0	1134	30
1634613199.89	750	59.477169	0.0	449404	80	0.75	45.382	0	1254	29.992501874531385
1634613203.63	750	59.788694	0.0	422644	75	0.75	49.381	0	1374	30.00750187546885
1634613207.84	750	59.548075	0.0	443628	67	0.75	53.382	0	1494	29.992501874531385
1634613211.58	750	59.853376	0.0	431627	61	0.75	57.382	0	1614	30
1634613215.8	750	59.588631	0.0	456770	79	0.75	61.383	0	1734	29.99250187453133
1634613219.51	750	59.885398	0.0	425981	37	0.75	65.382	0	1854	30.00750187546885
1634613223.74	750	59.6	0.0	437493	75	0.75	69.383	0	1974	29.99250187453144
1634613227.45	750	59.920266	0.0	434822	51	0.75	73.401	0	2094	29.86560477849676
1634613231.69	750	59.645179	0.0	453909	73	0.75	77.401	0	2214	30
1634613235.44	750	59.974931	0.0	435539	75	0.75	81.401	0	2334	30
1634613239.69	750	59.696784	0.0	437746	70	0.75	85.401	0	2454	30
1634613243.95	750	59.471897	0.0	422693	46	0.75	89.402	0	2574	29.99250187453133
1634613247.64	750	59.753076	0.0	452093	70	0.75	93.402	0	2694	30
1634613251.84	750	59.515148	0.0	425677	55	0.75	97.402	0	2815	30.25
1634613255.54	750	59.84695	0.0	430316	84	0.75	101.402	0	2935	30
1634613259.76	750	59.601763	0.0	453394	78	0.75	105.403	0	3055	29.99250187453133
1634613263.49	750	59.894014	0.0	433396	62	0.75	109.41	0	3175	29.947591714499694
1634613267.72	750	59.664441	0.0	432118	59	0.75	113.409	0	3295	30.007501875468797
1634613271.47	750	59.959652	0.0	447207	68	0.75	117.41	0	3415	29.99250187453144
1634613275.65	750	59.687491	0.0	437559	67	0.75	121.41	0	3535	30
