1634607224.04	750	4	0.158	424762	92	-0.6744	0	0	0	0
1634607224.22	750	8	0.0	426330	70	0.75	0	0	0	0
1634607224.38	750	12	0.0	449994	74	0.75	0	0	0	0
1634607224.54	750	16	0.0	431398	69	0.75	0	0	0	0
1634607224.7	750	19.959216	0.0	443117	76	0.75	0	0	0	0
1634607224.86	750	23.797882	0.0	436277	75	0.75	0	0	0	0
1634607225.04	750	27.596497	0.0	439594	74	0.75	0	0	0	0
1634607225.24	750	31.394791	0.0	433964	68	0.75	0	0	0	0
1634607225.42	750	35.227867	0.0	430713	65	0.75	0	0	0	0
1634607225.63	750	39.025804	0.0	440056	83	0.75	0	0	0	0
1634607225.83	750	42.823303	0.0	455141	67	0.75	0	0	0	0
1634607226.01	750	46.661357	0.0	426996	68	0.75	0	0	0	0
1634607226.19	750	50.458701	0.0	471493	71	0.75	0	0	0	0
1634607226.41	750	54.255814	0.0	400302	39	0.75	0	0	0	0
1634607226.58	750	58.053741	0.0	448474	60	0.75	0	0	0	0
1634607229.3	750	59.493336	0.0	445607	71	0.75	4.593	0	85	0
1634607233.07	750	59.783085	0.0	411626	76	0.75	8.593	0	205	30
1634607237.33	750	59.515842	0.0	430480	65	0.75	12.594	0	325	29.99250187453137
1634607241.08	750	59.818236	0.0	442297	69	0.75	16.594	0	445	29.999999999999986
1634607244.8	750	59.867536	0.0	447875	97	0.75	20.594	0	565	30
1634607249.08	750	59.6	0.0	446481	65	0.75	24.595	0	685	29.992501874531385
1634607252.82	750	59.896532	0.0	434796	74	0.75	28.595	0	805	30
1634607257.08	750	59.618167	0.0	442748	76	0.75	32.598	0	925	29.977516862353234
1634607260.82	750	59.912168	0.0	418479	75	0.75	36.597	0	1045	30.00750187546885
1634607265.12	750	59.629691	0.0	439171	79	0.75	40.598	0	1165	29.992501874531385
1634607268.92	750	59.928718	0.0	449404	95	0.75	44.598	0	1285	30
1634607273.14	750	59.645734	0.0	422644	69	0.75	48.598	0	1405	30
1634607276.89	750	59.93806	0.0	443628	75	0.75	52.599	0	1525	29.992501874531385
1634607281.12	750	59.6742	0.0	431627	69	0.75	56.599	0	1645	30
1634607285.41	750	59.435592	0.0	456770	74	0.75	60.598	0	1765	30.00750187546885
1634607289.16	750	59.760059	0.0	425981	65	0.75	64.599	0	1885	29.99250187453133
1634607292.9	750	59.796329	0.0	437493	64	0.75	68.6	0	2005	29.99250187453144
1634607297.12	750	59.522866	0.0	434822	68	0.75	72.599	0	2126	30.257564391097702
1634607300.84	750	59.860603	0.0	453909	77	0.75	76.6	0	2246	29.99250187453144
1634607305.08	750	59.7053	0.0	435539	67	0.75	80.6	0	2366	30
1634607309.35	750	59.457088	0.0	437746	73	0.75	84.601	0	2486	29.99250187453133
1634607313.09	750	59.752149	0.0	422693	46	0.75	88.602	0	2606	29.99250187453133
1634607317.37	750	59.506827	0.0	452093	69	0.75	92.602	0	2726	30
1634607321.09	750	59.585533	0.0	425677	66	0.75	96.602	0	2846	30
1634607324.83	750	59.911567	0.0	430316	66	0.75	100.604	0	2966	29.98500749625191
1634607329.14	750	59.637227	0.0	453394	125	0.75	104.604	0	3086	30
1634607332.89	750	59.973424	0.0	433396	73	0.75	108.604	0	3206	30
1634607337.09	750	59.697803	0.0	432118	59	0.75	112.604	0	3326	30
1634607340.8	750	59.990137	0.0	447207	87	0.75	116.616	0	3446	29.910269192422728
1634607345.0	750	59.72898	0.0	437559	71	0.75	120.617	0	3566	29.99250187453133
