1634606991.51	750	4	0.185	424762	34	-0.7905	0	0	0	0
1634606991.75	750	8	0.0	426330	111	0.75	0	0	0	0
1634606991.91	750	12	0.0	449994	66	0.75	0	0	0	0
1634606992.08	750	16	0.0	431398	47	0.75	0	0	0	0
1634606992.23	750	20	0.0	443117	69	0.75	0	0	0	0
1634606992.39	750	24	0.0	436277	69	0.75	0	0	0	0
1634606992.56	750	28	0.0	439594	74	0.75	0	0	0	0
1634606992.74	750	32	0.0	433964	63	0.75	0	0	0	0
1634606992.93	750	36	0.0	430713	79	0.75	0	0	0	0
1634606993.12	750	39.912357	0.0	440056	57	0.75	0	0	0	0
1634606993.3	750	43.75123	0.0	455141	75	0.75	0	0	0	0
1634606993.47	750	47.54949	0.0	426996	66	0.75	0	0	0	0
1634606993.64	750	51.388524	0.0	471493	73	0.75	0	0	0	0
1634606993.8	750	55.227385	0.0	400302	67	0.75	0	0	0	0
1634606993.98	750	59.065609	0.0	448474	66	0.75	0	0	0	0
1634606997.68	750	59.507889	0.0	445607	72	0.75	5.257	0	52	0
1634607001.42	750	59.839905	0.0	411626	42	0.75	9.258	0	172	29.99250187453137
1634607005.67	750	59.589949	0.0	430480	79	0.75	13.259	0	292	29.992501874531357
1634607009.42	750	59.88618	0.0	442297	68	0.75	17.26	0	412	29.992501874531357
1634607013.13	750	59.89715	0.0	447875	74	0.75	21.26	0	532	30
1634607017.38	750	59.643074	0.0	446481	61	0.75	25.259	0	652	30.007501875468876
1634607021.1	750	59.954075	0.0	434796	80	0.75	29.26	0	772	29.992501874531357
1634607025.78	750	59.435714	0.0	442748	72	0.75	33.261	0	892	29.992501874531357
1634607029.49	750	59.724892	0.0	418479	77	0.75	37.261	0	1012	30
1634607033.7	750	59.52638	0.0	439171	72	0.75	41.261	0	1132	30
1634607037.44	750	59.828226	0.0	449404	71	0.75	45.261	0	1252	30
1634607041.14	750	59.886023	0.0	422644	68	0.75	49.262	0	1372	29.992501874531385
1634607045.36	750	59.933334	0.0	443628	71	0.75	53.262	0	1492	30
1634607049.59	750	59.659565	0.0	431627	66	0.75	57.263	0	1612	29.992501874531385
1634607053.36	750	59.686555	0.0	456770	75	0.75	61.263	0	1732	30
1634607057.09	750	59.98405	0.0	425981	61	0.75	65.267	0	1852	29.970029970029987
1634607061.4	750	59.786972	0.0	437493	67	0.75	69.268	0	1972	29.99250187453133
1634607065.65	750	59.521231	0.0	434822	69	0.75	73.268	0	2092	30
1634607069.4	750	59.845804	0.0	453909	75	0.75	77.268	0	2212	30
1634607073.62	750	59.574994	0.0	435539	70	0.75	81.268	0	2332	30
1634607077.38	750	59.946959	0.0	437746	39	0.75	85.269	0	2452	29.99250187453133
1634607081.11	750	59.946195	0.0	422693	74	0.75	89.269	0	2572	30
1634607085.33	750	59.958547	0.0	452093	71	0.75	93.269	0	2692	30
1634607089.1	750	59.967048	0.0	425677	82	0.75	97.269	0	2812	30
1634607093.33	750	59.980276	0.0	430316	90	0.75	101.275	0	2932	29.955067398901647
1634607097.57	750	59.718993	0.0	453394	83	0.75	105.275	0	3052	30
1634607101.28	750	59.803431	0.0	433396	75	0.75	109.277	0	3172	29.98500749625191
1634607105.52	750	59.533334	0.0	432118	81	0.75	113.275	0	3292	30.015007503751843
1634607109.22	750	59.828131	0.0	447207	72	0.75	117.276	0	3412	29.99250187453144
1634607113.45	750	59.844194	0.0	437559	67	0.75	121.277	0	3532	29.99250187453133
