1634610377.2	750	4	0.197	632582	109	-0.8421	0	0	0	0
1634610377.5	750	8	0.0	701538	111	0.75	0	0	0	0
1634610377.71	750	12	0.0	652167	106	0.75	0	0	0	0
1634610377.96	750	15.798244	0.0	676228	126	0.75	0	0	0	0
1634610378.15	750	19.635923	0.0	687537	99	0.75	0	0	0	0
1634610378.39	750	23.394085	0.0	663003	116	0.75	0	0	0	0
1634610378.63	750	27.151457	0.0	694755	112	0.75	0	0	0	0
1634610378.88	750	30.909253	0.0	669189	102	0.75	0	0	0	0
1634610379.14	750	34.667043	0.0	662375	104	0.75	0	0	0	0
1634610379.39	750	38.38363	0.0	675276	108	0.75	0	0	0	0
1634610379.65	750	42.140654	0.0	697146	107	0.75	0	0	0	0
1634610379.93	750	45.858286	0.0	655809	131	0.75	0	0	0	0
1634610380.27	750	49.535523	0.0	739625	146	0.75	0	0	0	0
1634610380.52	750	53.251889	0.0	635863	103	0.75	0	0	0	0
1634610380.77	750	57.009721	0.0	677487	114	0.75	4.567	0	169	0
1634610382.01	750	59.798407	0.0	670471	96	0.75	4.567	0	169	0
1634610386.29	750	59.52939	0.0	657723	94	0.75	8.567	0	409	60
1634610390.11	750	59.825455	0.0	687669	103	0.75	12.567	0	649	60
1634610394.38	750	59.557477	0.0	689081	104	0.75	16.567	0	889	60
1634610398.2	750	59.612249	0.0	671979	79	0.75	20.567	0	1129	60
1634610402.01	750	59.908515	0.0	686526	104	0.75	24.567	0	1370	60.25
1634610406.29	750	59.637079	0.0	658511	97	0.75	28.568	0	1609	59.73506623344162
1634610410.09	750	59.942908	0.0	689315	128	0.75	32.568	0	1849	60.00000000000006
1634610413.94	750	59.956634	0.0	653179	11	0.75	36.568	0	2090	60.25
1634610418.22	750	59.724007	0.0	665560	111	0.75	40.57	0	2330	59.970014992503714
1634610422.02	750	59.850507	0.0	686735	85	0.75	44.57	0	2570	60
1634610426.29	750	59.579209	0.0	691385	119	0.75	48.57	0	2810	60
1634610430.13	750	59.887824	0.0	674179	118	0.75	52.57	0	3050	60
1634610433.9	750	59.902541	0.0	659438	117	0.75	56.571	0	3290	59.98500374906277
1634610438.18	750	59.639607	0.0	683313	111	0.75	60.57	0	3530	60.0150037509377
1634610441.97	750	59.978738	0.0	663183	100	0.75	64.572	0	3770	59.970014992503714
1634610446.21	750	59.706249	0.0	665407	99	0.75	68.572	0	4010	60
1634610450.47	750	59.44009	0.0	656035	99	0.75	72.572	0	4250	60
1634610454.24	750	59.746592	0.0	695274	106	0.75	76.585	0	4491	60.054821829055705
1634610458.01	750	59.788163	0.0	661157	107	0.75	80.586	0	4731	59.98500374906266
1634610462.32	750	59.551821	0.0	693898	113	0.75	84.587	0	4971	59.98500374906266
1634610466.11	750	59.857204	0.0	676065	100	0.75	88.586	0	5211	60.01500375093781
1634610469.92	750	59.880462	0.0	670173	106	0.75	92.587	0	5451	59.98500374906266
1634610474.17	750	59.659618	0.0	642464	103	0.75	96.587	0	5691	60
1634610477.93	750	59.960836	0.0	668436	92	0.75	100.588	0	5931	59.98500374906288
1634610482.23	750	59.745719	0.0	702191	149	0.75	104.588	0	6171	60
1634610486.5	750	59.485431	0.0	661963	88	0.75	108.589	0	6411	59.98500374906266
1634610490.26	750	59.796223	0.0	662155	99	0.75	112.589	0	6651	60
1634610494.0	750	59.812119	0.0	687392	100	0.75	116.589	0	6891	60
1634610498.3	750	59.55	0.0	697493	114	0.75	120.59	0	7131	59.98500374906266
