1634619168.7	750	4	0.471	1913263	297	-2.0203	0	0	0	0
1634619169.22	1850	8	0.0	2089029	359	0.75	0	0	0	0
1634619169.75	1850	12	0.0	2096691	373	1.85	0	0	0	0
1634619170.35	1850	15.833334	0.0	2102150	392	1.85	0	0	0	0
1634619170.94	1850	19.228334	0.0	2202821	435	1.85	0	0	0	0
1634619171.45	1850	22.743733	0.0	2122248	334	1.85	0	0	0	0
1634619171.99	1850	26.178334	0.0	2085229	376	1.85	5.229	0	47	0
1634619172.72	1850	29.490533	0.0	2110319	434	1.85	5.229	0	47	0
1634619173.33	1850	32.84469	0.0	2159897	429	1.85	5.229	0	47	0
1634619173.96	1850	36.22872	0.0	2169645	425	1.85	5.229	0	47	0
1634619174.46	1850	39.740164	0.0	2138606	334	1.85	5.229	0	47	0
1634619174.97	1850	43.216077	0.0	2043307	327	1.85	5.229	0	47	0
1634619175.54	1850	46.650245	0.0	2327436	364	1.85	5.229	0	47	0
1634619176.07	1850	50.124442	0.0	1904210	333	1.85	9.228	0	167	30.00750187546887
1634619176.6	1850	53.560558	0.0	2144078	357	1.85	9.228	0	167	30.00750187546887
1634619177.1	1850	57.075433	0.0	2096332	345	1.85	9.228	0	167	30.00750187546887
1634619178.65	1850	59.573433	0.0	1978857	314	1.85	9.228	0	167	30.00750187546887
1634619182.76	1850	59.602373	0.0	2103885	364	1.85	13.239	0	287	29.91772625280478
1634619186.29	1850	59.920267	0.0	2123697	325	1.85	17.239	0	407	30
1634619190.38	1850	59.939263	0.0	2101249	312	1.85	21.239	0	527	30
1634619194.45	1850	59.967793	0.0	2221891	344	1.85	25.239	0	647	30
1634619198.48	1850	59.723932	0.0	2069811	328	1.85	29.24	0	767	29.992501874531385
1634619202.49	1850	59.772225	0.0	2168537	333	1.85	33.24	0	887	29.999999999999975
1634619206.55	1850	59.855534	0.0	2104614	329	1.85	37.239	0	1007	30.007501875468904
1634619210.61	1850	59.589076	0.0	2073522	336	1.85	41.245	0	1127	29.955067398901647
1634619214.71	1850	59.619367	0.0	2173759	353	1.85	45.263	0	1248	30.114484818317568
1634619218.27	1850	59.97982	0.0	2112825	317	1.85	49.246	0	1367	29.876977152899794
1634619222.88	1850	59.433553	0.0	2152172	353	1.85	53.246	0	1487	30
1634619226.38	1850	59.78377	0.0	2125345	310	1.85	57.247	0	1607	29.992501874531385
1634619230.39	1850	59.830823	0.0	2144544	357	1.85	61.248	0	1727	29.992501874531385
1634619234.48	1850	59.889697	0.0	2005686	333	1.85	65.249	0	1847	29.992501874531385
1634619238.51	1850	59.916449	0.0	2107587	332	1.85	69.248	0	1967	30.007501875468797
1634619242.54	1850	59.657174	0.0	2129753	320	1.85	73.249	0	2087	29.99250187453144
1634619246.66	1850	59.676183	0.0	2230435	367	1.85	77.253	0	2207	29.970029970029934
1634619250.3	1850	59.977992	0.0	2145105	332	1.85	81.251	0	2327	30.015007503751843
1634619254.88	1850	59.436163	0.0	2084291	337	1.85	85.25	0	2447	30.007501875468904
1634619258.9	1850	59.462463	0.0	2076226	333	1.85	89.25	0	2567	30
1634619262.42	1850	59.779561	0.0	2125976	298	1.85	93.25	0	2687	30
1634619266.43	1850	59.803533	0.0	1990834	309	1.85	97.25	0	2807	30
1634619270.42	1850	59.84771	0.0	2100565	323	1.85	101.251	0	2927	29.99250187453133
1634619274.47	1850	59.911087	0.0	2267754	357	1.85	105.252	0	3047	29.99250187453144
1634619278.53	1850	59.933334	0.0	2012700	317	1.85	109.258	0	3167	29.955067398901647
1634619282.61	1850	59.668926	0.0	2099151	395	1.85	113.252	0	3287	30.045067601402106
1634619286.71	1850	59.716362	0.0	2201867	360	1.85	117.252	0	3407	30
