1634611082.51	750	4	0.151	450171	67	-0.6443	0	0	0	0
1634611082.77	300	8	0.0	479340	100	-0.15000000000000002	0	0	0	0
1634611082.97	300	12	0.0	482464	92	0.3	0	0	0	0
1634611083.16	300	15.873572	0.0	473027	59	0.3	0	0	0	0
1634611083.33	300	19.711492	0.0	482174	78	0.3	0	0	0	0
1634611083.52	300	23.509699	0.0	467405	70	0.3	0	0	0	0
1634611083.71	300	27.307668	0.0	481853	74	0.3	0	0	0	0
1634611083.92	300	31.146635	0.0	476808	84	0.3	0	0	0	0
1634611084.1	300	34.945518	0.0	475686	76	0.3	0	0	0	0
1634611084.33	300	38.743795	0.0	478640	82	0.3	0	0	0	0
1634611084.53	300	42.501726	0.0	489636	78	0.3	0	0	0	0
1634611084.72	300	46.340136	0.0	459485	78	0.3	0	0	0	0
1634611084.95	300	50.097958	0.0	510706	90	0.3	0	0	0	0
1634611085.21	300	53.894046	0.0	453259	62	0.3	0	0	0	0
1634611085.4	300	57.651951	0.0	480339	66	0.3	0	0	0	0
1634611087.61	300	59.460552	0.0	470888	71	0.3	4.606	0	181	0
1634611091.34	300	59.762687	0.0	467296	69	0.3	8.606	0	421	60
1634611095.61	300	59.483334	0.0	476280	81	0.3	12.606	0	661	60
1634611099.32	300	59.823749	0.0	482436	74	0.3	16.607	0	901	59.98500374906274
1634611103.54	300	59.557513	0.0	460532	75	0.3	20.617	0	1142	60.09975062344137
1634611107.29	300	59.851835	0.0	476583	83	0.3	24.618	0	1382	59.98500374906277
1634611111.58	300	59.580063	0.0	465070	95	0.3	28.618	0	1622	60
1634611115.33	300	59.915212	0.0	482219	84	0.3	32.618	0	1862	59.99999999999995
1634611119.58	300	59.647968	0.0	461632	35	0.3	36.618	0	2102	60
1634611123.31	300	59.942197	0.0	462277	35	0.3	40.619	0	2342	59.98500374906277
1634611127.55	300	59.691821	0.0	490432	84	0.3	44.619	0	2582	60
1634611131.32	300	59.994915	0.0	489711	82	0.3	48.619	0	2822	60
1634611135.54	300	59.707492	0.0	467054	70	0.3	52.619	0	3062	60
1634611139.77	300	59.43794	0.0	476238	74	0.3	56.619	0	3302	60
1634611143.5	300	59.785579	0.0	474119	62	0.3	60.62	0	3542	59.98500374906277
1634611147.72	300	59.516757	0.0	476910	81	0.3	64.62	0	3782	59.99999999999989
1634611151.48	300	59.816667	0.0	490660	68	0.3	68.62	0	4022	60
1634611155.21	300	59.872169	0.0	470742	80	0.3	72.621	0	4262	59.98500374906288
1634611159.48	300	59.606464	0.0	497446	96	0.3	76.621	0	4502	60
1634611163.22	300	59.9063	0.0	456821	75	0.3	80.622	0	4742	59.98500374906266
1634611167.47	300	59.623131	0.0	484228	87	0.3	84.622	0	4982	60
1634611171.21	300	59.961237	0.0	471941	77	0.3	88.623	0	5222	59.98500374906266
1634611175.45	300	59.730347	0.0	464051	79	0.3	92.622	0	5462	60.01500375093781
1634611179.71	300	59.494209	0.0	471791	48	0.3	96.623	0	5702	59.98500374906266
1634611183.43	300	59.790721	0.0	478859	83	0.3	100.622	0	5942	60.01500375093781
1634611187.7	300	59.523199	0.0	488451	71	0.3	104.623	0	6182	59.98500374906266
1634611191.45	300	59.820316	0.0	444887	61	0.3	108.658	0	6424	59.97521685254032
1634611195.25	300	59.84152	0.0	452873	84	0.3	112.658	0	6664	60
1634611199.51	300	59.566667	0.0	492347	84	0.3	116.658	0	6904	60
1634611203.2	300	59.868708	0.0	496200	71	0.3	120.659	0	7144	59.98500374906266
