1634612683.08	750	4	0.506	1027433	97	-2.1708	0	0	0	0
1634612683.4	1200	8	0.0	1033094	163	0.75	0	0	0	0
1634612683.69	1200	12	0.0	1112859	169	1.2	0	0	0	0
1634612683.98	1200	16	0.0	1072091	146	1.2	0	0	0	0
1634612684.29	1200	20	0.0	1097552	202	1.2	0	0	0	0
1634612684.6	1200	24	0.0	1089913	173	1.2	0	0	0	0
1634612684.95	1200	28	0.0	1088005	185	1.2	0	0	0	0
1634612685.24	1200	32	0.0	1080926	172	1.2	0	0	0	0
1634612685.53	1200	35.749231	0.0	1075186	176	1.2	0	0	0	0
1634612685.88	1200	39.386014	0.0	1100003	223	1.2	5.263	0	11	0
1634612686.2	1200	43.06334	0.0	1089392	176	1.2	5.263	0	11	0
1634612686.47	1200	46.781019	0.0	1048032	165	1.2	5.263	0	11	0
1634612686.76	1200	50.498487	0.0	1147785	182	1.2	5.263	0	11	0
1634612687.05	1200	54.21487	0.0	1002936	161	1.2	5.263	0	11	0
1634612687.35	1200	57.932345	0.0	1102694	168	1.2	5.263	0	11	0
1634612689.71	1200	59.786578	0.0	1084569	170	1.2	9.263	0	131	30
1634612693.61	1200	59.79777	0.0	1055419	185	1.2	9.263	0	131	30
1634612697.47	1200	59.851768	0.0	1063815	145	1.2	13.317	0	252	29.847064627528365
1634612701.88	1200	59.567968	0.0	1133223	180	1.2	21.344	0	493	30.06211180124222
1634612705.77	1200	59.608018	0.0	1073029	140	1.2	25.342	0	613	30.015007503751896
1634612709.65	1200	59.900089	0.0	1083265	169	1.2	25.342	0	613	30.015007503751896
1634612713.54	1200	59.908736	0.0	1075789	135	1.2	29.368	0	734	30.05464480874317
1634612717.41	1200	59.921863	0.0	1076090	175	1.2	33.369	0	854	29.992501874531357
1634612721.72	1200	59.637976	0.0	1020386	155	1.2	37.369	0	974	30
1634612725.64	1200	59.939267	0.0	1065194	159	1.2	41.446	0	1096	29.92396369879815
1634612729.57	1200	59.945922	0.0	1124023	225	1.2	45.447	0	1216	29.99250187453133
1634612733.49	1200	59.995105	0.0	1128063	187	1.2	49.447	0	1336	30
1634612737.93	1200	59.442023	0.0	1090975	207	1.2	57.48	0	1577	29.99504214179475
1634612741.88	1200	59.460848	0.0	1102350	198	1.2	57.48	0	1577	29.99504214179475
1634612745.7	1200	59.773599	0.0	1105578	170	1.2	61.578	0	1700	30.01464128843334
1634612749.55	1200	59.793093	0.0	1020290	170	1.2	65.579	0	1820	29.99250187453144
1634612753.95	1200	59.524122	0.0	1053290	156	1.2	69.579	0	1940	30
1634612757.82	1200	59.535392	0.0	1095971	141	1.2	73.699	0	2064	30.097087378640744
1634612761.73	1200	59.57452	0.0	1092760	174	1.2	77.699	0	2184	30
1634612765.7	1200	59.622043	0.0	1082760	165	1.2	81.699	0	2304	30
1634612769.54	1200	59.921537	0.0	1075795	167	1.2	85.7	0	2424	29.99250187453133
1634612773.42	1200	59.977288	0.0	1052643	174	1.2	89.7	0	2544	30
1634612777.74	1200	59.737718	0.0	1136208	184	1.2	93.7	0	2664	30
1634612781.59	1200	59.782648	0.0	1026937	167	1.2	97.7	0	2784	30
1634612785.92	1200	59.510132	0.0	1090516	163	1.2	101.7	0	2904	30
1634612789.76	1200	59.566667	0.0	1126916	165	1.2	105.702	0	3024	29.98500749625191
1634612793.56	1200	59.85832	0.0	1032576	156	1.2	109.702	0	3144	30
1634612797.42	1200	59.866667	0.0	1059276	138	1.2	113.702	0	3264	30
1634612801.74	1200	59.580969	0.0	1142916	176	1.2	117.702	0	3384	30
1634612805.62	1200	59.888183	0.0	1105832	198	1.2	121.703	0	3504	29.99250187453133
