1634630622.06	750	4	0.194	450171	86	-0.8291999999999999	0	0	0	0
1634630622.26	300	8	0.0	479340	90	-0.15000000000000002	0	0	0	0
1634630622.45	300	12	0.0	482464	87	0.3	0	0	0	0
1634630622.71	300	16	0.0	473027	103	0.3	0	0	0	0
1634630622.89	300	20	0.0	482174	74	0.3	0	0	0	0
1634630623.06	300	24	0.0	467405	81	0.3	0	0	0	0
1634630623.25	300	28	0.0	481853	75	0.3	0	0	0	0
1634630623.45	300	32	0.0	476808	84	0.3	0	0	0	0
1634630623.63	300	36	0.0	475686	82	0.3	0	0	0	0
1634630623.82	300	40	0.0	478640	76	0.3	0	0	0	0
1634630624.04	300	44	0.0	489636	88	0.3	0	0	0	0
1634630624.24	300	47.835653	0.0	459485	80	0.3	0	0	0	0
1634630624.49	300	51.633334	0.0	510706	84	0.3	0	0	0	0
1634630624.66	300	55.386488	0.0	453259	77	0.3	0	0	0	0
1634630624.84	300	59.224782	0.0	480339	73	0.3	0	0	0	0
1634630628.62	300	59.461758	0.0	470888	86	0.3	5.397	0	74	0
1634630632.41	300	59.809627	0.0	467296	78	0.3	9.397	0	314	60
1634630636.66	300	59.588832	0.0	476280	79	0.3	13.396	0	554	60.01500375093772
1634630640.4	300	59.896874	0.0	482436	84	0.3	17.397	0	794	59.98500374906277
1634630644.17	300	59.923737	0.0	460532	78	0.3	21.398	0	1034	59.98500374906271
1634630648.42	300	59.66699	0.0	476583	78	0.3	25.404	0	1275	60.159760359460805
1634630652.13	300	59.986273	0.0	465070	77	0.3	29.404	0	1515	60
1634630656.38	300	59.731117	0.0	482219	89	0.3	33.405	0	1755	59.98500374906271
1634630660.66	300	59.467113	0.0	461632	80	0.3	37.405	0	1995	60
1634630664.41	300	59.773292	0.0	462277	81	0.3	41.405	0	2235	60
1634630668.68	300	59.516667	0.0	490432	95	0.3	45.406	0	2475	59.98500374906277
1634630672.44	300	59.825986	0.0	489711	77	0.3	49.406	0	2715	60
1634630676.67	300	59.561164	0.0	467054	64	0.3	53.406	0	2955	60
1634630680.44	300	59.869385	0.0	476238	129	0.3	57.406	0	3195	60
1634630684.2	300	59.895037	0.0	474119	90	0.3	61.409	0	3435	59.95503372470647
1634630688.5	300	59.672124	0.0	476910	80	0.3	65.412	0	3675	59.95503372470636
1634630692.3	300	59.974247	0.0	490660	77	0.3	69.412	0	3915	60
1634630696.59	300	59.716667	0.0	470742	84	0.3	73.413	0	4155	59.98500374906288
1634630700.35	300	59.777879	0.0	497446	81	0.3	77.413	0	4395	60
1634630704.66	300	59.514379	0.0	456821	101	0.3	81.412	0	4635	60.015003750937595
1634630708.39	300	59.822397	0.0	484228	84	0.3	85.413	0	4875	59.98500374906288
1634630712.63	300	59.563786	0.0	471941	63	0.3	89.413	0	5115	60
1634630716.39	300	59.860533	0.0	464051	81	0.3	93.414	0	5355	59.98500374906266
1634630720.62	300	59.6	0.0	471791	72	0.3	97.414	0	5595	60
1634630724.41	300	59.911295	0.0	478859	87	0.3	101.416	0	5836	60.21989005497258
1634630728.18	300	59.933626	0.0	488451	91	0.3	105.417	0	6076	59.98500374906266
1634630732.42	300	59.677957	0.0	444887	79	0.3	109.418	0	6316	59.98500374906266
1634630736.15	300	59.988094	0.0	452873	74	0.3	113.417	0	6556	60.01500375093781
1634630740.39	300	59.730371	0.0	492347	80	0.3	117.418	0	6796	59.98500374906266
1634630744.62	300	59.471196	0.0	496200	101	0.3	121.419	0	7036	59.98500374906288
