1634630859.03	750	4	0.181	450171	87	-0.7733	0	0	0	0
1634630859.3	300	8	0.0	479340	88	-0.15000000000000002	0	0	0	0
1634630859.49	300	12	0.0	482464	59	0.3	0	0	0	0
1634630859.68	300	16	0.0	473027	75	0.3	0	0	0	0
1634630859.88	300	20	0.0	482174	92	0.3	0	0	0	0
1634630860.05	300	24	0.0	467405	72	0.3	0	0	0	0
1634630860.24	300	28	0.0	481853	77	0.3	0	0	0	0
1634630860.42	300	32	0.0	476808	63	0.3	0	0	0	0
1634630860.69	300	35.833334	0.0	475686	70	0.3	0	0	0	0
1634630860.89	300	39.630598	0.0	478640	82	0.3	0	0	0	0
1634630861.09	300	43.428507	0.0	489636	70	0.3	0	0	0	0
1634630861.29	300	47.226856	0.0	459485	65	0.3	0	0	0	0
1634630861.5	300	51.024641	0.0	510706	86	0.3	0	0	0	0
1634630861.68	300	54.821882	0.0	453259	75	0.3	0	0	0	0
1634630861.88	300	58.620247	0.0	480339	73	0.3	0	0	0	0
1634630865.11	300	59.453929	0.0	470888	82	0.3	5.248	0	111	0
1634630868.86	300	59.750456	0.0	467296	78	0.3	9.248	0	350	59.750000000000014
1634630873.1	300	59.481762	0.0	476280	78	0.3	13.247	0	590	60.01500375093772
1634630876.85	300	59.787156	0.0	482436	97	0.3	17.249	0	830	59.97001499250376
1634630881.1	300	59.527604	0.0	460532	89	0.3	21.25	0	1071	60.23494126468381
1634630884.83	300	59.838219	0.0	476583	96	0.3	25.25	0	1311	60
1634630889.07	300	59.566667	0.0	465070	84	0.3	29.25	0	1551	60
1634630892.84	300	59.864194	0.0	482219	81	0.3	33.25	0	1791	60
1634630897.08	300	59.601588	0.0	461632	81	0.3	37.256	0	2031	59.910134797803295
1634630900.84	300	59.909565	0.0	462277	63	0.3	41.257	0	2271	59.98500374906277
1634630904.58	300	59.933334	0.0	490432	81	0.3	45.258	0	2511	59.98500374906266
1634630908.82	300	59.954738	0.0	489711	85	0.3	49.258	0	2751	60
1634630912.55	300	59.976811	0.0	467054	82	0.3	53.258	0	2991	60
1634630917.28	300	59.444692	0.0	476238	77	0.3	57.258	0	3231	60
1634630921.03	300	59.497828	0.0	474119	77	0.3	61.258	0	3471	60
1634630924.76	300	59.806625	0.0	476910	71	0.3	65.259	0	3711	59.98500374906277
1634630929.02	300	59.561775	0.0	490660	84	0.3	69.259	0	3951	60
1634630932.76	300	59.901325	0.0	470742	89	0.3	73.259	0	4191	60
1634630937.01	300	59.634708	0.0	497446	92	0.3	77.259	0	4431	60
1634630940.75	300	59.927818	0.0	456821	68	0.3	81.26	0	4671	59.98500374906266
1634630945.0	300	59.657793	0.0	484228	87	0.3	85.259	0	4911	60.01500375093781
1634630948.74	300	59.995565	0.0	471941	62	0.3	89.261	0	5151	59.97001499250382
1634630952.98	300	59.727222	0.0	464051	81	0.3	93.261	0	5391	60
1634630957.25	300	59.463856	0.0	471791	78	0.3	97.261	0	5631	60
1634630961.02	300	59.759074	0.0	478859	84	0.3	101.261	0	5871	60
1634630964.79	300	59.783334	0.0	488451	72	0.3	105.262	0	6111	59.98500374906266
1634630969.04	300	59.521231	0.0	444887	76	0.3	109.262	0	6351	60
1634630972.75	300	59.823536	0.0	452873	61	0.3	113.261	0	6591	60.01500375093781
1634630976.99	300	59.557812	0.0	492347	84	0.3	117.262	0	6831	59.98500374906266
1634630980.73	300	59.868406	0.0	496200	80	0.3	121.263	0	7071	59.98500374906266
