1634615472.14	750	4	0.726	3074737	456	-3.1168	0	0	0	0
1634615472.88	1850	8	0.0	3160992	513	0.75	0	0	0	0
1634615473.65	1850	12	0.0	3235310	547	1.85	0	0	0	0
1634615474.41	1850	15.316667	0.0	3213562	528	1.85	0	0	0	0
1634615475.14	1850	18.566667	0.0	3305813	519	1.85	5.37	7	68	0
1634615475.96	1850	21.8	0.0	3195623	529	1.85	5.37	7	68	0
1634615476.79	1850	24.916667	0.0	3306050	555	1.85	5.37	7	68	0
1634615477.53	1850	28.183334	0.0	3145358	504	1.85	5.37	7	68	0
1634615478.36	1850	31.383334	0.0	3239444	557	1.85	5.37	7	68	0
1634615479.09	1850	34.616667	0.0	3183282	504	1.85	9.371	45	308	50.48737815546113
1634615479.86	1850	37.866667	0.0	3355795	512	1.85	9.371	45	308	50.48737815546113
1634615480.59	1850	41.116667	0.0	3134957	504	1.85	9.371	45	308	50.48737815546113
1634615481.46	1850	44.3	0.0	3565391	565	1.85	9.371	45	308	50.48737815546113
1634615482.19	1850	47.516667	0.0	2977189	470	1.85	9.371	45	308	50.48737815546113
1634615482.99	1850	50.716667	0.0	3347917	519	1.85	13.371	91	548	48.5
1634615483.73	1850	53.983334	0.0	3231663	504	1.85	13.371	91	548	48.5
1634615484.45	1850	57.266667	0.0	3077749	470	1.85	13.371	91	548	48.5
1634615486.25	1850	59.534615	0.0	3395248	538	1.85	13.371	91	548	48.5
1634615490.48	1850	59.645513	0.0	3300898	492	1.85	17.373	108	788	55.722138930534726
1634615494.0	1850	59.763306	0.0	3229020	495	1.85	21.415	174	1031	43.79020286986643
1634615498.68	1850	59.514609	0.0	3459954	510	1.85	25.389	243	1266	41.771514846502264
1634615502.11	1850	59.731216	0.0	3170038	511	1.85	29.393	263	1510	55.944055944055926
