1634625435.91	750	4	0.459	1913263	246	-1.9686999999999997	0	0	0	0
1634625436.47	1850	8	0.0	2089029	310	0.75	0	0	0	0
1634625436.97	1850	12	0.0	2096691	346	1.85	0	0	0	0
1634625437.46	1850	16	0.0	2102150	330	1.85	0	0	0	0
1634625438.03	1850	19.513512	0.0	2202821	347	1.85	0	0	0	0
1634625438.58	1850	22.946391	0.0	2122248	349	1.85	0	0	0	0
1634625439.09	1850	26.420598	0.0	2085229	342	1.85	5.371	0	40	0
1634625439.59	1850	29.936749	0.0	2110319	291	1.85	5.371	0	40	0
1634625440.14	1850	33.410165	0.0	2159897	369	1.85	5.371	0	40	0
1634625440.64	1850	36.883946	0.0	2169645	339	1.85	5.371	0	40	0
1634625441.14	1850	40.40059	0.0	2138606	341	1.85	5.371	0	40	0
1634625441.69	1850	43.835381	0.0	2043307	311	1.85	5.371	0	40	0
1634625442.28	1850	47.268271	0.0	2327436	368	1.85	5.371	0	40	0
1634625442.77	1850	50.744655	0.0	1904210	291	1.85	5.371	0	40	0
1634625443.26	1850	54.261042	0.0	2144078	336	1.85	9.371	0	160	30
1634625443.76	1850	57.776218	0.0	2096332	334	1.85	9.371	0	160	30
1634625445.79	1850	59.866667	0.0	1978857	307	1.85	9.371	0	160	30
1634625449.85	1850	59.930674	0.0	2103885	325	1.85	13.371	0	280	30
1634625454.12	1850	59.687082	0.0	2123697	347	1.85	17.371	0	400	30.000000000000014
1634625458.39	1850	59.435371	0.0	2101249	322	1.85	21.371	0	520	30
1634625461.61	1850	59.967882	0.0	2221891	358	1.85	25.379	0	641	30.189620758483013
1634625465.86	1850	59.998808	0.0	2069811	318	1.85	29.372	14	761	26.546456298522425
1634625470.04	1850	59.506978	0.0	2168537	337	1.85	33.38	14	881	29.94011976047902
