1634614960.49	750	4	0.992	4663471	718	-4.260599999999999	0	0	0	0
1634614961.64	2850	8	0.0	4787686	786	0.75	0	0	0	0
1634614962.73	2850	11.55	0.0	4911120	823	2.85	0	0	0	0
1634614963.84	2850	14.516667	0.0	4836291	769	2.85	5.294	8	44	0
1634614964.98	2850	17.316667	0.0	5126607	857	2.85	5.294	8	44	0
1634614966.29	2850	20	0.0	4874070	1046	2.85	5.294	8	44	0
1634614967.39	2850	22.9	0.0	5038633	824	2.85	9.294	44	284	50.999999999999986
1634614968.61	2850	25.666667	0.0	4938910	961	2.85	9.294	44	284	50.999999999999986
1634614969.78	2850	28.55	0.0	4974075	798	2.85	9.294	44	284	50.999999999999986
1634614971.02	2850	31.3	0.0	5018837	887	2.85	13.294	71	521	52.5
1634614972.48	2850	33.866667	0.0	5500834	1107	2.85	13.294	71	521	52.5
1634614973.59	2850	36.683334	0.0	4811084	799	2.85	13.294	71	521	52.5
1634614974.86	2850	39.433334	0.0	5675063	952	2.85	13.294	71	521	52.5
1634614975.95	2850	42.383334	0.0	4593022	792	2.85	17.296	124	764	47.47626186906548
