1634629675.0	750	4	0.451	1685249	334	-1.9343	0	0	0	0
1634629675.48	1200	8	0.0	1781540	241	0.75	0	0	0	0
1634629675.93	1200	11.676955	0.0	1722737	305	1.2	0	0	0	0
1634629676.42	1200	15.2	0.0	1740707	309	1.2	0	0	0	0
1634629676.87	1200	18.748632	0.0	1752806	291	1.2	0	0	0	0
1634629677.41	1200	22.233334	0.0	1706225	327	1.2	0	0	0	0
1634629677.93	1200	25.7	0.0	1829999	317	1.2	0	0	0	0
1634629678.39	1200	29.216667	0.0	1721616	291	1.2	4.637	4	153	0
1634629678.9	1200	32.733334	0.0	1715269	316	1.2	4.637	4	153	0
1634629679.45	1200	36.203992	0.0	1769586	339	1.2	4.637	4	153	0
1634629679.97	1200	39.65	0.0	1849979	329	1.2	4.637	4	153	0
1634629680.71	1200	42.916667	0.0	1693292	538	1.2	4.637	4	153	0
1634629681.26	1200	46.366667	0.0	1905664	355	1.2	4.637	4	153	0
1634629681.67	1200	49.942208	0.0	1623155	261	1.2	4.637	4	153	0
1634629682.24	1200	53.383334	0.0	1754132	381	1.2	8.637	10	393	58.499999999999986
1634629682.71	1200	56.9	0.0	1752304	301	1.2	8.637	10	393	58.499999999999986
1634629684.2	1200	59.504466	0.0	1690172	285	1.2	8.637	10	393	58.499999999999986
1634629688.25	1200	59.550078	0.0	1834922	331	1.2	12.637	16	633	58.5
1634629691.79	1200	59.855291	0.0	1776705	276	1.2	16.637	18	874	59.75
1634629695.81	1200	59.87362	0.0	1719504	283	1.2	20.637	20	1113	59.25
1634629699.84	1200	59.9	0.0	1807724	313	1.2	24.638	21	1354	59.98500374906271
1634629703.91	1200	59.911004	0.0	1718882	281	1.2	28.638	25	1593	58.75
1634629707.97	1200	59.681796	0.0	1803226	301	1.2	32.639	28	1834	59.48512871782053
1634629711.97	1200	59.735186	0.0	1686003	268	1.2	36.639	29	2074	59.75
1634629715.96	1200	59.747379	0.0	1737120	287	1.2	40.64	29	2314	59.98500374906277
1634629720.01	1200	59.762911	0.0	1801713	312	1.2	44.64	30	2554	59.75
1634629724.06	1200	59.789875	0.0	1846078	316	1.2	48.64	31	2794	59.75
1634629728.12	1200	59.533765	0.0	1749409	312	1.2	52.641	32	3034	59.73506623344167
1634629732.1	1200	59.557064	0.0	1753415	286	1.2	56.641	32	3274	60
1634629736.14	1200	59.581453	0.0	1802826	269	1.2	60.641	33	3514	59.75
1634629740.15	1200	59.645379	0.0	1711828	295	1.2	64.642	34	3754	59.73506623344167
1634629743.62	1200	59.985031	0.0	1677116	247	1.2	68.642	34	3994	60
1634629748.13	1200	59.752655	0.0	1696497	276	1.2	72.642	35	4234	59.75
1634629752.18	1200	59.483334	0.0	1789902	306	1.2	76.642	36	4474	59.75
1634629756.21	1200	59.506544	0.0	1750744	274	1.2	80.643	37	4714	59.73506623344157
1634629759.77	1200	59.84122	0.0	1795743	304	1.2	84.643	40	4954	59.25
1634629763.82	1200	59.854777	0.0	1747384	326	1.2	88.644	40	5194	59.98500374906266
1634629767.83	1200	59.876242	0.0	1755372	293	1.2	92.644	40	5434	60
1634629771.83	1200	59.880632	0.0	1684976	264	1.2	96.644	41	5674	59.75
1634629775.8	1200	59.907167	0.0	1728132	291	1.2	100.644	41	5914	60
1634629779.9	1200	59.926658	0.0	1808301	333	1.2	104.644	43	6154	59.5
1634629783.91	1200	59.942741	0.0	1726475	278	1.2	108.645	44	6394	59.73506623344178
1634629787.89	1200	59.95733	0.0	1726086	249	1.2	112.645	44	6634	60
1634629791.91	1200	59.723985	0.0	1805658	305	1.2	116.655	44	6875	60.09975062344132
1634629795.91	1200	59.748777	0.0	1787150	295	1.2	120.657	45	7115	59.72013993003505
