1634632699.95	750	4	0.308	1027433	181	-1.3194	0	0	0	0
1634632700.31	1200	8	0.0	1033094	191	0.75	0	0	0	0
1634632700.67	1200	12	0.0	1112859	213	1.2	0	0	0	0
1634632701.01	1200	16	0.0	1072091	200	1.2	0	0	0	0
1634632701.34	1200	20	0.0	1097552	208	1.2	0	0	0	0
1634632701.71	1200	24	0.0	1089913	185	1.2	0	0	0	0
1634632702.03	1200	28	0.0	1088005	194	1.2	0	0	0	0
1634632702.33	1200	31.713181	0.0	1080926	183	1.2	0	0	0	0
1634632702.67	1200	35.390766	0.0	1075186	203	1.2	0	0	0	0
1634632703.01	1200	39.028776	0.0	1100003	201	1.2	0	0	0	0
1634632703.47	1200	42.584455	0.0	1089392	306	1.2	5.512	0	31	0
1634632703.8	1200	46.26132	0.0	1048032	189	1.2	5.512	0	31	0
1634632704.16	1200	49.898623	0.0	1147785	223	1.2	5.512	0	31	0
1634632704.48	1200	53.575802	0.0	1002936	170	1.2	5.512	0	31	0
1634632704.82	1200	57.212387	0.0	1102694	207	1.2	5.512	0	31	0
1634632706.72	1200	59.467762	0.0	1084569	219	1.2	5.512	0	31	0
1634632710.6	1200	59.483528	0.0	1055419	172	1.2	9.512	0	151	29.999999999999993
1634632714.45	1200	59.780083	0.0	1063815	170	1.2	13.512	0	271	30
1634632718.34	1200	59.792206	0.0	1133223	171	1.2	17.512	0	391	30
1634632722.72	1200	59.518102	0.0	1073029	179	1.2	21.513	0	511	29.992501874531357
1634632726.64	1200	59.527076	0.0	1083265	209	1.2	25.514	0	631	29.992501874531385
1634632730.52	1200	59.828864	0.0	1075789	163	1.2	29.514	0	751	30
1634632734.39	1200	59.847208	0.0	1076090	186	1.2	33.534	0	872	30.09950248756219
1634632738.26	1200	59.853251	0.0	1020386	151	1.2	37.535	0	992	29.992501874531385
1634632742.63	1200	59.57888	0.0	1065194	163	1.2	41.536	0	1112	29.99250187453133
1634632746.56	1200	59.594307	0.0	1124023	155	1.2	45.536	0	1232	30
1634632750.39	1200	59.894418	0.0	1128063	182	1.2	49.536	0	1352	30
1634632754.3	1200	59.918554	0.0	1090975	178	1.2	53.538	0	1472	29.98500749625191
1634632758.15	1200	59.944964	0.0	1102350	185	1.2	57.538	0	1592	30
1634632762.5	1200	59.7	0.0	1105578	179	1.2	61.538	0	1712	30
1634632766.32	1200	59.736062	0.0	1020290	160	1.2	65.538	0	1832	30
1634632770.66	1200	59.472633	0.0	1053290	173	1.2	69.538	0	1952	30
1634632774.54	1200	59.766667	0.0	1095971	171	1.2	73.539	0	2072	29.99250187453133
1634632778.4	1200	59.773692	0.0	1092760	176	1.2	77.539	0	2192	30
1634632782.73	1200	59.501821	0.0	1082760	173	1.2	81.54	0	2312	29.99250187453133
1634632786.59	1200	59.525419	0.0	1075795	155	1.2	85.54	0	2432	30
1634632790.48	1200	59.816031	0.0	1052643	171	1.2	89.54	0	2552	30
1634632794.33	1200	59.877038	0.0	1136208	190	1.2	93.541	0	2672	29.99250187453144
1634632798.16	1200	59.944252	0.0	1026937	130	1.2	97.541	0	2792	30
1634632802.55	1200	59.684483	0.0	1090516	181	1.2	101.541	0	2912	30
1634632806.46	1200	59.745111	0.0	1126916	187	1.2	105.54	0	3032	30.007501875468797
1634632810.28	1200	59.794404	0.0	1032576	162	1.2	109.541	0	3152	29.99250187453144
1634632814.64	1200	59.539161	0.0	1059276	165	1.2	113.542	0	3272	29.99250187453133
1634632818.52	1200	59.568092	0.0	1142916	191	1.2	117.542	0	3392	30
1634632822.35	1200	59.894491	0.0	1105832	174	1.2	121.542	0	3512	30
