1634625058.8	750	4	0.69	2903817	471	-2.962	0	0	0	0
1634625059.57	2850	8	0.0	3210755	535	0.75	0	0	0	0
1634625060.39	2850	12	0.0	3297850	564	2.85	0	0	0	0
1634625061.16	2850	15.233334	0.0	3113688	497	2.85	0	0	0	0
1634625062.02	2850	18.4	0.0	3434179	589	2.85	5.245	0	33	0
1634625062.84	2850	21.575179	0.0	3246645	579	2.85	5.245	0	33	0
1634625063.58	2850	24.8063	0.0	3230273	505	2.85	5.245	0	33	0
1634625064.31	2850	28.08105	0.0	3265296	527	2.85	5.245	0	33	0
1634625065.08	2850	31.314281	0.0	3330293	542	2.85	5.245	0	33	0
1634625065.94	2850	34.465606	0.0	3397189	606	2.85	9.243	1	153	29.76488244122061
1634625066.79	2850	37.617434	0.0	3383124	578	2.85	9.243	1	153	29.76488244122061
1634625067.57	2850	40.85225	0.0	3153089	514	2.85	9.243	1	153	29.76488244122061
1634625068.4	2850	44.003371	0.0	3557106	588	2.85	9.243	1	153	29.76488244122061
1634625069.16	2850	47.236899	0.0	3063784	529	2.85	9.243	1	153	29.76488244122061
1634625069.91	2850	50.467131	0.0	3220745	527	2.85	13.245	1	273	29.98500749625188
1634625070.69	2850	53.700178	0.0	3227820	540	2.85	13.245	1	273	29.98500749625188
1634625071.5	2850	56.933334	0.0	3208216	533	2.85	13.245	1	273	29.98500749625188
1634625072.78	2850	59.842965	0.0	3214764	544	2.85	13.245	1	273	29.98500749625188
1634625076.6	2850	59.875893	0.0	3431047	554	2.85	17.246	2	393	29.742564358910276
