1634610144.73	750	4	0.205	632582	107	-0.8765	0	0	0	0
1634610144.99	750	8	0.0	701538	116	0.75	0	0	0	0
1634610145.21	750	12	0.0	652167	116	0.75	0	0	0	0
1634610145.54	750	16	0.0	676228	138	0.75	0	0	0	0
1634610145.77	750	20	0.0	687537	106	0.75	0	0	0	0
1634610146.02	750	24	0.0	663003	111	0.75	0	0	0	0
1634610146.28	750	27.874616	0.0	694755	116	0.75	0	0	0	0
1634610146.55	750	31.632249	0.0	669189	116	0.75	0	0	0	0
1634610146.79	750	35.389818	0.0	662375	102	0.75	0	0	0	0
1634610147.03	750	39.148243	0.0	675276	109	0.75	0	0	0	0
1634610147.26	750	42.906656	0.0	697146	109	0.75	0	0	0	0
1634610147.49	750	46.664879	0.0	655809	95	0.75	0	0	0	0
1634610147.73	750	50.422714	0.0	739625	110	0.75	0	0	0	0
1634610147.93	750	54.220407	0.0	635863	102	0.75	0	0	0	0
1634610148.28	750	57.895514	0.0	677487	198	0.75	5.204	0	111	0
1634610150.53	750	59.750757	0.0	670471	103	0.75	5.204	0	111	0
1634610154.81	750	59.525493	0.0	657723	100	0.75	9.204	0	351	59.999999999999986
1634610158.61	750	59.824157	0.0	687669	127	0.75	13.203	0	591	60.01500375093775
1634610162.4	750	59.845671	0.0	689081	103	0.75	17.204	0	831	59.98500374906271
1634610166.7	750	59.572283	0.0	671979	121	0.75	21.205	0	1071	59.98500374906277
1634610170.5	750	59.874839	0.0	686526	145	0.75	25.242	0	1313	59.94550408719342
1634610174.32	750	59.89789	0.0	658511	116	0.75	29.242	0	1553	60
1634610178.6	750	59.621478	0.0	689315	111	0.75	33.243	0	1793	59.98500374906271
1634610182.52	750	59.921045	0.0	653179	16	0.75	37.243	0	2033	60
1634610186.41	750	59.941002	0.0	665560	106	0.75	41.243	0	2273	60
1634610190.67	750	59.675017	0.0	686735	87	0.75	45.244	0	2513	59.98500374906277
1634610194.49	750	59.698302	0.0	691385	110	0.75	49.243	0	2753	60.0150037509377
1634610198.75	750	59.43754	0.0	674179	102	0.75	53.244	0	2993	59.98500374906277
1634610202.51	750	59.751854	0.0	659438	95	0.75	57.244	0	3233	60
1634610206.78	750	59.481041	0.0	683313	108	0.75	61.244	0	3473	60
1634610210.56	750	59.833334	0.0	663183	100	0.75	65.245	0	3713	59.98500374906266
1634610214.35	750	59.853855	0.0	665407	101	0.75	69.245	0	3953	60
1634610218.64	750	59.577961	0.0	656035	111	0.75	73.245	0	4194	60.25
1634610222.45	750	59.886492	0.0	695274	117	0.75	77.245	0	4433	59.75
1634610226.81	750	59.612176	0.0	661157	94	0.75	81.246	0	4674	60.23494126468397
1634610230.59	750	59.633985	0.0	693898	103	0.75	85.246	0	4913	59.75
1634610234.39	750	59.978511	0.0	676065	102	0.75	89.247	0	5154	60.234941264683755
1634610238.67	750	59.722529	0.0	670173	98	0.75	93.247	0	5394	60
1634610242.43	750	59.74007	0.0	642464	105	0.75	97.247	0	5634	60
1634610246.71	750	59.469317	0.0	668436	99	0.75	101.248	0	5874	59.98500374906266
1634610250.48	750	59.818123	0.0	702191	114	0.75	105.248	0	6114	60
1634610254.79	750	59.55	0.0	661963	108	0.75	109.254	0	6354	59.910134797803295
1634610258.59	750	59.847824	0.0	662155	122	0.75	113.252	0	6594	60.0300150075039
1634610262.36	750	59.874855	0.0	687392	105	0.75	117.254	0	6834	59.97001499250361
1634610266.64	750	59.613268	0.0	697493	113	0.75	121.254	0	7074	60
