1634608167.55	750	4	1.011	4663471	770	-4.342300000000001	0	0	0	0
1634608168.67	2850	8	0.0	4787686	781	0.75	0	0	0	0
1634608169.72	2850	11.7	0.0	4911120	748	2.85	0	0	0	0
1634608170.79	2850	14.65	0.0	4836291	766	2.85	5.351	13	40	0
1634608171.92	2850	17.516667	0.0	5126607	804	2.85	5.351	13	40	0
1634608172.98	2850	20.416667	0.0	4874070	789	2.85	5.351	13	40	0
1634608174.07	2850	23.35	0.0	5038633	786	2.85	9.351	55	278	48.999999999999986
1634608175.21	2850	26.216667	0.0	4938910	781	2.85	9.351	55	278	48.999999999999986
1634608176.33	2850	29.083334	0.0	4974075	805	2.85	9.351	55	278	48.999999999999986
1634608177.44	2850	31.983334	0.0	5018837	803	2.85	9.351	55	278	48.999999999999986
1634608178.62	2850	34.816667	0.0	5500834	883	2.85	13.351	102	520	48.75
