1634625825.79	750	4	0.457	1913263	346	-1.9600999999999997	0	0	0	0
1634625826.33	1850	8	0.0	2089029	338	0.75	0	0	0	0
1634625826.88	1850	11.596055	0.0	2096691	355	1.85	0	0	0	0
1634625827.42	1850	15.071618	0.0	2102150	358	1.85	0	0	0	0
1634625828.12	1850	18.383912	0.0	2202821	516	1.85	0	0	0	0
1634625828.62	1850	21.857682	0.0	2122248	357	1.85	0	0	0	0
1634625829.14	1850	25.333334	0.0	2085229	345	1.85	4.681	0	74	0
1634625829.74	1850	28.767315	0.0	2110319	384	1.85	4.681	0	74	0
1634625830.29	1850	32.2	0.0	2159897	341	1.85	4.681	0	74	0
1634625830.84	1850	35.674505	0.0	2169645	340	1.85	4.681	0	74	0
1634625831.36	1850	39.149886	0.0	2138606	358	1.85	4.681	0	74	0
1634625831.87	1850	42.624803	0.0	2043307	337	1.85	4.681	0	74	0
1634625832.45	1850	46.059824	0.0	2327436	384	1.85	4.681	0	74	0
1634625832.92	1850	49.575593	0.0	1904210	309	1.85	4.681	0	74	0
1634625833.5	1850	53.011336	0.0	2144078	385	1.85	8.727	0	195	29.906080079090458
1634625834.06	1850	56.447998	0.0	2096332	361	1.85	8.727	0	195	29.906080079090458
1634625834.58	1850	59.923802	0.0	1978857	319	1.85	8.727	0	195	29.906080079090458
1634625839.22	1850	59.470436	0.0	2103885	360	1.85	12.728	0	315	29.99250187453137
1634625842.81	1850	59.770801	0.0	2123697	325	1.85	16.735	0	435	29.947591714499627
1634625846.74	1850	59.812837	0.0	2101249	644	1.85	20.736	0	555	29.992501874531357
1634625850.86	1850	59.659583	0.0	2221891	405	1.85	24.737	0	675	29.992501874531385
1634625854.95	1850	59.667211	0.0	2069811	354	1.85	28.736	0	795	30.00750187546885
1634625859.11	1850	59.43361	0.0	2168537	348	1.85	32.737	0	915	29.992501874531357
1634625863.24	1850	59.448169	0.0	2104614	365	1.85	36.738	0	1035	29.992501874531385
1634625866.76	1850	59.748518	0.0	2073522	339	1.85	40.739	0	1155	29.992501874531385
1634625870.82	1850	59.768041	0.0	2173759	373	1.85	44.74	0	1275	29.99250187453133
1634625874.92	1850	59.820336	0.0	2112825	338	1.85	48.741	0	1395	29.992501874531385
1634625878.98	1850	59.585997	0.0	2152172	341	1.85	52.741	0	1515	30
1634625882.59	1850	59.926766	0.0	2125345	371	1.85	56.741	0	1635	30
1634625886.67	1850	59.971348	0.0	2144544	357	1.85	60.741	0	1755	30
1634625891.28	1850	59.453456	0.0	2005686	331	1.85	64.752	0	1876	30.16704063824486
1634625894.91	1850	59.797639	0.0	2107587	343	1.85	68.752	0	1996	30
1634625899.02	1850	59.519536	0.0	2129753	340	1.85	72.753	0	2116	29.99250187453133
1634625903.16	1850	59.527811	0.0	2230435	362	1.85	76.753	0	2236	30
1634625906.76	1850	59.860997	0.0	2145105	344	1.85	80.753	0	2356	30
1634625910.81	1850	59.858721	0.0	2084291	314	1.85	84.753	0	2476	30
1634625914.91	1850	59.868641	0.0	2076226	330	1.85	88.754	0	2596	29.99250187453133
1634625919.05	1850	59.592439	0.0	2125976	352	1.85	92.753	0	2716	30.007501875468904
1634625922.62	1850	59.891965	0.0	1990834	336	1.85	96.754	0	2836	29.99250187453133
1634625926.76	1850	59.935712	0.0	2100565	339	1.85	100.754	0	2956	30
1634625930.86	1850	59.697755	0.0	2267754	342	1.85	104.755	0	3076	29.99250187453144
1634625934.92	1850	59.708106	0.0	2012700	326	1.85	108.756	0	3196	29.99250187453133
1634625939.0	1850	59.576949	0.0	2099151	359	1.85	112.756	0	3316	30
1634625943.06	1850	59.59669	0.0	2201867	380	1.85	116.755	0	3436	30.007501875468904
1634625946.76	1850	59.89091	0.0	2187933	496	1.85	120.756	0	3556	29.99250187453133
