1634608961.75	750	4	0.657	3074737	513	-2.8201	0	0	0	0
1634608962.48	1850	7.9	0.0	3160992	530	0.75	0	0	0	0
1634608963.2	1850	11.2	0.0	3235310	509	1.85	0	0	0	0
1634608964.01	1850	14.45	0.0	3213562	523	1.85	0	0	0	0
1634608964.77	1850	17.633334	0.0	3305813	544	1.85	4.641	6	140	0
1634608965.6	1850	20.816667	0.0	3195623	501	1.85	4.641	6	140	0
1634608966.37	1850	24.05	0.0	3306050	540	1.85	4.641	6	140	0
1634608967.06	1850	27.333334	0.0	3145358	488	1.85	4.641	6	140	0
1634608967.81	1850	30.616667	0.0	3239444	513	1.85	4.641	6	140	0
1634608968.55	1850	33.883334	0.0	3183282	495	1.85	4.641	6	140	0
1634608969.35	1850	37.083334	0.0	3355795	544	1.85	8.642	30	380	53.98650337415647
1634608970.08	1850	40.316667	0.0	3134957	515	1.85	8.642	30	380	53.98650337415647
1634608970.89	1850	43.533334	0.0	3565391	565	1.85	8.642	30	380	53.98650337415647
1634608971.6	1850	46.816667	0.0	2977189	497	1.85	8.642	30	380	53.98650337415647
1634608972.39	1850	50.066667	0.0	3347917	518	1.85	8.642	30	380	53.98650337415647
1634608973.15	1850	53.283334	0.0	3231663	528	1.85	12.641	68	620	50.51262815703925
1634608973.86	1850	56.55	0.0	3077749	498	1.85	12.641	68	620	50.51262815703925
1634608974.66	1850	59.766667	0.0	3395248	564	1.85	12.641	68	620	50.51262815703925
1634608978.98	1850	59.6	0.0	3300898	529	1.85	16.642	130	860	44.488877780554866
1634608982.77	1850	59.654402	0.0	3229020	518	1.85	20.655	132	1101	59.556441564914
1634608986.63	1850	59.960955	0.0	3459954	565	1.85	24.666	136	1342	59.08750934928946
1634608990.43	1850	59.974259	0.0	3170038	504	1.85	28.665	144	1582	58.01450362590649
1634608994.76	1850	59.70555	0.0	3293455	526	1.85	32.666	153	1822	57.735566108472916
1634608998.56	1850	59.972604	0.0	3114298	508	1.85	36.666	178	2062	53.75
1634609002.4	1850	59.996932	0.0	3242905	557	1.85	40.666	185	2302	58.25
1634609006.91	1850	59.722335	0.0	3471163	695	1.85	44.667	194	2542	57.73556610847281
1634609010.71	1850	59.748404	0.0	3435610	542	1.85	48.667	199	2782	58.75
1634609015.0	1850	59.45	0.0	3219962	521	1.85	52.667	204	3022	58.75
1634609018.78	1850	59.75703	0.0	3210875	526	1.85	56.668	207	3262	59.23519120219949
1634609022.64	1850	59.771787	0.0	3463194	551	1.85	60.668	211	3502	59
1634609026.94	1850	59.50676	0.0	3109497	544	1.85	64.667	214	3742	59.26481620405098
1634609030.74	1850	59.856824	0.0	3080559	515	1.85	68.668	221	3982	58.235441139715
1634609034.52	1850	59.878538	0.0	3091453	537	1.85	72.667	223	4222	59.51487871967999
1634609038.83	1850	59.619064	0.0	3357725	521	1.85	76.668	247	4462	53.9865033741564
1634609042.66	1850	59.884408	0.0	3210261	521	1.85	80.668	253	4702	58.5
1634609046.54	1850	59.906757	0.0	3209878	539	1.85	84.668	272	4942	55.25
1634609050.86	1850	59.606302	0.0	3173733	508	1.85	88.669	308	5182	50.98725318670344
1634609054.64	1850	59.863685	0.0	3198667	509	1.85	92.669	311	5422	59.25
1634609058.9	1850	59.5975	0.0	3149583	490	1.85	96.669	313	5662	59.5
1634609062.69	1850	59.910535	0.0	3234318	520	1.85	100.67	317	5902	58.98525368657828
1634609066.55	1850	59.929663	0.0	3447749	595	1.85	104.678	324	6142	58.1337325349302
1634609070.89	1850	59.661677	0.0	3160804	548	1.85	108.679	331	6383	58.4853786553361
1634609074.66	1850	59.724011	0.0	3083737	493	1.85	112.679	333	6623	59.5
1634609078.54	1850	59.987694	0.0	3324674	564	1.85	116.679	341	6863	58
1634609082.84	1850	59.730877	0.0	3341849	576	1.85	120.678	346	7103	58.76469117279327
