1634606516.38	750	4	0.275	1027433	162	-1.1775000000000002	0	0	0	0
1634606516.69	1200	8	0.0	1033094	166	0.75	0	0	0	0
1634606516.97	1200	12	0.0	1112859	180	1.2	0	0	0	0
1634606517.27	1200	15.756394	0.0	1072091	167	1.2	0	0	0	0
1634606517.61	1200	19.43397	0.0	1097552	192	1.2	0	0	0	0
1634606517.96	1200	23.070654	0.0	1089913	186	1.2	0	0	0	0
1634606518.28	1200	26.788108	0.0	1088005	167	1.2	0	0	0	0
1634606518.62	1200	30.419007	0.0	1080926	165	1.2	0	0	0	0
1634606518.95	1200	34.096097	0.0	1075186	170	1.2	0	0	0	0
1634606519.29	1200	37.773151	0.0	1100003	174	1.2	0	0	0	0
1634606519.63	1200	41.410028	0.0	1089392	174	1.2	0	0	0	0
1634606519.94	1200	45.087751	0.0	1048032	169	1.2	4.621	0	80	0
1634606520.33	1200	48.724782	0.0	1147785	211	1.2	4.621	0	80	0
1634606520.62	1200	52.401921	0.0	1002936	144	1.2	4.621	0	80	0
1634606520.97	1200	56.079798	0.0	1102694	175	1.2	4.621	0	80	0
1634606521.28	1200	59.756732	0.0	1084569	172	1.2	4.621	0	80	0
1634606525.67	1200	59.493099	0.0	1055419	169	1.2	8.62	0	200	30.007501875468876
1634606529.5	1200	59.792418	0.0	1063815	166	1.2	12.62	0	320	30
1634606533.44	1200	59.814247	0.0	1133223	223	1.2	16.621	0	440	29.99250187453137
1634606537.39	1200	59.900335	0.0	1073029	182	1.2	20.626	0	560	29.96254681647938
1634606541.28	1200	59.909733	0.0	1083265	187	1.2	24.626	0	680	30
1634606545.17	1200	59.963003	0.0	1075789	174	1.2	28.625	0	800	30.007501875468876
1634606549.06	1200	59.971963	0.0	1076090	217	1.2	32.626	0	920	29.992501874531385
1634606553.4	1200	59.694814	0.0	1020386	161	1.2	36.626	0	1040	30
1634606557.23	1200	59.995	0.0	1065194	150	1.2	40.627	0	1160	29.99250187453133
1634606561.62	1200	59.721748	0.0	1124023	185	1.2	44.628	0	1280	29.992501874531385
1634606565.52	1200	59.740804	0.0	1128063	185	1.2	48.628	0	1400	30
1634606569.36	1200	59.755805	0.0	1090975	174	1.2	52.628	0	1520	30
1634606573.32	1200	59.776268	0.0	1102350	215	1.2	56.629	0	1640	29.992501874531385
1634606577.68	1200	59.491138	0.0	1105578	188	1.2	60.629	0	1760	30
1634606581.54	1200	59.785245	0.0	1020290	169	1.2	64.63	0	1880	29.992501874531385
1634606585.44	1200	59.829063	0.0	1053290	186	1.2	68.63	0	2000	30
1634606589.3	1200	59.842742	0.0	1095971	170	1.2	72.631	0	2120	29.99250187453133
1634606593.19	1200	59.863422	0.0	1092760	160	1.2	76.631	0	2240	30
1634606597.55	1200	59.627156	0.0	1082760	171	1.2	80.63	0	2360	30.007501875468904
1634606601.43	1200	59.718913	0.0	1075795	170	1.2	84.631	0	2480	29.99250187453133
1634606605.34	1200	59.737906	0.0	1052643	161	1.2	88.632	0	2600	29.99250187453133
1634606609.76	1200	59.466667	0.0	1136208	178	1.2	92.631	0	2720	30.007501875468904
1634606613.59	1200	59.474826	0.0	1026937	127	1.2	96.632	0	2840	29.99250187453133
1634606617.45	1200	59.766667	0.0	1090516	176	1.2	100.632	0	2960	30
1634606621.37	1200	59.775965	0.0	1126916	187	1.2	104.632	0	3080	30
1634606625.71	1200	59.493031	0.0	1032576	169	1.2	108.632	0	3200	30
1634606629.63	1200	59.494705	0.0	1059276	170	1.2	112.633	0	3320	29.99250187453144
1634606633.5	1200	59.547849	0.0	1142916	196	1.2	116.633	0	3440	30
1634606637.32	1200	59.84255	0.0	1105832	165	1.2	120.634	0	3560	29.99250187453133
