1634622808.72	750	4	0.425	1685249	297	-1.8224999999999998	0	0	0	0
1634622809.21	1200	8	0.0	1781540	289	0.75	0	0	0	0
1634622809.63	1200	12	0.0	1722737	251	1.2	0	0	0	0
1634622810.11	1200	16	0.0	1740707	292	1.2	0	0	0	0
1634622810.57	1200	19.633334	0.0	1752806	234	1.2	0	0	0	0
1634622811.05	1200	23.15	0.0	1706225	289	1.2	0	0	0	0
1634622811.51	1200	26.704597	0.0	1829999	294	1.2	0	0	0	0
1634622811.95	1200	30.258312	0.0	1721616	258	1.2	5.302	0	93	0
1634622812.42	1200	33.8	0.0	1715269	269	1.2	5.302	0	93	0
1634622812.86	1200	37.328593	0.0	1769586	265	1.2	5.302	0	93	0
1634622813.37	1200	40.845204	0.0	1849979	327	1.2	5.302	0	93	0
1634622813.81	1200	44.401039	0.0	1693292	290	1.2	5.302	0	93	0
1634622814.3	1200	47.9	0.0	1905664	309	1.2	5.302	0	93	0
1634622814.72	1200	51.470088	0.0	1623155	258	1.2	5.302	0	93	0
1634622815.21	1200	55.016667	0.0	1754132	274	1.2	5.302	0	93	0
1634622815.68	1200	58.516667	0.0	1752304	286	1.2	5.302	0	93	0
1634622818.69	1200	59.780951	0.0	1690172	276	1.2	9.335	10	335	57.52541532358045
1634622822.73	1200	59.516667	0.0	1834922	295	1.2	13.335	13	575	59.25
1634622826.76	1200	59.530389	0.0	1776705	309	1.2	17.336	15	815	59.48512871782058
1634622830.77	1200	59.561828	0.0	1719504	253	1.2	21.338	15	1055	59.970014992503714
1634622834.32	1200	59.910849	0.0	1807724	290	1.2	25.338	15	1295	60
1634622838.32	1200	59.937112	0.0	1718882	268	1.2	29.339	16	1535	59.73506623344167
1634622842.34	1200	59.966816	0.0	1803226	272	1.2	33.338	17	1775	59.76494123530879
1634622846.89	1200	59.453278	0.0	1686003	296	1.2	37.338	18	2015	59.75
1634622850.4	1200	59.823225	0.0	1737120	285	1.2	41.339	20	2255	59.48512871782058
1634622854.37	1200	59.855494	0.0	1801713	282	1.2	45.346	20	2496	60.14474669328678
1634622858.37	1200	59.89088	0.0	1846078	311	1.2	49.34	20	2735	59.83975963945909
1634622862.45	1200	59.911751	0.0	1749409	315	1.2	53.34	22	2975	59.5
1634622866.52	1200	59.933334	0.0	1753415	311	1.2	57.341	23	3215	59.73506623344167
1634622870.7	1200	59.680361	0.0	1802826	288	1.2	61.341	24	3455	59.75
1634622874.35	1200	59.99611	0.0	1711828	277	1.2	65.342	25	3695	59.73506623344167
1634622878.88	1200	59.500406	0.0	1677116	276	1.2	69.342	26	3935	59.75
1634622882.42	1200	59.8	0.0	1696497	313	1.2	73.341	26	4175	60.01500375093781
1634622886.45	1200	59.830492	0.0	1789902	292	1.2	77.342	28	4415	59.48512871782047
1634622890.48	1200	59.928531	0.0	1750744	262	1.2	81.343	30	4655	59.48512871782047
1634622894.56	1200	59.654824	0.0	1795743	318	1.2	85.342	32	4895	59.51487871967999
1634622898.61	1200	59.671794	0.0	1747384	277	1.2	89.342	35	5136	59.5
1634622902.65	1200	59.687366	0.0	1755372	284	1.2	93.343	36	5375	59.48512871782047
1634622906.64	1200	59.715601	0.0	1684976	264	1.2	97.343	38	5616	59.75
1634622910.66	1200	59.742606	0.0	1728132	295	1.2	101.343	39	5856	59.75
1634622915.16	1200	59.776237	0.0	1808301	291	1.2	105.344	41	6095	59.23519120219959
1634622918.68	1200	59.998495	0.0	1726475	224	1.2	109.358	41	6336	60.039860488290834
