1634619013.2	750	4	0.465	1913263	298	-1.9945	0	0	0	0
1634619013.75	1850	8	0.0	2089029	348	0.75	0	0	0	0
1634619014.26	1850	12	0.0	2096691	352	1.85	0	0	0	0
1634619014.84	1850	16	0.0	2102150	368	1.85	0	0	0	0
1634619015.36	1850	19.512944	0.0	2202821	356	1.85	0	0	0	0
1634619015.9	1850	22.948746	0.0	2122248	358	1.85	0	0	0	0
1634619016.44	1850	26.424431	0.0	2085229	379	1.85	5.416	0	41	0
1634619016.99	1850	29.900782	0.0	2110319	377	1.85	5.416	0	41	0
1634619017.57	1850	33.295213	0.0	2159897	368	1.85	5.416	0	41	0
1634619018.08	1850	36.771185	0.0	2169645	340	1.85	5.416	0	41	0
1634619018.61	1850	40.285102	0.0	2138606	368	1.85	5.416	0	41	0
1634619019.14	1850	43.711567	0.0	2043307	313	1.85	5.416	0	41	0
1634619019.69	1850	47.183811	0.0	2327436	367	1.85	5.416	0	41	0
1634619020.17	1850	50.700585	0.0	1904210	302	1.85	5.416	0	41	0
1634619020.73	1850	54.134444	0.0	2144078	339	1.85	9.458	0	162	29.935675408213758
1634619021.23	1850	57.646119	0.0	2096332	322	1.85	9.458	0	162	29.935675408213758
1634619023.26	1850	59.819837	0.0	1978857	307	1.85	9.458	0	162	29.935675408213758
1634619027.3	1850	59.561665	0.0	2103885	325	1.85	13.458	0	282	30
1634619031.32	1850	59.584426	0.0	2123697	353	1.85	17.459	0	402	29.99250187453137
1634619035.37	1850	59.628463	0.0	2101249	352	1.85	21.459	0	522	30
1634619038.94	1850	59.934059	0.0	2221891	340	1.85	25.459	0	642	30
1634619042.99	1850	59.970122	0.0	2069811	342	1.85	29.46	0	762	29.992501874531357
