1634608810.78	750	4	0.707	3074737	481	-3.0351	0	0	0	0
1634608811.54	1850	8	0.0	3160992	499	0.75	0	0	0	0
1634608812.32	1850	12	0.0	3235310	492	1.85	0	0	0	0
1634608813.06	1850	15.516667	0.0	3213562	529	1.85	0	0	0	0
1634608813.99	1850	18.583334	0.0	3305813	716	1.85	5.288	4	57	0
1634608814.7	1850	21.866667	0.0	3195623	504	1.85	5.288	4	57	0
1634608815.46	1850	25.116667	0.0	3306050	535	1.85	5.288	4	57	0
1634608816.24	1850	28.366667	0.0	3145358	534	1.85	5.288	4	57	0
1634608816.99	1850	31.616667	0.0	3239444	513	1.85	5.288	4	57	0
1634608817.77	1850	34.833334	0.0	3183282	516	1.85	9.288	31	297	53.25
1634608818.57	1850	38.05	0.0	3355795	528	1.85	9.288	31	297	53.25
1634608819.31	1850	41.283334	0.0	3134957	507	1.85	9.288	31	297	53.25
1634608820.14	1850	44.466667	0.0	3565391	562	1.85	9.288	31	297	53.25
1634608820.87	1850	47.733334	0.0	2977189	478	1.85	9.288	31	297	53.25
1634608821.72	1850	50.866667	0.0	3347917	566	1.85	13.288	89	537	45.5
1634608822.49	1850	54.1	0.0	3231663	517	1.85	13.288	89	537	45.5
1634608823.24	1850	57.383334	0.0	3077749	488	1.85	13.288	89	537	45.5
1634608825.04	1850	59.545526	0.0	3395248	514	1.85	13.288	89	537	45.5
1634608828.88	1850	59.810888	0.0	3300898	543	1.85	17.289	157	777	42.98925268682828
1634608833.13	1850	59.556741	0.0	3229020	502	1.85	21.291	182	1017	53.72313843078462
1634608836.98	1850	59.585888	0.0	3459954	565	1.85	25.289	184	1257	59.52976488244121
1634608840.72	1850	59.908385	0.0	3170038	505	1.85	29.29	201	1497	55.736065983504155
