1634622572.92	750	4	0.691	3074737	473	-2.9663	0	0	0	0
1634622573.64	1850	7.883334	0.0	3160992	508	0.75	0	0	0	0
1634622574.45	1850	11.15	0.0	3235310	539	1.85	0	0	0	0
1634622575.18	1850	14.366667	0.0	3213562	519	1.85	0	0	0	0
1634622575.91	1850	17.633334	0.0	3305813	506	1.85	4.625	40	136	0
1634622576.62	1850	20.916667	0.0	3195623	491	1.85	4.625	40	136	0
1634622577.35	1850	24.2	0.0	3306050	508	1.85	4.625	40	136	0
1634622578.05	1850	27.483334	0.0	3145358	491	1.85	4.625	40	136	0
1634622578.88	1850	30.733334	0.0	3239444	553	1.85	4.625	40	136	0
1634622579.63	1850	33.933334	0.0	3183282	512	1.85	4.625	40	136	0
1634622580.41	1850	37.15	0.0	3355795	550	1.85	8.626	74	376	51.48712821794552
1634622581.17	1850	40.4	0.0	3134957	504	1.85	8.626	74	376	51.48712821794552
1634622581.99	1850	43.566667	0.0	3565391	597	1.85	8.626	74	376	51.48712821794552
1634622582.7	1850	46.866667	0.0	2977189	468	1.85	8.626	74	376	51.48712821794552
1634622583.44	1850	50.116667	0.0	3347917	530	1.85	8.626	74	376	51.48712821794552
1634622584.18	1850	53.366667	0.0	3231663	520	1.85	12.625	106	616	52.013003250812694
1634622584.92	1850	56.65	0.0	3077749	512	1.85	12.625	106	616	52.013003250812694
1634622585.69	1850	59.85	0.0	3395248	559	1.85	12.625	106	616	52.013003250812694
1634622590.0	1850	59.524966	0.0	3300898	539	1.85	16.626	124	856	55.48612846788301
1634622593.93	1850	59.867062	0.0	3229020	541	1.85	20.627	171	1096	48.23794051487131
1634622597.75	1850	59.888604	0.0	3459954	537	1.85	24.626	182	1336	57.26431607901972
1634622601.67	1850	59.900294	0.0	3170038	641	1.85	28.627	188	1576	58.4853786553362
1634622606.06	1850	59.641935	0.0	3293455	597	1.85	32.627	193	1816	58.74999999999995
1634622609.87	1850	59.666667	0.0	3114298	543	1.85	36.627	195	2056	59.5
1634622613.67	1850	59.968524	0.0	3242905	535	1.85	40.63	197	2297	59.70522108418686
1634622617.53	1850	59.995005	0.0	3471163	569	1.85	44.628	205	2536	57.778889444722395
1634622621.89	1850	59.690542	0.0	3435610	568	1.85	48.631	227	2777	54.70896827379465
1634622626.2	1850	59.463899	0.0	3219962	516	1.85	52.64	239	3017	56.87203791469194
1634622629.98	1850	59.530515	0.0	3210875	518	1.85	56.641	245	3257	58.4853786553362
1634622633.94	1850	59.834864	0.0	3463194	662	1.85	60.642	251	3497	58.4853786553361
1634622637.75	1850	59.861183	0.0	3109497	541	1.85	64.642	255	3737	59.00000000000011
1634622642.08	1850	59.595313	0.0	3080559	547	1.85	68.643	259	3977	58.98525368657828
1634622645.94	1850	59.61896	0.0	3091453	579	1.85	72.643	267	4217	58
1634622649.85	1850	59.683334	0.0	3357725	589	1.85	76.643	285	4457	55.5
1634622653.67	1850	59.988654	0.0	3210261	536	1.85	80.644	291	4697	58.4853786553361
1634622658.02	1850	59.769195	0.0	3209878	544	1.85	84.644	311	4937	55
1634622661.78	1850	59.816667	0.0	3173733	524	1.85	88.644	313	5177	59.5
1634622666.07	1850	59.511562	0.0	3198667	499	1.85	92.644	317	5418	59.25
1634622669.85	1850	59.814016	0.0	3149583	500	1.85	96.644	321	5658	59
1634622673.67	1850	59.873197	0.0	3234318	537	1.85	100.645	323	5898	59.485128717820686
1634622678.01	1850	59.575804	0.0	3447749	566	1.85	104.645	339	6137	55.75
1634622681.79	1850	59.839621	0.0	3160804	507	1.85	108.646	347	6378	58.235441139715
1634622686.02	1850	59.577722	0.0	3083737	489	1.85	112.646	349	6618	59.5
1634622689.86	1850	59.931073	0.0	3324674	529	1.85	116.646	379	6858	52.5
1634622693.61	1850	59.955558	0.0	3341849	493	1.85	120.646	382	7098	59.25
