1634607459.58	750	4	0.119	216384	31	-0.5067	0	0	0	0
1634607459.75	300	8	0.0	236485	29	-0.15000000000000002	0	0	0	0
1634607459.88	300	12	0.0	218986	30	0.3	0	0	0	0
1634607460.06	300	16	0.0	217799	28	0.3	0	0	0	0
1634607460.27	300	20	0.0	230217	39	0.3	0	0	0	0
1634607460.39	300	24	0.0	224507	33	0.3	0	0	0	0
1634607460.51	300	28	0.0	232367	33	0.3	0	0	0	0
1634607460.63	300	32	0.0	227584	38	0.3	0	0	0	0
1634607460.81	300	36	0.0	220321	37	0.3	0	0	0	0
1634607460.94	300	40	0.0	232282	37	0.3	0	0	0	0
1634607461.07	300	44	0.0	233963	42	0.3	0	0	0	0
1634607461.2	300	48	0.0	216411	35	0.3	0	0	0	0
1634607461.36	300	52	0.0	246147	55	0.3	0	0	0	0
1634607461.47	300	56	0.0	208634	27	0.3	0	0	0	0
1634607461.61	300	59.916021	0.0	225731	33	0.3	0	0	0	0
1634607466.27	300	59.464277	0.0	226480	35	0.3	5.357	0	42	0
1634607470.02	300	59.74927	0.0	215806	8	0.3	9.362	0	162	29.962546816479403
1634607474.22	300	59.466667	0.0	227416	42	0.3	13.374	0	282	29.910269192422728
1634607477.92	300	59.80627	0.0	225400	36	0.3	17.375	0	402	29.99250187453137
1634607482.11	300	59.56707	0.0	224611	41	0.3	21.375	0	522	30
1634607485.81	300	59.857529	0.0	229757	47	0.3	25.375	0	642	30
1634607490.04	300	59.598312	0.0	220298	4	0.3	29.375	0	762	30
1634607493.68	300	59.926899	0.0	226443	41	0.3	33.375	0	882	30
1634607497.87	300	59.672352	0.0	217694	51	0.3	37.375	0	1002	30
1634607501.61	300	59.975419	0.0	222958	46	0.3	41.375	0	1122	30
1634607505.84	300	59.989599	0.0	235152	39	0.3	45.385	0	1243	30.17456359102246
1634607510.08	300	59.718639	0.0	223149	49	0.3	49.376	0	1362	29.817088449010274
1634607514.25	300	59.476867	0.0	228977	45	0.3	53.385	0	1483	30.182090296832126
1634607517.96	300	59.848676	0.0	222941	47	0.3	57.385	0	1603	30
1634607522.15	300	59.576681	0.0	233161	43	0.3	61.386	0	1723	29.99250187453133
1634607525.84	300	59.873327	0.0	219759	34	0.3	65.386	0	1843	30.000000000000053
1634607530.08	300	59.640913	0.0	226806	38	0.3	69.386	0	1963	30
1634607533.79	300	59.976265	0.0	221281	31	0.3	73.387	0	2083	29.99250187453133
1634607537.98	300	59.704551	0.0	223179	24	0.3	77.387	0	2203	30
1634607542.19	300	59.433334	0.0	220510	36	0.3	81.388	0	2323	29.99250187453133
1634607545.89	300	59.726649	0.0	226428	50	0.3	85.391	0	2443	29.977516862353234
1634607550.16	300	59.451104	0.0	226474	25	0.3	89.39	0	2563	30.007501875468904
1634607553.85	300	59.744101	0.0	230919	41	0.3	93.392	0	2683	29.98500749625191
1634607558.05	300	59.745233	0.0	218516	41	0.3	97.392	0	2803	30
1634607562.26	300	59.467223	0.0	221177	41	0.3	101.391	0	2923	30.007501875468797
1634607566.0	300	59.749729	0.0	226885	29	0.3	105.392	0	3043	29.99250187453144
1634607570.2	300	59.475631	0.0	224090	43	0.3	109.392	0	3163	30
1634607573.92	300	59.814961	0.0	220991	53	0.3	113.392	0	3283	30
1634607578.06	300	59.535186	0.0	225771	22	0.3	117.392	0	3403	30
1634607581.74	300	59.838281	0.0	226386	56	0.3	121.393	0	3523	29.99250187453133
