1634616320.07	750	4	0.428	1685249	304	-1.8354	0	0	0	0
1634616320.52	1200	8	0.0	1781540	254	0.75	0	0	0	0
1634616320.95	1200	11.878052	0.0	1722737	268	1.2	0	0	0	0
1634616321.42	1200	15.429792	0.0	1740707	299	1.2	0	0	0	0
1634616321.88	1200	18.95	0.0	1752806	276	1.2	0	0	0	0
1634616322.31	1200	22.541141	0.0	1706225	271	1.2	0	0	0	0
1634616322.81	1200	26.05	0.0	1829999	290	1.2	0	0	0	0
1634616323.26	1200	29.572598	0.0	1721616	274	1.2	4.595	3	145	0
1634616323.82	1200	33.12663	0.0	1715269	273	1.2	4.595	3	145	0
1634616324.27	1200	36.566667	0.0	1769586	244	1.2	4.595	3	145	0
1634616324.75	1200	40.083334	0.0	1849979	299	1.2	4.595	3	145	0
1634616325.22	1200	43.628914	0.0	1693292	290	1.2	4.595	3	145	0
1634616325.76	1200	47.102578	0.0	1905664	319	1.2	4.595	3	145	0
1634616326.22	1200	50.618533	0.0	1623155	279	1.2	4.595	3	145	0
1634616326.68	1200	54.133793	0.0	1754132	314	1.2	4.595	3	145	0
1634616327.14	1200	57.7	0.0	1752304	282	1.2	4.595	3	145	0
1634616329.14	1200	59.739127	0.0	1690172	273	1.2	8.595	7	386	59.249999999999986
1634616333.16	1200	59.747647	0.0	1834922	292	1.2	12.596	11	626	58.98525368657836
1634616337.14	1200	59.761841	0.0	1776705	281	1.2	16.596	11	866	60
1634616341.22	1200	59.764672	0.0	1719504	277	1.2	20.597	14	1106	59.23519120219943
1634616345.25	1200	59.817309	0.0	1807724	266	1.2	24.598	15	1346	59.73506623344167
1634616349.23	1200	59.876799	0.0	1718882	280	1.2	28.598	16	1586	59.75
1634616353.33	1200	59.616896	0.0	1803226	305	1.2	32.598	18	1826	59.5
1634616357.36	1200	59.641264	0.0	1686003	288	1.2	36.598	19	2066	59.75
1634616361.34	1200	59.6624	0.0	1737120	239	1.2	40.6	19	2306	59.970014992503714
1634616364.89	1200	59.962051	0.0	1801713	284	1.2	44.6	20	2546	59.75
1634616368.95	1200	59.936608	0.0	1846078	297	1.2	48.6	24	2786	59
1634616372.98	1200	59.913506	0.0	1749409	284	1.2	52.6	27	3026	59.25
1634616377.0	1200	59.923624	0.0	1753415	282	1.2	56.601	28	3266	59.73506623344167
1634616380.98	1200	59.939689	0.0	1802826	278	1.2	60.6	28	3506	60.0150037509377
1634616384.94	1200	59.985173	0.0	1711828	286	1.2	64.601	28	3746	59.98500374906277
1634616389.49	1200	59.435961	0.0	1677116	285	1.2	68.602	29	3986	59.73506623344157
1634616393.55	1200	59.458608	0.0	1696497	315	1.2	72.602	30	4226	59.75
1634616397.1	1200	59.763814	0.0	1789902	281	1.2	76.602	32	4466	59.5
1634616401.16	1200	59.785724	0.0	1750744	287	1.2	80.602	33	4706	59.75
1634616405.21	1200	59.803427	0.0	1795743	328	1.2	84.602	34	4946	59.75
1634616409.22	1200	59.822425	0.0	1747384	270	1.2	88.602	35	5186	59.75
1634616413.26	1200	59.836371	0.0	1755372	282	1.2	92.603	36	5426	59.73506623344178
1634616417.2	1200	59.852431	0.0	1684976	252	1.2	96.61	36	5667	60.14474669328667
1634616421.17	1200	59.870514	0.0	1728132	267	1.2	100.611	37	5907	59.73506623344157
1634616425.2	1200	59.886506	0.0	1808301	292	1.2	104.611	39	6147	59.5
1634616429.25	1200	59.618958	0.0	1726475	305	1.2	108.612	41	6387	59.485128717820686
1634616433.28	1200	59.629424	0.0	1726086	303	1.2	112.611	43	6627	59.51487871967978
1634616437.28	1200	59.643123	0.0	1805658	282	1.2	116.612	44	6867	59.73506623344178
1634616441.27	1200	59.700816	0.0	1787150	313	1.2	120.612	44	7107	60
