1634617262.43	750	4	0.189	450171	89	-0.8077	0	0	0	0
1634617262.62	300	8	0.0	479340	77	-0.15000000000000002	0	0	0	0
1634617262.82	300	12	0.0	482464	89	0.3	0	0	0	0
1634617263.12	300	16	0.0	473027	180	0.3	0	0	0	0
1634617263.29	300	20	0.0	482174	81	0.3	0	0	0	0
1634617263.46	300	24	0.0	467405	76	0.3	0	0	0	0
1634617263.63	300	28	0.0	481853	71	0.3	0	0	0	0
1634617263.82	300	32	0.0	476808	76	0.3	0	0	0	0
1634617264.03	300	35.996727	0.0	475686	79	0.3	0	0	0	0
1634617264.23	300	39.794652	0.0	478640	82	0.3	0	0	0	0
1634617264.46	300	43.551576	0.0	489636	84	0.3	0	0	0	0
1634617264.66	300	47.35	0.0	459485	69	0.3	0	0	0	0
1634617264.88	300	51.147796	0.0	510706	81	0.3	0	0	0	0
1634617265.05	300	54.986725	0.0	453259	71	0.3	0	0	0	0
1634617265.26	300	58.743129	0.0	480339	86	0.3	0	0	0	0
1634617268.49	300	59.820029	0.0	470888	70	0.3	5.144	0	105	0
1634617272.27	300	59.845194	0.0	467296	85	0.3	9.145	0	345	59.98500374906274
1634617276.55	300	59.585178	0.0	476280	78	0.3	13.145	0	585	60
1634617280.35	300	59.892476	0.0	482436	91	0.3	17.145	0	825	60
1634617284.62	300	59.618173	0.0	460532	76	0.3	21.145	0	1065	60
1634617288.37	300	59.918578	0.0	476583	77	0.3	25.145	0	1305	60
1634617292.11	300	59.948214	0.0	465070	81	0.3	29.145	0	1545	60
1634617296.31	300	59.981498	0.0	482219	75	0.3	33.148	0	1785	59.95503372470642
1634617300.5	300	59.724641	0.0	461632	72	0.3	37.149	0	2025	59.98500374906277
1634617304.76	300	59.462315	0.0	462277	74	0.3	41.149	0	2266	60.25
1634617308.54	300	59.772402	0.0	490432	88	0.3	45.16	0	2506	59.83545250560964
1634617312.31	300	59.788076	0.0	489711	82	0.3	49.149	0	2746	60.165455001253385
1634617316.55	300	59.527672	0.0	467054	77	0.3	53.152	0	2986	59.95503372470647
1634617320.3	300	59.82897	0.0	476238	74	0.3	57.151	0	3226	60.0150037509377
1634617324.56	300	59.570263	0.0	474119	93	0.3	61.15	0	3466	60.01500375093781
1634617328.33	300	59.914254	0.0	476910	87	0.3	65.151	0	3706	59.98500374906277
1634617332.12	300	59.934145	0.0	490660	93	0.3	69.152	0	3945	59.73506623344157
1634617336.38	300	59.664957	0.0	470742	77	0.3	73.152	0	4186	60.25
1634617340.13	300	59.958304	0.0	497446	81	0.3	77.16	0	4426	59.88023952095815
1634617344.38	300	59.701875	0.0	456821	77	0.3	81.16	0	4666	60
1634617348.66	300	59.433334	0.0	484228	90	0.3	85.16	0	4906	60
1634617352.39	300	59.735926	0.0	471941	68	0.3	89.16	0	5146	60
1634617356.66	300	59.504392	0.0	464051	83	0.3	93.16	0	5386	60
1634617360.43	300	59.808165	0.0	471791	88	0.3	97.161	0	5626	59.98500374906266
1634617364.67	300	59.540145	0.0	478859	80	0.3	101.162	0	5866	59.98500374906266
1634617368.42	300	59.861008	0.0	488451	79	0.3	105.162	0	6106	60
1634617372.66	300	59.590073	0.0	444887	42	0.3	109.162	0	6346	60
1634617376.37	300	59.92366	0.0	452873	83	0.3	113.163	0	6586	59.98500374906288
1634617380.11	300	59.940645	0.0	492347	93	0.3	117.163	0	6826	60
1634617384.33	300	59.958349	0.0	496200	78	0.3	121.163	0	7066	60
