1634621062.94	750	4	0.127	216384	45	-0.5411	0	0	0	0
1634621063.1	300	8	0.0	236485	40	-0.15000000000000002	0	0	0	0
1634621063.23	300	12	0.0	218986	4	0.3	0	0	0	0
1634621063.36	300	16	0.0	217799	25	0.3	0	0	0	0
1634621063.49	300	20	0.0	230217	49	0.3	0	0	0	0
1634621063.65	300	24	0.0	224507	35	0.3	0	0	0	0
1634621063.8	300	28	0.0	232367	48	0.3	0	0	0	0
1634621063.92	300	32	0.0	227584	35	0.3	0	0	0	0
1634621064.05	300	36	0.0	220321	28	0.3	0	0	0	0
1634621064.17	300	40	0.0	232282	42	0.3	0	0	0	0
1634621064.3	300	44	0.0	233963	42	0.3	0	0	0	0
1634621064.42	300	48	0.0	216411	34	0.3	0	0	0	0
1634621064.58	300	51.91384	0.0	246147	33	0.3	0	0	0	0
1634621064.71	300	55.752901	0.0	208634	31	0.3	0	0	0	0
1634621064.83	300	59.669623	0.0	225731	31	0.3	0	0	0	0
1634621069.02	300	59.7288	0.0	226480	33	0.3	5.42	0	55	0
1634621073.26	300	59.449828	0.0	215806	25	0.3	9.42	0	175	30
1634621076.99	300	59.742008	0.0	227416	40	0.3	13.42	0	295	30
1634621080.72	300	59.789697	0.0	225400	53	0.3	17.42	0	415	29.999999999999986
1634621084.93	300	59.838224	0.0	224611	28	0.3	21.422	0	535	29.98500749625188
1634621088.62	300	59.883185	0.0	229757	48	0.3	25.423	0	655	29.992501874531385
1634621092.79	300	59.939758	0.0	220298	39	0.3	29.423	0	775	30
1634621096.98	300	59.689486	0.0	226443	36	0.3	33.425	0	895	29.98500749625188
1634621100.7	300	59.989196	0.0	217694	39	0.3	37.426	0	1015	29.99250187453133
1634621104.93	300	59.754386	0.0	222958	50	0.3	41.427	0	1135	29.992501874531385
1634621109.14	300	59.486889	0.0	235152	24	0.3	45.427	0	1255	30
1634621112.81	300	59.77487	0.0	223149	36	0.3	49.426	0	1375	30.00750187546885
1634621117.01	300	59.562993	0.0	228977	25	0.3	53.427	0	1495	29.992501874531385
1634621120.68	300	59.853118	0.0	222941	41	0.3	57.428	0	1615	29.992501874531385
1634621124.89	300	59.876182	0.0	233161	35	0.3	61.441	0	1736	30.152005980563132
1634621129.07	300	59.603263	0.0	219759	36	0.3	65.452	0	1856	29.91772625280482
1634621132.75	300	59.933334	0.0	226806	49	0.3	69.452	0	1976	30
1634621136.96	300	59.695279	0.0	221281	35	0.3	73.452	0	2096	30
1634621140.67	300	59.995902	0.0	223179	50	0.3	77.452	0	2216	30
1634621144.88	300	59.766674	0.0	220510	33	0.3	81.453	0	2336	29.99250187453133
1634621149.16	300	59.520833	0.0	226428	46	0.3	85.453	0	2456	30
1634621152.88	300	59.818126	0.0	226474	32	0.3	89.463	0	2576	29.92518703241902
1634621157.09	300	59.536546	0.0	230919	39	0.3	93.467	0	2697	30.219780219780183
1634621160.76	300	59.833794	0.0	218516	46	0.3	97.476	0	2817	29.93265153404839
1634621164.96	300	59.544611	0.0	221177	42	0.3	101.48	0	2937	29.970029970029934
1634621168.67	300	59.830372	0.0	226885	24	0.3	105.48	0	3057	30
1634621172.88	300	59.878517	0.0	224090	44	0.3	109.492	0	3177	29.910269192422728
1634621177.06	300	59.615176	0.0	220991	36	0.3	113.492	0	3297	30
1634621180.76	300	59.91743	0.0	225771	46	0.3	117.492	0	3417	30
1634621184.95	300	59.678153	0.0	226386	62	0.3	121.493	0	3537	29.99250187453144
