1634626298.31	750	4	0.342	1027433	201	-1.4655999999999998	0	0	0	0
1634626298.64	1200	8	0.0	1033094	183	0.75	0	0	0	0
1634626298.95	1200	12	0.0	1112859	203	1.2	0	0	0	0
1634626299.27	1200	16	0.0	1072091	174	1.2	0	0	0	0
1634626299.6	1200	20	0.0	1097552	206	1.2	0	0	0	0
1634626299.94	1200	23.874074	0.0	1089913	209	1.2	0	0	0	0
1634626300.24	1200	27.550944	0.0	1088005	189	1.2	0	0	0	0
1634626300.55	1200	31.268868	0.0	1080926	191	1.2	0	0	0	0
1634626300.9	1200	34.906384	0.0	1075186	205	1.2	0	0	0	0
1634626301.2	1200	38.6224	0.0	1100003	180	1.2	0	0	0	0
1634626301.6	1200	42.218851	0.0	1089392	250	1.2	5.287	0	46	0
1634626301.93	1200	45.895635	0.0	1048032	186	1.2	5.287	0	46	0
1634626302.29	1200	49.533334	0.0	1147785	219	1.2	5.287	0	46	0
1634626302.62	1200	53.209704	0.0	1002936	195	1.2	5.287	0	46	0
1634626302.98	1200	56.847277	0.0	1102694	175	1.2	5.287	0	46	0
1634626303.83	1200	59.997547	0.0	1084569	192	1.2	5.287	0	46	0
1634626308.2	1200	59.727919	0.0	1055419	187	1.2	9.286	0	166	30.00750187546887
1634626312.13	1200	59.780593	0.0	1063815	176	1.2	13.286	0	286	30
1634626316.06	1200	59.8	0.0	1133223	187	1.2	17.287	0	406	29.99250187453137
1634626320.48	1200	59.515528	0.0	1073029	194	1.2	21.288	0	526	29.992501874531357
1634626324.34	1200	59.580463	0.0	1083265	225	1.2	25.289	0	646	29.992501874531357
1634626328.25	1200	59.610206	0.0	1075789	286	1.2	29.288	0	766	30.007501875468876
1634626332.12	1200	59.910297	0.0	1076090	204	1.2	33.289	0	886	29.992501874531357
1634626336.0	1200	59.928269	0.0	1020386	215	1.2	37.289	0	1006	30
1634626340.38	1200	59.660408	0.0	1065194	182	1.2	41.289	0	1126	30
1634626343.91	1200	59.996139	0.0	1124023	233	1.2	45.289	0	1246	30
1634626348.34	1200	59.739381	0.0	1128063	179	1.2	49.29	0	1367	30.24243939015248
1634626352.17	1200	59.791154	0.0	1090975	184	1.2	53.291	0	1487	29.992501874531385
1634626356.06	1200	59.805485	0.0	1102350	200	1.2	57.291	0	1607	30
1634626360.41	1200	59.529288	0.0	1105578	190	1.2	61.291	0	1727	30
1634626364.25	1200	59.823046	0.0	1020290	178	1.2	65.292	0	1847	29.99250187453133
1634626368.1	1200	59.84133	0.0	1053290	189	1.2	69.291	0	1967	30.007501875468904
1634626371.99	1200	59.857057	0.0	1095971	205	1.2	73.292	0	2087	29.99250187453133
1634626376.36	1200	59.626423	0.0	1092760	192	1.2	77.307	0	2207	29.887920298879198
1634626380.18	1200	59.641761	0.0	1082760	127	1.2	81.306	0	2327	30.007501875468904
1634626383.99	1200	59.94856	0.0	1075795	175	1.2	85.306	0	2447	30
1634626388.32	1200	59.682284	0.0	1052643	165	1.2	89.307	0	2567	29.99250187453133
1634626392.2	1200	59.707651	0.0	1136208	175	1.2	93.307	0	2687	30
1634626396.08	1200	59.761362	0.0	1026937	179	1.2	97.307	0	2807	30
1634626400.48	1200	59.476296	0.0	1090516	197	1.2	101.308	0	2927	29.99250187453133
1634626404.32	1200	59.776679	0.0	1126916	182	1.2	105.308	0	3047	30
1634626408.14	1200	59.839235	0.0	1032576	179	1.2	109.308	0	3167	30
1634626412.01	1200	59.859611	0.0	1059276	173	1.2	113.329	0	3288	30.092016911216216
1634626416.42	1200	59.598133	0.0	1142916	192	1.2	117.328	0	3408	30.007501875468797
1634626420.31	1200	59.61575	0.0	1105832	199	1.2	121.328	0	3528	30
