1634625592.46	750	4	0.474	1913263	334	-2.0332	0	0	0	0
1634625593.05	1850	8	0.0	2089029	372	0.75	0	0	0	0
1634625593.54	1850	12	0.0	2096691	329	1.85	0	0	0	0
1634625594.1	1850	15.874022	0.0	2102150	362	1.85	0	0	0	0
1634625594.66	1850	19.349852	0.0	2202821	397	1.85	0	0	0	0
1634625595.23	1850	22.744854	0.0	2122248	372	1.85	0	0	0	0
1634625595.84	1850	26.139851	0.0	2085229	435	1.85	5.216	0	44	0
1634625596.41	1850	29.574464	0.0	2110319	391	1.85	5.216	0	44	0
1634625597.01	1850	32.969155	0.0	2159897	391	1.85	5.216	0	44	0
1634625597.57	1850	36.405334	0.0	2169645	394	1.85	5.216	0	44	0
1634625598.17	1850	39.8	0.0	2138606	402	1.85	5.216	0	44	0
1634625598.75	1850	43.23453	0.0	2043307	356	1.85	5.216	0	44	0
1634625599.37	1850	46.628387	0.0	2327436	353	1.85	5.216	0	44	0
1634625599.94	1850	50.064762	0.0	1904210	330	1.85	9.218	0	164	29.985007496251875
1634625600.54	1850	53.459214	0.0	2144078	350	1.85	9.218	0	164	29.985007496251875
1634625601.15	1850	56.852968	0.0	2096332	358	1.85	9.218	0	164	29.985007496251875
1634625602.33	1850	59.758189	0.0	1978857	321	1.85	9.218	0	164	29.985007496251875
1634625606.45	1850	59.779127	0.0	2103885	370	1.85	13.219	0	284	29.99250187453137
1634625610.56	1850	59.53153	0.0	2123697	345	1.85	17.219	0	404	29.999999999999986
1634625614.27	1850	59.859234	0.0	2101249	510	1.85	21.219	0	524	30
1634625618.35	1850	59.874991	0.0	2221891	356	1.85	25.221	0	644	29.98500749625188
1634625622.52	1850	59.62817	0.0	2069811	361	1.85	29.221	0	764	30
1634625626.1	1850	59.946219	0.0	2168537	347	1.85	33.222	0	884	29.992501874531357
1634625630.15	1850	59.976899	0.0	2104614	336	1.85	37.222	0	1004	30
1634625634.7	1850	59.45478	0.0	2073522	316	1.85	41.223	0	1124	29.992501874531385
1634625638.27	1850	59.743285	0.0	2173759	339	1.85	45.233	0	1244	29.925187032418968
1634625642.34	1850	59.767885	0.0	2112825	350	1.85	49.223	0	1364	30.075187969924798
1634625646.45	1850	59.783006	0.0	2152172	356	1.85	53.224	0	1484	29.992501874531385
1634625650.52	1850	59.582683	0.0	2125345	343	1.85	57.224	0	1604	30
1634625654.2	1850	59.895398	0.0	2144544	462	1.85	61.225	0	1724	29.99250187453133
1634625658.25	1850	59.919205	0.0	2005686	314	1.85	65.225	0	1844	30.000000000000053
1634625662.51	1850	59.665353	0.0	2107587	353	1.85	69.225	0	1964	30
1634625666.14	1850	59.961642	0.0	2129753	332	1.85	73.225	0	2084	30
1634625670.25	1850	59.972717	0.0	2230435	381	1.85	77.225	0	2204	30
1634625674.4	1850	59.709243	0.0	2145105	404	1.85	81.226	0	2324	29.99250187453133
1634625678.66	1850	59.528062	0.0	2084291	411	1.85	85.226	0	2444	30
1634625682.27	1850	59.8498	0.0	2076226	357	1.85	89.226	0	2564	30
1634625686.39	1850	59.603786	0.0	2125976	406	1.85	93.226	0	2684	30
1634625690.41	1850	59.658299	0.0	1990834	332	1.85	97.226	0	2804	30
1634625694.47	1850	59.735742	0.0	2100565	355	1.85	101.227	0	2924	29.99250187453133
1634625698.61	1850	59.501261	0.0	2267754	382	1.85	105.227	0	3044	30
1634625702.27	1850	59.806851	0.0	2012700	390	1.85	109.234	0	3164	29.947591714499694
1634625706.34	1850	59.825679	0.0	2099151	394	1.85	113.227	0	3284	30.05259203606304
1634625710.37	1850	59.869264	0.0	2201867	349	1.85	117.228	0	3404	29.99250187453144
1634625714.58	1850	59.626175	0.0	2187933	335	1.85	121.24	0	3525	30.159521435692916
