1634627236.09	750	4	0.193	424762	96	-0.8249	0	0	0	0
1634627236.29	750	8	0.0	426330	62	0.75	0	0	0	0
1634627236.48	750	12	0.0	449994	80	0.75	0	0	0	0
1634627236.74	750	15.946547	0.0	431398	98	0.75	0	0	0	0
1634627236.93	750	19.74476	0.0	443117	86	0.75	0	0	0	0
1634627237.1	750	23.543338	0.0	436277	70	0.75	0	0	0	0
1634627237.28	750	27.381863	0.0	439594	73	0.75	0	0	0	0
1634627237.47	750	31.178553	0.0	433964	75	0.75	0	0	0	0
1634627237.68	750	34.976738	0.0	430713	76	0.75	0	0	0	0
1634627237.9	750	38.775475	0.0	440056	82	0.75	0	0	0	0
1634627238.15	750	42.533334	0.0	455141	76	0.75	0	0	0	0
1634627238.37	750	46.290028	0.0	426996	65	0.75	0	0	0	0
1634627238.63	750	50.087856	0.0	471493	78	0.75	0	0	0	0
1634627238.83	750	53.841637	0.0	400302	47	0.75	0	0	0	0
1634627239.03	750	57.640232	0.0	448474	61	0.75	0	0	0	0
1634627241.22	750	59.447075	0.0	445607	76	0.75	4.614	0	86	0
1634627244.93	750	59.744444	0.0	411626	61	0.75	8.613	0	206	30.00750187546887
1634627249.16	750	59.483369	0.0	430480	66	0.75	12.613	0	326	30
1634627252.88	750	59.793258	0.0	442297	87	0.75	16.614	0	446	29.992501874531357
1634627257.16	750	59.804509	0.0	447875	80	0.75	20.614	0	566	30
1634627260.89	750	59.847184	0.0	446481	67	0.75	24.615	0	686	29.992501874531385
1634627265.13	750	59.573516	0.0	434796	74	0.75	28.614	0	806	30.00750187546885
1634627268.85	750	59.874548	0.0	442748	66	0.75	32.616	0	926	29.98500749625188
1634627273.09	750	59.595344	0.0	418479	76	0.75	36.615	0	1046	30.00750187546885
1634627276.83	750	59.888592	0.0	439171	80	0.75	40.616	0	1166	29.992501874531385
1634627281.03	750	59.893718	0.0	449404	67	0.75	44.616	0	1286	30
1634627284.74	750	59.939334	0.0	422644	61	0.75	48.617	0	1406	29.992501874531385
1634627289.04	750	59.667828	0.0	443628	117	0.75	52.617	0	1526	30
1634627292.79	750	59.966667	0.0	431627	75	0.75	56.616	0	1646	30.00750187546885
1634627297.04	750	59.726592	0.0	456770	86	0.75	60.617	0	1766	29.992501874531385
1634627301.24	750	59.488427	0.0	425981	69	0.75	64.617	0	1886	29.999999999999947
1634627304.98	750	59.781167	0.0	437493	69	0.75	68.618	0	2006	29.99250187453144
1634627309.24	750	59.511154	0.0	434822	83	0.75	72.618	0	2126	30
1634627312.97	750	59.809954	0.0	453909	74	0.75	76.619	0	2246	29.99250187453133
1634627317.26	750	59.523513	0.0	435539	78	0.75	80.619	0	2366	30
1634627320.98	750	59.821841	0.0	437746	63	0.75	84.62	0	2486	29.99250187453133
1634627325.25	750	59.543863	0.0	422693	71	0.75	88.621	0	2606	29.99250187453144
1634627328.96	750	59.881636	0.0	452093	83	0.75	92.621	0	2726	30
1634627333.18	750	59.612391	0.0	425677	58	0.75	96.622	0	2846	29.99250187453133
1634627336.94	750	59.985563	0.0	430316	78	0.75	100.622	0	2966	30
1634627341.18	750	59.766667	0.0	453394	78	0.75	104.622	0	3086	30
1634627345.41	750	59.473727	0.0	433396	66	0.75	108.622	0	3206	30
1634627349.1	750	59.756187	0.0	432118	68	0.75	112.622	0	3326	30
1634627353.31	750	59.474949	0.0	447207	65	0.75	116.623	0	3446	29.99250187453133
1634627357.06	750	59.809765	0.0	437559	77	0.75	120.623	0	3566	30
