1634624924.51	750	4	0.657	2903817	471	-2.8201	0	0	0	0
1634624925.25	2850	8	0.0	3210755	522	0.75	0	0	0	0
1634624926.01	2850	12	0.0	3297850	523	2.85	0	0	0	0
1634624926.7	2850	15.712996	0.0	3113688	509	2.85	0	0	0	0
1634624927.46	2850	18.945741	0.0	3434179	551	2.85	5.427	0	29	0
1634624928.44	2850	22.217197	0.0	3246645	539	2.85	5.427	0	29	0
1634624929.2	2850	25.208378	0.0	3230273	526	2.85	5.427	0	29	0
1634624929.94	2850	28.439523	0.0	3265296	535	2.85	5.427	0	29	0
1634624930.74	2850	31.673104	0.0	3330293	559	2.85	5.427	0	29	0
1634624931.53	2850	34.867479	0.0	3397189	557	2.85	9.426	0	149	30.00750187546886
1634624932.38	2850	38.020795	0.0	3383124	552	2.85	9.426	0	149	30.00750187546886
1634624933.11	2850	41.292572	0.0	3153089	508	2.85	9.426	0	149	30.00750187546886
1634624933.88	2850	44.524428	0.0	3557106	566	2.85	9.426	0	149	30.00750187546886
1634624934.63	2850	47.757476	0.0	3063784	506	2.85	9.426	0	149	30.00750187546886
1634624935.37	2850	51.031254	0.0	3220745	507	2.85	13.429	0	269	29.977516862353234
