1634602484.03	750	4	0.719	3074737	503	-3.0867	0	0	0	0
1634602484.84	1850	8	0.0	3160992	441	0.75	0	0	0	0
1634602485.61	1850	12	0.0	3235310	528	1.85	0	0	0	0
1634602486.38	1850	15.316667	0.0	3213562	515	1.85	0	0	0	0
1634602487.14	1850	18.533334	0.0	3305813	519	1.85	5.568	5	64	0
1634602487.93	1850	21.75	0.0	3195623	510	1.85	5.568	5	64	0
1634602488.69	1850	24.966667	0.0	3306050	533	1.85	5.568	5	64	0
1634602489.44	1850	28.233334	0.0	3145358	518	1.85	5.568	5	64	0
1634602490.17	1850	31.483334	0.0	3239444	505	1.85	5.568	5	64	0
1634602490.99	1850	34.716667	0.0	3183282	534	1.85	9.569	26	304	54.73631592101973
1634602491.91	1850	37.816667	0.0	3355795	591	1.85	9.569	26	304	54.73631592101973
1634602492.73	1850	40.933334	0.0	3134957	563	1.85	9.569	26	304	54.73631592101973
1634602493.59	1850	44.116667	0.0	3565391	585	1.85	9.569	26	304	54.73631592101973
1634602494.28	1850	47.366667	0.0	2977189	473	1.85	9.569	26	304	54.73631592101973
1634602495.1	1850	50.566667	0.0	3347917	542	1.85	13.569	93	544	43.25
1634602495.89	1850	53.783334	0.0	3231663	551	1.85	13.569	93	544	43.25
1634602496.62	1850	57.066667	0.0	3077749	477	1.85	13.569	93	544	43.25
1634602497.9	1850	59.897236	0.0	3395248	517	1.85	13.569	93	544	43.25
1634602501.73	1850	59.931636	0.0	3300898	501	1.85	17.569	136	780	48.25000000000002
1634602506.0	1850	59.674112	0.0	3229020	488	1.85	21.57	151	1024	57.235691077230676
1634602509.82	1850	59.950269	0.0	3459954	546	1.85	25.569	151	1264	60.01500375093775
