1634632226.45	750	4	0.46	1913263	336	-1.9729999999999999	0	0	0	0
1634632227.0	1850	8	0.0	2089029	360	0.75	0	0	0	0
1634632227.52	1850	11.633334	0.0	2096691	354	1.85	0	0	0	0
1634632228.07	1850	15.108518	0.0	2102150	372	1.85	0	0	0	0
1634632228.63	1850	18.542281	0.0	2202821	365	1.85	0	0	0	0
1634632229.16	1850	22.018234	0.0	2122248	329	1.85	0	0	0	0
1634632229.72	1850	25.453914	0.0	2085229	351	1.85	4.644	0	72	0
1634632230.21	1850	28.928167	0.0	2110319	331	1.85	4.644	0	72	0
1634632230.74	1850	32.443556	0.0	2159897	350	1.85	4.644	0	72	0
1634632231.31	1850	35.837687	0.0	2169645	332	1.85	4.644	0	72	0
1634632231.84	1850	39.313382	0.0	2138606	363	1.85	4.644	0	72	0
1634632232.34	1850	42.829028	0.0	2043307	320	1.85	4.644	0	72	0
1634632232.9	1850	46.26401	0.0	2327436	365	1.85	4.644	0	72	0
1634632233.38	1850	49.780731	0.0	1904210	312	1.85	4.644	0	72	0
1634632233.92	1850	53.255912	0.0	2144078	333	1.85	8.645	0	192	29.99250187453137
1634632234.46	1850	56.690858	0.0	2096332	355	1.85	8.645	0	192	29.99250187453137
1634632235.47	1850	59.802493	0.0	1978857	317	1.85	8.645	0	192	29.99250187453137
1634632239.59	1850	59.852569	0.0	2103885	331	1.85	12.646	0	312	29.992501874531357
1634632243.73	1850	59.579802	0.0	2123697	344	1.85	16.646	0	432	30
1634632247.31	1850	59.868182	0.0	2101249	342	1.85	20.646	0	552	30
1634632251.43	1850	59.880785	0.0	2221891	349	1.85	24.692	0	673	29.906080079090465
1634632255.52	1850	59.925565	0.0	2069811	316	1.85	28.693	0	793	29.992501874531357
1634632259.66	1850	59.652998	0.0	2168537	353	1.85	32.694	0	913	29.992501874531357
1634632263.27	1850	59.993403	0.0	2104614	346	1.85	36.694	0	1033	30
1634632267.83	1850	59.434918	0.0	2073522	342	1.85	40.693	0	1153	30.007501875468904
1634632271.43	1850	59.733841	0.0	2173759	379	1.85	44.695	0	1273	29.985007496251857
1634632275.5	1850	59.758394	0.0	2112825	329	1.85	48.694	0	1393	30.00750187546885
1634632279.58	1850	59.778299	0.0	2152172	349	1.85	52.694	0	1513	30
1634632283.58	1850	59.79456	0.0	2125345	714	1.85	56.695	0	1633	29.992501874531385
1634632287.71	1850	59.519586	0.0	2144544	352	1.85	60.695	0	1753	30
1634632291.81	1850	59.533334	0.0	2005686	323	1.85	64.696	0	1873	29.992501874531385
1634632295.48	1850	59.827707	0.0	2107587	378	1.85	68.736	0	1995	30.198019801980152
1634632299.64	1850	59.59703	0.0	2129753	329	1.85	72.736	0	2115	30
1634632303.28	1850	59.901764	0.0	2230435	356	1.85	76.736	0	2235	30
1634632307.38	1850	59.90965	0.0	2145105	355	1.85	80.736	0	2355	30
1634632311.45	1850	59.915638	0.0	2084291	333	1.85	84.738	0	2475	29.98500749625191
1634632315.56	1850	59.625061	0.0	2076226	310	1.85	88.744	0	2595	29.955067398901647
1634632319.58	1850	59.633899	0.0	2125976	332	1.85	92.744	0	2715	30
1634632323.66	1850	59.64908	0.0	1990834	309	1.85	96.744	0	2835	30
1634632327.26	1850	59.933334	0.0	2100565	328	1.85	100.744	0	2955	30
1634632331.4	1850	59.949507	0.0	2267754	367	1.85	104.745	0	3075	29.99250187453133
1634632335.48	1850	59.956133	0.0	2012700	334	1.85	108.745	0	3195	30
1634632339.54	1850	59.679866	0.0	2099151	339	1.85	112.745	0	3315	30
1634632343.66	1850	59.729632	0.0	2201867	372	1.85	116.745	0	3435	30
1634632347.73	1850	59.521266	0.0	2187933	328	1.85	120.746	0	3555	29.99250187453144
