1634612916.37	750	4	0.248	1027433	168	-1.0614	0	0	0	0
1634612916.7	1200	8	0.0	1033094	149	0.75	0	0	0	0
1634612916.99	1200	12	0.0	1112859	179	1.2	0	0	0	0
1634612917.26	1200	15.916447	0.0	1072091	177	1.2	0	0	0	0
1634612917.57	1200	19.594187	0.0	1097552	171	1.2	0	0	0	0
1634612917.9	1200	23.270562	0.0	1089913	171	1.2	0	0	0	0
1634612918.22	1200	26.947563	0.0	1088005	181	1.2	0	0	0	0
1634612918.52	1200	30.623665	0.0	1080926	166	1.2	0	0	0	0
1634612918.86	1200	34.300946	0.0	1075186	194	1.2	0	0	0	0
1634612919.18	1200	37.978607	0.0	1100003	181	1.2	0	0	0	0
1634612919.48	1200	41.695946	0.0	1089392	164	1.2	0	0	0	0
1634612919.82	1200	45.330941	0.0	1048032	191	1.2	4.606	0	78	0
1634612920.16	1200	49.008064	0.0	1147785	177	1.2	4.606	0	78	0
1634612920.55	1200	52.603421	0.0	1002936	163	1.2	4.606	0	78	0
1634612920.92	1200	56.240475	0.0	1102694	192	1.2	4.606	0	78	0
1634612921.23	1200	59.957703	0.0	1084569	190	1.2	4.606	0	78	0
1634612925.62	1200	59.739278	0.0	1055419	167	1.2	8.606	0	198	30
1634612929.47	1200	59.791335	0.0	1063815	139	1.2	12.606	0	318	30
1634612933.84	1200	59.530187	0.0	1133223	181	1.2	16.608	0	438	29.985007496251868
1634612937.69	1200	59.571036	0.0	1073029	174	1.2	20.607	0	558	30.007501875468876
1634612941.57	1200	59.860057	0.0	1083265	163	1.2	24.608	0	678	29.992501874531357
1634612945.52	1200	59.910265	0.0	1075789	211	1.2	28.608	0	798	30
1634612949.35	1200	59.928006	0.0	1076090	167	1.2	32.608	0	918	30.00000000000003
1634612953.74	1200	59.649574	0.0	1020386	202	1.2	36.608	0	1038	30
1634612957.6	1200	59.66678	0.0	1065194	172	1.2	40.647	0	1160	30.205496410002464
1634612961.44	1200	59.968947	0.0	1124023	168	1.2	44.648	0	1280	29.99250187453133
1634612965.31	1200	59.980253	0.0	1128063	162	1.2	48.651	0	1400	29.977516862353234
1634612969.7	1200	59.739288	0.0	1090975	165	1.2	52.651	0	1520	30
1634612973.61	1200	59.75119	0.0	1102350	174	1.2	56.651	0	1640	30
1634612977.55	1200	59.76678	0.0	1105578	153	1.2	60.651	0	1760	30
1634612981.42	1200	59.804616	0.0	1020290	155	1.2	64.652	0	1880	29.992501874531385
1634612985.76	1200	59.5315	0.0	1053290	165	1.2	68.654	0	2000	29.98500749625191
1634612989.65	1200	59.577702	0.0	1095971	171	1.2	72.656	0	2120	29.985007496251804
1634612993.51	1200	59.877388	0.0	1092760	172	1.2	76.656	0	2240	30
1634612997.4	1200	59.929113	0.0	1082760	171	1.2	80.657	0	2360	29.99250187453144
1634613001.27	1200	59.93371	0.0	1075795	188	1.2	84.657	0	2480	30
1634613005.63	1200	59.685322	0.0	1052643	167	1.2	88.658	0	2600	29.99250187453133
1634613009.49	1200	59.700695	0.0	1136208	181	1.2	92.658	0	2720	30
1634613013.9	1200	59.460593	0.0	1026937	168	1.2	96.659	0	2840	29.99250187453133
1634613017.75	1200	59.478877	0.0	1090516	184	1.2	100.658	0	2960	30.007501875468904
1634613021.66	1200	59.771364	0.0	1126916	195	1.2	104.66	0	3080	29.98500749625191
1634613025.5	1200	59.779541	0.0	1032576	176	1.2	108.659	0	3200	30.007501875468797
1634613029.86	1200	59.500437	0.0	1059276	191	1.2	112.66	0	3320	29.99250187453144
1634613033.7	1200	59.515466	0.0	1142916	162	1.2	116.661	0	3440	29.99250187453133
1634613037.57	1200	59.827881	0.0	1105832	167	1.2	120.661	0	3560	30
