1634604201.57	750	4	0.288	450171	67	-1.2334	0	0	0	0
1634604201.78	300	8	0.0	479340	82	-0.15000000000000002	0	0	0	0
1634604202.02	300	12	0.0	482464	73	0.3	0	0	0	0
1634604202.21	300	16	0.0	473027	70	0.3	0	0	0	0
1634604202.39	300	20	0.0	482174	82	0.3	0	0	0	0
1634604202.57	300	24	0.0	467405	75	0.3	0	0	0	0
1634604202.73	300	28	0.0	481853	75	0.3	0	0	0	0
1634604202.93	300	32	0.0	476808	89	0.3	0	0	0	0
1634604203.12	300	36	0.0	475686	81	0.3	0	0	0	0
1634604203.31	300	39.91502	0.0	478640	85	0.3	0	0	0	0
1634604203.66	300	43.591683	0.0	489636	217	0.3	0	0	0	0
1634604203.85	300	47.390331	0.0	459485	72	0.3	0	0	0	0
1634604204.05	300	51.188887	0.0	510706	83	0.3	0	0	0	0
1634604204.29	300	54.946574	0.0	453259	86	0.3	0	0	0	0
1634604204.5	300	58.743975	0.0	480339	75	0.3	6.168	0	68	0
1634604207.73	300	59.789694	0.0	470888	70	0.3	6.168	0	68	0
1634604211.48	300	59.826896	0.0	467296	81	0.3	10.167	0	308	60.01500375093774
1634604215.69	300	59.590142	0.0	476280	84	0.3	14.167	0	548	60
1634604219.41	300	59.902104	0.0	482436	79	0.3	18.169	0	788	59.970014992503735
1634604223.7	300	59.637518	0.0	460532	76	0.3	22.17	0	1028	59.98500374906271
1634604227.47	300	59.94114	0.0	476583	87	0.3	26.17	0	1268	60
1634604231.76	300	59.683499	0.0	465070	88	0.3	30.17	0	1508	60
1634604235.56	300	59.705581	0.0	482219	93	0.3	34.171	0	1748	59.98500374906277
1634604239.79	300	59.71829	0.0	461632	70	0.3	38.171	0	1988	60
1634604243.54	300	59.739393	0.0	462277	70	0.3	42.175	0	2229	60.189810189810224
1634604247.81	300	59.470291	0.0	490432	81	0.3	46.176	0	2469	59.98500374906266
1634604251.56	300	59.78346	0.0	489711	84	0.3	50.176	0	2709	60
1634604255.84	300	59.521315	0.0	467054	82	0.3	54.176	0	2949	60
1634604259.62	300	59.828851	0.0	476238	81	0.3	58.176	0	3189	60
1634604263.89	300	59.562547	0.0	474119	75	0.3	62.178	0	3429	59.97001499250382
1634604267.64	300	59.873638	0.0	476910	81	0.3	66.177	0	3669	60.015003750937595
1634604271.45	300	59.883334	0.0	490660	83	0.3	70.178	0	3909	59.98500374906288
1634604275.72	300	59.620685	0.0	470742	78	0.3	74.179	0	4149	59.98500374906266
1634604279.51	300	59.928173	0.0	497446	82	0.3	78.179	0	4389	60
1634604283.78	300	59.662338	0.0	456821	81	0.3	82.18	0	4629	59.98500374906266
1634604287.56	300	59.688941	0.0	484228	80	0.3	86.18	0	4869	60
1634604291.32	300	59.996154	0.0	471941	78	0.3	90.18	0	5109	60
1634604295.57	300	59.766826	0.0	464051	68	0.3	94.188	0	5349	59.88023952095815
1634604299.8	300	59.50861	0.0	471791	75	0.3	98.188	0	5589	60
1634604303.54	300	59.810054	0.0	478859	79	0.3	102.188	0	5829	60
1634604307.76	300	59.583334	0.0	488451	80	0.3	106.189	0	6069	59.98500374906288
1634604311.54	300	59.880392	0.0	444887	68	0.3	110.189	0	6310	60.25
1634604315.78	300	59.619267	0.0	452873	31	0.3	114.189	0	6549	59.75
1634604319.52	300	59.926819	0.0	492347	77	0.3	118.19	0	6790	60.234941264683755
1634604323.78	300	59.658856	0.0	496200	76	0.3	122.189	0	7030	60.01500375093781
