1634637272.22	750	4	0.755	3074737	531	-3.2415000000000003	0	0	0	0
1634637273.02	1850	8	0.0	3160992	555	0.75	0	0	0	0
1634637273.85	1850	12	0.0	3235310	610	1.85	0	0	0	0
1634637274.72	1850	15.233334	0.0	3213562	586	1.85	0	0	0	0
1634637275.56	1850	18.383334	0.0	3305813	598	1.85	5.323	16	62	0
1634637276.35	1850	21.55	0.0	3195623	591	1.85	5.323	16	62	0
1634637277.21	1850	24.7	0.0	3306050	657	1.85	5.323	16	62	0
1634637278.04	1850	27.883334	0.0	3145358	586	1.85	5.323	16	62	0
1634637278.88	1850	31.05	0.0	3239444	617	1.85	5.323	16	62	0
1634637279.71	1850	34.216667	0.0	3183282	596	1.85	9.357	54	305	50.818046603867145
1634637280.57	1850	37.333334	0.0	3355795	655	1.85	9.357	54	305	50.818046603867145
1634637281.39	1850	40.533334	0.0	3134957	588	1.85	9.357	54	305	50.818046603867145
1634637282.39	1850	43.533334	0.0	3565391	755	1.85	9.357	54	305	50.818046603867145
1634637283.16	1850	46.75	0.0	2977189	547	1.85	13.358	67	545	56.735816045988486
1634637283.99	1850	49.916667	0.0	3347917	564	1.85	13.358	67	545	56.735816045988486
1634637284.85	1850	53.066667	0.0	3231663	581	1.85	13.358	67	545	56.735816045988486
