1634637539.9	750	4	0.768	3074737	541	-3.2973999999999997	0	0	0	0
1634637540.8	1850	8	0.0	3160992	622	0.75	0	0	0	0
1634637541.66	1850	11.933334	0.0	3235310	610	1.85	0	0	0	0
1634637542.43	1850	15.1	0.0	3213562	564	1.85	0	0	0	0
1634637543.26	1850	18.3	0.0	3305813	587	1.85	5.302	18	66	0
1634637544.09	1850	21.483334	0.0	3195623	562	1.85	5.302	18	66	0
1634637544.91	1850	24.616667	0.0	3306050	607	1.85	5.302	18	66	0
1634637545.72	1850	27.833334	0.0	3145358	559	1.85	5.302	18	66	0
1634637546.57	1850	30.983334	0.0	3239444	612	1.85	5.302	18	66	0
1634637547.4	1850	34.166667	0.0	3183282	560	1.85	9.363	59	310	49.987687761635065
1634637548.31	1850	37.283334	0.0	3355795	599	1.85	9.363	59	310	49.987687761635065
1634637549.1	1850	40.45	0.0	3134957	552	1.85	9.363	59	310	49.987687761635065
1634637550.0	1850	43.533334	0.0	3565391	655	1.85	9.363	59	310	49.987687761635065
1634637550.81	1850	46.766667	0.0	2977189	554	1.85	13.377	99	551	50.074738415545575
1634637551.73	1850	49.85	0.0	3347917	632	1.85	13.377	99	551	50.074738415545575
1634637552.56	1850	53.016667	0.0	3231663	559	1.85	13.377	99	551	50.074738415545575
1634637553.4	1850	56.166667	0.0	3077749	557	1.85	13.377	99	551	50.074738415545575
