1634610849.8	750	4	0.189	450171	86	-0.8077	0	0	0	0
1634610850.05	300	8	0.0	479340	86	-0.15000000000000002	0	0	0	0
1634610850.31	300	12	0.0	482464	108	0.3	0	0	0	0
1634610850.48	300	16	0.0	473027	73	0.3	0	0	0	0
1634610850.64	300	20	0.0	482174	73	0.3	0	0	0	0
1634610850.82	300	24	0.0	467405	71	0.3	0	0	0	0
1634610851.1	300	28	0.0	481853	91	0.3	0	0	0	0
1634610851.29	300	32	0.0	476808	90	0.3	0	0	0	0
1634610851.48	300	35.902096	0.0	475686	71	0.3	0	0	0	0
1634610851.67	300	39.740465	0.0	478640	68	0.3	0	0	0	0
1634610851.85	300	43.538381	0.0	489636	74	0.3	0	0	0	0
1634610852.03	300	47.376543	0.0	459485	68	0.3	0	0	0	0
1634610852.24	300	51.13485	0.0	510706	92	0.3	0	0	0	0
1634610852.44	300	54.933388	0.0	453259	74	0.3	0	0	0	0
1634610852.64	300	58.731838	0.0	480339	78	0.3	0	0	0	0
1634610855.92	300	59.729031	0.0	470888	86	0.3	5.389	1	103	0
1634610859.82	300	59.830293	0.0	467296	113	0.3	9.388	1	343	60.01500375093774
1634610863.56	300	59.851658	0.0	476280	80	0.3	13.388	1	583	60
1634610867.8	300	59.598185	0.0	482436	81	0.3	17.389	1	823	59.98500374906274
1634610871.55	300	59.9	0.0	460532	78	0.3	21.389	1	1063	60
1634610875.81	300	59.639596	0.0	476583	91	0.3	25.389	1	1303	60
1634610879.58	300	59.942779	0.0	465070	70	0.3	29.389	1	1543	60
1634610883.84	300	59.681117	0.0	482219	78	0.3	33.39	1	1783	59.98500374906271
1634610887.61	300	59.986109	0.0	461632	69	0.3	37.39	1	2023	60
1634610891.84	300	59.730085	0.0	462277	86	0.3	41.39	1	2263	60
1634610896.1	300	59.47589	0.0	490432	77	0.3	45.391	1	2503	59.98500374906277
1634610899.88	300	59.777649	0.0	489711	78	0.3	49.391	1	2743	60
1634610903.65	300	59.802315	0.0	467054	84	0.3	53.392	1	2983	59.98500374906266
1634610907.89	300	59.55	0.0	476238	90	0.3	57.392	1	3223	60
1634610911.62	300	59.854617	0.0	474119	82	0.3	61.392	1	3463	60
1634610915.84	300	59.607305	0.0	476910	74	0.3	65.391	1	3703	60.0150037509377
1634610919.57	300	59.92368	0.0	490660	78	0.3	69.392	1	3943	59.98500374906288
1634610923.84	300	59.666667	0.0	470742	80	0.3	73.392	1	4183	60
1634610927.62	300	59.964319	0.0	497446	87	0.3	77.393	1	4423	59.98500374906266
1634610931.9	300	59.7	0.0	456821	84	0.3	81.393	1	4663	60
1634610936.17	300	59.431099	0.0	484228	76	0.3	85.393	1	4903	60
1634610939.93	300	59.450138	0.0	471941	80	0.3	89.394	1	5143	59.98500374906266
1634610943.67	300	59.751157	0.0	464051	96	0.3	93.394	1	5383	60
1634610947.93	300	59.486702	0.0	471791	77	0.3	97.395	1	5624	60.23494126468397
1634610951.68	300	59.794438	0.0	478859	90	0.3	101.395	1	5864	60
1634610955.91	300	59.536274	0.0	488451	77	0.3	105.395	1	6104	60
1634610959.63	300	59.840285	0.0	444887	71	0.3	109.396	1	6344	59.98500374906266
1634610963.85	300	59.580512	0.0	452873	69	0.3	113.396	1	6584	60
1634610967.56	300	59.889005	0.0	492347	76	0.3	117.396	1	6824	60
1634610971.81	300	59.628993	0.0	496200	82	0.3	121.397	1	7064	59.98500374906266
