1634603964.99	750	4	0.218	632582	112	-0.9324	0	0	0	0
1634603965.26	750	8	0.0	701538	110	0.75	0	0	0	0
1634603965.5	750	12	0.0	652167	114	0.75	0	0	0	0
1634603965.72	750	15.83834	0.0	676228	105	0.75	0	0	0	0
1634603966.01	750	19.556252	0.0	687537	113	0.75	0	0	0	0
1634603966.21	750	23.354416	0.0	663003	98	0.75	0	0	0	0
1634603966.44	750	27.112439	0.0	694755	113	0.75	0	0	0	0
1634603966.69	750	30.869918	0.0	669189	101	0.75	0	0	0	0
1634603966.94	750	34.668293	0.0	662375	101	0.75	0	0	0	0
1634603967.19	750	38.380436	0.0	675276	133	0.75	0	0	0	0
1634603967.51	750	42.057929	0.0	697146	164	0.75	0	0	0	0
1634603967.76	750	45.814834	0.0	655809	135	0.75	0	0	0	0
1634603968.02	750	49.532153	0.0	739625	128	0.75	0	0	0	0
1634603968.28	750	53.28937	0.0	635863	99	0.75	0	0	0	0
1634603968.53	750	57.04752	0.0	677487	133	0.75	4.598	0	169	0
1634603970.3	750	59.466768	0.0	670471	123	0.75	4.598	0	169	0
1634603974.08	750	59.519569	0.0	657723	101	0.75	8.597	0	409	60.01500375093774
1634603977.86	750	59.823399	0.0	687669	109	0.75	12.597	0	649	60
1634603982.15	750	59.563064	0.0	689081	101	0.75	16.597	0	889	59.99999999999997
1634603985.93	750	59.863792	0.0	671979	110	0.75	20.597	0	1129	60
1634603989.74	750	59.895376	0.0	686526	115	0.75	24.598	0	1369	59.98500374906277
1634603994.0	750	59.633334	0.0	658511	97	0.75	28.598	0	1609	60
1634603997.8	750	59.930513	0.0	689315	101	0.75	32.598	0	1849	60
1634604001.67	750	59.981189	0.0	653179	8	0.75	36.598	0	2089	60
1634604005.93	750	59.716667	0.0	665560	111	0.75	40.598	0	2329	60
1634604010.22	750	59.456566	0.0	686735	124	0.75	44.599	0	2569	59.98500374906277
1634604013.99	750	59.769447	0.0	691385	120	0.75	48.616	0	2810	59.99502116006966
1634604018.26	750	59.500002	0.0	674179	93	0.75	52.616	0	3051	60.25
1634604022.04	750	59.804022	0.0	659438	105	0.75	56.617	0	3291	59.98500374906277
1634604025.91	750	59.823993	0.0	683313	160	0.75	60.617	0	3530	59.75
1634604030.18	750	59.594745	0.0	663183	89	0.75	64.616	0	3771	60.265066266566606
1634604033.96	750	59.9	0.0	665407	96	0.75	68.617	0	4011	59.98500374906266
1634604037.73	750	59.919466	0.0	656035	112	0.75	72.617	0	4251	60
1634604042.04	750	59.650453	0.0	695274	104	0.75	76.617	0	4491	60
1634604045.79	750	59.954511	0.0	661157	108	0.75	80.618	0	4731	59.98500374906288
1634604050.05	750	59.692151	0.0	693898	112	0.75	84.618	0	4971	60
1634604054.31	750	59.434385	0.0	676065	83	0.75	88.618	0	5211	60
1634604058.08	750	59.744171	0.0	670173	106	0.75	92.621	0	5451	59.95503372470647
1634604061.86	750	59.760368	0.0	642464	112	0.75	96.622	0	5691	59.98500374906266
1634604066.14	750	59.490293	0.0	668436	123	0.75	100.621	0	5931	60.01500375093781
1634604069.94	750	59.792849	0.0	702191	109	0.75	104.622	0	6171	59.98500374906266
1634604074.22	750	59.524809	0.0	661963	133	0.75	108.622	0	6411	60
1634604077.95	750	59.810887	0.0	662155	108	0.75	112.623	0	6651	59.98500374906266
1634604082.22	750	59.55	0.0	687392	119	0.75	116.623	0	6891	60
1634604085.99	750	59.605165	0.0	697493	123	0.75	120.623	0	7131	60
