1634628441.12	750	4	0.994	4663471	765	-4.2692	0	0	0	0
1634628442.2	2850	7.833334	0.0	4787686	803	0.75	0	0	0	0
1634628443.41	2850	10.783334	0.0	4911120	817	2.85	0	0	0	0
1634628444.82	2850	13.216667	0.0	4836291	1126	2.85	4.627	19	106	0
1634628446.1	2850	16	0.0	5126607	926	2.85	4.627	19	106	0
1634628447.29	2850	18.816667	0.0	4874070	896	2.85	4.627	19	106	0
1634628448.48	2850	21.566667	0.0	5038633	929	2.85	8.626	60	346	49.762440610152545
1634628449.64	2850	24.466667	0.0	4938910	831	2.85	8.626	60	346	49.762440610152545
1634628450.89	2850	27.233334	0.0	4974075	862	2.85	8.626	60	346	49.762440610152545
1634628452.17	2850	29.883334	0.0	5018837	973	2.85	12.626	101	586	49.75
1634628453.6	2850	32.533334	0.0	5500834	1035	2.85	12.626	101	586	49.75
1634628454.71	2850	35.366667	0.0	4811084	816	2.85	12.626	101	586	49.75
1634628455.93	2850	38.133334	0.0	5675063	959	2.85	16.627	145	826	48.98775306173457
1634628457.0	2850	41.016667	0.0	4593022	839	2.85	16.627	145	826	48.98775306173457
1634628458.23	2850	43.833334	0.0	5259926	931	2.85	16.627	145	826	48.98775306173457
1634628459.53	2850	46.55	0.0	5063028	1014	2.85	16.627	145	826	48.98775306173457
1634628460.61	2850	49.45	0.0	4717144	807	2.85	20.629	184	1066	50.22488755622186
1634628461.83	2850	52.283334	0.0	5134053	842	2.85	20.629	184	1066	50.22488755622186
1634628463.16	2850	54.95	0.0	5496964	1005	2.85	20.629	184	1066	50.22488755622186
1634628464.42	2850	57.683334	0.0	5143491	920	2.85	24.629	231	1306	48.25
1634628466.22	2850	59.930471	0.0	5316086	909	2.85	24.629	231	1306	48.25
1634628470.39	2850	59.662223	0.0	4821804	797	2.85	28.633	281	1546	47.45254745254748
1634628474.64	2850	59.440643	0.0	5202047	866	2.85	32.634	296	1785	55.986003499125204
1634628478.33	2850	59.742817	0.0	5068232	884	2.85	36.634	301	2024	58.5
1634628482.65	2850	59.483334	0.0	5351367	963	2.85	40.635	331	2266	52.98675331167211
1634628486.6	2850	59.548048	0.0	5527128	1106	2.85	44.635	334	2507	59.5
1634628490.48	2850	59.734223	0.0	5340443	962	2.85	48.635	348	2747	56.5
1634628494.57	2850	59.513986	0.0	4948873	802	2.85	52.635	380	2987	52
1634628498.22	2850	59.90849	0.0	5088692	803	2.85	56.637	388	3224	57.221389305347294
1634628502.47	2850	59.65389	0.0	5378468	858	2.85	60.636	414	3467	54.26356589147284
1634628506.57	2850	59.438818	0.0	4820790	771	2.85	64.639	428	3707	56.45765675743203
1634628510.19	2850	59.990451	0.0	4970066	797	2.85	68.64	437	3945	57.235691077230626
1634628514.29	2850	59.756846	0.0	4908623	732	2.85	72.64	458	4187	55.25
1634628518.59	2850	59.488294	0.0	5566900	933	2.85	76.64	473	4427	56.25
1634628522.35	2850	59.787417	0.0	5073184	885	2.85	80.641	473	4664	59.23519120219938
1634628526.53	2850	59.523227	0.0	5051199	868	2.85	84.64	500	4907	54.013503375844024
1634628530.65	2850	59.466667	0.0	4992500	808	2.85	88.641	514	5147	56.48587853036734
1634628534.3	2850	59.766667	0.0	5051278	790	2.85	92.641	514	5380	58.25
1634628538.51	2850	59.513415	0.0	5012623	818	2.85	96.646	553	5627	51.93508114856435
1634628542.67	2850	59.45551	0.0	5180299	813	2.85	100.646	566	5867	56.75
1634628546.42	2850	59.760726	0.0	5571174	909	2.85	104.646	566	6107	60
1634628550.61	2850	59.483518	0.0	4885145	816	2.85	108.647	597	6347	52.236940764808736
1634628554.28	2850	59.838043	0.0	4777561	828	2.85	112.648	601	6584	58.235441139715206
1634628558.51	2850	59.613651	0.0	5323435	899	2.85	116.649	626	6828	54.73631592101968
1634628562.24	2850	59.920122	0.0	5306151	889	2.85	120.648	632	7064	57.51437859464873
