1634602108.63	750	4	0.928	4663471	719	-3.9854	0	0	0	0
1634602109.66	2850	7.783334	0.0	4787686	760	0.75	0	0	0	0
1634602110.68	2850	10.783334	0.0	4911120	772	2.85	0	0	0	0
1634602111.74	2850	13.75	0.0	4836291	779	2.85	4.686	14	116	0
1634602113.12	2850	16.416667	0.0	5126607	853	2.85	4.686	14	116	0
1634602114.21	2850	19.283334	0.0	4874070	796	2.85	4.686	14	116	0
1634602115.31	2850	22.15	0.0	5038633	791	2.85	4.686	14	116	0
1634602116.38	2850	25.1	0.0	4938910	786	2.85	8.75	59	360	48.96653543307087
1634602117.57	2850	28	0.0	4974075	824	2.85	8.75	59	360	48.96653543307087
1634602118.65	2850	30.816667	0.0	5018837	820	2.85	8.75	59	360	48.96653543307087
1634602119.8	2850	33.683334	0.0	5500834	875	2.85	12.75	100	600	49.75
1634602120.82	2850	36.65	0.0	4811084	751	2.85	12.75	100	600	49.75
1634602122.06	2850	39.5	0.0	5675063	883	2.85	12.75	100	600	49.75
1634602123.1	2850	42.4	0.0	4593022	773	2.85	12.75	100	600	49.75
1634602124.28	2850	45.216667	0.0	5259926	846	2.85	16.751	158	840	45.488627843039225
1634602125.38	2850	48.1	0.0	5063028	813	2.85	16.751	158	840	45.488627843039225
1634602126.4	2850	51.1	0.0	4717144	733	2.85	16.751	158	840	45.488627843039225
1634602127.5	2850	54	0.0	5134053	803	2.85	20.751	192	1079	51.25
1634602128.74	2850	56.8	0.0	5496964	896	2.85	20.751	192	1079	51.25
1634602129.85	2850	59.633334	0.0	5143491	828	2.85	20.751	192	1079	51.25
1634602134.09	2850	59.451302	0.0	5316086	897	2.85	24.751	261	1320	43
1634602137.75	2850	59.802098	0.0	4821804	791	2.85	28.752	277	1560	55.98600349912525
1634602141.94	2850	59.533334	0.0	5202047	835	2.85	32.752	293	1800	55.99999999999995
1634602145.61	2850	59.833334	0.0	5068232	829	2.85	36.752	308	2040	56.25
1634602149.79	2850	59.85	0.0	5351367	853	2.85	40.752	322	2280	56.5
1634602154.04	2850	59.513966	0.0	5527128	875	2.85	44.753	338	2520	55.98600349912525
1634602157.78	2850	59.824879	0.0	5340443	873	2.85	48.753	353	2759	56
1634602162.02	2850	59.525431	0.0	4948873	827	2.85	52.754	372	3000	55.48612846788306
1634602165.66	2850	59.875856	0.0	5088692	823	2.85	56.754	388	3240	56
1634602169.88	2850	59.617068	0.0	5378468	893	2.85	60.754	402	3481	56.75
1634602173.96	2850	59.600674	0.0	4820790	762	2.85	64.754	414	3721	56.9999999999999
1634602177.69	2850	59.902892	0.0	4970066	791	2.85	68.755	436	3960	54.23644088977768
1634602181.84	2850	59.684782	0.0	4908623	835	2.85	72.756	444	4201	58.235441139715
1634602186.15	2850	59.468058	0.0	5566900	906	2.85	76.758	465	4441	54.722638680659735
1634602189.77	2850	59.776424	0.0	5073184	808	2.85	80.758	477	4681	57
1634602193.96	2850	59.554727	0.0	5051199	784	2.85	84.758	492	4921	56.25
1634602197.64	2850	59.9	0.0	4992500	810	2.85	88.758	509	5161	55.75
1634602201.84	2850	59.675417	0.0	5051278	811	2.85	92.759	523	5401	56.48587853036734
1634602206.04	2850	59.493063	0.0	5012623	850	2.85	96.759	535	5641	57
1634602209.72	2850	59.801173	0.0	5180299	827	2.85	100.76	549	5881	56.48587853036734
1634602213.96	2850	59.542145	0.0	5571174	878	2.85	104.76	562	6121	56.75
1634602217.64	2850	59.896143	0.0	4885145	762	2.85	108.76	581	6361	55.25
1634602221.79	2850	59.63868	0.0	4777561	796	2.85	112.761	592	6601	57.235691077230825
1634602226.0	2850	59.545785	0.0	5323435	837	2.85	116.761	610	6841	55.5
1634602229.68	2850	59.894017	0.0	5306151	849	2.85	120.761	623	7081	56.75
