1634610612.88	750	4	0.172	450171	69	-0.7346	0	0	0	0
1634610613.08	300	8	0.0	479340	70	-0.15000000000000002	0	0	0	0
1634610613.26	300	12	0.0	482464	83	0.3	0	0	0	0
1634610613.43	300	16	0.0	473027	72	0.3	0	0	0	0
1634610613.7	300	20	0.0	482174	80	0.3	0	0	0	0
1634610613.91	300	24	0.0	467405	95	0.3	0	0	0	0
1634610614.08	300	28	0.0	481853	75	0.3	0	0	0	0
1634610614.27	300	32	0.0	476808	83	0.3	0	0	0	0
1634610614.46	300	36	0.0	475686	68	0.3	0	0	0	0
1634610614.66	300	39.916667	0.0	478640	45	0.3	0	0	0	0
1634610614.84	300	43.714834	0.0	489636	77	0.3	0	0	0	0
1634610615.06	300	47.513341	0.0	459485	75	0.3	0	0	0	0
1634610615.3	300	51.270651	0.0	510706	80	0.3	0	0	0	0
1634610615.48	300	55.068097	0.0	453259	76	0.3	0	0	0	0
1634610615.66	300	58.907057	0.0	480339	74	0.3	0	0	0	0
1634610618.91	300	59.709699	0.0	470888	80	0.3	5.212	0	99	0
1634610623.21	300	59.45	0.0	467296	78	0.3	9.213	0	339	59.98500374906274
1634610626.98	300	59.754619	0.0	476280	82	0.3	13.213	0	579	60
1634610631.22	300	59.516667	0.0	482436	73	0.3	17.212	0	819	60.01500375093772
1634610634.94	300	59.808942	0.0	460532	77	0.3	21.213	0	1059	59.98500374906271
1634610639.2	300	59.545458	0.0	476583	62	0.3	25.214	0	1299	59.98500374906277
1634610642.9	300	59.854054	0.0	465070	57	0.3	29.214	0	1539	60
1634610647.12	300	59.607014	0.0	482219	80	0.3	33.213	0	1779	60.0150037509377
1634610650.83	300	59.923231	0.0	461632	75	0.3	37.214	0	2019	59.98500374906277
1634610655.08	300	59.652417	0.0	462277	17	0.3	41.214	0	2259	60
1634610658.8	300	59.948145	0.0	490432	79	0.3	45.222	0	2499	59.88023952095804
1634610663.03	300	59.728004	0.0	489711	69	0.3	49.215	0	2739	60.10518407212619
1634610666.79	300	59.776025	0.0	467054	76	0.3	53.214	0	2979	60.01500375093781
1634610671.04	300	59.543193	0.0	476238	88	0.3	57.215	0	3219	59.98500374906266
1634610674.78	300	59.847451	0.0	474119	66	0.3	61.215	0	3459	60
1634610679.04	300	59.614718	0.0	476910	83	0.3	65.216	0	3699	59.98500374906288
1634610682.83	300	59.912971	0.0	490660	106	0.3	69.218	0	3939	59.97001499250361
1634610687.09	300	59.642978	0.0	470742	52	0.3	73.218	0	4179	60
1634610690.85	300	59.719004	0.0	497446	54	0.3	77.218	0	4419	60
1634610695.09	300	59.73068	0.0	456821	83	0.3	81.218	0	4659	60
1634610698.83	300	59.750643	0.0	484228	76	0.3	85.218	0	4899	60
1634610703.05	300	59.766667	0.0	471941	74	0.3	89.219	0	5139	59.98500374906288
1634610706.79	300	59.810294	0.0	464051	70	0.3	93.22	0	5379	59.98500374906266
1634610711.06	300	59.54038	0.0	471791	71	0.3	97.22	0	5619	60
1634610714.82	300	59.841429	0.0	478859	83	0.3	101.219	0	5859	60.01500375093781
1634610719.08	300	59.573973	0.0	488451	75	0.3	105.219	0	6099	60
1634610722.84	300	59.922957	0.0	444887	78	0.3	109.22	0	6339	59.98500374906266
1634610727.08	300	59.656883	0.0	452873	70	0.3	113.22	0	6579	60
1634610730.81	300	59.966667	0.0	492347	49	0.3	117.22	0	6819	60
1634610735.05	300	59.702542	0.0	496200	77	0.3	121.221	0	7059	59.98500374906266
