1634618104.46	750	4	0.758	2903817	467	-3.2544000000000004	0	0	0	0
1634618105.25	2850	8	0.0	3210755	522	0.75	0	0	0	0
1634618105.99	2850	11.875593	0.0	3297850	541	2.85	0	0	0	0
1634618106.71	2850	15.187793	0.0	3113688	503	2.85	0	0	0	0
1634618107.46	2850	18.419671	0.0	3434179	532	2.85	5.267	0	39	0
1634618108.23	2850	21.666667	0.0	3246645	517	2.85	5.267	0	39	0
1634618108.98	2850	24.926574	0.0	3230273	514	2.85	5.267	0	39	0
1634618109.77	2850	28.117566	0.0	3265296	546	2.85	5.267	0	39	0
1634618110.57	2850	31.307818	0.0	3330293	580	2.85	5.267	0	39	0
1634618111.37	2850	34.5	0.0	3397189	583	2.85	9.266	0	159	30.00750187546887
1634618112.17	2850	37.733444	0.0	3383124	557	2.85	9.266	0	159	30.00750187546887
1634618112.93	2850	40.966923	0.0	3153089	520	2.85	9.266	0	159	30.00750187546887
1634618113.73	2850	44.159535	0.0	3557106	590	2.85	9.266	0	159	30.00750187546887
1634618114.46	2850	47.433546	0.0	3063784	532	2.85	9.266	0	159	30.00750187546887
1634618115.23	2850	50.665528	0.0	3220745	549	2.85	13.267	0	279	29.99250187453137
1634618115.97	2850	53.9	0.0	3227820	541	2.85	13.267	0	279	29.99250187453137
1634618116.73	2850	57.17316	0.0	3208216	543	2.85	13.267	0	279	29.99250187453137
1634618118.02	2850	59.883315	0.0	3214764	555	2.85	13.267	0	279	29.99250187453137
1634618122.33	2850	59.641416	0.0	3431047	530	2.85	17.267	0	399	30
1634618126.19	2850	59.95306	0.0	3273134	551	2.85	21.267	0	519	30
1634618130.06	2850	59.986159	0.0	3428089	478	2.85	25.267	0	639	30
