1634607695.6	750	4	0.118	216384	50	-0.5024	0	0	0	0
1634607695.76	300	8	0.0	236485	43	-0.15000000000000002	0	0	0	0
1634607695.87	300	12	0.0	218986	36	0.3	0	0	0	0
1634607696.01	300	16	0.0	217799	47	0.3	0	0	0	0
1634607696.12	300	20	0.0	230217	37	0.3	0	0	0	0
1634607696.27	300	24	0.0	224507	38	0.3	0	0	0	0
1634607696.4	300	28	0.0	232367	38	0.3	0	0	0	0
1634607696.53	300	32	0.0	227584	46	0.3	0	0	0	0
1634607696.65	300	36	0.0	220321	41	0.3	0	0	0	0
1634607696.8	300	40	0.0	232282	41	0.3	0	0	0	0
1634607696.94	300	44	0.0	233963	40	0.3	0	0	0	0
1634607697.08	300	47.95224	0.0	216411	24	0.3	0	0	0	0
1634607697.21	300	51.83114	0.0	246147	36	0.3	0	0	0	0
1634607697.34	300	55.710385	0.0	208634	41	0.3	0	0	0	0
1634607697.49	300	59.549432	0.0	225731	33	0.3	0	0	0	0
1634607701.67	300	59.469731	0.0	226480	43	0.3	5.343	0	56	0
1634607705.45	300	59.815222	0.0	215806	53	0.3	9.341	0	176	30.01500750375188
1634607709.66	300	59.544337	0.0	227416	42	0.3	13.369	0	297	30.03972194637537
1634607713.32	300	59.882665	0.0	225400	41	0.3	17.37	0	417	29.992501874531357
1634607717.52	300	59.611509	0.0	224611	36	0.3	21.37	0	537	30
1634607721.2	300	59.91153	0.0	229757	32	0.3	25.371	0	657	29.992501874531385
1634607725.4	300	59.919317	0.0	220298	41	0.3	29.37	0	777	30.00750187546885
1634607729.11	300	59.937094	0.0	226443	43	0.3	33.371	0	897	29.992501874531357
1634607733.31	300	59.951951	0.0	217694	35	0.3	37.371	0	1017	30
1634607737.57	300	59.684651	0.0	222958	38	0.3	41.371	0	1137	30
1634607741.35	300	59.980259	0.0	235152	55	0.3	45.374	0	1257	29.977516862353234
1634607745.52	300	59.698497	0.0	223149	37	0.3	49.372	0	1377	30.015007503751896
1634607749.73	300	59.441378	0.0	228977	49	0.3	53.374	0	1497	29.985007496251857
1634607753.45	300	59.817319	0.0	222941	50	0.3	57.374	0	1617	30
1634607757.6	300	59.606975	0.0	233161	40	0.3	61.374	0	1737	30
1634607761.28	300	59.906917	0.0	219759	24	0.3	65.374	0	1857	30.000000000000053
1634607765.5	300	59.678892	0.0	226806	16	0.3	69.375	0	1977	29.99250187453133
1634607769.78	300	59.447887	0.0	221281	19	0.3	73.375	0	2097	30
1634607773.57	300	59.774067	0.0	223179	45	0.3	77.375	0	2217	30
1634607777.26	300	59.818357	0.0	220510	31	0.3	81.376	0	2337	29.99250187453133
1634607781.5	300	59.831048	0.0	226428	41	0.3	85.377	0	2457	29.99250187453144
1634607785.65	300	59.549965	0.0	226474	41	0.3	89.376	0	2578	30.257564391097702
1634607789.38	300	59.887264	0.0	230919	38	0.3	93.377	0	2697	29.742564358910343
1634607793.61	300	59.618518	0.0	218516	40	0.3	97.377	0	2818	30.25
1634607797.28	300	59.906708	0.0	221177	18	0.3	101.377	0	2938	30
1634607801.52	300	59.638674	0.0	226885	33	0.3	105.378	0	3058	29.99250187453133
1634607805.26	300	59.939069	0.0	224090	34	0.3	109.379	0	3178	29.99250187453133
1634607809.48	300	59.666667	0.0	220991	37	0.3	113.382	0	3298	29.977516862353234
1634607813.12	300	59.990652	0.0	225771	34	0.3	117.383	0	3418	29.99250187453144
1634607817.82	300	59.467236	0.0	226386	27	0.3	121.382	0	3538	30.007501875468797
