1634611451.79	750	4	0.675	2903817	485	-2.8975	0	0	0	0
1634611452.52	2850	8	0.0	3210755	517	0.75	0	0	0	0
1634611453.33	2850	12	0.0	3297850	543	2.85	0	0	0	0
1634611454.05	2850	15.303787	0.0	3113688	493	2.85	0	0	0	0
1634611454.88	2850	18.493137	0.0	3434179	609	2.85	5.293	0	36	0
1634611455.68	2850	21.733334	0.0	3246645	521	2.85	5.293	0	36	0
1634611456.45	2850	24.919066	0.0	3230273	519	2.85	5.293	0	36	0
1634611457.2	2850	28.150025	0.0	3265296	511	2.85	5.293	0	36	0
1634611457.99	2850	31.383218	0.0	3330293	514	2.85	5.293	0	36	0
1634611458.78	2850	34.6	0.0	3397189	531	2.85	9.293	2	156	29.500000000000007
1634611459.61	2850	37.766667	0.0	3383124	553	2.85	9.293	2	156	29.500000000000007
1634611460.41	2850	40.955556	0.0	3153089	565	2.85	9.293	2	156	29.500000000000007
1634611461.22	2850	44.149359	0.0	3557106	574	2.85	9.293	2	156	29.500000000000007
1634611461.95	2850	47.424379	0.0	3063784	496	2.85	9.293	2	156	29.500000000000007
1634611462.68	2850	50.697708	0.0	3220745	514	2.85	13.294	3	276	29.742564358910265
1634611463.43	2850	53.930413	0.0	3227820	542	2.85	13.294	3	276	29.742564358910265
1634611464.12	2850	57.215475	0.0	3208216	449	2.85	13.294	3	276	29.742564358910265
1634611465.92	2850	59.555602	0.0	3214764	495	2.85	13.294	3	276	29.742564358910265
