1634615859.64	750	4	0.392	1685249	236	-1.6806	0	0	0	0
1634615860.19	1200	8	0.0	1781540	309	0.75	0	0	0	0
1634615860.63	1200	12	0.0	1722737	297	1.2	0	0	0	0
1634615861.13	1200	16	0.0	1740707	334	1.2	0	0	0	0
1634615861.63	1200	19.709559	0.0	1752806	328	1.2	0	0	0	0
1634615862.12	1200	23.223158	0.0	1706225	306	1.2	0	0	0	0
1634615862.65	1200	26.683334	0.0	1829999	329	1.2	0	0	0	0
1634615863.27	1200	30.066667	0.0	1721616	307	1.2	5.392	3	92	0
1634615863.79	1200	33.533334	0.0	1715269	355	1.2	5.392	3	92	0
1634615864.32	1200	37.033334	0.0	1769586	326	1.2	5.392	3	92	0
1634615864.87	1200	40.5	0.0	1849979	343	1.2	5.392	3	92	0
1634615865.39	1200	43.952348	0.0	1693292	327	1.2	5.392	3	92	0
1634615865.93	1200	47.416667	0.0	1905664	332	1.2	5.392	3	92	0
1634615866.38	1200	50.95	0.0	1623155	265	1.2	5.392	3	92	0
1634615866.87	1200	54.483334	0.0	1754132	287	1.2	9.392	12	330	57.250000000000014
1634615867.45	1200	57.933334	0.0	1752304	298	1.2	9.392	12	330	57.250000000000014
1634615870.02	1200	59.500229	0.0	1690172	329	1.2	9.392	12	330	57.250000000000014
1634615873.62	1200	59.804594	0.0	1834922	334	1.2	13.393	25	572	57.235691077230676
1634615877.68	1200	59.828259	0.0	1776705	348	1.2	17.392	25	812	60.01500375093775
1634615881.69	1200	59.856747	0.0	1719504	303	1.2	21.392	25	1052	60
1634615885.7	1200	59.891101	0.0	1807724	305	1.2	25.393	26	1292	59.73506623344162
1634615889.69	1200	59.635131	0.0	1718882	271	1.2	29.393	28	1532	59.5
1634615893.69	1200	59.667499	0.0	1803226	281	1.2	33.393	29	1772	59.75
1634615897.71	1200	59.681396	0.0	1686003	276	1.2	37.394	31	2012	59.48512871782058
1634615901.66	1200	59.683979	0.0	1737120	279	1.2	41.393	31	2252	60.0150037509377
1634615905.68	1200	59.712446	0.0	1801713	296	1.2	45.414	32	2493	59.68664511315592
1634615909.72	1200	59.773996	0.0	1846078	266	1.2	49.394	32	2732	60.050251256281456
1634615913.85	1200	59.802949	0.0	1749409	281	1.2	53.394	32	2972	60
1634615918.37	1200	59.585868	0.0	1753415	263	1.2	57.396	35	3212	59.22038980509741
1634615922.6	1200	58.966667	0.0	1802826	1000	1.2	61.626	35	3459	58.392434988179716
1634615925.76	1200	59.679488	0.0	1711828	267	1.2	65.624	229	3706	13.256628314157087
1634615929.78	1200	59.750463	0.0	1677116	245	1.2	69.625	231	3946	59.48512871782047
1634615933.8	1200	59.536052	0.0	1696497	267	1.2	73.626	232	4186	59.73506623344157
1634615937.88	1200	59.564285	0.0	1789902	280	1.2	77.625	236	4426	59.014753688422175
1634615941.45	1200	59.892655	0.0	1750744	353	1.2	81.626	237	4666	59.73506623344157
1634615945.57	1200	59.962412	0.0	1795743	342	1.2	85.628	243	4906	58.47076461769122
1634615949.58	1200	59.922284	0.0	1747384	272	1.2	89.628	243	5146	60
1634615953.59	1200	59.97637	0.0	1755372	299	1.2	93.628	255	5386	57
1634615958.11	1200	59.73849	0.0	1684976	304	1.2	97.629	257	5626	59.48512871782047
1634615961.96	1200	59.526654	0.0	1728132	199	1.2	101.637	263	5866	58.3832335329342
1634615965.56	1200	59.866667	0.0	1808301	301	1.2	105.629	264	6106	59.86973947895785
