1634624687.17	750	4	0.178	450171	101	-0.7604	0	0	0	0
1634624687.36	300	8	0.0	479340	78	-0.15000000000000002	0	0	0	0
1634624687.53	300	12	0.0	482464	46	0.3	0	0	0	0
1634624687.72	300	16	0.0	473027	72	0.3	0	0	0	0
1634624687.91	300	19.837882	0.0	482174	83	0.3	0	0	0	0
1634624688.12	300	23.636485	0.0	467405	84	0.3	0	0	0	0
1634624688.3	300	27.474328	0.0	481853	78	0.3	0	0	0	0
1634624688.51	300	31.272601	0.0	476808	78	0.3	0	0	0	0
1634624688.72	300	35.029971	0.0	475686	75	0.3	0	0	0	0
1634624688.96	300	38.82764	0.0	478640	94	0.3	0	0	0	0
1634624689.2	300	42.583509	0.0	489636	67	0.3	0	0	0	0
1634624689.43	300	46.340235	0.0	459485	69	0.3	0	0	0	0
1634624689.66	300	50.097996	0.0	510706	86	0.3	0	0	0	0
1634624689.87	300	53.896192	0.0	453259	78	0.3	0	0	0	0
1634624690.08	300	57.694203	0.0	480339	73	0.3	0	0	0	0
1634624692.34	300	59.49713	0.0	470888	85	0.3	4.598	0	171	0
1634624696.1	300	59.806661	0.0	467296	87	0.3	8.596	0	411	60.03001500750375
1634624700.34	300	59.544211	0.0	476280	82	0.3	12.598	0	651	59.970014992503735
1634624704.15	300	59.878263	0.0	482436	75	0.3	16.598	0	891	60.00000000000003
1634624707.89	300	59.897487	0.0	460532	78	0.3	20.598	0	1131	60
1634624712.14	300	59.909195	0.0	476583	79	0.3	24.599	0	1371	59.98500374906271
1634624715.87	300	59.922772	0.0	465070	75	0.3	28.599	0	1611	60
1634624720.1	300	59.694627	0.0	482219	93	0.3	32.6	0	1851	59.98500374906271
1634624723.82	300	59.990496	0.0	461632	85	0.3	36.6	0	2091	60
1634624728.07	300	59.736503	0.0	462277	85	0.3	40.601	0	2331	59.98500374906277
1634624732.32	300	59.474322	0.0	490432	88	0.3	44.6	0	2571	60.0150037509377
1634624736.05	300	59.780263	0.0	489711	95	0.3	48.6	0	2811	60
1634624740.3	300	59.546256	0.0	467054	78	0.3	52.601	0	3051	59.98500374906277
1634624744.05	300	59.855344	0.0	476238	79	0.3	56.603	0	3291	59.970014992503714
1634624748.28	300	59.586716	0.0	474119	79	0.3	60.601	0	3531	60.03001500750379
1634624752.0	300	59.895656	0.0	476910	89	0.3	64.602	0	3771	59.98500374906266
1634624756.23	300	59.633334	0.0	490660	67	0.3	68.602	0	4011	60
1634624759.99	300	59.938852	0.0	470742	80	0.3	72.602	0	4251	60
1634624764.27	300	59.675744	0.0	497446	95	0.3	76.602	0	4491	60
1634624768.05	300	59.983334	0.0	456821	73	0.3	80.602	0	4731	60
1634624772.27	300	59.757053	0.0	484228	88	0.3	84.603	0	4971	59.98500374906288
1634624775.99	300	59.778564	0.0	471941	85	0.3	88.603	0	5211	60
1634624780.24	300	59.796256	0.0	464051	85	0.3	92.604	0	5451	59.98500374906266
1634624783.99	300	59.816667	0.0	471791	93	0.3	96.603	0	5691	60.01500375093781
1634624788.26	300	59.581153	0.0	478859	83	0.3	100.603	0	5931	60
1634624791.98	300	59.8785	0.0	488451	73	0.3	104.604	0	6171	59.98500374906266
1634624796.2	300	59.600869	0.0	444887	83	0.3	108.604	0	6411	60
1634624799.92	300	59.896938	0.0	452873	70	0.3	112.605	0	6651	59.98500374906266
1634624804.24	300	59.633334	0.0	492347	98	0.3	116.605	0	6891	60
1634624807.99	300	59.977634	0.0	496200	91	0.3	120.605	0	7131	60
