1634617731.08	750	4	0.191	450171	69	-0.8162999999999999	0	0	0	0
1634617731.27	300	8	0.0	479340	85	-0.15000000000000002	0	0	0	0
1634617731.45	300	12	0.0	482464	78	0.3	0	0	0	0
1634617731.63	300	16	0.0	473027	80	0.3	0	0	0	0
1634617731.81	300	19.917502	0.0	482174	73	0.3	0	0	0	0
1634617731.99	300	23.75608	0.0	467405	77	0.3	0	0	0	0
1634617732.18	300	27.554008	0.0	481853	73	0.3	0	0	0	0
1634617732.38	300	31.392858	0.0	476808	78	0.3	0	0	0	0
1634617732.6	300	35.150073	0.0	475686	86	0.3	0	0	0	0
1634617732.8	300	38.945219	0.0	478640	75	0.3	0	0	0	0
1634617733.02	300	42.742971	0.0	489636	71	0.3	0	0	0	0
1634617733.21	300	46.541032	0.0	459485	77	0.3	0	0	0	0
1634617733.42	300	50.339584	0.0	510706	77	0.3	0	0	0	0
1634617733.64	300	54.13725	0.0	453259	74	0.3	0	0	0	0
1634617733.84	300	57.893827	0.0	480339	78	0.3	0	0	0	0
1634617736.06	300	59.705433	0.0	470888	68	0.3	4.613	0	167	0
1634617740.32	300	59.442899	0.0	467296	79	0.3	8.612	0	407	60.01500375093774
1634617744.09	300	59.739065	0.0	476280	108	0.3	12.612	0	647	60
1634617748.32	300	59.473589	0.0	482436	70	0.3	16.613	0	887	59.98500374906274
1634617752.08	300	59.777242	0.0	460532	78	0.3	20.614	0	1127	59.98500374906271
1634617756.34	300	59.552478	0.0	476583	87	0.3	24.613	0	1367	60.01500375093775
1634617760.13	300	59.846361	0.0	465070	83	0.3	28.614	0	1607	59.98500374906271
1634617764.37	300	59.576783	0.0	482219	78	0.3	32.614	0	1847	60.00000000000006
1634617768.13	300	59.888772	0.0	461632	72	0.3	36.614	0	2087	60
1634617771.9	300	59.916667	0.0	462277	79	0.3	40.614	0	2327	60
1634617776.14	300	59.645723	0.0	490432	85	0.3	44.615	0	2567	59.98500374906266
1634617779.84	300	59.952417	0.0	489711	77	0.3	48.615	0	2807	60
1634617784.07	300	59.721204	0.0	467054	81	0.3	52.615	0	3047	60
1634617788.35	300	59.498095	0.0	476238	83	0.3	56.618	0	3287	59.95503372470647
1634617792.17	300	59.806699	0.0	474119	93	0.3	60.618	0	3527	60
1634617795.91	300	59.8628	0.0	476910	87	0.3	64.618	0	3767	60.00000000000011
1634617800.15	300	59.888427	0.0	490660	88	0.3	68.619	0	4007	59.98500374906266
1634617803.89	300	59.943092	0.0	470742	92	0.3	72.619	0	4247	60
1634617808.16	300	59.679677	0.0	497446	84	0.3	76.619	0	4487	60
1634617811.89	300	59.988885	0.0	456821	75	0.3	80.619	0	4727	60
1634617816.12	300	59.723333	0.0	484228	70	0.3	84.619	0	4967	60
1634617820.39	300	59.469273	0.0	471941	84	0.3	88.619	0	5207	60
1634617824.15	300	59.776045	0.0	464051	74	0.3	92.62	0	5447	59.98500374906266
1634617828.36	300	59.509284	0.0	471791	50	0.3	96.621	0	5688	60.23494126468397
1634617832.1	300	59.812745	0.0	478859	97	0.3	100.63	0	5928	59.86530306809678
1634617836.38	300	59.539251	0.0	488451	63	0.3	104.631	0	6168	59.98500374906266
1634617840.1	300	59.841614	0.0	444887	74	0.3	108.631	0	6408	60
1634617844.34	300	59.584342	0.0	452873	72	0.3	112.631	0	6648	60
1634617848.05	300	59.89232	0.0	492347	85	0.3	116.632	0	6888	59.98500374906266
1634617852.31	300	59.633708	0.0	496200	76	0.3	120.632	0	7128	60
