1634602866.94	750	4	0.428	1685249	263	-1.8354	0	0	0	0
1634602867.42	1200	8	0.0	1781540	263	0.75	0	0	0	0
1634602867.88	1200	12	0.0	1722737	274	1.2	0	0	0	0
1634602868.34	1200	16	0.0	1740707	296	1.2	0	0	0	0
1634602868.86	1200	19.9	0.0	1752806	317	1.2	0	0	0	0
1634602869.28	1200	23.433334	0.0	1706225	265	1.2	0	0	0	0
1634602869.85	1200	26.883334	0.0	1829999	367	1.2	0	0	0	0
1634602870.44	1200	30.298353	0.0	1721616	427	1.2	5.337	3	75	0
1634602870.88	1200	33.854436	0.0	1715269	263	1.2	5.337	3	75	0
1634602871.34	1200	37.383334	0.0	1769586	298	1.2	5.337	3	75	0
1634602871.85	1200	40.9	0.0	1849979	316	1.2	5.337	3	75	0
1634602872.33	1200	44.4	0.0	1693292	292	1.2	5.337	3	75	0
1634602872.85	1200	47.9	0.0	1905664	312	1.2	5.337	3	75	0
1634602873.3	1200	51.45	0.0	1623155	253	1.2	5.337	3	75	0
1634602873.75	1200	54.987262	0.0	1754132	282	1.2	5.337	3	75	0
1634602874.25	1200	58.5	0.0	1752304	283	1.2	9.336	11	315	58.01450362590647
1634602877.18	1200	59.752613	0.0	1690172	267	1.2	9.336	11	315	58.01450362590647
1634602881.22	1200	59.762054	0.0	1834922	313	1.2	13.336	15	555	59
1634602885.27	1200	59.510071	0.0	1776705	301	1.2	17.337	17	795	59.48512871782055
1634602889.24	1200	59.54324	0.0	1719504	283	1.2	21.337	18	1035	59.75
1634602893.64	1200	59.57957	0.0	1807724	303	1.2	25.337	22	1275	59
1634602896.98	1200	59.731508	0.0	1718882	296	1.2	29.349	28	1515	58.32502492522432
1634602901.09	1200	59.762344	0.0	1803226	285	1.2	33.338	55	1755	53.39684131361243
