1634631995.52	750	4	0.504	1913263	333	-2.1622	0	0	0	0
1634631996.06	1850	8	0.0	2089029	345	0.75	0	0	0	0
1634631996.65	1850	12	0.0	2096691	372	1.85	0	0	0	0
1634631997.17	1850	15.673231	0.0	2102150	346	1.85	0	0	0	0
1634631997.74	1850	19.066773	0.0	2202821	388	1.85	0	0	0	0
1634631998.34	1850	22.466667	0.0	2122248	380	1.85	0	0	0	0
1634631998.87	1850	25.934393	0.0	2085229	349	1.85	5.287	0	50	0
1634631999.4	1850	29.410068	0.0	2110319	348	1.85	5.287	0	50	0
1634631999.95	1850	32.885998	0.0	2159897	353	1.85	5.287	0	50	0
1634632000.6	1850	36.2	0.0	2169645	431	1.85	5.287	0	50	0
1634632001.19	1850	39.634447	0.0	2138606	368	1.85	5.287	0	50	0
1634632001.78	1850	43.03023	0.0	2043307	356	1.85	5.287	0	50	0
1634632002.39	1850	46.424667	0.0	2327436	426	1.85	5.287	0	50	0
1634632002.89	1850	49.940241	0.0	1904210	322	1.85	9.287	0	170	29.999999999999993
1634632003.54	1850	53.295029	0.0	2144078	392	1.85	9.287	0	170	29.999999999999993
1634632004.06	1850	56.769885	0.0	2096332	346	1.85	9.287	0	170	29.999999999999993
1634632005.12	1850	59.8	0.0	1978857	337	1.85	9.287	0	170	29.999999999999993
1634632009.27	1850	59.808046	0.0	2103885	338	1.85	13.288	0	290	29.99250187453137
1634632013.35	1850	59.596376	0.0	2123697	380	1.85	17.288	0	410	30
1634632017.0	1850	59.923939	0.0	2101249	385	1.85	21.287	0	530	30.007501875468876
1634632021.15	1850	59.969645	0.0	2221891	386	1.85	25.288	0	650	29.992501874531357
1634632025.2	1850	59.650445	0.0	2069811	322	1.85	29.288	0	770	30
1634632029.31	1850	59.662475	0.0	2168537	371	1.85	33.289	0	890	29.992501874531357
1634632032.86	1850	59.991035	0.0	2104614	326	1.85	37.289	0	1010	30
1634632037.44	1850	59.436281	0.0	2073522	326	1.85	41.289	0	1130	30
1634632041.54	1850	59.461731	0.0	2173759	335	1.85	45.296	0	1250	29.94759171449964
1634632045.08	1850	59.790869	0.0	2112825	335	1.85	49.289	0	1370	30.052592036063096
1634632049.26	1850	59.837564	0.0	2152172	340	1.85	53.29	0	1490	29.992501874531385
1634632053.66	1850	59.588198	0.0	2125345	350	1.85	57.29	0	1610	30
1634632057.42	1850	59.582145	0.0	2144544	314	1.85	61.29	0	1730	30
1634632061.04	1850	59.89003	0.0	2005686	328	1.85	65.291	0	1850	29.992501874531385
1634632065.13	1850	59.924859	0.0	2107587	351	1.85	69.291	0	1970	30
1634632069.3	1850	59.734388	0.0	2129753	341	1.85	73.292	0	2090	29.99250187453133
1634632073.38	1850	59.507905	0.0	2230435	357	1.85	77.297	0	2210	29.962546816479435
1634632077.02	1850	59.844745	0.0	2145105	355	1.85	81.298	0	2330	29.99250187453133
1634632081.11	1850	59.872483	0.0	2084291	322	1.85	85.298	0	2450	30
1634632085.22	1850	59.900576	0.0	2076226	323	1.85	89.298	0	2570	30
1634632089.32	1850	59.65944	0.0	2125976	357	1.85	93.298	0	2690	30
1634632092.82	1850	59.98089	0.0	1990834	322	1.85	97.299	0	2811	30.242439390152427
1634632097.33	1850	59.730223	0.0	2100565	346	1.85	101.299	0	2931	30
1634632101.48	1850	59.47927	0.0	2267754	381	1.85	105.298	0	3051	30.007501875468904
1634632105.55	1850	59.75623	0.0	2012700	324	1.85	109.303	0	3171	29.962546816479435
