1634633639.19	750	4	0.174	424762	90	-0.7432	0	0	0	0
1634633639.39	750	8	0.0	426330	67	0.75	0	0	0	0
1634633639.58	750	12	0.0	449994	84	0.75	0	0	0	0
1634633639.77	750	16	0.0	431398	90	0.75	0	0	0	0
1634633639.99	750	19.797719	0.0	443117	103	0.75	0	0	0	0
1634633640.19	750	23.596064	0.0	436277	83	0.75	0	0	0	0
1634633640.38	750	27.394716	0.0	439594	87	0.75	0	0	0	0
1634633640.59	750	31.233334	0.0	433964	76	0.75	0	0	0	0
1634633640.79	750	34.990996	0.0	430713	76	0.75	0	0	0	0
1634633640.98	750	38.829879	0.0	440056	87	0.75	0	0	0	0
1634633641.2	750	42.588144	0.0	455141	88	0.75	0	0	0	0
1634633641.41	750	46.385801	0.0	426996	70	0.75	0	0	0	0
1634633641.62	750	50.182565	0.0	471493	86	0.75	0	0	0	0
1634633641.84	750	53.980849	0.0	400302	82	0.75	0	0	0	0
1634633642.04	750	57.779463	0.0	448474	99	0.75	0	0	0	0
1634633644.28	750	59.747258	0.0	445607	85	0.75	4.615	0	85	0
1634633648.53	750	59.479018	0.0	411626	79	0.75	8.615	0	205	30
1634633652.3	750	59.52369	0.0	430480	84	0.75	12.615	0	325	30
1634633656.17	750	59.861447	0.0	442297	123	0.75	16.616	0	445	29.99250187453137
1634633660.42	750	59.57497	0.0	447875	99	0.75	20.616	0	565	30
1634633664.18	750	59.871028	0.0	446481	90	0.75	24.616	0	685	30
1634633668.4	750	59.603616	0.0	434796	84	0.75	28.617	0	805	29.992501874531357
1634633672.21	750	59.613396	0.0	442748	89	0.75	32.617	0	925	30.00000000000003
1634633675.93	750	59.897032	0.0	418479	82	0.75	36.618	0	1045	29.99250187453133
1634633680.21	750	59.614862	0.0	439171	85	0.75	40.618	0	1165	30
1634633683.95	750	59.913263	0.0	449404	86	0.75	44.618	0	1285	30
1634633688.21	750	59.636796	0.0	422644	83	0.75	48.618	0	1405	30
1634633691.98	750	59.924541	0.0	443628	123	0.75	52.618	0	1525	30
1634633696.27	750	59.694349	0.0	431627	96	0.75	56.619	0	1645	29.992501874531385
1634633700.5	750	59.451313	0.0	456770	37	0.75	60.619	0	1765	30
1634633704.23	750	59.738416	0.0	425981	84	0.75	64.643	0	1886	30.06958250497017
1634633708.51	750	59.455893	0.0	437493	63	0.75	68.643	0	2006	30
1634633712.25	750	59.747282	0.0	434822	93	0.75	72.644	0	2126	29.99250187453133
1634633716.0	750	59.801844	0.0	453909	83	0.75	76.644	0	2246	30
1634633720.26	750	59.542324	0.0	435539	90	0.75	80.644	0	2366	30
1634633724.01	750	59.828713	0.0	437746	64	0.75	84.645	0	2486	29.99250187453144
1634633728.26	750	59.580267	0.0	422693	82	0.75	88.645	0	2606	30
1634633732.02	750	59.924873	0.0	452093	92	0.75	92.646	0	2726	29.99250187453133
1634633736.26	750	59.653917	0.0	425677	78	0.75	96.646	0	2846	30
1634633740.02	750	59.979584	0.0	430316	79	0.75	100.652	0	2966	29.955067398901647
1634633744.33	750	59.745074	0.0	453394	84	0.75	104.652	0	3086	30
1634633748.05	750	59.817116	0.0	433396	79	0.75	108.652	0	3206	30
1634633752.33	750	59.583116	0.0	432118	90	0.75	112.652	0	3326	30
1634633756.05	750	59.871999	0.0	447207	99	0.75	116.653	0	3446	29.99250187453133
1634633760.31	750	59.578785	0.0	437559	91	0.75	120.653	0	3566	30
