1634623275.26	750	4	0.458	1685249	304	-1.9644	0	0	0	0
1634623275.75	1200	8	0.0	1781540	271	0.75	0	0	0	0
1634623276.16	1200	11.70831	0.0	1722737	261	1.2	0	0	0	0
1634623276.59	1200	15.305342	0.0	1740707	260	1.2	0	0	0	0
1634623277.04	1200	18.833334	0.0	1752806	285	1.2	0	0	0	0
1634623277.52	1200	22.4	0.0	1706225	278	1.2	0	0	0	0
1634623278.03	1200	25.866667	0.0	1829999	301	1.2	0	0	0	0
1634623278.53	1200	29.4	0.0	1721616	278	1.2	4.636	3	152	0
1634623279.06	1200	32.838679	0.0	1715269	349	1.2	4.636	3	152	0
1634623279.51	1200	36.394526	0.0	1769586	279	1.2	4.636	3	152	0
1634623279.99	1200	39.909001	0.0	1849979	291	1.2	4.636	3	152	0
1634623280.49	1200	43.433334	0.0	1693292	266	1.2	4.636	3	152	0
1634623280.99	1200	46.916667	0.0	1905664	294	1.2	4.636	3	152	0
1634623281.43	1200	50.455235	0.0	1623155	272	1.2	4.636	3	152	0
1634623281.91	1200	54	0.0	1754132	287	1.2	4.636	3	152	0
1634623282.4	1200	57.5	0.0	1752304	290	1.2	4.636	3	152	0
1634623284.38	1200	59.694008	0.0	1690172	255	1.2	8.712	14	397	57.40922473012758
1634623287.91	1200	59.993664	0.0	1834922	251	1.2	12.712	16	637	59.5
1634623292.41	1200	59.723661	0.0	1776705	271	1.2	16.713	18	877	59.48512871782053
1634623296.38	1200	59.733334	0.0	1719504	266	1.2	20.713	18	1117	60
1634623300.37	1200	59.74292	0.0	1807724	266	1.2	24.713	19	1357	59.75
1634623304.37	1200	59.771263	0.0	1718882	278	1.2	28.713	19	1597	60
1634623308.42	1200	59.497019	0.0	1803226	313	1.2	32.713	21	1837	59.5
1634623312.44	1200	59.516837	0.0	1686003	289	1.2	36.714	23	2077	59.48512871782058
1634623316.5	1200	59.534003	0.0	1737120	284	1.2	40.714	25	2317	59.5
1634623320.52	1200	59.552577	0.0	1801713	313	1.2	44.715	27	2557	59.48512871782047
1634623324.08	1200	59.857155	0.0	1846078	308	1.2	48.714	29	2797	59.51487871967999
1634623328.09	1200	59.871635	0.0	1749409	304	1.2	52.716	29	3037	59.970014992503714
1634623332.08	1200	59.89496	0.0	1753415	282	1.2	56.715	30	3277	59.76494123530879
1634623336.13	1200	59.914378	0.0	1802826	293	1.2	60.715	30	3517	60
1634623340.11	1200	59.924814	0.0	1711828	244	1.2	64.718	32	3757	59.455408443667245
1634623344.09	1200	59.95	0.0	1677116	296	1.2	68.747	32	3999	60.064532141970766
1634623348.13	1200	59.778462	0.0	1696497	246	1.2	72.748	34	4239	59.48512871782047
1634623352.2	1200	59.836509	0.0	1789902	333	1.2	76.748	34	4479	60
1634623356.23	1200	59.897358	0.0	1750744	293	1.2	80.752	34	4719	59.94005994006008
1634623360.27	1200	59.671592	0.0	1795743	321	1.2	84.752	34	4959	60
1634623364.32	1200	59.686171	0.0	1747384	309	1.2	88.752	36	5199	59.5
1634623368.39	1200	59.704457	0.0	1755372	346	1.2	92.753	37	5439	59.73506623344157
1634623372.41	1200	59.721911	0.0	1684976	285	1.2	96.753	38	5679	59.75
1634623376.42	1200	59.729657	0.0	1728132	274	1.2	100.755	40	5919	59.470264867566286
1634623380.56	1200	59.456017	0.0	1808301	339	1.2	104.753	40	6159	60.030015007503685
1634623384.15	1200	59.762867	0.0	1726475	334	1.2	108.753	42	6399	59.5
1634623388.16	1200	59.781194	0.0	1726086	282	1.2	112.754	44	6639	59.48512871782047
1634623392.16	1200	59.795882	0.0	1805658	305	1.2	116.754	44	6879	60
1634623396.2	1200	59.802056	0.0	1787150	296	1.2	120.755	45	7119	59.73506623344178
