1634621299.07	750	4	0.147	216384	40	-0.6271	0	0	0	0
1634621299.24	300	8	0.0	236485	45	-0.15000000000000002	0	0	0	0
1634621299.4	300	12	0.0	218986	28	0.3	0	0	0	0
1634621299.52	300	16	0.0	217799	35	0.3	0	0	0	0
1634621299.65	300	20	0.0	230217	42	0.3	0	0	0	0
1634621299.79	300	24	0.0	224507	23	0.3	0	0	0	0
1634621299.91	300	28	0.0	232367	34	0.3	0	0	0	0
1634621300.06	300	32	0.0	227584	42	0.3	0	0	0	0
1634621300.26	300	36	0.0	220321	35	0.3	0	0	0	0
1634621300.4	300	40	0.0	232282	43	0.3	0	0	0	0
1634621300.55	300	44	0.0	233963	36	0.3	0	0	0	0
1634621300.68	300	47.915875	0.0	216411	42	0.3	0	0	0	0
1634621300.81	300	51.754782	0.0	246147	39	0.3	0	0	0	0
1634621300.95	300	55.633412	0.0	208634	31	0.3	0	0	0	0
1634621301.08	300	59.512309	0.0	225731	31	0.3	0	0	0	0
1634621305.31	300	59.458897	0.0	226480	40	0.3	5.39	0	55	0
1634621309.03	300	59.827897	0.0	215806	28	0.3	9.39	0	175	29.999999999999993
1634621313.21	300	59.547631	0.0	227416	40	0.3	13.391	0	295	29.99250187453137
1634621316.96	300	59.84192	0.0	225400	2	0.3	17.391	0	415	30.000000000000014
1634621321.15	300	59.548772	0.0	224611	42	0.3	21.391	0	535	30
1634621324.85	300	59.841935	0.0	229757	45	0.3	25.391	0	655	30
1634621329.1	300	59.6119	0.0	220298	36	0.3	29.392	0	775	29.992501874531357
1634621332.86	300	59.936774	0.0	226443	56	0.3	33.392	0	895	29.999999999999975
1634621337.05	300	59.678725	0.0	217694	34	0.3	37.393	0	1015	29.992501874531385
1634621341.26	300	59.436565	0.0	222958	44	0.3	41.394	0	1135	29.992501874531385
1634621345.0	300	59.760685	0.0	235152	61	0.3	45.395	0	1255	29.99250187453133
1634621349.19	300	59.522094	0.0	223149	39	0.3	49.395	0	1375	30
1634621352.93	300	59.818874	0.0	228977	83	0.3	53.395	0	1495	30
1634621357.17	300	59.6	0.0	222941	11	0.3	57.401	0	1616	30.20469296055916
1634621360.82	300	59.921522	0.0	233161	50	0.3	61.401	0	1736	30
1634621365.03	300	59.679156	0.0	219759	43	0.3	65.401	0	1856	30.000000000000053
1634621369.3	300	59.440681	0.0	226806	40	0.3	69.402	0	1976	29.99250187453133
1634621373.03	300	59.770036	0.0	221281	27	0.3	73.402	0	2096	30
1634621377.24	300	59.523662	0.0	223179	41	0.3	77.403	0	2216	29.99250187453133
1634621380.9	300	59.885755	0.0	220510	36	0.3	81.408	0	2336	29.962546816479435
1634621385.16	300	59.648466	0.0	226428	46	0.3	85.432	0	2457	30.06958250497017
1634621388.83	300	59.93897	0.0	226474	35	0.3	89.432	0	2577	30
1634621393.02	300	59.689466	0.0	230919	41	0.3	93.433	0	2697	29.99250187453133
1634621397.21	300	59.442388	0.0	218516	52	0.3	97.433	0	2817	30
1634621400.91	300	59.739182	0.0	221177	46	0.3	101.434	0	2937	29.99250187453144
1634621405.11	300	59.751996	0.0	226885	29	0.3	105.436	0	3057	29.985007496251804
1634621408.83	300	59.786466	0.0	224090	20	0.3	109.437	0	3177	29.99250187453144
1634621413.02	300	59.806232	0.0	220991	43	0.3	113.438	0	3297	29.99250187453133
1634621417.22	300	59.552697	0.0	225771	58	0.3	117.441	0	3417	29.977516862353234
1634621420.92	300	59.853134	0.0	226386	62	0.3	121.444	0	3537	29.977516862353234
