1634612210.59	750	4	0.418	1913263	308	-1.7923999999999998	0	0	0	0
1634612211.17	1850	8	0.0	2089029	360	0.75	0	0	0	0
1634612211.78	1850	11.554535	0.0	2096691	332	1.85	0	0	0	0
1634612212.45	1850	14.867992	0.0	2102150	434	1.85	0	0	0	0
1634612213.02	1850	18.303175	0.0	2202821	365	1.85	0	0	0	0
1634612213.58	1850	21.739455	0.0	2122248	368	1.85	0	0	0	0
1634612214.15	1850	25.173908	0.0	2085229	357	1.85	4.581	0	75	0
1634612214.75	1850	28.566667	0.0	2110319	409	1.85	4.581	0	75	0
1634612215.3	1850	32.000655	0.0	2159897	361	1.85	4.581	0	75	0
1634612215.84	1850	35.475952	0.0	2169645	351	1.85	4.581	0	75	0
1634612216.37	1850	38.952054	0.0	2138606	338	1.85	4.581	0	75	0
1634612216.86	1850	42.468106	0.0	2043307	319	1.85	4.581	0	75	0
1634612217.45	1850	45.866667	0.0	2327436	363	1.85	4.581	0	75	0
1634612217.92	1850	49.377824	0.0	1904210	320	1.85	8.581	0	195	30.000000000000007
1634612218.53	1850	52.812443	0.0	2144078	368	1.85	8.581	0	195	30.000000000000007
1634612219.05	1850	56.24813	0.0	2096332	329	1.85	8.581	0	195	30.000000000000007
1634612219.58	1850	59.724253	0.0	1978857	326	1.85	8.581	0	195	30.000000000000007
1634612223.64	1850	59.896747	0.0	2103885	316	1.85	12.582	0	315	29.992501874531357
1634612227.72	1850	59.624336	0.0	2123697	335	1.85	16.581	0	435	30.007501875468876
1634612231.8	1850	59.628257	0.0	2101249	352	1.85	20.582	0	555	29.992501874531357
1634612235.39	1850	59.960431	0.0	2221891	338	1.85	24.583	0	675	29.992501874531385
1634612239.48	1850	59.972813	0.0	2069811	332	1.85	28.583	0	795	30
1634612244.04	1850	59.477318	0.0	2168537	351	1.85	32.583	0	915	30
1634612247.66	1850	59.843572	0.0	2104614	355	1.85	36.584	0	1035	29.99250187453133
1634612251.72	1850	59.848548	0.0	2073522	315	1.85	40.584	0	1155	30
1634612255.86	1850	59.620853	0.0	2173759	376	1.85	44.586	0	1275	29.98500749625191
1634612259.42	1850	59.959075	0.0	2112825	336	1.85	48.586	0	1395	30
1634612263.55	1850	59.968099	0.0	2152172	349	1.85	52.587	0	1515	29.99250187453133
1634612267.64	1850	59.73028	0.0	2125345	361	1.85	56.586	0	1635	30.007501875468904
1634612271.78	1850	59.739807	0.0	2144544	353	1.85	60.587	0	1755	29.99250187453133
1634612275.91	1850	59.462061	0.0	2005686	343	1.85	64.587	0	1875	30
1634612279.93	1850	59.517526	0.0	2107587	311	1.85	68.589	0	1995	29.98500749625191
1634612283.48	1850	59.843767	0.0	2129753	340	1.85	72.589	0	2115	30
1634612287.57	1850	59.860063	0.0	2230435	342	1.85	76.589	0	2235	30
1634612291.72	1850	59.584865	0.0	2145105	324	1.85	80.59	0	2355	29.99250187453133
1634612295.79	1850	59.587609	0.0	2084291	341	1.85	84.59	0	2475	30
1634612299.9	1850	59.6	0.0	2076226	393	1.85	88.591	0	2595	29.99250187453144
1634612303.51	1850	59.9	0.0	2125976	345	1.85	92.591	0	2715	30
1634612307.54	1850	59.989994	0.0	1990834	304	1.85	96.591	0	2835	30
1634612311.65	1850	59.759656	0.0	2100565	352	1.85	100.592	0	2955	29.99250187453133
1634612315.8	1850	59.568323	0.0	2267754	376	1.85	104.593	0	3075	29.99250187453133
1634612319.83	1850	59.575107	0.0	2012700	343	1.85	108.594	0	3195	29.99250187453144
1634612323.85	1850	59.58597	0.0	2099151	331	1.85	112.594	0	3315	30
1634612327.9	1850	59.593723	0.0	2201867	349	1.85	116.594	0	3435	30
1634612331.48	1850	59.918194	0.0	2187933	342	1.85	120.594	0	3555	30
