1634608673.58	750	4	0.946	3074737	552	-4.0628	0	0	0	0
1634608674.37	1850	8	0.0	3160992	493	0.75	0	0	0	0
1634608675.14	1850	12	0.0	3235310	542	1.85	0	0	0	0
1634608676.02	1850	16	0.0	3213562	588	1.85	5.51	0	0	0
1634608676.9	1850	19.4	0.0	3305813	633	1.85	5.51	0	0	0
1634608677.62	1850	22.666667	0.0	3195623	495	1.85	5.51	0	0	0
1634608678.38	1850	25.916667	0.0	3306050	531	1.85	5.51	0	0	0
1634608679.13	1850	29.183334	0.0	3145358	507	1.85	5.51	0	0	0
1634608679.92	1850	32.416667	0.0	3239444	504	1.85	9.51	12	202	47.5
1634608680.69	1850	35.633334	0.0	3183282	523	1.85	9.51	12	202	47.5
1634608681.51	1850	38.833334	0.0	3355795	522	1.85	9.51	12	202	47.5
1634608682.28	1850	42.05	0.0	3134957	513	1.85	9.51	12	202	47.5
1634608683.1	1850	45.233334	0.0	3565391	567	1.85	9.51	12	202	47.5
1634608683.84	1850	48.483334	0.0	2977189	500	1.85	13.51	74	442	44.5
1634608684.61	1850	51.683334	0.0	3347917	556	1.85	13.51	74	442	44.5
1634608685.35	1850	54.95	0.0	3231663	508	1.85	13.51	74	442	44.5
1634608686.07	1850	58.25	0.0	3077749	479	1.85	13.51	74	442	44.5
1634608688.38	1850	59.880117	0.0	3395248	552	1.85	17.511	106	682	51.98700324918771
