1634603026.08	750	4	0.437	1685249	287	-1.8740999999999999	0	0	0	0
1634603026.56	1200	8	0.0	1781540	311	0.75	0	0	0	0
1634603027.01	1200	12	0.0	1722737	272	1.2	0	0	0	0
1634603027.45	1200	16	0.0	1740707	286	1.2	0	0	0	0
1634603027.91	1200	19.716667	0.0	1752806	296	1.2	0	0	0	0
1634603028.4	1200	23.283334	0.0	1706225	273	1.2	0	0	0	0
1634603028.92	1200	26.75	0.0	1829999	294	1.2	0	0	0	0
1634603029.41	1200	30.254504	0.0	1721616	278	1.2	5.271	4	87	0
1634603029.91	1200	33.75	0.0	1715269	290	1.2	5.271	4	87	0
1634603030.49	1200	37.166667	0.0	1769586	268	1.2	5.271	4	87	0
1634603030.97	1200	40.677206	0.0	1849979	315	1.2	5.271	4	87	0
1634603031.41	1200	44.233334	0.0	1693292	266	1.2	5.271	4	87	0
1634603032.02	1200	47.65	0.0	1905664	408	1.2	5.271	4	87	0
1634603032.58	1200	51.060301	0.0	1623155	341	1.2	5.271	4	87	0
1634603033.06	1200	54.616667	0.0	1754132	276	1.2	5.271	4	87	0
1634603033.63	1200	58.133334	0.0	1752304	275	1.2	9.335	13	330	57.578740157480304
1634603035.66	1200	59.992002	0.0	1690172	364	1.2	9.335	13	330	57.578740157480304
1634603040.15	1200	59.743652	0.0	1834922	297	1.2	13.335	16	570	59.25
1634603044.12	1200	59.780099	0.0	1776705	281	1.2	17.335	16	810	60
1634603048.12	1200	59.520715	0.0	1719504	266	1.2	21.335	17	1051	60
1634603052.1	1200	59.550351	0.0	1807724	286	1.2	25.335	17	1291	60
1634603056.08	1200	59.585689	0.0	1718882	276	1.2	29.335	18	1531	59.75
1634603060.06	1200	59.621838	0.0	1803226	290	1.2	33.336	18	1771	59.98500374906277
1634603064.05	1200	59.65564	0.0	1686003	268	1.2	37.338	18	2011	59.970014992503714
1634603068.08	1200	59.713256	0.0	1737120	274	1.2	41.336	18	2251	60.03001500750379
1634603072.09	1200	59.774881	0.0	1801713	294	1.2	45.345	20	2491	59.366425542529306
1634603076.1	1200	59.566667	0.0	1846078	277	1.2	49.337	21	2731	59.86973947895785
1634603080.09	1200	59.589826	0.0	1749409	264	1.2	53.338	21	2971	59.98500374906277
1634603084.07	1200	59.622867	0.0	1753415	281	1.2	57.338	21	3211	60
1634603088.03	1200	59.661979	0.0	1802826	284	1.2	61.339	21	3451	59.98500374906277
1634603092.05	1200	59.67898	0.0	1711828	291	1.2	65.339	23	3691	59.5
1634603096.04	1200	59.704936	0.0	1677116	283	1.2	69.34	24	3931	59.73506623344157
1634603100.83	1200	59.720748	0.0	1696497	279	1.2	73.343	25	4171	59.70522108418686
1634603104.38	1200	59.437761	0.0	1789902	274	1.2	77.35	25	4411	59.89518342899939
1634603107.94	1200	59.795514	0.0	1750744	276	1.2	81.344	35	4651	57.58637956935404
1634603111.96	1200	59.81948	0.0	1795743	297	1.2	85.344	35	4891	60
1634603116.1	1200	59.587917	0.0	1747384	395	1.2	89.344	37	5131	59.5
1634603120.1	1200	59.598867	0.0	1755372	281	1.2	93.344	38	5371	59.75
1634603124.1	1200	59.63819	0.0	1684976	255	1.2	97.345	38	5611	59.98500374906266
1634603128.11	1200	59.696346	0.0	1728132	251	1.2	101.346	39	5851	59.73506623344157
1634603132.17	1200	59.750769	0.0	1808301	283	1.2	105.345	40	6091	59.764941235308896
1634603136.23	1200	59.485921	0.0	1726475	323	1.2	109.346	42	6331	59.48512871782047
1634603140.31	1200	59.504516	0.0	1726086	334	1.2	113.346	45	6571	59.25
1634603144.3	1200	59.533334	0.0	1805658	291	1.2	117.348	46	6811	59.72013993003505
1634603147.81	1200	59.845875	0.0	1787150	284	1.2	121.348	48	7051	59.5
