1634624218.26	750	4	0.187	450171	67	-0.7991	0	0	0	0
1634624218.59	300	8	0.0	479340	227	-0.15000000000000002	0	0	0	0
1634624218.8	300	12	0.0	482464	117	0.3	0	0	0	0
1634624219.0	300	16	0.0	473027	99	0.3	0	0	0	0
1634624219.19	300	20	0.0	482174	90	0.3	0	0	0	0
1634624219.37	300	24	0.0	467405	84	0.3	0	0	0	0
1634624219.57	300	28	0.0	481853	97	0.3	0	0	0	0
1634624219.77	300	32	0.0	476808	92	0.3	0	0	0	0
1634624219.99	300	35.876782	0.0	475686	67	0.3	0	0	0	0
1634624220.17	300	39.716667	0.0	478640	94	0.3	0	0	0	0
1634624220.39	300	43.513847	0.0	489636	98	0.3	0	0	0	0
1634624220.58	300	47.311275	0.0	459485	72	0.3	0	0	0	0
1634624220.75	300	51.109801	0.0	510706	69	0.3	0	0	0	0
1634624220.96	300	54.947999	0.0	453259	78	0.3	0	0	0	0
1634624221.15	300	58.706347	0.0	480339	91	0.3	0	0	0	0
1634624224.41	300	59.753939	0.0	470888	88	0.3	5.191	0	102	0
1634624228.15	300	59.780659	0.0	467296	78	0.3	9.191	0	342	59.999999999999986
1634624232.39	300	59.506459	0.0	476280	81	0.3	13.192	0	582	59.98500374906274
1634624236.13	300	59.809	0.0	482436	78	0.3	17.192	0	822	60
1634624240.4	300	59.54515	0.0	460532	72	0.3	21.193	0	1062	59.98500374906271
1634624244.14	300	59.85619	0.0	476583	92	0.3	25.193	0	1302	60
1634624248.4	300	59.601792	0.0	465070	75	0.3	29.193	0	1542	60
1634624252.15	300	59.902776	0.0	482219	79	0.3	33.193	0	1782	60.00000000000006
1634624256.41	300	59.633443	0.0	461632	55	0.3	37.193	0	2022	60
1634624260.17	300	59.926333	0.0	462277	77	0.3	41.193	0	2262	60
1634624264.4	300	59.660717	0.0	490432	75	0.3	45.198	0	2502	59.92509363295876
1634624268.14	300	59.961093	0.0	489711	77	0.3	49.194	0	2742	60.060060060060025
1634624272.41	300	59.698008	0.0	467054	79	0.3	53.194	0	2982	60
1634624276.2	300	59.719305	0.0	476238	78	0.3	57.194	0	3222	60
1634624280.44	300	59.46693	0.0	474119	79	0.3	61.194	0	3462	60
1634624284.24	300	59.845562	0.0	476910	72	0.3	65.195	0	3702	59.98500374906288
1634624288.07	300	59.902131	0.0	490660	76	0.3	69.195	0	3942	60
1634624292.31	300	59.638413	0.0	470742	76	0.3	73.195	0	4182	60
1634624296.09	300	59.942674	0.0	497446	89	0.3	77.196	0	4422	59.98500374906266
1634624300.35	300	59.719763	0.0	456821	69	0.3	81.196	0	4662	60
1634624304.6	300	59.460029	0.0	484228	79	0.3	85.197	0	4902	59.98500374906266
1634624308.34	300	59.75518	0.0	471941	74	0.3	89.197	0	5142	60
1634624312.15	300	59.780229	0.0	464051	73	0.3	93.198	0	5382	59.98500374906288
1634624316.4	300	59.510082	0.0	471791	62	0.3	97.199	0	5622	59.98500374906266
1634624320.18	300	59.812055	0.0	478859	102	0.3	101.198	0	5862	60.01500375093781
1634624324.46	300	59.55	0.0	488451	77	0.3	105.199	0	6102	59.98500374906266
1634624328.25	300	59.852874	0.0	444887	83	0.3	109.199	0	6342	60
1634624332.48	300	59.587691	0.0	452873	75	0.3	113.199	0	6582	60
1634624336.28	300	59.888754	0.0	492347	108	0.3	117.199	0	6822	60
1634624340.02	300	59.909627	0.0	496200	79	0.3	121.207	0	7063	60.129740518962144
