1634620120.89	750	4	0.249	1027433	144	-1.0657	0	0	0	0
1634620121.22	1200	8	0.0	1033094	143	0.75	0	0	0	0
1634620121.54	1200	12	0.0	1112859	190	1.2	0	0	0	0
1634620121.86	1200	15.715981	0.0	1072091	174	1.2	0	0	0	0
1634620122.15	1200	19.433334	0.0	1097552	170	1.2	0	0	0	0
1634620122.48	1200	23.109174	0.0	1089913	176	1.2	0	0	0	0
1634620122.81	1200	26.786516	0.0	1088005	194	1.2	0	0	0	0
1634620123.16	1200	30.422326	0.0	1080926	170	1.2	0	0	0	0
1634620123.47	1200	34.140106	0.0	1075186	177	1.2	0	0	0	0
1634620123.78	1200	37.816857	0.0	1100003	177	1.2	0	0	0	0
1634620124.16	1200	41.454326	0.0	1089392	196	1.2	0	0	0	0
1634620124.49	1200	45.091319	0.0	1048032	154	1.2	4.634	0	79	0
1634620124.97	1200	48.647882	0.0	1147785	300	1.2	4.634	0	79	0
1634620125.25	1200	52.324893	0.0	1002936	151	1.2	4.634	0	79	0
1634620125.6	1200	56.002703	0.0	1102694	188	1.2	4.634	0	79	0
1634620125.92	1200	59.67971	0.0	1084569	166	1.2	4.634	0	79	0
1634620130.29	1200	59.490572	0.0	1055419	176	1.2	8.632	0	199	30.01500750375188
1634620134.17	1200	59.512338	0.0	1063815	137	1.2	12.633	0	319	29.99250187453137
1634620138.07	1200	59.575391	0.0	1133223	218	1.2	16.633	0	439	30
1634620141.94	1200	59.875455	0.0	1073029	171	1.2	20.633	0	559	30
1634620145.82	1200	59.891354	0.0	1083265	210	1.2	24.633	0	679	30
1634620150.19	1200	59.611557	0.0	1075789	185	1.2	28.635	0	799	29.985007496251857
1634620154.07	1200	59.654947	0.0	1076090	170	1.2	32.635	0	919	30.00000000000003
1634620157.93	1200	59.734829	0.0	1020386	186	1.2	36.636	0	1039	29.99250187453133
1634620162.32	1200	59.452	0.0	1065194	164	1.2	40.636	0	1159	30
1634620166.21	1200	59.469022	0.0	1124023	179	1.2	44.637	0	1279	29.992501874531385
1634620170.08	1200	59.771929	0.0	1128063	182	1.2	48.637	0	1399	30
1634620173.96	1200	59.780759	0.0	1090975	188	1.2	52.636	0	1519	30.00750187546885
1634620178.3	1200	59.516246	0.0	1102350	182	1.2	56.637	0	1639	29.992501874531385
1634620182.14	1200	59.525708	0.0	1105578	175	1.2	60.637	0	1759	30
1634620186.03	1200	59.85717	0.0	1020290	189	1.2	64.637	0	1879	30
1634620189.99	1200	59.90941	0.0	1053290	176	1.2	68.638	0	1999	29.99250187453133
1634620193.84	1200	59.909581	0.0	1095971	168	1.2	72.648	0	2120	30.174563591022512
1634620197.76	1200	59.961686	0.0	1092760	149	1.2	76.649	0	2240	29.99250187453133
1634620201.69	1200	59.97649	0.0	1082760	199	1.2	80.649	0	2360	30
1634620206.06	1200	59.696262	0.0	1075795	176	1.2	84.65	0	2480	29.99250187453133
1634620209.89	1200	59.750429	0.0	1052643	148	1.2	88.65	0	2600	30
1634620214.25	1200	59.479586	0.0	1136208	173	1.2	92.65	0	2720	30
1634620218.09	1200	59.78137	0.0	1026937	158	1.2	96.651	0	2840	29.99250187453144
1634620221.99	1200	59.789542	0.0	1090516	185	1.2	100.651	0	2960	30
1634620225.89	1200	59.794839	0.0	1126916	198	1.2	104.651	0	3080	30
1634620230.26	1200	59.517477	0.0	1032576	175	1.2	108.652	0	3200	29.99250187453133
1634620234.1	1200	59.535284	0.0	1059276	152	1.2	112.651	0	3320	30.007501875468904
1634620237.95	1200	59.82135	0.0	1142916	184	1.2	116.652	0	3440	29.99250187453133
1634620241.75	1200	59.866667	0.0	1105832	159	1.2	120.653	0	3560	29.99250187453133
