1634605185.83	750	4	0.657	2903817	518	-2.8201	0	0	0	0
1634605186.6	2850	7.933334	0.0	3210755	544	0.75	0	0	0	0
1634605187.38	2850	11.150118	0.0	3297850	568	2.85	0	0	0	0
1634605188.12	2850	14.383618	0.0	3113688	516	2.85	0	0	0	0
1634605188.97	2850	17.533334	0.0	3434179	557	2.85	4.604	1	69	0
1634605189.7	2850	20.805589	0.0	3246645	523	2.85	4.604	1	69	0
1634605190.47	2850	24.079437	0.0	3230273	548	2.85	4.604	1	69	0
1634605191.23	2850	27.31118	0.0	3265296	553	2.85	4.604	1	69	0
1634605192.04	2850	30.502819	0.0	3330293	585	2.85	4.604	1	69	0
1634605192.83	2850	33.7	0.0	3397189	545	2.85	8.605	1	188	29.74256435891027
1634605193.78	2850	36.866667	0.0	3383124	587	2.85	8.605	1	188	29.74256435891027
1634605194.56	2850	39.960265	0.0	3153089	548	2.85	8.605	1	188	29.74256435891027
1634605195.41	2850	43.110551	0.0	3557106	610	2.85	8.605	1	188	29.74256435891027
1634605196.19	2850	46.343588	0.0	3063784	484	2.85	8.605	1	188	29.74256435891027
1634605196.95	2850	49.577152	0.0	3220745	564	2.85	12.604	6	309	29.007251812953246
1634605197.79	2850	52.733334	0.0	3227820	607	2.85	12.604	6	309	29.007251812953246
1634605198.53	2850	56.000836	0.0	3208216	514	2.85	12.604	6	309	29.007251812953246
1634605199.36	2850	59.166667	0.0	3214764	550	2.85	12.604	6	309	29.007251812953246
1634605202.72	2850	59.987465	0.0	3431047	600	2.85	16.609	6	429	29.96254681647938
1634605207.04	2850	59.492049	0.0	3273134	551	2.85	20.609	6	549	30
1634605210.9	2850	59.787132	0.0	3428089	531	2.85	24.609	6	669	30
1634605215.21	2850	59.511986	0.0	3228836	556	2.85	28.609	6	789	30
1634605219.04	2850	59.515179	0.0	3299322	565	2.85	32.61	6	909	29.992501874531385
1634605222.93	2850	59.811517	0.0	3159196	581	2.85	36.61	7	1029	29.75
1634605226.86	2850	59.91385	0.0	3333132	608	2.85	40.611	7	1149	29.992501874531385
1634605230.85	2850	59.938289	0.0	3321798	588	2.85	44.611	9	1269	29.5
1634605234.69	2850	59.961515	0.0	3268850	578	2.85	48.612	9	1389	29.99250187453133
1634605239.04	2850	59.772542	0.0	3251724	560	2.85	52.612	9	1509	30
1634605243.04	2850	59.495635	0.0	3363576	760	2.85	56.613	9	1629	29.992501874531385
1634605246.93	2850	59.839439	0.0	3383685	589	2.85	60.613	9	1749	30
1634605250.81	2850	59.893371	0.0	3106343	558	2.85	64.613	9	1869	30
1634605254.75	2850	59.941771	0.0	3361747	648	2.85	68.614	9	1989	29.99250187453133
1634605258.57	2850	59.962879	0.0	3257046	533	2.85	72.614	9	2109	30
1634605262.96	2850	59.693923	0.0	3504697	579	2.85	76.635	9	2230	30.09201691121611
1634605266.67	2850	59.997886	0.0	3390454	935	2.85	80.636	9	2350	29.99250187453144
1634605271.04	2850	59.727943	0.0	3290568	567	2.85	84.635	10	2470	29.75743935983989
1634605274.92	2850	59.730503	0.0	3468173	578	2.85	88.636	10	2590	29.99250187453144
1634605279.27	2850	59.456251	0.0	3324690	532	2.85	92.636	10	2710	30
1634605283.1	2850	59.463417	0.0	3246603	519	2.85	96.637	10	2830	29.99250187453133
1634605287.04	2850	59.762817	0.0	3249767	569	2.85	100.636	11	2950	29.757439359839996
1634605290.93	2850	59.774349	0.0	3503469	549	2.85	104.637	11	3070	29.99250187453133
1634605295.22	2850	59.510748	0.0	3066575	474	2.85	108.638	11	3190	29.99250187453133
1634605299.01	2850	59.526328	0.0	3194789	487	2.85	112.637	11	3310	30.007501875468904
1634605302.86	2850	59.823061	0.0	3474872	578	2.85	116.639	11	3430	29.98500749625191
1634605306.69	2850	59.867972	0.0	3477756	569	2.85	120.639	11	3550	30
