1634606752.99	750	4	0.305	424762	86	-1.3065000000000002	0	0	0	0
1634606753.18	750	8	0.0	426330	61	0.75	0	0	0	0
1634606753.37	750	12	0.0	449994	87	0.75	0	0	0	0
1634606753.59	750	16	0.0	431398	63	0.75	0	0	0	0
1634606753.77	750	20	0.0	443117	80	0.75	0	0	0	0
1634606753.93	750	24	0.0	436277	64	0.75	0	0	0	0
1634606754.08	750	28	0.0	439594	69	0.75	0	0	0	0
1634606754.25	750	32	0.0	433964	77	0.75	0	0	0	0
1634606754.46	750	36	0.0	430713	73	0.75	0	0	0	0
1634606754.64	750	40	0.0	440056	75	0.75	0	0	0	0
1634606754.82	750	44	0.0	455141	87	0.75	0	0	0	0
1634606755.0	750	48	0.0	426996	72	0.75	0	0	0	0
1634606755.19	750	52	0.0	471493	77	0.75	0	0	0	0
1634606755.42	750	56	0.0	400302	65	0.75	0	0	0	0
1634606756.61	750	59.657724	0.0	448474	63	0.75	5.862	0	0	0
1634606760.34	750	59.972809	0.0	445607	78	0.75	9.862	0	117	29.25
1634606764.63	750	59.473883	0.0	411626	70	0.75	13.862	0	237	30
1634606768.37	750	59.775167	0.0	430480	62	0.75	17.862	0	357	30.000000000000014
1634606772.56	750	59.535689	0.0	442297	70	0.75	21.87	0	477	29.94011976047902
1634606776.27	750	59.856375	0.0	447875	76	0.75	25.87	0	597	30
1634606780.48	750	59.588065	0.0	446481	74	0.75	29.87	0	717	30
1634606784.24	750	59.880252	0.0	434796	68	0.75	33.871	0	837	29.992501874531357
1634606788.52	750	59.679472	0.0	442748	69	0.75	37.87	0	957	30.007501875468904
1634606792.26	750	59.982195	0.0	418479	60	0.75	41.871	0	1077	29.99250187453133
1634606796.48	750	59.710216	0.0	439171	64	0.75	45.872	0	1197	29.992501874531385
1634606800.75	750	59.441915	0.0	449404	78	0.75	49.872	0	1317	30
1634606804.52	750	59.7896	0.0	422644	79	0.75	53.872	0	1437	30
1634606808.29	750	59.81301	0.0	443628	77	0.75	57.872	0	1557	30
1634606812.53	750	59.826872	0.0	431627	79	0.75	61.873	0	1677	29.992501874531385
1634606816.29	750	59.8419	0.0	456770	66	0.75	65.874	0	1797	29.992501874531385
1634606820.54	750	59.615877	0.0	425981	63	0.75	69.874	0	1917	30
1634606824.33	750	59.96699	0.0	437493	63	0.75	73.874	0	2037	30
1634606828.6	750	59.460675	0.0	434822	75	0.75	77.874	0	2157	30
1634606832.35	750	59.75711	0.0	453909	69	0.75	81.874	0	2277	30
1634606836.66	750	59.475958	0.0	435539	73	0.75	85.874	0	2397	30
1634606840.41	750	59.757387	0.0	437746	82	0.75	89.875	0	2517	29.99250187453133
1634606844.72	750	59.485519	0.0	422693	80	0.75	93.875	0	2637	30
1634606848.5	750	59.825426	0.0	452093	71	0.75	97.876	0	2757	29.99250187453133
1634606852.23	750	59.852756	0.0	425677	72	0.75	101.876	0	2877	30
1634606856.46	750	59.618591	0.0	430316	74	0.75	105.876	0	2997	30
1634606860.19	750	59.911614	0.0	453394	73	0.75	109.877	0	3117	29.99250187453144
1634606864.45	750	59.69802	0.0	433396	68	0.75	113.876	0	3237	30.007501875468797
1634606868.17	750	59.988895	0.0	432118	80	0.75	117.876	0	3357	30
1634606872.39	750	59.71488	0.0	447207	77	0.75	121.878	0	3477	29.98500749625191
1634606876.63	750	59.72609	0.0	437559	67	0.75	125.877	0	3597	30.007501875468904
