1634632462.84	750	4	0.294	1027433	186	-1.2591999999999999	0	0	0	0
1634632463.17	1200	8	0.0	1033094	181	0.75	0	0	0	0
1634632463.46	1200	12	0.0	1112859	185	1.2	0	0	0	0
1634632463.75	1200	16	0.0	1072091	182	1.2	0	0	0	0
1634632464.03	1200	20	0.0	1097552	169	1.2	0	0	0	0
1634632464.33	1200	24	0.0	1089913	191	1.2	0	0	0	0
1634632464.67	1200	27.957201	0.0	1088005	209	1.2	0	0	0	0
1634632465.01	1200	31.592733	0.0	1080926	197	1.2	0	0	0	0
1634632465.35	1200	35.270403	0.0	1075186	187	1.2	0	0	0	0
1634632465.77	1200	38.907716	0.0	1100003	186	1.2	0	0	0	0
1634632466.18	1200	42.504507	0.0	1089392	199	1.2	5.182	0	42	0
1634632466.46	1200	46.141659	0.0	1048032	172	1.2	5.182	0	42	0
1634632466.81	1200	49.817801	0.0	1147785	203	1.2	5.182	0	42	0
1634632467.13	1200	53.495503	0.0	1002936	160	1.2	5.182	0	42	0
1634632467.48	1200	57.133334	0.0	1102694	210	1.2	5.182	0	42	0
1634632469.34	1200	59.466667	0.0	1084569	175	1.2	5.182	0	42	0
1634632473.19	1200	59.474986	0.0	1055419	135	1.2	9.183	0	162	29.99250187453137
1634632477.1	1200	59.553054	0.0	1063815	191	1.2	13.203	0	282	29.85074626865672
1634632480.96	1200	59.872217	0.0	1133223	193	1.2	17.203	0	402	30
1634632484.86	1200	59.882951	0.0	1073029	177	1.2	21.203	0	522	30
1634632489.23	1200	59.607585	0.0	1083265	177	1.2	25.204	0	642	29.992501874531357
1634632493.11	1200	59.680883	0.0	1075789	166	1.2	29.203	0	762	30.007501875468876
1634632497.04	1200	59.755763	0.0	1076090	246	1.2	33.204	0	883	30.24243939015245
1634632500.88	1200	59.8	0.0	1020386	166	1.2	37.205	0	1003	29.992501874531385
1634632505.24	1200	59.566667	0.0	1065194	185	1.2	41.206	0	1123	29.99250187453133
1634632509.15	1200	59.601727	0.0	1124023	204	1.2	45.212	0	1243	29.955067398901647
1634632512.98	1200	59.677604	0.0	1128063	178	1.2	49.206	0	1363	30.045067601402106
1634632517.31	1200	59.442075	0.0	1090975	185	1.2	53.206	0	1483	30
1634632521.16	1200	59.485819	0.0	1102350	195	1.2	57.206	0	1603	30
1634632525.09	1200	59.794643	0.0	1105578	249	1.2	61.207	0	1723	29.992501874531385
1634632529.0	1200	59.817411	0.0	1020290	165	1.2	65.207	0	1843	30.000000000000053
1634632532.93	1200	59.839125	0.0	1053290	166	1.2	69.207	0	1963	30
1634632536.78	1200	59.860766	0.0	1095971	178	1.2	73.208	0	2083	29.99250187453133
1634632541.16	1200	59.586309	0.0	1092760	185	1.2	77.208	0	2203	30
1634632545.07	1200	59.590566	0.0	1082760	168	1.2	81.209	0	2323	29.99250187453133
1634632549.01	1200	59.901215	0.0	1075795	226	1.2	85.211	0	2443	29.98500749625191
1634632552.87	1200	59.904726	0.0	1052643	161	1.2	89.211	0	2563	30
1634632556.76	1200	59.917794	0.0	1136208	209	1.2	93.211	0	2683	30
1634632561.11	1200	59.642677	0.0	1026937	155	1.2	97.212	0	2803	29.99250187453133
1634632565.0	1200	59.700964	0.0	1090516	180	1.2	101.213	0	2923	29.99250187453144
1634632569.41	1200	59.430867	0.0	1126916	191	1.2	105.219	0	3043	29.955067398901647
1634632573.29	1200	59.438747	0.0	1032576	175	1.2	109.22	0	3163	29.99250187453133
1634632577.15	1200	59.758669	0.0	1059276	193	1.2	113.219	0	3283	30.007501875468904
1634632581.04	1200	59.766667	0.0	1142916	207	1.2	117.22	0	3403	29.99250187453133
1634632584.93	1200	59.776872	0.0	1105832	227	1.2	121.22	0	3523	30
