1624019336.04	750	4	0.471	447032	53	-2.0203	0	0	0	0
1624019336.84	1200	8	0.0	1081855	280	0.75	0	0	0	0
1624019337.26	1200	12	0.0	909590	183	1.2	0	0	0	0
1624019337.71	1200	16	0.0	1064785	208	1.2	0	0	0	0
1624019338.21	1200	20	0.0	1068330	193	1.2	8.101	0	0	0
1624019338.63	1200	24	0.0	1091906	183	1.2	8.101	0	0	0
1624019339.36	1200	28	0.0	989621	123	1.2	8.101	0	0	0
1624019339.89	1200	32	0.0	1120373	228	1.2	8.101	0	0	0
1624019340.45	1200	36	0.0	1096122	220	1.2	8.101	0	0	0
1624019341.46	1200	39.054805	0.0	1088831	357	1.2	8.101	0	0	0
1624019342.17	1200	42.5	0.0	1080940	217	1.2	12.101	1	44	10.75
1624019342.82	1200	45.736079	0.0	1075422	162	1.2	12.101	1	44	10.75
1624019343.43	1200	49.133334	0.0	1146374	241	1.2	12.101	1	44	10.75
1624019344.11	1200	52.6	0.0	1146930	274	1.2	12.101	1	44	10.75
1624019345.15	1200	55.395297	0.0	1066542	298	1.2	12.101	1	44	10.75
1624019345.89	1200	58.8	0.0	1056887	205	1.2	12.101	1	44	10.75
1624019349.4	1200	59.882302	0.0	990369	217	1.2	16.206	33	167	22.168087697929362
1624019354.22	1200	59.539191	0.0	1015471	189	1.2	20.25	42	288	27.695351137487634
1624019372.1	1200	44.911183	0.0	1173982	3151	1.2	38.897	128	852	25.634150265458253
1624019373.86	1200	47.433334	0.0	1058624	493	1.2	42.882	137	967	26.599749058971145
1624019374.95	1200	49.833334	0.0	1046861	120	1.2	42.882	137	967	26.599749058971145
1624019375.97	1200	52.866667	0.0	1048437	275	1.2	42.882	137	967	26.599749058971145
1624019377.97	1200	55.866667	0.0	1152505	331	1.2	46.865	165	1084	22.344966105950267
1624019398.33	1200	38.436631	0.0	877099	200	1.2	68.293	265	1729	25.434011573641957
1624019399.63	1200	41.233334	0.0	968042	399	1.2	68.293	265	1729	25.434011573641957
1624019402.38	1200	44	0.0	1064114	331	1.2	68.293	265	1729	25.434011573641957
1624019407.15	1200	41.6	0.0	1005764	63	1.2	77.01	334	1991	22.14064471721923
1624019407.85	1200	44.733334	0.0	1078959	261	1.2	77.01	334	1991	22.14064471721923
1624019408.47	1200	48.090532	0.0	1074526	217	1.2	77.01	334	1991	22.14064471721923
1624019409.34	1200	51.366667	0.0	1231303	293	1.2	77.01	334	1991	22.14064471721923
1624019409.97	1200	54.6	0.0	960890	240	1.2	77.01	334	1991	22.14064471721923
1624019410.86	1200	58	0.0	1183904	52	1.2	77.01	334	1991	22.14064471721923
1624019413.81	1200	59.411363	0.0	1065257	227	1.2	81.174	374	2116	20.413064361191154
1624019417.87	1200	58.926326	0.0	1108615	318	1.2	85.168	385	2236	27.290936404606914
1624019421.82	1200	59.090143	0.0	1113738	153	1.2	91.559	425	2427	23.626975434204383
1624019425.37	1200	59.600954	0.0	981548	144	1.2	91.559	425	2427	23.626975434204383
1624019430.04	1200	59.526598	0.0	1067644	252	1.2	95.68	429	2551	29.119145838388675
1624019433.84	1200	59.3	0.0	1068520	119	1.2	103.387	496	2780	21.019852082522398
1624019439.08	1200	57.694134	0.0	946116	322	1.2	108.845	521	2946	25.833638695492862
