1623879031.35	750	4	0.439	446149	152	-1.8826999999999998	0	0	0	0
1623879033.35	2850	8	0.0	5338027	940	0.75	0	0	0	0
1623879034.93	2850	12	0.0	4485847	714	2.85	5.668	0	0	0
1623879036.54	2850	16	0.0	5004689	878	2.85	5.668	0	0	0
1623879038.33	2850	19.466667	0.0	5182650	993	2.85	5.668	0	0	0
1623879039.97	2850	22	0.0	5173280	755	2.85	9.715	46	51	1.2354830738818878
1623879042.04	2850	23.95	0.0	4880493	798	2.85	9.715	46	51	1.2354830738818878
1623879043.77	2850	26.866667	0.0	5406574	882	2.85	13.716	256	271	2.4993751562109474
1623879045.35	2850	29.833334	0.0	4844720	710	2.85	13.716	256	271	2.4993751562109474
1623879046.98	2850	32.866667	0.0	4832207	459	2.85	17.717	411	426	0
1623879049.41	2850	35.95	0.0	4887638	753	2.85	17.717	411	426	0
1623879051.21	2850	38.683334	0.0	4995664	541	2.85	21.794	544	559	0
1623879053.94	2850	41.616667	0.0	5320325	849	2.85	21.794	544	559	0
