1624022763.17	750	4	0.384	446149	129	-1.6461999999999999	0	0	0	0
1624022763.63	300	8	0.0	458211	171	-0.15000000000000002	0	0	0	0
1624022763.96	300	12	0.0	390124	100	0.3	0	0	0	0
1624022764.32	300	16	0.0	474461	69	0.3	0	0	0	0
1624022764.67	300	19.7	0.0	444309	107	0.3	0	0	0	0
1624022764.99	300	23.377595	0.0	443120	104	0.3	0	0	0	0
1624022765.3	300	27.050546	0.0	416509	109	0.3	0	0	0	0
1624022765.71	300	30.733334	0.0	451355	115	0.3	0	0	0	0
1624022766.07	300	34.28416	0.0	417757	89	0.3	0	0	0	0
1624022766.45	300	38	0.0	415350	125	0.3	5.221	9	117	0
1624022766.83	300	41.566667	0.0	433531	92	0.3	5.221	9	117	0
1624022767.2	300	45.172467	0.0	422916	125	0.3	5.221	9	117	0
1624022767.52	300	48.830436	0.0	459414	104	0.3	5.221	9	117	0
1624022767.87	300	52.539028	0.0	450936	101	0.3	5.221	9	117	0
1624022768.21	300	56.143412	0.0	439746	50	0.3	5.221	9	117	0
1624022768.58	300	59.85	0.0	432189	65	0.3	5.221	9	117	0
1624022772.92	300	59.492748	0.0	396094	94	0.3	9.221	41	357	52
1624022776.82	300	59.603577	0.0	420942	142	0.3	13.239	41	598	59.980089596814324
1624022780.69	300	59.900934	0.0	477686	111	0.3	17.239	44	838	59.25
1624022784.65	300	59.720941	0.0	429484	79	0.3	21.24	49	1078	58.7353161709573
1624022789.01	300	59.522776	0.0	428693	99	0.3	25.27	54	1319	58.560794044664995
1624022792.84	300	59.594529	0.0	445526	50	0.3	29.27	57	1560	59.5
1624022796.77	300	59.687812	0.0	459785	98	0.3	33.272	58	1800	59.720139930034996
1624022800.73	300	59.770053	0.0	395717	137	0.3	37.3	60	2042	59.58291956305861
1624022804.61	300	59.860083	0.0	421854	4	0.3	41.3	60	2282	60
1624022809.1	300	59.5	0.0	464457	12	0.3	45.309	65	2522	58.618109254178094
1624022812.94	300	59.579532	0.0	430202	79	0.3	49.308	68	2763	59.514878719679885
1624022816.87	300	59.644262	0.0	445549	109	0.3	53.309	69	3002	59.48512871782058
1624022820.73	300	59.789504	0.0	449734	84	0.3	57.31	72	3243	59.48512871782047
1624022824.59	300	59.894661	0.0	478634	93	0.3	61.31	73	3483	59.75
1624022828.55	300	59.913773	0.0	421756	154	0.3	65.311	78	3723	58.73531617095719
1624022832.49	300	59.973398	0.0	500580	30	0.3	69.311	81	3963	59.25
1624022836.96	300	59.491018	0.0	471259	124	0.3	73.313	89	4203	57.97101449275369
1624022840.88	300	59.588627	0.0	447061	105	0.3	77.312	95	4443	58.51462865716436
1624022844.81	300	59.65	0.0	414676	88	0.3	81.312	103	4683	58
1624022848.63	300	59.763448	0.0	407398	69	0.3	85.314	108	4923	58.72063968015999
1624022852.54	300	59.8952	0.0	438602	131	0.3	89.314	111	5163	59.25
1624022856.46	300	59.957404	0.0	421192	104	0.3	93.355	117	5405	58.40138579559499
1624022860.44	300	59.977771	0.0	414269	103	0.3	97.355	120	5645	59.25
1624022864.88	300	59.579146	0.0	427172	84	0.3	101.356	120	5885	59.98500374906288
1624022868.73	300	59.701776	0.0	435036	98	0.3	105.356	122	6125	59.5
1624022872.65	300	59.766667	0.0	454750	134	0.3	109.355	126	6365	59.01475368842197
1624022876.56	300	59.875836	0.0	436843	166	0.3	113.356	128	6605	59.485128717820686
1624022880.92	300	59.643473	0.0	455439	112	0.3	117.357	129	6845	59.73506623344157
1624022884.8	300	59.826209	0.0	439643	104	0.3	121.357	136	7085	58.25
