1624904857.44	750	4	0.441	447032	133	-1.8912999999999998	0	0	0	0
1624904858.13	1200	8	0.0	1081855	378	0.75	0	0	0	0
1624904858.57	1200	12	0.0	909590	188	1.2	0	0	0	0
1624904859.04	1200	16	0.0	1064785	193	1.2	0	0	0	0
1624904859.53	1200	20	0.0	1068330	189	1.2	0	0	0	0
1624904860.23	1200	24	0.0	1091906	308	1.2	0	0	0	0
1624904860.64	1200	28	0.0	989621	181	1.2	5.324	0	0	0
1624904861.38	1200	31.487944	0.0	1120373	91	1.2	5.324	0	0	0
1624904862.4	1200	34.566667	0.0	1096122	549	1.2	5.324	0	0	0
1624904863.21	1200	37.866667	0.0	1088831	254	1.2	5.324	0	0	0
1624904864.07	1200	41	0.0	1080940	250	1.2	5.324	0	0	0
1624904865.36	1200	44	0.0	1075422	153	1.2	9.404	22	113	22.30392156862745
1624904866.33	1200	46.566667	0.0	1146374	163	1.2	9.404	22	113	22.30392156862745
1624904867.12	1200	49.966667	0.0	1146930	242	1.2	9.404	22	113	22.30392156862745
1624904871.41	1200	50.173375	0.0	1066542	572	1.2	13.737	73	241	17.77059773828756
1624904872.47	1200	52.528295	0.0	1056887	337	1.2	13.737	73	241	17.77059773828756
1624904873.37	1200	55.666667	0.0	990369	257	1.2	17.738	83	363	27.993001749562612
1624904875.87	1200	58.011367	0.0	1015471	753	1.2	17.738	83	363	27.993001749562612
1624904878.01	1200	59.333334	0.0	1173982	250	1.2	21.929	113	489	22.906227630637087
1624904881.83	1200	59.49067	0.0	1058624	241	1.2	25.974	132	610	25.216316440049432
1624904889.3	1200	57.805629	0.0	1046861	343	1.2	33.257	165	830	25.6762323218454
1624904892.16	1200	56.933334	0.0	1048437	263	1.2	33.257	165	830	25.6762323218454
1624904893.26	1200	59.833334	0.0	1152505	238	1.2	37.341	173	951	27.668952007835433
1624904900.09	1200	57.507431	0.0	877099	249	1.2	44.285	212	1159	24.33755760368665
1624904921.13	1200	40.746192	0.0	968042	565	1.2	64.989	245	1781	28.448608964451303
1624904922.37	1200	42.775326	0.0	1064114	201	1.2	64.989	245	1781	28.448608964451303
1624904923.08	1200	45.866667	0.0	1005764	56	1.2	64.989	245	1781	28.448608964451303
1624904924.7	1200	48.371253	0.0	1078959	380	1.2	69.185	265	1906	25.023832221163026
1624904926.32	1200	51.433334	0.0	1074526	233	1.2	69.185	265	1906	25.023832221163026
1624904931.61	1200	50.433334	0.0	1231303	228	1.2	74.858	274	2077	28.556319407720775
1624904934.97	1200	50.086109	0.0	960890	90	1.2	79.35	295	2211	25.15583259127343
1624904935.88	1200	53.134066	0.0	1183904	250	1.2	79.35	295	2211	25.15583259127343
1624904936.49	1200	56.4	0.0	1065257	225	1.2	79.35	295	2211	25.15583259127343
1624904938.67	1200	59.666667	0.0	1108615	404	1.2	79.35	295	2211	25.15583259127343
1624904964.91	1200	36.418158	0.0	1113738	6446	1.2	109.392	366	3113	28.33036612740925
1624904966.33	1200	39	0.0	981548	259	1.2	109.392	366	3113	28.33036612740925
1624904979.76	1200	29.293378	0.0	1067644	5933	1.2	123.724	429	3544	25.67680714485067
1624904981.95	1200	31.870185	0.0	1068520	419	1.2	123.724	429	3544	25.67680714485067
1624904983.45	1200	34	0.0	946116	29	1.2	127.643	431	3659	28.833886195458046
1624904985.43	1200	36.1507	0.0	1041444	109	1.2	127.643	431	3659	28.833886195458046
1624904986.63	1200	38.633334	0.0	1033147	53	1.2	127.643	431	3659	28.833886195458046
