1624021439.11	750	4	0.603	446149	169	-2.5879000000000003	0	0	0	0
1624021440.86	1850	8	0.0	3302713	918	0.75	0	0	0	0
1624021441.93	1850	12	0.0	2780269	583	1.85	6.311	0	0	0
1624021442.99	1850	16	0.0	3138830	588	1.85	6.311	0	0	0
1624021444.31	1850	20	0.0	3252745	595	1.85	6.311	0	0	0
1624021445.61	1850	23.15	0.0	3175667	432	1.85	6.311	0	0	0
1624021446.84	1850	25.816667	0.0	2962628	625	1.85	10.392	70	82	2.94045577064445
1624021448.17	1850	28.566667	0.0	3242545	640	1.85	10.392	70	82	2.94045577064445
1624021449.51	1850	31.183334	0.0	2999470	719	1.85	10.392	70	82	2.94045577064445
1624021450.78	1850	33.95	0.0	2926075	640	1.85	14.42	226	320	20.35749751737835
1624021452.01	1850	36.8	0.0	3029009	662	1.85	14.42	226	320	20.35749751737835
1624021453.19	1850	39.55	0.0	3113599	624	1.85	14.42	226	320	20.35749751737835
1624021454.57	1850	42.3	0.0	3116790	709	1.85	18.473	452	560	3.454231433506046
1624021455.91	1850	45.033334	0.0	3132453	752	1.85	18.473	452	560	3.454231433506046
1624021457.5	1850	47.766667	0.0	2994095	712	1.85	18.473	452	560	3.454231433506046
1624021458.78	1850	50.466667	0.0	3154088	673	1.85	22.489	660	768	0
1624021459.97	1850	52.866667	0.0	2803553	674	1.85	22.489	660	768	0
1624021462.09	1850	55.25	0.0	3039477	1021	1.85	26.503	897	1005	0
1624021464.02	1850	57.75	0.0	3356332	888	1.85	26.503	897	1005	0
1624021470.66	1850	58.5	0.0	3105690	725	1.85	26.503	897	1005	0
