1624020892.8	750	4	0.511	446149	82	-2.1923	0	0	0	0
1624020895.22	2850	8	0.0	5338027	1537	0.75	0	0	0	0
1624020898.14	2850	9.65	0.0	4485847	1838	2.85	5.661	0	18	0
1624020900.28	2850	11.666667	0.0	5004689	1409	2.85	9.673	68	255	42.12362911266201
1624020902.68	2850	13.933334	0.0	5182650	1584	2.85	9.673	68	255	42.12362911266201
1624020905.28	2850	15.983334	0.0	5173280	1805	2.85	13.674	237	424	0
1624020907.98	2850	17.85	0.0	4880493	1952	2.85	17.674	422	609	0
1624020911.25	2850	19.866667	0.0	5406574	1746	2.85	17.674	422	609	0
1624020913.47	2850	22.716667	0.0	4844720	1122	2.85	21.748	556	743	0
1624020915.35	2850	25.65	0.0	4832207	872	2.85	21.748	556	743	0
1624020917.37	2850	28.316667	0.0	4887638	1177	2.85	25.749	701	888	0
1624020919.2	2850	31.05	0.0	4995664	1082	2.85	25.749	701	888	0
1624020921.36	2850	33.65	0.0	5320325	1242	2.85	29.75	866	1053	0
1624020923.57	2850	36.3	0.0	5320224	1059	2.85	29.75	866	1053	0
1624020925.32	2850	39.116667	0.0	4822090	1018	2.85	33.752	1013	1200	0
1624020927.02	2850	42.1	0.0	5024811	680	2.85	33.752	1013	1200	0
1624020928.8	2850	44.8	0.0	4620969	1022	2.85	37.752	1175	1362	0
1624020930.71	2850	47.45	0.0	4982065	1180	2.85	37.752	1175	1362	0
1624020932.63	2850	50.116667	0.0	5333279	1121	2.85	41.756	1348	1535	0
1624020934.57	2850	52.783334	0.0	5166435	1109	2.85	41.756	1348	1535	0
1624020936.46	2850	55.416667	0.0	4952219	1110	2.85	45.757	1517	1704	0
1624020938.21	2850	58.233334	0.0	5148296	958	2.85	45.757	1517	1704	0
1624020941.44	2850	59.733334	0.0	5332212	961	2.85	49.756	1662	1849	0
1624020946.25	2850	59.466667	0.0	4130375	1009	2.85	53.761	1861	2048	0
1624020950.36	2850	59.966667	0.0	4502091	942	2.85	57.762	2073	2260	0
1624020955.53	2850	59.483334	0.0	4906417	1271	2.85	61.763	2292	2479	0
1624020959.86	2850	59.816667	0.0	4606683	1147	2.85	69.769	2710	2897	0
1624020964.77	2850	59.666667	0.0	4992827	1132	2.85	73.769	2912	3099	0
1624020968.97	2850	59.966667	0.0	4833092	1369	2.85	77.768	3107	3294	0
1624020974.19	2850	59.8	0.0	5560086	1294	2.85	81.769	3301	3488	0
1624020979.5	2850	59.483334	0.0	4512973	859	2.85	85.77	3495	3682	0
1624020983.91	2850	59.833334	0.0	5477056	1443	2.85	93.772	3905	4092	0
1624020988.65	2850	59.866667	0.0	5211665	1365	2.85	97.772	4100	4287	0
1624020993.37	2850	59.75	0.0	5155066	1363	2.85	101.772	4297	4484	0
1624020998.16	2850	59.683334	0.0	5042047	962	2.85	105.773	4493	4680	0
1624021002.71	2850	59.766667	0.0	4373848	878	2.85	109.775	4704	4891	0
1624021007.23	2850	59.8	0.0	4955552	1313	2.85	113.774	4932	5119	0
1624021012.17	2850	59.516667	0.0	4533309	1211	2.85	121.778	5341	5528	0
1624021016.83	2850	59.483334	0.0	4404309	930	2.85	125.78	5556	5743	0
1624021021.07	2850	59.8	0.0	4543808	871	2.85	129.781	5753	5940	0
1624021025.77	2850	59.783334	0.0	4672100	1255	2.85	133.782	5949	6136	0
1624021030.83	2850	59.733334	0.0	5112917	1312	2.85	137.782	6140	6327	0
1624021035.39	2850	59.683334	0.0	4777608	1360	2.85	141.784	6369	6556	0
1624021040.34	2850	59.55	0.0	5053470	1172	2.85	149.802	6775	6962	0
1624021044.48	2850	59.816667	0.0	4782473	1277	2.85	153.802	6982	7169	0
