1623877386.24	750	4	0.388	446149	138	-1.6633999999999998	0	0	0	0
1623877386.57	300	8	0.0	458211	109	-0.15000000000000002	0	0	0	0
1623877386.89	300	12	0.0	390124	118	0.3	0	0	0	0
1623877387.25	300	16	0.0	474461	124	0.3	0	0	0	0
1623877387.66	300	20	0.0	444309	91	0.3	0	0	0	0
1623877388.0	300	24	0.0	443120	122	0.3	0	0	0	0
1623877388.49	300	27.716667	0.0	416509	176	0.3	0	0	0	0
1623877388.89	300	31.278539	0.0	451355	132	0.3	0	0	0	0
1623877389.25	300	34.935992	0.0	417757	102	0.3	5.6	17	59	0
1623877389.57	300	38.5957	0.0	415350	110	0.3	5.6	17	59	0
1623877389.92	300	42.25554	0.0	433531	120	0.3	5.6	17	59	0
1623877390.21	300	46	0.0	422916	89	0.3	5.6	17	59	0
1623877390.52	300	49.636414	0.0	459414	77	0.3	5.6	17	59	0
1623877390.84	300	53.345277	0.0	450936	88	0.3	5.6	17	59	0
1623877391.17	300	57.012789	0.0	439746	115	0.3	5.6	17	59	0
1623877392.49	300	59.812483	0.0	432189	91	0.3	5.6	17	59	0
1623877396.31	300	59.84612	0.0	396094	88	0.3	9.599	28	299	57.26431607901975
1623877400.64	300	59.578719	0.0	420942	79	0.3	13.599	39	539	57.25
1623877404.52	300	59.691443	0.0	477686	80	0.3	17.6	47	779	57.98550362409396
1623877408.58	300	59.661879	0.0	429484	131	0.3	21.6	48	1019	59.75
1623877412.58	300	59.630464	0.0	428693	139	0.3	25.603	72	1259	53.959530352235824
1623877416.45	300	59.771349	0.0	445526	108	0.3	29.602	82	1499	57.51437859464868
1623877420.38	300	59.885446	0.0	459785	105	0.3	33.603	87	1739	58.73531617095724
1623877424.77	300	59.453421	0.0	395717	37	0.3	37.603	91	1979	59
1623877428.62	300	59.547738	0.0	421854	93	0.3	41.603	96	2219	58.75
1623877432.48	300	59.664745	0.0	464457	122	0.3	45.604	99	2459	59.23519120219949
1623877436.43	300	59.931073	0.0	430202	133	0.3	49.605	104	2699	58.7353161709573
1623877440.43	300	59.826338	0.0	445549	61	0.3	53.604	106	2939	59.514878719679885
1623877444.34	300	59.988777	0.0	449734	101	0.3	57.604	106	3179	60
1623877448.77	300	59.468831	0.0	478634	147	0.3	61.605	109	3419	59.23519120219949
1623877452.7	300	59.609041	0.0	421756	114	0.3	65.605	109	3657	59.49999999999989
1623877456.61	300	59.728832	0.0	500580	80	0.3	69.607	114	3900	59.470264867566286
1623877460.51	300	59.788283	0.0	471259	108	0.3	73.607	114	4139	59.75
1623877464.46	300	59.873829	0.0	447061	89	0.3	77.606	115	4380	60.01500375093781
1623877468.41	300	59.804246	0.0	414676	137	0.3	81.609	117	4620	59.455408443667245
1623877472.35	300	59.84437	0.0	407398	115	0.3	85.61	123	4860	58.4853786553361
1623877476.35	300	59.966667	0.0	438602	131	0.3	89.61	125	5100	59.5
1623877480.72	300	59.472626	0.0	421192	79	0.3	93.611	128	5340	59.23519120219938
1623877484.53	300	59.85401	0.0	414269	42	0.3	97.611	156	5580	53
1623877488.43	300	59.96862	0.0	427172	97	0.3	101.611	164	5820	58
1623877492.86	300	59.474125	0.0	435036	113	0.3	105.613	168	6060	58.97051474262875
1623877496.66	300	59.522108	0.0	454750	94	0.3	109.613	169	6299	59.5
1623877500.53	300	59.634197	0.0	436843	143	0.3	113.613	175	6540	58.75
1623877504.5	300	59.970668	0.0	455439	125	0.3	117.613	176	6780	59.75
1623877508.29	300	59.903444	0.0	439643	86	0.3	121.614	176	7020	59.98500374906266
