1624898458.78	750	4	0.351	446149	112	-1.5042999999999997	0	0	0	0
1624898459.6	1200	8	0.0	1737810	355	0.75	0	0	0	0
1624898460.26	1200	12	0.0	1497975	319	1.2	0	0	0	0
1624898460.94	1200	15.483334	0.0	1711143	287	1.2	0	0	0	0
1624898461.72	1200	18.833334	0.0	1733770	311	1.2	0	0	0	0
1624898462.59	1200	22	0.0	1749315	454	1.2	5.049	26	97	0
1624898463.23	1200	25.2	0.0	1603603	284	1.2	5.049	26	97	0
1624898464.07	1200	28.583334	0.0	1702216	291	1.2	5.049	26	97	0
1624898464.69	1200	31.75	0.0	1641950	312	1.2	5.049	26	97	0
1624898465.33	1200	35.1	0.0	1559808	276	1.2	5.049	26	97	0
1624898465.98	1200	38.466667	0.0	1622647	280	1.2	9.049	99	331	40.25000000000001
1624898466.6	1200	41.833334	0.0	1630019	241	1.2	9.049	99	331	40.25000000000001
1624898467.23	1200	45.2	0.0	1658562	271	1.2	9.049	99	331	40.25000000000001
1624898467.89	1200	48.55	0.0	1669221	265	1.2	9.049	99	331	40.25000000000001
1624898468.51	1200	52	0.0	1636310	268	1.2	9.049	99	331	40.25000000000001
1624898469.16	1200	55.266667	0.0	1732283	275	1.2	9.049	99	331	40.25000000000001
1624898469.75	1200	58.65	0.0	1511913	257	1.2	9.049	99	331	40.25000000000001
1624898472.89	1200	59.596383	0.0	1593050	244	1.2	13.05	192	577	38.24043989002748
1624898476.64	1200	59.843225	0.0	1818927	353	1.2	17.051	217	817	53.7365658585354
1624898480.85	1200	59.559148	0.0	1667234	310	1.2	21.05	230	1057	56.764191047761905
1624898484.68	1200	59.75	0.0	1633180	380	1.2	25.05	244	1297	56.5
1624898488.87	1200	59.540745	0.0	1663787	214	1.2	29.056	266	1537	54.41837244133799
1624898492.77	1200	59.595081	0.0	1674035	327	1.2	33.056	283	1777	55.75000000000005
1624898496.48	1200	59.964663	0.0	1460813	321	1.2	37.056	300	2017	55.75
1624898500.61	1200	59.817414	0.0	1541638	294	1.2	41.057	310	2257	57.48562859285172
1624898504.87	1200	59.56003	0.0	1680082	308	1.2	45.075	329	2499	55.50024888003981
1624898508.56	1200	59.887976	0.0	1542551	224	1.2	49.075	345	2739	56
1624898512.82	1200	59.600443	0.0	1603186	292	1.2	53.077	358	2978	56.47176411794109
1624898516.55	1200	59.887858	0.0	1611597	251	1.2	57.077	372	3219	56.75
1624898520.88	1200	59.47058	0.0	1888785	323	1.2	61.077	388	3459	56
1624898524.65	1200	59.917398	0.0	1552540	357	1.2	65.077	402	3699	56.5
1624898528.47	1200	59.983334	0.0	1957722	352	1.2	69.081	429	3939	53.19680319680313
1624898532.7	1200	59.746958	0.0	1766061	357	1.2	73.079	443	4179	56.52826413206617
1624898536.92	1200	59.519795	0.0	1645454	329	1.2	77.085	457	4419	56.4153769345981
1624898540.61	1200	59.836501	0.0	1604737	283	1.2	81.085	487	4659	52.5
1624898544.82	1200	59.527404	0.0	1487527	238	1.2	85.088	501	4899	56.45765675743193
1624898548.49	1200	59.92423	0.0	1643954	288	1.2	89.087	522	5139	54.763690922730554
1624898552.72	1200	59.692148	0.0	1555884	259	1.2	93.088	544	5379	54.48637840539878
1624898556.93	1200	59.45852	0.0	1535193	119	1.2	97.088	558	5619	56.5
1624898560.65	1200	59.801997	0.0	1551114	292	1.2	101.088	582	5859	54
1624898564.91	1200	59.585468	0.0	1575918	343	1.2	105.089	597	6099	56.235941014746246
1624898568.63	1200	59.848837	0.0	1672619	197	1.2	109.089	608	6339	57.25
1624898572.84	1200	59.60213	0.0	1631168	314	1.2	113.089	627	6579	55.25
1624898576.59	1200	59.868123	0.0	1687116	271	1.2	117.089	657	6819	52.5
1624898580.83	1200	59.540283	0.0	1644749	302	1.2	121.089	686	7059	52.75
