1624901438.17	750	4	0.414	447032	171	-1.7752	0	0	0	0
1624901438.48	300	8	0.0	222343	68	-0.15000000000000002	0	0	0	0
1624901438.72	300	12	0.0	202601	52	0.3	0	0	0	0
1624901438.92	300	16	0.0	231442	61	0.3	0	0	0	0
1624901439.12	300	20	0.0	223916	45	0.3	0	0	0	0
1624901439.36	300	24	0.0	227288	47	0.3	0	0	0	0
1624901439.57	300	27.837407	0.0	210296	18	0.3	0	0	0	0
1624901439.8	300	31.630324	0.0	232710	46	0.3	0	0	0	0
1624901440.05	300	35.385013	0.0	230934	67	0.3	0	0	0	0
1624901440.26	300	39.182698	0.0	230466	44	0.3	0	0	0	0
1624901440.46	300	42.979609	0.0	222766	40	0.3	0	0	0	0
1624901440.66	300	46.734598	0.0	215843	46	0.3	0	0	0	0
1624901441.01	300	50.528248	0.0	240996	56	0.3	0	0	0	0
1624901441.22	300	54.194866	0.0	241376	40	0.3	5.379	0	51	0
1624901441.44	300	57.991777	0.0	215448	60	0.3	5.379	0	51	0
1624901443.67	300	59.787941	0.0	224191	38	0.3	5.379	0	51	0
1624901447.98	300	59.516476	0.0	201147	10	0.3	9.379	0	171	30
1624901451.79	300	59.837337	0.0	208138	55	0.3	13.379	0	291	30
1624901455.6	300	59.891368	0.0	237703	51	0.3	17.38	0	411	29.99250187453137
1624901459.88	300	59.593706	0.0	221939	37	0.3	21.38	0	531	30
1624901463.68	300	59.868036	0.0	216091	74	0.3	25.38	0	651	30
1624901467.95	300	59.641813	0.0	221930	56	0.3	29.381	0	771	29.992501874531357
1624901471.69	300	59.959582	0.0	244209	58	0.3	33.381	0	891	30
1624901475.95	300	59.677867	0.0	201448	42	0.3	37.384	0	1011	29.977516862353234
1624901479.72	300	59.751759	0.0	216871	37	0.3	41.385	0	1131	29.992501874531385
1624901484.11	300	59.524081	0.0	226875	96	0.3	45.385	0	1251	30
1624901487.97	300	59.644712	0.0	215302	5	0.3	49.385	0	1371	30
1624901491.74	300	59.737968	0.0	231664	28	0.3	53.386	0	1491	29.99250187453133
1624901496.04	300	59.516822	0.0	233190	35	0.3	57.387	0	1611	29.992501874531385
1624901499.88	300	59.789659	0.0	245887	46	0.3	61.387	0	1731	30
1624901503.7	300	59.818041	0.0	205585	43	0.3	65.387	0	1851	30
1624901507.98	300	59.606881	0.0	248259	32	0.3	69.393	0	1972	30.20469296055916
1624901511.75	300	59.914748	0.0	221496	37	0.3	73.393	0	2092	30
1624901515.58	300	59.944225	0.0	238596	71	0.3	77.394	0	2212	29.99250187453133
1624901519.86	300	59.705203	0.0	239547	56	0.3	81.393	0	2332	30.007501875468904
1624901523.62	300	59.986811	0.0	210306	80	0.3	85.394	0	2452	29.99250187453133
1624901527.93	300	59.729537	0.0	223809	65	0.3	89.394	0	2572	30
1624901531.75	300	59.718884	0.0	233162	50	0.3	93.395	0	2692	29.99250187453144
1624901536.05	300	59.47695	0.0	211150	14	0.3	97.395	0	2812	30
1624901539.84	300	59.839494	0.0	227487	61	0.3	101.395	0	2932	30
1624901543.6	300	59.856907	0.0	218501	35	0.3	105.395	0	3052	30
1624901547.88	300	59.640762	0.0	223461	9	0.3	109.395	0	3172	30
1624901551.64	300	59.946845	0.0	223191	48	0.3	113.395	0	3292	30
1624901555.9	300	59.771649	0.0	228365	10	0.3	117.395	0	3412	30
1624901559.67	300	59.806325	0.0	223247	14	0.3	121.396	0	3532	29.99250187453133
