1624895581.6	750	4	0.382	446149	84	-1.6376	0	0	0	0
1624895582.13	750	8	0.0	657276	147	0.75	0	0	0	0
1624895582.45	750	12	0.0	531142	111	0.75	0	0	0	0
1624895582.83	750	16	0.0	641782	132	0.75	0	0	0	0
1624895583.22	750	20	0.0	655328	126	0.75	0	0	0	0
1624895583.61	750	23.783334	0.0	643029	116	0.75	0	0	0	0
1624895583.95	750	27.366667	0.0	586466	112	0.75	0	0	0	0
1624895584.29	750	31.033334	0.0	640646	124	0.75	0	0	0	0
1624895584.93	750	34.431072	0.0	603976	138	0.75	5.301	12	75	0
1624895585.25	750	38.063992	0.0	579575	106	0.75	5.301	12	75	0
1624895585.65	750	41.7	0.0	622523	121	0.75	5.301	12	75	0
1624895586.09	750	45.25	0.0	590406	70	0.75	5.301	12	75	0
1624895586.43	750	48.916667	0.0	636852	101	0.75	5.301	12	75	0
1624895586.81	750	52.516667	0.0	619167	115	0.75	5.301	12	75	0
1624895587.23	750	56.085967	0.0	636453	120	0.75	5.301	12	75	0
1624895587.55	750	59.766667	0.0	637789	74	0.75	5.301	12	75	0
1624895591.42	750	59.927446	0.0	574537	107	0.75	9.299	20	315	58.029014507253635
1624895595.9	750	59.45	0.0	595492	144	0.75	13.3	31	555	57.235691077230676
1624895599.87	750	59.469053	0.0	662075	174	0.75	17.3	42	795	57.25
1624895603.77	750	59.824209	0.0	622438	103	0.75	21.301	50	1035	57.98550362409401
1624895607.69	750	59.844793	0.0	607166	87	0.75	25.3	51	1275	59.76494123530879
1624895611.67	750	59.929418	0.0	615645	151	0.75	29.316	54	1516	59.26294820717134
1624895615.67	750	59.71482	0.0	651954	119	0.75	33.316	58	1756	58.99999999999995
1624895619.6	750	59.804556	0.0	550774	65	0.75	37.316	66	1996	58
1624895623.52	750	59.851326	0.0	594579	54	0.75	41.333	68	2237	59.49713716704014
1624895627.45	750	59.907566	0.0	632394	27	0.75	45.333	80	2477	57
1624895631.91	750	59.437599	0.0	575968	146	0.75	49.334	82	2717	59.48512871782047
1624895635.87	750	59.73785	0.0	632851	91	0.75	53.334	84	2957	59.5
1624895639.8	750	59.770695	0.0	604086	115	0.75	57.334	85	3197	59.75
1624895643.82	750	59.574892	0.0	712976	170	0.75	61.334	90	3437	58.75
1624895647.83	750	59.644178	0.0	581323	68	0.75	65.334	99	3677	57.75
1624895651.84	750	59.759415	0.0	729373	172	0.75	69.335	102	3917	59.23519120219959
1624895655.74	750	59.695521	0.0	670981	93	0.75	73.335	114	4157	57
1624895659.71	750	59.718843	0.0	621207	126	0.75	77.336	115	4397	59.73506623344157
1624895663.72	750	59.756435	0.0	579598	133	0.75	81.335	117	4637	59.51487871967999
1624895667.68	750	59.8	0.0	558064	129	0.75	85.335	125	4877	58
1624895671.59	750	59.928518	0.0	609656	148	0.75	89.336	137	5117	56.98575356160953
1624895676.05	750	59.489509	0.0	599153	68	0.75	93.336	148	5357	57.25
1624895679.93	750	59.578693	0.0	574452	96	0.75	97.352	148	5598	60.00996015936247
1624895683.39	750	59.992515	0.0	605550	132	0.75	101.352	150	5838	59.5
1624895687.79	750	59.569423	0.0	601791	130	0.75	105.352	154	6078	59
1624895691.71	750	59.901327	0.0	627361	141	0.75	109.352	163	6318	57.75
1624895695.63	750	59.72255	0.0	623214	122	0.75	113.352	168	6558	58.75
1624895700.05	750	59.45	0.0	648266	158	0.75	117.352	179	6798	57.25
1624895704.02	750	59.517954	0.0	606947	112	0.75	121.352	179	7038	60
