1624026398.32	750	4	0.558	447032	232	-2.3944	0	0	0	0
1624026398.72	750	8	0.0	437784	171	0.75	0	0	0	0
1624026398.97	750	12	0.0	358478	89	0.75	0	0	0	0
1624026399.28	750	16	0.0	433110	128	0.75	0	0	0	0
1624026399.68	750	20	0.0	425284	113	0.75	0	0	0	0
1624026400.08	750	24	0.0	428114	98	0.75	0	0	0	0
1624026400.69	750	27.708046	0.0	387287	48	0.75	0	0	0	0
1624026401.03	750	31.171162	0.0	435324	115	0.75	0	0	0	0
1624026401.32	750	34.84749	0.0	447048	116	0.75	5.699	0	29	0
1624026401.61	750	38.597773	0.0	446405	98	0.75	5.699	0	29	0
1624026401.93	750	42.220974	0.0	423631	100	0.75	5.699	0	29	0
1624026402.29	750	45.966667	0.0	416730	85	0.75	5.699	0	29	0
1624026402.6	750	49.563081	0.0	471953	81	0.75	5.699	0	29	0
1624026402.9	750	53.319057	0.0	453536	82	0.75	5.699	0	29	0
1624026403.2	750	56.984135	0.0	420588	78	0.75	5.699	0	29	0
1624026404.48	750	59.84082	0.0	420917	87	0.75	5.699	0	29	0
1624026408.32	750	59.90401	0.0	392428	97	0.75	9.699	2	149	29.5
1624026412.71	750	59.442111	0.0	400748	157	0.75	13.699	2	269	30
1624026416.72	750	59.567229	0.0	471072	213	0.75	17.699	2	389	29.999999999999986
1624026420.21	750	59.983398	0.0	425923	130	0.75	21.699	2	509	30
1624026424.65	750	59.801717	0.0	419792	146	0.75	25.699	3	629	29.75
1624026428.36	750	59.853982	0.0	429429	379	0.75	29.7	5	749	29.492626843289194
1624026432.32	750	59.9501	0.0	461232	138	0.75	33.7	5	869	29.999999999999975
1624026436.31	750	59.938486	0.0	382848	144	0.75	37.7	5	989	30
1624026440.64	750	59.680764	0.0	375227	107	0.75	41.701	5	1109	29.992501874531385
1624026444.66	750	59.694248	0.0	437258	133	0.75	45.701	5	1229	30
1624026448.5	750	59.728038	0.0	419071	121	0.75	49.701	5	1349	30
1624026452.35	750	59.818339	0.0	449162	117	0.75	53.701	5	1469	30
1624026456.78	750	59.597653	0.0	447732	97	0.75	57.701	5	1589	30
1624026460.63	750	59.616155	0.0	488806	95	0.75	61.702	5	1709	29.992501874531385
1624026464.49	750	59.905801	0.0	389747	126	0.75	65.702	5	1829	30
1624026468.44	750	59.749113	0.0	485582	171	0.75	69.702	5	1949	30
1624026472.86	750	59.471593	0.0	430276	45	0.75	73.703	5	2069	29.99250187453133
1624026476.33	750	59.982661	0.0	435590	110	0.75	77.704	5	2189	29.99250187453144
1624026480.84	750	59.578604	0.0	459331	90	0.75	81.706	5	2309	29.985007496251804
1624026484.3	750	59.941922	0.0	381587	69	0.75	85.722	5	2430	30.129482071713213
1624026488.79	750	59.460581	0.0	424399	88	0.75	89.722	5	2550	30
1624026492.32	750	59.875222	0.0	436743	192	0.75	93.73	5	2670	29.940119760478968
1624026496.68	750	59.640973	0.0	385692	30	0.75	97.73	5	2790	30
1624026500.55	750	59.772691	0.0	424746	130	0.75	101.731	5	2910	29.99250187453144
1624026504.54	750	59.866667	0.0	407135	237	0.75	105.731	5	3030	30
1624026508.44	750	59.859414	0.0	427720	120	0.75	109.731	5	3150	30
1624026512.49	750	59.6784	0.0	427353	328	0.75	113.732	5	3270	29.99250187453133
1624026516.39	750	59.764528	0.0	418534	55	0.75	117.732	5	3390	30
1624026520.31	750	59.858336	0.0	421343	39	0.75	121.732	5	3510	30
