1623876309.97	750	4	0.345	447032	127	-1.4785	0	0	0	0
1623876310.35	750	8	0.0	437784	45	0.75	0	0	0	0
1623876310.65	750	12	0.0	358478	51	0.75	0	0	0	0
1623876310.95	750	16	0.0	433110	93	0.75	0	0	0	0
1623876311.33	750	20	0.0	425284	143	0.75	0	0	0	0
1623876311.6	750	24	0.0	428114	85	0.75	0	0	0	0
1623876311.89	750	28	0.0	387287	67	0.75	0	0	0	0
1623876312.37	750	31.596058	0.0	435324	112	0.75	0	0	0	0
1623876312.67	750	35.304887	0.0	447048	134	0.75	0	0	0	0
1623876313.01	750	38.977943	0.0	446405	146	0.75	5.349	0	31	0
1623876313.3	750	42.688338	0.0	423631	79	0.75	5.349	0	31	0
1623876313.75	750	46.396743	0.0	416730	88	0.75	5.349	0	31	0
1623876314.1	750	49.890458	0.0	471953	45	0.75	5.349	0	31	0
1623876314.43	750	53.562395	0.0	453536	98	0.75	5.349	0	31	0
1623876314.73	750	57.230772	0.0	420588	91	0.75	5.349	0	31	0
1623876316.53	750	59.524927	0.0	420917	96	0.75	5.349	0	31	0
1623876320.34	750	59.630018	0.0	392428	88	0.75	9.348	1	151	29.757439359839957
1623876324.27	750	59.795572	0.0	400748	74	0.75	13.349	1	271	29.99250187453137
1623876328.15	750	59.880008	0.0	471072	96	0.75	17.378	1	392	30.032266070985358
1623876332.51	750	59.615069	0.0	425923	107	0.75	21.378	1	512	30
1623876336.4	750	59.653281	0.0	419792	136	0.75	25.378	1	632	30
1623876340.24	750	59.951899	0.0	429429	74	0.75	29.379	1	752	29.992501874531357
1623876344.6	750	59.512127	0.0	461232	35	0.75	33.38	1	872	29.992501874531357
1623876348.4	750	59.581304	0.0	382848	71	0.75	37.379	1	992	30.007501875468904
1623876352.22	750	59.871148	0.0	375227	89	0.75	41.38	1	1112	29.99250187453133
1623876356.04	750	59.938147	0.0	437258	75	0.75	45.381	1	1232	29.992501874531385
1623876360.36	750	59.655645	0.0	419071	79	0.75	49.38	1	1352	30.00750187546885
1623876364.26	750	59.98092	0.0	449162	116	0.75	53.381	1	1472	29.992501874531385
1623876368.07	750	59.996462	0.0	447732	81	0.75	57.381	1	1592	30
1623876372.43	750	59.571341	0.0	488806	116	0.75	61.382	1	1712	29.992501874531385
1623876376.3	750	59.93344	0.0	389747	71	0.75	65.382	1	1832	29.999999999999947
1623876380.22	750	59.9621	0.0	485582	92	0.75	69.382	1	1952	30
1623876384.6	750	59.460767	0.0	430276	76	0.75	73.382	1	2072	30
1623876388.36	750	59.759253	0.0	435590	127	0.75	77.41	2	2193	29.79145978152936
1623876392.26	750	59.828672	0.0	459331	71	0.75	81.41	2	2313	30
1623876396.12	750	59.911266	0.0	381587	84	0.75	85.41	3	2433	29.75
1623876400.05	750	59.960279	0.0	424399	61	0.75	89.411	3	2553	29.99250187453133
1623876404.37	750	59.696036	0.0	436743	97	0.75	93.411	3	2673	30
1623876408.22	750	59.789167	0.0	385692	96	0.75	97.412	3	2793	29.99250187453133
1623876412.57	750	59.595413	0.0	424746	104	0.75	101.412	3	2913	30
1623876416.42	750	59.66127	0.0	407135	72	0.75	105.412	3	3033	30
1623876420.3	750	59.727659	0.0	427720	128	0.75	109.412	3	3153	30
1623876424.62	750	59.468938	0.0	427353	100	0.75	113.412	3	3273	30
1623876428.47	750	59.547426	0.0	418534	83	0.75	117.412	3	3393	30
1623876432.27	750	59.89507	0.0	421343	103	0.75	121.412	3	3513	30
