1624901079.84	750	4	0.373	446149	105	-1.5989	0	0	0	0
1624901081.89	2850	7.733334	0.0	5338027	1204	0.75	0	0	0	0
1624901083.4	2850	10.05	0.0	4485847	830	2.85	4.941	62	116	0
1624901085.03	2850	12.5	0.0	5004689	926	2.85	4.941	62	116	0
1624901086.68	2850	15.133334	0.0	5182650	898	2.85	4.941	62	116	0
1624901088.28	2850	18.033334	0.0	5173280	881	2.85	8.963	213	319	12.928891098955745
1624901089.92	2850	20.833334	0.0	4880493	894	2.85	8.963	213	319	12.928891098955745
1624901091.72	2850	23.516667	0.0	5406574	914	2.85	12.971	395	501	0
1624901093.24	2850	26.383334	0.0	4844720	841	2.85	12.971	395	501	0
1624901094.77	2850	29.25	0.0	4832207	824	2.85	12.971	395	501	0
1624901096.34	2850	32.116667	0.0	4887638	839	2.85	16.972	562	668	0
1624901097.9	2850	34.933334	0.0	4995664	866	2.85	16.972	562	668	0
1624901099.57	2850	37.716667	0.0	5320325	912	2.85	20.972	751	857	0
1624901101.26	2850	40.5	0.0	5320224	940	2.85	20.972	751	857	0
1624901102.82	2850	43.383334	0.0	4822090	882	2.85	20.972	751	857	0
1624901104.43	2850	46.216667	0.0	5024811	893	2.85	24.973	913	1019	0
1624901105.97	2850	49.083334	0.0	4620969	925	2.85	24.973	913	1019	0
1624901107.53	2850	51.95	0.0	4982065	869	2.85	28.973	1097	1203	0
1624901109.33	2850	54.65	0.0	5333279	1028	2.85	28.973	1097	1203	0
1624901110.91	2850	57.483334	0.0	5166435	844	2.85	28.973	1097	1203	0
1624901113.03	2850	59.833334	0.0	4952219	903	2.85	32.987	1262	1368	0
1624901117.66	2850	59.55	0.0	5148296	903	2.85	36.987	1448	1554	0
1624901121.98	2850	59.866667	0.0	5332212	1037	2.85	40.987	1676	1782	0
1624901126.45	2850	59.533334	0.0	4130375	856	2.85	44.988	1895	2001	0
1624901130.62	2850	59.85	0.0	4502091	900	2.85	48.993	2126	2232	0
1624901135.26	2850	59.65	0.0	4906417	946	2.85	56.994	2553	2659	0
1624901139.34	2850	59.9	0.0	4606683	932	2.85	60.994	2776	2882	0
1624901144.02	2850	59.683334	0.0	4992827	946	2.85	64.994	2985	3091	0
1624901148.68	2850	59.5	0.0	4833092	954	2.85	68.995	3196	3302	0
1624901152.1	2850	59.666667	0.0	5560086	1140	2.85	72.995	3426	3532	0
1624901155.58	2850	59.683334	0.0	4512973	847	2.85	76.995	3730	3836	0
1624901158.88	2850	59.466667	0.0	5477056	1041	2.85	76.995	3730	3836	0
1624901162.05	2850	59.733334	0.0	5211665	953	2.85	80.995	4026	4132	0
1624901165.76	2850	59.25	0.0	5155066	963	2.85	84.996	4309	4415	0
1624901168.94	2850	59.6	0.0	5042047	953	2.85	88.997	4583	4689	0
1624901171.91	2850	59.966667	0.0	4373848	815	2.85	92.996	4864	4970	0
1624901175.49	2850	59.55	0.0	4955552	915	2.85	96.997	5163	5269	0
1624901179.06	2850	59.166667	0.0	4533309	890	2.85	100.997	5463	5569	0
1624901182.16	2850	59.45	0.0	4404309	946	2.85	100.997	5463	5569	0
1624901185.88	2850	59.45	0.0	4543808	929	2.85	104.997	5762	5868	0
1624901189.12	2850	59.816667	0.0	4672100	914	2.85	108.998	6019	6125	0
1624901192.79	2850	59.15	0.0	5112917	966	2.85	112.999	6271	6377	0
1624901195.83	2850	59.683334	0.0	4777608	855	2.85	116.999	6569	6675	0
1624901198.95	2850	59.966667	0.0	5053470	926	2.85	116.999	6569	6675	0
1624901202.45	2850	59.516667	0.0	4782473	840	2.85	120.999	6871	6977	0
