1623875797.8	750	4	0.482	447032	85	-2.0676	0	0	0	0
1623875798.33	1200	8	0.0	1081855	231	0.75	0	0	0	0
1623875798.81	1200	12	0.0	909590	146	1.2	0	0	0	0
1623875799.36	1200	16	0.0	1064785	165	1.2	0	0	0	0
1623875799.88	1200	20	0.0	1068330	194	1.2	0	0	0	0
1623875800.44	1200	24	0.0	1091906	214	1.2	5.908	0	0	0
1623875801.02	1200	27.525776	0.0	989621	197	1.2	5.908	0	0	0
1623875801.48	1200	31.033334	0.0	1120373	198	1.2	5.908	0	0	0
1623875801.98	1200	34.574635	0.0	1096122	200	1.2	5.908	0	0	0
1623875802.49	1200	38.086092	0.0	1088831	200	1.2	5.908	0	0	0
1623875803.18	1200	41.366667	0.0	1080940	383	1.2	5.908	0	0	0
1623875803.67	1200	44.866667	0.0	1075422	199	1.2	5.908	0	0	0
1623875804.28	1200	48.273592	0.0	1146374	243	1.2	9.953	1	112	27.44128553770087
1623875804.84	1200	51.678518	0.0	1146930	208	1.2	9.953	1	112	27.44128553770087
1623875805.37	1200	55.130949	0.0	1066542	238	1.2	9.953	1	112	27.44128553770087
1623875805.87	1200	58.682781	0.0	1056887	214	1.2	9.953	1	112	27.44128553770087
1623875808.81	1200	59.778016	0.0	990369	201	1.2	13.952	1	232	30.00750187546886
1623875812.84	1200	59.786989	0.0	1015471	269	1.2	17.952	1	352	29.999999999999986
1623875816.96	1200	59.613938	0.0	1173982	225	1.2	21.952	3	472	29.5
1623875821.13	1200	59.477062	0.0	1058624	313	1.2	25.956	9	592	28.471528471528487
1623875824.77	1200	59.8398	0.0	1046861	289	1.2	29.957	10	712	29.742564358910265
1623875828.84	1200	59.906236	0.0	1048437	293	1.2	33.957	10	832	30
1623875833.16	1200	59.505027	0.0	1152505	520	1.2	37.957	11	952	29.75
1623875836.75	1200	59.827996	0.0	877099	339	1.2	41.957	13	1072	29.5
1623875840.97	1200	59.674261	0.0	968042	416	1.2	45.958	14	1192	29.74256435891029
1623875845.18	1200	59.461217	0.0	1064114	417	1.2	49.962	14	1312	29.970029970029934
1623875848.71	1200	59.824827	0.0	1005764	179	1.2	53.962	15	1432	29.75
1623875852.73	1200	59.870058	0.0	1078959	210	1.2	57.963	15	1552	29.992501874531385
1623875856.77	1200	59.900852	0.0	1074526	226	1.2	61.963	15	1672	30
1623875860.92	1200	59.648851	0.0	1231303	213	1.2	65.964	16	1792	29.74256435891029
1623875864.91	1200	59.727028	0.0	960890	212	1.2	69.965	16	1912	29.99250187453133
1623875869.02	1200	59.754606	0.0	1183904	211	1.2	73.965	18	2032	29.5
1623875872.97	1200	59.788994	0.0	1065257	194	1.2	77.965	18	2152	30
1623875876.99	1200	59.789783	0.0	1108615	203	1.2	81.966	18	2272	29.99250187453144
1623875881.11	1200	59.591668	0.0	1113738	200	1.2	85.967	26	2392	27.993001749562577
1623875884.9	1200	59.801635	0.0	981548	235	1.2	89.968	36	2512	27.493126718320386
1623875888.89	1200	59.860629	0.0	1067644	190	1.2	93.968	36	2632	30
1623875892.89	1200	59.678511	0.0	1068520	180	1.2	97.969	39	2752	29.242689327668153
1623875896.91	1200	59.762031	0.0	946116	229	1.2	101.968	42	2872	29.257314328582076
1623875900.89	1200	59.793904	0.0	1041444	124	1.2	105.969	42	2992	29.99250187453144
1623875904.89	1200	59.848442	0.0	1033147	181	1.2	109.969	42	3112	30
1623875908.89	1200	59.913831	0.0	1043384	205	1.2	113.969	42	3232	30
1623875912.99	1200	59.66268	0.0	1047354	318	1.2	117.97	42	3352	29.99250187453133
1623875917.05	1200	59.469219	0.0	1058093	219	1.2	121.97	43	3472	29.75
1623875921.12	1200	59.584896	0.0	1038662	182	1.2	125.97	43	3592	30
