1624905228.87	750	4	0.359	447032	159	-1.5387	0	0	0	0
1624905230.04	1850	8	0.0	2254830	688	0.75	0	0	0	0
1624905230.9	1850	11.3	0.0	1837501	507	1.85	0	0	0	0
1624905231.82	1850	14.4	0.0	2108748	552	1.85	0	0	0	0
1624905232.87	1850	17.433334	0.0	2229492	566	1.85	4.901	7	58	0
1624905233.72	1850	20.5	0.0	2078237	469	1.85	4.901	7	58	0
1624905234.52	1850	23.7	0.0	2030644	413	1.85	4.901	7	58	0
1624905235.46	1850	26.833334	0.0	2298831	471	1.85	4.901	7	58	0
1624905236.36	1850	29.933334	0.0	2164964	427	1.85	8.921	28	179	24.875621890547265
1624905237.21	1850	33.033334	0.0	2175479	441	1.85	8.921	28	179	24.875621890547265
1624905238.07	1850	36.133334	0.0	2156805	415	1.85	8.921	28	179	24.875621890547265
1624905238.85	1850	39.333334	0.0	2101523	404	1.85	8.921	28	179	24.875621890547265
1624905239.78	1850	42.533334	0.0	2344608	454	1.85	8.921	28	179	24.875621890547265
1624905240.7	1850	45.533334	0.0	2334646	516	1.85	12.921	50	299	24.5
1624905241.48	1850	48.7	0.0	2109579	382	1.85	12.921	50	299	24.5
1624905242.26	1850	52	0.0	2097243	380	1.85	12.921	50	299	24.5
1624905243.08	1850	55.2	0.0	2054074	384	1.85	12.921	50	299	24.5
1624905243.92	1850	58.366667	0.0	2079344	414	1.85	12.921	50	299	24.5
1624905246.25	1850	59.874153	0.0	2353718	433	1.85	16.923	73	419	24.237881059470272
1624905250.32	1850	59.940243	0.0	2119053	691	1.85	20.922	82	539	27.756939234808687
1624905254.79	1850	59.447586	0.0	2145449	475	1.85	24.924	87	659	28.735632183908052
1624905258.69	1850	59.590984	0.0	2087310	366	1.85	28.924	92	779	28.75
1624905262.62	1850	59.670543	0.0	2348666	684	1.85	32.949	92	887	26.83229813664597
1624905266.42	1850	59.769817	0.0	1801794	429	1.85	36.95	113	1020	27.993001749562577
1624905270.71	1850	59.440352	0.0	1864524	427	1.85	40.95	117	1140	29
1624905274.58	1850	59.749893	0.0	2051691	426	1.85	44.951	117	1260	29.992501874531385
1624905278.33	1850	59.854871	0.0	1898420	402	1.85	48.95	120	1380	29.25731432858213
1624905282.26	1850	59.946331	0.0	2276304	458	1.85	52.952	125	1500	28.73563218390808
1624905286.18	1850	59.98004	0.0	2239013	470	1.85	56.951	129	1620	29.00725181295322
1624905290.7	1850	59.470418	0.0	2417622	552	1.85	60.952	133	1740	28.992751812047004
1624905294.55	1850	59.560414	0.0	1950728	426	1.85	64.952	136	1860	29.25
1624905298.53	1850	59.845573	0.0	2268079	526	1.85	68.952	140	1980	29
1624905302.4	1850	59.858476	0.0	2105954	462	1.85	72.952	144	2100	29
1624905306.7	1850	59.613212	0.0	2049597	401	1.85	76.952	147	2220	29.25
1624905310.57	1850	59.613362	0.0	2267452	423	1.85	80.953	152	2340	28.74281429642586
1624905314.82	1850	59.427639	0.0	1977775	359	1.85	84.953	156	2460	29
1624905318.62	1850	59.538158	0.0	2145766	378	1.85	88.953	160	2580	29
1624905322.45	1850	59.846511	0.0	2064567	396	1.85	92.953	165	2700	28.75
1624905326.24	1850	59.890925	0.0	1899367	377	1.85	96.953	167	2820	29.5
1624905330.57	1850	59.580937	0.0	2118078	286	1.85	100.954	170	2940	29.242689327668153
1624905334.38	1850	59.907343	0.0	2045638	385	1.85	104.954	173	3060	29.25
1624905338.28	1850	59.985716	0.0	2132751	453	1.85	108.954	178	3180	28.75
1624905342.57	1850	59.566667	0.0	2105800	252	1.85	112.955	182	3300	28.992751812046954
1624905346.36	1850	59.892004	0.0	2117310	399	1.85	116.954	182	3420	30.007501875468904
1624905350.7	1850	59.429532	0.0	2106167	423	1.85	120.955	186	3540	28.992751812046954
