1624897475.39	750	4	0.379	446149	144	-1.6247000000000003	0	0	0	0
1624897475.86	750	8	0.0	657276	145	0.75	0	0	0	0
1624897476.17	750	12	0.0	531142	100	0.75	0	0	0	0
1624897476.51	750	16	0.0	641782	111	0.75	0	0	0	0
1624897476.86	750	20	0.0	655328	124	0.75	0	0	0	0
1624897477.25	750	24	0.0	643029	136	0.75	0	0	0	0
1624897477.58	750	28	0.0	586466	107	0.75	0	0	0	0
1624897478.35	750	32	0.0	640646	111	0.75	0	0	0	0
1624897479.26	750	35.833334	0.0	603976	6	0.75	5.374	0	0	0
1624897479.7	750	38.95	0.0	579575	113	0.75	5.374	0	0	0
1624897480.14	750	42.5	0.0	622523	124	0.75	5.374	0	0	0
1624897480.5	750	46.029516	0.0	590406	97	0.75	5.374	0	0	0
1624897480.92	750	49.666667	0.0	636852	79	0.75	5.374	0	0	0
1624897481.33	750	53.25	0.0	619167	101	0.75	5.374	0	0	0
1624897481.92	750	56.683334	0.0	636453	96	0.75	5.374	0	0	0
1624897482.86	750	59.794556	0.0	637789	94	0.75	9.379	142	239	24.21972534332085
1624897486.79	750	59.966667	0.0	574537	95	0.75	13.422	144	479	58.867177838238916
1624897490.71	750	59.983334	0.0	595492	138	0.75	17.435	151	722	58.80887116870175
1624897494.7	750	59.827974	0.0	662075	112	0.75	21.436	152	962	59.73506623344162
1624897498.7	750	59.878063	0.0	622438	135	0.75	25.436	155	1202	59.25
1624897502.81	750	59.741153	0.0	607166	7	0.75	29.437	159	1442	58.98525368657834
1624897507.56	750	59.353849	0.0	615645	125	0.75	33.443	162	1682	59.1612581128308
1624897511.37	750	59.683334	0.0	651954	98	0.75	37.443	175	1899	51
1624897521.61	750	54.233334	0.0	550774	133	0.75	41.443	308	2161	32.25
1624897523.61	750	56	0.0	594579	36	0.75	48.721	613	2599	18.274251167903273
1624897526.58	750	57.15	0.0	632394	62	0.75	52.927	790	2808	7.6081787922016115
1624897528.62	750	59.066667	0.0	575968	101	0.75	52.927	790	2808	7.6081787922016115
1624897545.5	750	45.983334	0.0	632851	103	0.75	72.055	1957	3975	0
1624897546.4	750	48.566667	0.0	604086	194	0.75	72.055	1957	3975	0
1624897549.63	750	51.433334	0.0	712976	358	0.75	72.055	1957	3975	0
1624897550.99	750	52.966667	0.0	581323	205	0.75	77.137	2219	4240	0.5903187721369547
1624897551.7	750	55.883334	0.0	729373	155	0.75	77.137	2219	4240	0.5903187721369547
1624897552.68	750	58.866667	0.0	670981	155	0.75	77.137	2219	4240	0.5903187721369547
1624897565.07	750	49.658495	0.0	621207	301	0.75	84.212	2682	4703	0
1624897566.09	750	52.916667	0.0	579598	175	0.75	92.19	3083	5207	12.910503885685644
1624897566.77	750	56	0.0	558064	138	0.75	92.19	3083	5207	12.910503885685644
1624897567.28	750	59.483334	0.0	609656	21	0.75	92.19	3083	5207	12.910503885685644
1624897571.77	750	59.445849	0.0	599153	161	0.75	96.2	3209	5448	28.67830423940146
1624897581.67	750	53.5347	0.0	574452	133	0.75	104.675	3511	5958	24.542772861356948
1624897622.43	750	17.05	0.0	605550	55	0.75	148.439	5334	8579	10.398301730651605
1624897633.5	750	10.583334	0.0	601791	63	0.75	159.568	5927	9172	0
1624897644.84	750	2.435921	0.0	627361	24	0.75	171.235	6658	9950	4.028456329819147
1624897645.84	750	5.05	0.0	623214	209	0.75	171.235	6658	9950	4.028456329819147
1624897646.71	750	8.3	0.0	648266	151	0.75	171.235	6658	9950	4.028456329819147
1624897647.42	750	11.433334	0.0	606947	166	0.75	171.235	6658	9950	4.028456329819147
