1623873529.41	750	4	0.272	447032	80	-1.1646	0	0	0	0
1623873530.68	1850	8	0.0	2254830	466	0.75	0	0	0	0
1623873531.39	1850	12	0.0	1837501	324	1.85	0	0	0	0
1623873532.41	1850	16	0.0	2108748	339	1.85	0	0	0	0
1623873533.23	1850	20	0.0	2229492	372	1.85	5.741	0	0	0
1623873533.97	1850	24	0.0	2078237	358	1.85	5.741	0	0	0
1623873534.71	1850	28	0.0	2030644	329	1.85	5.741	0	0	0
1623873535.67	1850	32	0.0	2298831	380	1.85	5.741	0	0	0
1623873536.59	1850	36	0.0	2164964	408	1.85	5.741	0	0	0
1623873538.14	1850	38.7	0.0	2175479	311	1.85	10.473	0	21	4.437869822485206
1623873539.05	1850	41.866667	0.0	2156805	326	1.85	10.473	0	21	4.437869822485206
1623873540.16	1850	44.9	0.0	2101523	305	1.85	10.473	0	21	4.437869822485206
1623873541.42	1850	47.433334	0.0	2344608	465	1.85	14.48	26	138	22.71025705016222
1623873542.53	1850	50.466667	0.0	2334646	343	1.85	14.48	26	138	22.71025705016222
1623873543.59	1850	53.233334	0.0	2109579	109	1.85	14.48	26	138	22.71025705016222
1623873544.42	1850	56.4	0.0	2097243	350	1.85	14.48	26	138	22.71025705016222
1623873545.39	1850	59.4	0.0	2054074	127	1.85	18.481	76	257	17.24568857785553
1623873549.47	1850	59.588645	0.0	2079344	114	1.85	18.481	76	257	17.24568857785553
1623873553.71	1850	59.666667	0.0	2353718	314	1.85	22.93	95	394	26.52281411553159
1623873557.35	1850	59.809344	0.0	2119053	284	1.85	27.026	132	517	20.99609375
1623873561.81	1850	59.566667	0.0	2145449	533	1.85	31.094	152	639	25.073746312684356
1623873566.15	1850	59.685541	0.0	2087310	424	1.85	35.157	163	746	23.627861186315556
1623873572.38	1850	56.766667	0.0	2348666	655	1.85	44.255	274	1034	16.17549302016395
1623873582.36	1850	50.536114	0.0	1801794	559	1.85	55.123	359	1360	22.175193227824817
1623873584.28	1850	53.466667	0.0	1864524	431	1.85	55.123	359	1360	22.175193227824817
1623873586.32	1850	55.1	0.0	2051691	438	1.85	55.123	359	1360	22.175193227824817
1623873587.62	1850	57.233334	0.0	1898420	132	1.85	60.281	387	1515	24.621946490887936
1623873589.5	1850	59.617273	0.0	2276304	362	1.85	60.281	387	1515	24.621946490887936
1623873594.14	1850	59.214497	0.0	2239013	424	1.85	64.282	407	1613	19.4951262184454
