1624904585.42	750	4	0.399	447032	93	-1.7106999999999997	0	0	0	0
1624904586.01	1200	8	0.0	1081855	228	0.75	0	0	0	0
1624904586.44	1200	12	0.0	909590	173	1.2	0	0	0	0
1624904586.94	1200	15.739971	0.0	1064785	210	1.2	0	0	0	0
1624904587.42	1200	19.266667	0.0	1068330	233	1.2	0	0	0	0
1624904587.99	1200	22.748744	0.0	1091906	163	1.2	0	0	0	0
1624904588.48	1200	26.203414	0.0	989621	185	1.2	5.313	1	52	0
1624904589.04	1200	29.666667	0.0	1120373	119	1.2	5.313	1	52	0
1624904589.52	1200	33.172663	0.0	1096122	193	1.2	5.313	1	52	0
1624904589.99	1200	36.714835	0.0	1088831	193	1.2	5.313	1	52	0
1624904590.45	1200	40.233334	0.0	1080940	176	1.2	5.313	1	52	0
1624904590.91	1200	43.767195	0.0	1075422	184	1.2	5.313	1	52	0
1624904591.45	1200	47.231127	0.0	1146374	267	1.2	5.313	1	52	0
1624904591.92	1200	50.8	0.0	1146930	198	1.2	5.313	1	52	0
1624904592.37	1200	54.293312	0.0	1066542	205	1.2	5.313	1	52	0
1624904592.8	1200	57.881364	0.0	1056887	169	1.2	9.343	7	173	28.53598014888337
1624904595.24	1200	59.606443	0.0	990369	171	1.2	9.343	7	173	28.53598014888337
1624904598.73	1200	59.962795	0.0	1015471	201	1.2	13.344	7	293	29.99250187453137
1624904603.34	1200	59.425414	0.0	1173982	264	1.2	17.344	7	413	29.999999999999986
1624904607.45	1200	59.438484	0.0	1058624	245	1.2	21.344	7	533	30
1624904611.02	1200	59.851344	0.0	1046861	182	1.2	25.344	7	653	30
1624904615.07	1200	59.853887	0.0	1048437	193	1.2	29.345	7	773	29.992501874531385
1624904619.16	1200	59.573779	0.0	1152505	239	1.2	33.345	10	893	29.25
1624904623.1	1200	59.654347	0.0	877099	161	1.2	37.346	10	1013	29.992501874531385
1624904627.09	1200	59.685523	0.0	968042	179	1.2	41.346	10	1133	30
1624904631.19	1200	59.727672	0.0	1064114	285	1.2	45.347	10	1253	29.99250187453133
1624904635.18	1200	59.483643	0.0	1005764	189	1.2	49.347	10	1373	30
1624904639.23	1200	59.507278	0.0	1078959	228	1.2	53.347	10	1493	30
1624904643.31	1200	59.564867	0.0	1074526	200	1.2	57.347	10	1613	30
1624904647.06	1200	59.655198	0.0	1231303	317	1.2	61.347	10	1733	30
1624904651.11	1200	59.725256	0.0	960890	158	1.2	65.347	10	1853	30.000000000000053
1624904655.22	1200	59.470991	0.0	1183904	235	1.2	69.348	10	1973	29.99250187453133
1624904659.28	1200	59.541956	0.0	1065257	184	1.2	73.348	10	2093	30
1624904662.87	1200	59.890224	0.0	1108615	226	1.2	77.348	10	2213	30
1624904666.94	1200	59.983412	0.0	1113738	170	1.2	81.349	12	2333	29.49262684328914
1624904670.96	1200	59.748218	0.0	981548	109	1.2	85.349	12	2453	30
1624904675.0	1200	59.836504	0.0	1067644	156	1.2	89.349	12	2573	30
1624904679.01	1200	59.912222	0.0	1068520	116	1.2	93.35	12	2693	29.99250187453144
1624904683.06	1200	59.671124	0.0	946116	247	1.2	97.357	12	2814	30.197154978787086
1624904687.09	1200	59.784858	0.0	1041444	179	1.2	101.357	12	2934	30
1624904691.09	1200	59.776026	0.0	1033147	173	1.2	105.358	12	3054	29.99250187453133
1624904695.13	1200	59.573549	0.0	1043384	195	1.2	109.358	13	3174	29.75
1624904699.16	1200	59.688269	0.0	1047354	155	1.2	113.358	13	3294	30
1624904702.73	1200	59.9773	0.0	1058093	160	1.2	117.359	13	3414	29.99250187453144
1624904707.25	1200	59.473443	0.0	1038662	205	1.2	121.359	13	3534	30
