1623872678.27	750	4	0.445	447032	107	-1.9085	0	0	0	0
1623872680.06	2850	8	0.0	3731877	861	0.75	0	0	0	0
1623872681.32	2850	12	0.0	2988743	660	2.85	5.392	0	0	0
1623872682.73	2850	15.466667	0.0	3344033	802	2.85	5.392	0	0	0
1623872684.04	2850	18	0.0	3588671	617	2.85	5.392	0	0	0
1623872685.37	2850	20.866667	0.0	3516436	653	2.85	9.392	21	93	18.000000000000004
1623872686.72	2850	23.833334	0.0	3520561	665	2.85	9.392	21	93	18.000000000000004
1623872688.38	2850	25.9	0.0	3787958	859	2.85	9.392	21	93	18.000000000000004
1623872689.66	2850	28.466667	0.0	3482140	676	2.85	13.393	113	217	7.998000499875029
1623872691.39	2850	30.733334	0.0	3620909	1006	2.85	13.393	113	217	7.998000499875029
1623872692.65	2850	33.466667	0.0	3578596	263	2.85	13.393	113	217	7.998000499875029
1623872693.74	2850	36.366667	0.0	3430213	350	2.85	17.394	173	337	14.996250937265692
1623872695.0	2850	39.166667	0.0	3873343	566	2.85	17.394	173	337	14.996250937265692
1623872696.41	2850	41.733334	0.0	4055051	652	2.85	17.394	173	337	14.996250937265692
1623872697.56	2850	44.5	0.0	3383484	565	2.85	21.394	235	457	14.5
1623872698.74	2850	47.366667	0.0	3439708	449	2.85	21.394	235	457	14.5
1623872699.86	2850	50.233334	0.0	3270011	590	2.85	21.394	235	457	14.5
1623872701.68	2850	53.366667	0.0	3397053	199	2.85	25.395	280	559	14.246438390402394
1623872702.98	2850	55.6	0.0	3855639	585	2.85	25.395	280	559	14.246438390402394
1623872704.33	2850	57.833334	0.0	3553518	718	2.85	25.395	280	559	14.246438390402394
1623872706.09	2850	59.968398	0.0	3560530	503	2.85	29.396	386	697	7.998000499875029
1623872710.26	2850	59.770346	0.0	3529545	578	2.85	33.396	410	817	24
1623872714.26	2850	59.85176	0.0	3944215	835	2.85	37.397	422	937	26.993251687078246
1623872718.32	2850	59.733334	0.0	2874206	493	2.85	41.397	434	1057	27
1623872722.52	2850	59.492417	0.0	3298545	657	2.85	45.401	445	1178	27.47252747252744
1623872726.3	2850	59.826891	0.0	3406141	607	2.85	49.398	454	1297	27.52064048036027
1623872730.46	2850	59.50931	0.0	3134119	507	2.85	53.399	461	1417	28.242939265183722
1623872734.28	2850	59.807403	0.0	3769859	631	2.85	57.399	483	1537	24.5
1623872738.13	2850	59.888678	0.0	3566857	725	2.85	61.399	493	1657	27.5
1623872742.61	2850	59.433344	0.0	3935536	765	2.85	65.399	511	1777	25.5
1623872746.27	2850	59.744957	0.0	3251953	567	2.85	69.4	520	1898	27.993001749562577
1623872750.56	2850	59.43477	0.0	3744840	659	2.85	73.4	536	2017	25.75
1623872754.32	2850	59.728739	0.0	3455854	598	2.85	77.401	549	2138	26.993251687078295
1623872758.56	2850	59.460743	0.0	3548731	633	2.85	81.402	560	2258	27.24318920269929
1623872761.88	2850	59.986128	0.0	3573884	667	2.85	85.402	575	2378	26.25
1623872766.11	2850	59.892821	0.0	3124748	658	2.85	89.44	583	2499	27.984150569588927
1623872770.4	2850	59.617464	0.0	3671669	675	2.85	93.44	596	2619	26.75
1623872774.1	2850	59.906062	0.0	3397624	595	2.85	97.44	610	2739	26.5
1623872778.29	2850	59.74439	0.0	3070410	632	2.85	101.441	616	2859	28.492876780804764
1623872782.52	2850	59.530045	0.0	3480718	618	2.85	105.442	631	2979	26.24343914021501
1623872786.26	2850	59.827342	0.0	3396325	592	2.85	109.443	645	3099	26.49337665583601
1623872790.45	2850	59.560597	0.0	3538812	635	2.85	113.442	661	3219	26.006501625406383
1623872794.3	2850	59.756655	0.0	3440498	552	2.85	117.445	680	3339	25.231076692480638
1623872798.29	2850	59.792557	0.0	3504086	179	2.85	121.447	752	3459	11.99400299850072
1623872802.47	2850	59.572115	0.0	3345088	617	2.85	125.447	765	3579	26.75
