1624884622.79	750	4	0.368	446149	111	-1.5774	0	0	0	0
1624884623.23	750	8	0.0	657276	168	0.75	0	0	0	0
1624884623.58	750	12	0.0	531142	138	0.75	0	0	0	0
1624884623.95	750	16	0.0	641782	147	0.75	0	0	0	0
1624884624.37	750	19.716667	0.0	655328	145	0.75	0	0	0	0
1624884624.77	750	23.286272	0.0	643029	128	0.75	0	0	0	0
1624884625.1	750	26.933334	0.0	586466	117	0.75	0	0	0	0
1624884625.51	750	30.583334	0.0	640646	129	0.75	0	0	0	0
1624884625.9	750	34.116667	0.0	603976	102	0.75	0	0	0	0
1624884626.27	750	37.85	0.0	579575	110	0.75	5.033	13	119	0
1624884626.72	750	41.366667	0.0	622523	16	0.75	5.033	13	119	0
1624884627.06	750	44.983334	0.0	590406	93	0.75	5.033	13	119	0
1624884627.43	750	48.616667	0.0	636852	147	0.75	5.033	13	119	0
1624884627.8	750	52.25	0.0	619167	132	0.75	5.033	13	119	0
1624884628.16	750	55.933334	0.0	636453	116	0.75	5.033	13	119	0
1624884628.51	750	59.533334	0.0	637789	130	0.75	5.033	13	119	0
1624884632.37	750	59.753847	0.0	574537	110	0.75	9.021	52	360	50.6519558676028
1624884636.28	750	59.888386	0.0	595492	50	0.75	13.022	58	599	58.23544113971508
1624884640.7	750	59.433826	0.0	662075	139	0.75	17.022	63	840	59.00000000000003
1624884644.63	750	59.522145	0.0	622438	134	0.75	21.022	64	1080	59.75
1624884648.08	750	59.98393	0.0	607166	53	0.75	25.023	67	1320	59.23519120219943
1624884652.58	750	59.723331	0.0	615645	7	0.75	29.03	72	1560	58.64736710756175
1624884656.54	750	59.759901	0.0	651954	113	0.75	33.032	86	1800	56.47176411794109
1624884660.43	750	59.812578	0.0	550774	123	0.75	37.032	93	2040	58.25
1624884664.34	750	59.869314	0.0	594579	53	0.75	41.035	102	2281	57.956532600549586
1624884668.3	750	59.943728	0.0	632394	158	0.75	45.036	109	2520	57.98550362409391
1624884672.72	750	59.518256	0.0	575968	47	0.75	49.037	109	2760	59.98500374906277
1624884676.64	750	59.571524	0.0	632851	113	0.75	53.038	110	3001	59.98500374906277
1624884680.13	750	59.966667	0.0	604086	152	0.75	57.038	122	3241	57
1624884684.65	750	59.420032	0.0	712976	172	0.75	61.038	128	3480	58.25
1624884688.58	750	59.47591	0.0	581323	145	0.75	65.038	129	3721	60
1624884692.53	750	59.783417	0.0	729373	41	0.75	69.039	144	3961	56.235941014746246
1624884696.48	750	59.797364	0.0	670981	160	0.75	73.039	145	4201	59.75
1624884700.49	750	59.633334	0.0	621207	176	0.75	77.041	151	4441	58.47076461769122
1624884704.45	750	59.645942	0.0	579598	131	0.75	81.041	160	4681	57.75
1624884708.41	750	59.871037	0.0	558064	98	0.75	85.082	171	4923	57.16406829992581
1624884712.33	750	59.966667	0.0	609656	158	0.75	89.083	174	5163	59.23519120219938
1624884716.29	750	59.98704	0.0	599153	135	0.75	93.083	175	5403	59.75
1624884720.66	750	59.530414	0.0	574452	116	0.75	97.083	178	5643	59.25
1624884724.57	750	59.580476	0.0	605550	111	0.75	101.083	181	5883	59.25
1624884728.49	750	59.687493	0.0	601791	127	0.75	105.084	183	6123	59.48512871782047
1624884732.46	750	59.783334	0.0	627361	155	0.75	109.084	190	6364	58.5
1624884736.47	750	59.570423	0.0	623214	226	0.75	113.084	192	6603	59.25
1624884740.31	750	59.88866	0.0	648266	125	0.75	117.085	193	6843	59.73506623344178
1624884744.21	750	59.906682	0.0	606947	122	0.75	121.085	203	7084	57.75
