1623878007.53	750	4	0.402	446149	8	-1.7235999999999998	0	0	0	0
1623878008.25	750	8	0.0	657276	183	0.75	0	0	0	0
1623878008.62	750	12	0.0	531142	99	0.75	0	0	0	0
1623878009.01	750	16	0.0	641782	134	0.75	0	0	0	0
1623878009.34	750	20	0.0	655328	109	0.75	0	0	0	0
1623878009.65	750	24	0.0	643029	106	0.75	0	0	0	0
1623878010.12	750	28	0.0	586466	103	0.75	0	0	0	0
1623878010.44	750	32	0.0	640646	123	0.75	6.17	0	0	0
1623878010.73	750	36	0.0	603976	107	0.75	6.17	0	0	0
1623878011.01	750	40	0.0	579575	90	0.75	6.17	0	0	0
1623878011.35	750	44	0.0	622523	102	0.75	6.17	0	0	0
1623878011.65	750	48	0.0	590406	96	0.75	6.17	0	0	0
1623878012.46	750	51.466667	0.0	636852	137	0.75	6.17	0	0	0
1623878012.84	750	54.983334	0.0	619167	38	0.75	6.17	0	0	0
1623878013.27	750	58.583334	0.0	636453	141	0.75	6.17	0	0	0
1623878016.17	750	59.778686	0.0	637789	101	0.75	10.169	51	159	27.006751687921977
1623878020.09	750	59.83757	0.0	574537	107	0.75	14.17	56	399	58.73531617095727
1623878024.1	750	59.700842	0.0	595492	51	0.75	18.171	58	639	59.48512871782055
1623878028.02	750	59.838441	0.0	662075	131	0.75	22.172	63	879	58.73531617095724
1623878031.97	750	59.953752	0.0	622438	73	0.75	26.173	67	1119	58.98525368657839
1623878036.38	750	59.429736	0.0	607166	98	0.75	30.173	68	1359	59.75
1623878040.42	750	59.497757	0.0	615645	226	0.75	34.173	72	1599	58.99999999999995
1623878044.32	750	59.585826	0.0	651954	107	0.75	38.174	81	1839	57.735566108472916
1623878048.19	750	59.667284	0.0	550774	121	0.75	42.245	85	2083	58.95357406042744
1623878052.06	750	59.8	0.0	594579	78	0.75	46.246	87	2324	59.73506623344157
1623878055.91	750	59.927513	0.0	632394	116	0.75	50.245	89	2564	59.51487871967999
1623878060.37	750	59.45435	0.0	575968	116	0.75	54.246	90	2803	59.48512871782047
1623878064.31	750	59.570212	0.0	632851	146	0.75	58.25	95	3044	58.94105894105898
1623878068.18	750	59.752507	0.0	604086	125	0.75	62.251	96	3284	59.73506623344167
1623878072.09	750	59.909288	0.0	712976	137	0.75	66.257	111	3524	56.165751372940484
1623878075.97	750	59.9187	0.0	581323	102	0.75	70.257	113	3764	59.5
1623878079.96	750	59.987888	0.0	729373	121	0.75	74.257	130	4004	55.75
1623878084.44	750	59.460015	0.0	670981	91	0.75	78.257	133	4244	59.25
1623878088.47	750	59.941997	0.0	621207	105	0.75	82.64	149	4488	52.01916495550998
1623878091.94	750	59.854476	0.0	579598	78	0.75	86.637	212	4747	49.036777583187394
1623878095.91	750	59.903262	0.0	558064	12	0.75	90.634	214	4987	59.54465849387041
1623878099.88	750	59.927548	0.0	609656	110	0.75	94.637	221	5227	58.206345241069194
1623878104.29	750	59.50841	0.0	599153	133	0.75	98.639	227	5467	58.47076461769122
1623878108.2	750	59.610178	0.0	574452	126	0.75	102.639	236	5707	57.75
1623878112.1	750	59.716667	0.0	605550	156	0.75	106.641	238	5947	59.47026486756607
1623878116.03	750	59.772558	0.0	601791	103	0.75	110.641	251	6187	56.75
1623878120.02	750	59.836517	0.0	627361	117	0.75	114.645	256	6427	58.691308691308826
1623878123.97	750	59.921194	0.0	623214	95	0.75	118.641	263	6667	58.30830830830817
1623878128.35	750	59.493972	0.0	648266	138	0.75	122.642	269	6907	58.485378655336305
1623878132.26	750	59.620354	0.0	606947	123	0.75	126.642	276	7147	58.25
