1624884102.91	750	4	0.322	446149	136	-1.3796	0	0	0	0
1624884103.27	300	8	0.0	458211	116	-0.15000000000000002	0	0	0	0
1624884103.58	300	12	0.0	390124	85	0.3	0	0	0	0
1624884103.89	300	16	0.0	474461	108	0.3	0	0	0	0
1624884104.2	300	20	0.0	444309	4	0.3	0	0	0	0
1624884104.49	300	24	0.0	443120	94	0.3	0	0	0	0
1624884104.82	300	28	0.0	416509	72	0.3	0	0	0	0
1624884105.12	300	32	0.0	451355	75	0.3	0	0	0	0
1624884105.36	300	36	0.0	417757	60	0.3	0	0	0	0
1624884105.66	300	40	0.0	415350	74	0.3	0	0	0	0
1624884106.01	300	44	0.0	433531	39	0.3	0	0	0	0
1624884106.33	300	48	0.0	422916	49	0.3	5.544	0	0	0
1624884106.77	300	52	0.0	459414	69	0.3	5.544	0	0	0
1624884107.58	300	56	0.0	450936	92	0.3	5.544	0	0	0
1624884120.37	300	53.366667	0.0	439746	76	0.3	9.529	0	0	0
1624884131.07	300	51.466667	0.0	432189	146	0.3	20.356	458	496	3.50974415812321
1624884146.69	300	34.308244	0.0	396094	534	0.3	45.521	1634	2006	13.272402145837473
1624884149.51	300	37.55	0.0	420942	22	0.3	45.521	1634	2006	13.272402145837473
1624884154.29	300	35.533334	0.0	477686	56	0.3	52.6	1797	2427	36.44582568159344
1624884169.29	300	23.885217	0.0	429484	133	0.3	68.212	2171	3367	36.25416346400205
1624884170.2	300	26.816667	0.0	428693	47	0.3	68.212	2171	3367	36.25416346400205
1624884170.87	300	30	0.0	445526	218	0.3	68.212	2171	3367	36.25416346400205
1624884171.9	300	33.316667	0.0	459785	120	0.3	68.212	2171	3367	36.25416346400205
1624884172.51	300	36.816667	0.0	395717	35	0.3	68.212	2171	3367	36.25416346400205
1624884173.21	300	39.8	0.0	421854	119	0.3	72.201	2323	3599	20.055151667084534
1624884173.68	300	43.15	0.0	464457	102	0.3	72.201	2323	3599	20.055151667084534
1624884174.22	300	46.6	0.0	430202	91	0.3	72.201	2323	3599	20.055151667084534
1624884175.28	300	50	0.0	445549	159	0.3	72.201	2323	3599	20.055151667084534
1624884175.82	300	53.033334	0.0	449734	73	0.3	72.201	2323	3599	20.055151667084534
1624884176.19	300	56.550493	0.0	478634	111	0.3	72.201	2323	3599	20.055151667084534
1624884177.03	300	59.766667	0.0	421756	100	0.3	76.203	2449	3847	30.48475762118933
1624884181.74	300	59.892129	0.0	500580	133	0.3	80.748	2464	4120	56.76567656765675
1624884185.71	300	59.491268	0.0	471259	258	0.3	80.748	2464	4120	56.76567656765675
1624884191.39	300	59.366667	0.0	447061	50	0.3	85.484	2555	4404	40.75168918918928
1624884193.42	300	59.95	0.0	414676	16	0.3	91.829	2868	4779	9.771473601260837
1624884197.64	300	59.85	0.0	407398	6	0.3	95.819	3070	5024	10.7769423558897
1624884202.13	300	59.1871	0.0	438602	43	0.3	99.836	3143	5265	41.82225541448847
1624884208.37	300	58.85	0.0	421192	120	0.3	103.873	3291	5507	23.284617290066844
1624884217.5	300	52.145786	0.0	414269	87	0.3	116.164	3853	6239	13.831258644536657
1624884218.08	300	54.766667	0.0	427172	122	0.3	116.164	3853	6239	13.831258644536657
1624884218.63	300	58.109318	0.0	435036	140	0.3	116.164	3853	6239	13.831258644536657
1624884221.5	300	59.683334	0.0	454750	58	0.3	120.16	3902	6484	49.04904904904911
1624884252.68	300	43.783334	0.0	436843	39	0.3	140.609	4704	7704	20.441097364174276
1624884296.6	300	0.933334	0.0	455439	634	0.3	191.302	6863	10354	9.685755429743756
1624884298.98	300	4	1.153	439643	9	-4.6579	197.393	6976	10560	15.268428829420436
