1624901944.24	750	4	0.368	447032	141	-1.5774	0	0	0	0
1624901944.56	300	8	0.0	222343	58	-0.15000000000000002	0	0	0	0
1624901944.8	300	12	0.0	202601	34	0.3	0	0	0	0
1624901945.01	300	16	0.0	231442	42	0.3	0	0	0	0
1624901945.21	300	20	0.0	223916	40	0.3	0	0	0	0
1624901945.42	300	24	0.0	227288	40	0.3	0	0	0	0
1624901945.78	300	28	0.0	210296	60	0.3	0	0	0	0
1624901946.04	300	32	0.0	232710	36	0.3	0	0	0	0
1624901946.27	300	36	0.0	230934	45	0.3	0	0	0	0
1624901946.5	300	40	0.0	230466	56	0.3	0	0	0	0
1624901946.67	300	44	0.0	222766	41	0.3	0	0	0	0
1624901946.85	300	48	0.0	215843	33	0.3	0	0	0	0
1624901947.05	300	52	0.0	240996	13	0.3	0	0	0	0
1624901947.25	300	56	0.0	241376	32	0.3	0	0	0	0
1624901948.87	300	59.147959	0.0	215448	3	0.3	5.547	0	0	0
1624901952.27	300	59.633334	0.0	224191	70	0.3	9.638	18	115	23.710584209239794
1624901956.92	300	59.525735	0.0	201147	47	0.3	13.645	18	235	29.947591714499627
1624901960.82	300	59.450601	0.0	208138	9	0.3	17.638	18	355	30.052592036063096
1624901964.15	300	59.971071	0.0	237703	67	0.3	21.644	19	475	29.70544183724416
1624901969.58	300	59.416924	0.0	221939	23	0.3	25.722	28	597	27.709661598822933
1624901973.47	300	58.835797	0.0	216091	36	0.3	29.721	31	717	29.257314328582154
1624901977.01	300	59.340409	0.0	221930	62	0.3	33.972	40	845	27.993413314514225
1624901980.44	300	59.925203	0.0	244209	12	0.3	38.004	40	966	30.00992063492066
1624901985.39	300	59.55301	0.0	201448	109	0.3	41.975	47	1085	28.204482498111282
1624901988.59	300	59.362799	0.0	216871	20	0.3	46.002	51	1206	29.053886267693063
1624901996.59	300	57.781549	0.0	226875	28	0.3	49.997	56	1325	28.535669586983747
1624901999.59	300	56.336743	0.0	215302	31	0.3	56.623	71	1524	27.76939329912467
1624902000.03	300	59.73872	0.0	231664	69	0.3	56.623	71	1524	27.76939329912467
1624902004.23	300	59.811991	0.0	233190	68	0.3	60.634	72	1645	29.917726252804766
1624902008.18	300	59.58158	0.0	245887	53	0.3	64.626	72	1764	29.80961923847692
1624902011.94	300	59.877184	0.0	205585	35	0.3	68.627	73	1884	29.742564358910343
1624902015.82	300	59.889893	0.0	248259	3	0.3	72.627	73	2004	30
1624902020.19	300	59.654257	0.0	221496	50	0.3	76.644	83	2125	27.632561613144066
1624902024.52	300	59.915324	0.0	238596	58	0.3	80.653	87	2245	28.93489648291344
1624902028.27	300	59.904315	0.0	239547	35	0.3	84.641	92	2365	28.83650952858576
1624902032.92	300	59.483019	0.0	210306	44	0.3	88.644	93	2485	29.727704221833623
1624902036.3	300	59.933334	0.0	223809	52	0.3	92.658	93	2605	29.895366218236205
1624902040.81	300	59.271059	0.0	233162	52	0.3	96.645	97	2725	29.09455731126164
1624902044.23	300	59.5734	0.0	211150	52	0.3	100.643	103	2845	28.51425712856425
1624902048.02	300	59.844124	0.0	227487	56	0.3	104.643	103	2965	30
1624902052.01	300	59.971694	0.0	218501	47	0.3	108.643	103	3085	30
1624902057.15	300	59.512795	0.0	223461	51	0.3	112.664	104	3206	29.84332255657796
1624902061.51	300	59.489903	0.0	223191	61	0.3	116.65	115	3325	27.09483191169089
1624902065.06	300	58.949396	0.0	228365	36	0.3	122.696	132	3506	27.125372146874
1624902068.3	300	59.747739	0.0	223247	9	0.3	122.696	132	3506	27.125372146874
