1624025631.27	750	4	0.433	447032	157	-1.8569	0	0	0	0
1624025632.77	1850	8	0.0	2254830	767	0.75	0	0	0	0
1624025633.7	1850	12	0.0	1837501	571	1.85	0	0	0	0
1624025634.72	1850	16	0.0	2108748	607	1.85	6.512	0	0	0
1624025635.86	1850	20	0.0	2229492	536	1.85	6.512	0	0	0
1624025636.97	1850	23.7	0.0	2078237	531	1.85	6.512	0	0	0
1624025638.2	1850	26.366667	0.0	2030644	716	1.85	10.511	6	48	10.502625656414104
1624025639.4	1850	29.266667	0.0	2298831	629	1.85	10.511	6	48	10.502625656414104
1624025640.4	1850	32.233334	0.0	2164964	544	1.85	10.511	6	48	10.502625656414104
1624025641.56	1850	35.066667	0.0	2175479	588	1.85	10.511	6	48	10.502625656414104
1624025642.53	1850	38	0.0	2156805	505	1.85	14.512	36	169	22.744313921519613
1624025643.51	1850	41.033334	0.0	2101523	465	1.85	14.512	36	169	22.744313921519613
1624025644.6	1850	44	0.0	2344608	489	1.85	14.512	36	169	22.744313921519613
1624025645.75	1850	46.966667	0.0	2334646	528	1.85	14.512	36	169	22.744313921519613
1624025646.72	1850	49.8	0.0	2109579	407	1.85	18.534	74	289	20.38786673296868
1624025647.66	1850	52.933334	0.0	2097243	410	1.85	18.534	74	289	20.38786673296868
1624025648.92	1850	56	0.0	2054074	334	1.85	18.534	74	289	20.38786673296868
1624025649.85	1850	58.766667	0.0	2079344	458	1.85	18.534	74	289	20.38786673296868
1624025653.11	1850	59.520962	0.0	2353718	713	1.85	22.559	122	411	18.385093167701854
1624025657.27	1850	59.625962	0.0	2119053	592	1.85	26.554	130	526	26.7834793491865
1624025661.27	1850	59.561942	0.0	2145449	705	1.85	30.569	141	651	28.39352428393524
1624025665.04	1850	59.886117	0.0	2087310	917	1.85	34.577	183	771	19.461077844311383
1624025671.96	1850	58.790545	0.0	2348666	1290	1.85	38.648	190	893	28.248587570621435
