1623876475.86	750	4	0.819	447032	591	-3.5166999999999997	0	0	0	0
1623876476.24	750	8	0.0	437784	85	0.75	0	0	0	0
1623876476.57	750	12	0.0	358478	37	0.75	0	0	0	0
1623876476.85	750	16	0.0	433110	90	0.75	0	0	0	0
1623876477.1	750	20	0.0	425284	73	0.75	0	0	0	0
1623876477.37	750	24	0.0	428114	83	0.75	0	0	0	0
1623876477.64	750	28	0.0	387287	95	0.75	0	0	0	0
1623876478.05	750	32	0.0	435324	154	0.75	0	0	0	0
1623876478.35	750	36	0.0	447048	84	0.75	0	0	0	0
1623876478.6	750	40	0.0	446405	78	0.75	5.781	0	0	0
1623876479.0	750	44	0.0	423631	88	0.75	5.781	0	0	0
1623876479.27	750	48	0.0	416730	76	0.75	5.781	0	0	0
1623876479.57	750	52	0.0	471953	90	0.75	5.781	0	0	0
1623876479.87	750	56	0.0	453536	108	0.75	5.781	0	0	0
1623876480.67	750	59.706789	0.0	420588	101	0.75	5.781	0	0	0
1623876484.61	750	59.831445	0.0	420917	64	0.75	9.78	0	62	15.503875968992249
1623876488.49	750	59.961899	0.0	392428	10	0.75	13.781	0	182	29.992501874531357
1623876492.82	750	59.687128	0.0	400748	73	0.75	17.781	0	302	30.000000000000014
1623876496.69	750	59.96114	0.0	471072	126	0.75	21.781	0	422	30
1623876500.57	750	59.983209	0.0	425923	63	0.75	25.781	0	542	30
1623876504.94	750	59.443824	0.0	419792	98	0.75	29.781	0	662	30
1623876508.79	750	59.795887	0.0	429429	87	0.75	33.782	0	782	29.992501874531385
1623876512.71	750	59.829846	0.0	461232	92	0.75	37.782	0	902	30
1623876516.55	750	59.894892	0.0	382848	74	0.75	41.783	0	1022	29.99250187453133
1623876520.43	750	59.963299	0.0	375227	133	0.75	45.784	0	1142	29.992501874531385
1623876524.83	750	59.78107	0.0	437258	127	0.75	49.783	0	1262	30.00750187546885
1623876528.66	750	59.803792	0.0	419071	88	0.75	53.785	0	1382	29.98500749625191
1623876532.51	750	59.910694	0.0	449162	95	0.75	57.786	0	1502	29.99250187453133
1623876536.85	750	59.67458	0.0	447732	78	0.75	61.786	0	1622	30
1623876540.7	750	59.703518	0.0	488806	102	0.75	65.787	0	1742	29.99250187453133
1623876544.99	750	59.484208	0.0	389747	74	0.75	69.787	0	1862	30
1623876548.83	750	59.515978	0.0	485582	109	0.75	73.787	0	1982	30
1623876552.69	750	59.8343	0.0	430276	108	0.75	77.788	0	2102	29.99250187453144
1623876556.57	750	59.90476	0.0	435590	70	0.75	81.788	0	2222	30
1623876560.91	750	59.640108	0.0	459331	104	0.75	85.788	0	2342	30
1623876564.67	750	59.715434	0.0	381587	67	0.75	89.789	0	2462	29.99250187453133
1623876568.59	750	59.99251	0.0	424399	111	0.75	93.788	0	2582	30.007501875468904
1623876572.49	750	59.984303	0.0	436743	106	0.75	97.788	0	2702	30
1623876576.93	750	59.477632	0.0	385692	63	0.75	101.79	0	2822	29.985007496251804
1623876580.93	750	59.503353	0.0	424746	120	0.75	105.789	0	2942	30.007501875468904
1623876584.85	750	59.585757	0.0	407135	12	0.75	109.79	0	3062	29.99250187453133
1623876588.73	750	59.648048	0.0	427720	41	0.75	113.79	0	3182	30
1623876592.64	750	59.977308	0.0	427353	126	0.75	117.79	0	3302	30
1623876597.18	750	59.42428	0.0	418534	104	0.75	121.79	1	3423	30
1623876601.08	750	59.50626	0.0	421343	89	0.75	125.796	1	3543	29.955067398901647
