1624885938.72	750	4	0.421	446149	142	-1.8053	0	0	0	0
1624885940.04	1850	8	0.0	3302713	684	0.75	0	0	0	0
1624885941.2	1850	12	0.0	2780269	573	1.85	0	0	0	0
1624885943.26	1850	15.95	0.0	3138830	759	1.85	5.188	0	0	0
1624885944.44	1850	19.333334	0.0	3252745	571	1.85	5.188	0	0	0
1624885945.77	1850	21.733334	0.0	3175667	598	1.85	5.188	0	0	0
1624885946.97	1850	24.5	0.0	2962628	498	1.85	9.29	165	168	0.7313505607020966
1624885949.34	1850	27.083334	0.0	3242545	1133	1.85	9.29	165	168	0.7313505607020966
1624885951.96	1850	28.333334	0.0	2999470	577	1.85	13.29	390	393	0
1624885953.38	1850	30.133334	0.0	2926075	373	1.85	13.29	390	393	0
1624885954.82	1850	33.016667	0.0	3029009	565	1.85	17.31	631	634	0
1624885957.05	1850	35.45	0.0	3113599	714	1.85	17.31	631	634	0
1624885959.45	1850	37.216667	0.0	3116790	995	1.85	21.322	855	858	0
