1623878502.66	750	4	0.462	446149	89	-1.9815999999999998	0	0	0	0
1623878503.91	1200	8	0.0	1737810	315	0.75	0	0	0	0
1623878505.03	1200	12	0.0	1497975	283	1.2	0	0	0	0
1623878505.94	1200	16	0.0	1711143	283	1.2	6.99	0	0	0
1623878506.71	1200	20	0.0	1733770	244	1.2	6.99	0	0	0
1623878507.9	1200	24	0.0	1749315	364	1.2	6.99	0	0	0
1623878508.58	1200	28	0.0	1603603	228	1.2	6.99	0	0	0
1623878509.99	1200	30.883334	0.0	1702216	261	1.2	11.145	0	41	9.8676293622142
1623878510.7	1200	34.283334	0.0	1641950	280	1.2	11.145	0	41	9.8676293622142
1623878511.36	1200	37.45	0.0	1559808	142	1.2	11.145	0	41	9.8676293622142
1623878512.05	1200	40.783334	0.0	1622647	285	1.2	11.145	0	41	9.8676293622142
1623878512.78	1200	44	0.0	1630019	324	1.2	11.145	0	41	9.8676293622142
1623878513.58	1200	47.316667	0.0	1658562	47	1.2	15.146	114	280	31.242189452636833
1623878514.25	1200	50.566667	0.0	1669221	264	1.2	15.146	114	280	31.242189452636833
1623878515.02	1200	53.9	0.0	1636310	262	1.2	15.146	114	280	31.242189452636833
1623878515.63	1200	57.25	0.0	1732283	263	1.2	15.146	114	280	31.242189452636833
1623878517.06	1200	59.727828	0.0	1511913	217	1.2	15.146	114	280	31.242189452636833
1623878521.31	1200	59.486947	0.0	1593050	275	1.2	19.148	237	521	29.48525737131435
1623878524.93	1200	59.72909	0.0	1818927	483	1.2	23.233	252	767	56.548347613219086
1623878529.23	1200	59.520822	0.0	1667234	313	1.2	27.233	293	1006	49.5
1623878533.07	1200	59.777566	0.0	1633180	262	1.2	31.238	317	1247	54.18227215980026
1623878537.33	1200	59.820656	0.0	1663787	288	1.2	35.246	338	1487	54.64071856287421
1623878541.11	1200	59.839596	0.0	1674035	224	1.2	39.325	506	1732	18.87717577837705
1623878545.11	1200	59.80199	0.0	1460813	305	1.2	43.355	610	1974	34.2431761786601
1623878549.44	1200	59.793098	0.0	1541638	340	1.2	47.357	633	2214	54.22288855572211
1623878554.34	1200	59.933334	0.0	1680082	258	1.2	51.472	712	2461	40.826245443499374
1623878557.68	1200	59.733334	0.0	1542551	661	1.2	56.608	830	2767	36.60436137071654
1623878562.65	1200	59.866667	0.0	1603186	131	1.2	60.597	1033	3000	7.520681875156673
1623878565.8	1200	59.593544	0.0	1611597	281	1.2	64.81	1262	3229	0
1623878569.58	1200	59.521074	0.0	1888785	216	1.2	68.811	1455	3501	19.74506373406646
1623878573.78	1200	59.52002	0.0	1552540	935	1.2	73.773	1584	3798	33.85731559854905
1623878577.1	1200	59.871451	0.0	1957722	302	1.2	77.772	1702	4039	30.757689422355515
1623878582.97	1200	59.933334	0.0	1766061	306	1.2	81.776	1735	4279	51.69830169830182
1623878585.3	1200	59.452415	0.0	1645454	462	1.2	85.848	1874	4502	20.628683693516685
1623878589.19	1200	59.935696	0.0	1604737	676	1.2	89.848	1948	4764	47
1623878593.35	1200	59.470675	0.0	1487527	554	1.2	93.844	1979	5003	52.05205205205212
1623878597.21	1200	59.584888	0.0	1643954	363	1.2	97.844	2007	5243	53
1623878601.15	1200	59.660184	0.0	1555884	493	1.2	101.845	2019	5483	56.98575356160953
1623878604.91	1200	59.97209	0.0	1535193	283	1.2	105.846	2033	5723	56.48587853036734
1623878609.16	1200	59.664713	0.0	1551114	297	1.2	109.845	2044	5963	57.26431607901982
1623878612.83	1200	59.97773	0.0	1575918	291	1.2	113.845	2059	6203	56.25
1623878617.2	1200	59.790122	0.0	1672619	348	1.2	117.872	2068	6445	57.859448721132345
1623878620.96	1200	59.889163	0.0	1631168	322	1.2	121.882	2084	6685	55.860349127181976
1623878625.17	1200	59.563415	0.0	1687116	311	1.2	125.873	2101	6925	55.87572037083438
1623878628.84	1200	59.87196	0.0	1644749	308	1.2	129.873	2113	7165	57.000000000000206
