1624893410.53	750	4	0.528	446149	311	-2.2654	0	0	0	0
1624893411.03	300	8	0.0	458211	231	-0.15000000000000002	0	0	0	0
1624893411.31	300	12	0.0	390124	101	0.3	0	0	0	0
1624893411.64	300	15.766667	0.0	474461	109	0.3	0	0	0	0
1624893411.97	300	19.454296	0.0	444309	95	0.3	0	0	0	0
1624893412.27	300	23.117933	0.0	443120	89	0.3	0	0	0	0
1624893412.56	300	26.829528	0.0	416509	89	0.3	0	0	0	0
1624893412.88	300	30.535044	0.0	451355	86	0.3	0	0	0	0
1624893413.17	300	34.205684	0.0	417757	86	0.3	0	0	0	0
1624893413.49	300	37.95	0.0	415350	101	0.3	4.895	2	122	0
1624893413.79	300	41.630209	0.0	433531	77	0.3	4.895	2	122	0
1624893414.07	300	45.341028	0.0	422916	86	0.3	4.895	2	122	0
1624893414.43	300	49.008551	0.0	459414	89	0.3	4.895	2	122	0
1624893414.73	300	52.671549	0.0	450936	93	0.3	4.895	2	122	0
1624893415.04	300	56.385736	0.0	439746	82	0.3	4.895	2	122	0
1624893415.83	300	59.772756	0.0	432189	62	0.3	4.895	2	122	0
1624893419.65	300	59.847935	0.0	396094	81	0.3	8.895	8	365	59.25
1624893423.51	300	59.945044	0.0	420942	117	0.3	12.895	8	605	60
1624893427.87	300	59.73686	0.0	477686	113	0.3	16.895	14	845	58.5
1624893431.75	300	59.823075	0.0	429484	46	0.3	20.896	15	1085	59.73506623344162
1624893435.63	300	59.895879	0.0	428693	12	0.3	24.896	15	1325	60
1624893440.03	300	59.538441	0.0	445526	119	0.3	28.896	16	1565	59.75
1624893443.97	300	59.609855	0.0	459785	53	0.3	32.897	20	1805	58.98525368657839
1624893447.82	300	59.738497	0.0	395717	51	0.3	36.896	24	2045	59.01475368842207
1624893451.69	300	59.780442	0.0	421854	3	0.3	40.897	27	2285	59.23519120219949
1624893455.58	300	59.935259	0.0	464457	137	0.3	44.898	29	2525	59.48512871782047
1624893459.98	300	59.716667	0.0	430202	52	0.3	48.899	29	2765	59.98500374906277
1624893463.84	300	59.795451	0.0	445549	108	0.3	52.898	38	3005	57.76444111027754
1624893467.75	300	59.902374	0.0	449734	91	0.3	56.899	44	3245	58.4853786553362
1624893471.67	300	59.744274	0.0	478634	88	0.3	60.899	44	3485	60
1624893475.56	300	59.869491	0.0	421756	108	0.3	64.899	47	3725	59.25
1624893479.99	300	59.448048	0.0	500580	134	0.3	68.912	51	3966	59.058061300772415
1624893483.92	300	59.610539	0.0	471259	155	0.3	72.912	57	4206	58.5
1624893487.86	300	59.661693	0.0	447061	10	0.3	76.917	62	4446	58.67665418227222
1624893491.73	300	59.746644	0.0	414676	88	0.3	80.916	62	4686	60.01500375093781
1624893496.14	300	59.470307	0.0	407398	105	0.3	84.917	63	4926	59.73506623344157
1624893499.59	300	59.860936	0.0	438602	34	0.3	88.917	66	5166	59.25
1624893503.94	300	59.654874	0.0	421192	68	0.3	92.917	67	5406	59.75
1624893507.84	300	59.738368	0.0	414269	98	0.3	96.918	72	5646	58.73531617095719
1624893511.73	300	59.959962	0.0	427172	132	0.3	100.918	72	5887	60.25
1624893515.67	300	59.794502	0.0	435036	138	0.3	104.918	75	6127	59.25
1624893519.57	300	59.861647	0.0	454750	148	0.3	108.918	75	6366	59.75
1624893523.92	300	59.66941	0.0	436843	86	0.3	112.922	76	6607	59.94005994006008
1624893527.75	300	59.776234	0.0	455439	48	0.3	116.927	80	6847	58.92634207240935
1624893531.57	300	59.839898	0.0	439643	24	0.3	120.927	81	7087	59.75
