1624018837.89	750	4	0.499	447032	256	-2.1407	0	0	0	0
1624018839.18	1850	8	0.0	2254830	590	0.75	0	0	0	0
1624018840.23	1850	12	0.0	1837501	470	1.85	0	0	0	0
1624018841.08	1850	16	0.0	2108748	467	1.85	5.652	0	0	0
1624018841.94	1850	20	0.0	2229492	496	1.85	5.652	0	0	0
1624018842.82	1850	24	0.0	2078237	471	1.85	5.652	0	0	0
1624018843.92	1850	27.133334	0.0	2030644	301	1.85	5.652	0	0	0
1624018844.9	1850	30.033334	0.0	2298831	445	1.85	9.653	14	53	9.747563109222693
1624018845.75	1850	33.3	0.0	2164964	412	1.85	9.653	14	53	9.747563109222693
1624018846.67	1850	36.266667	0.0	2175479	441	1.85	9.653	14	53	9.747563109222693
1624018847.72	1850	39.333334	0.0	2156805	486	1.85	9.653	14	53	9.747563109222693
1624018848.71	1850	42.533334	0.0	2101523	65	1.85	13.654	38	164	21.744563859035246
1624018849.67	1850	45.366667	0.0	2344608	530	1.85	13.654	38	164	21.744563859035246
1624018850.69	1850	48.366667	0.0	2334646	559	1.85	13.654	38	164	21.744563859035246
1624018851.68	1850	51.333334	0.0	2109579	419	1.85	13.654	38	164	21.744563859035246
1624018852.64	1850	54.4	0.0	2097243	494	1.85	13.654	38	164	21.744563859035246
1624018853.46	1850	57.533334	0.0	2054074	393	1.85	17.747	76	295	22.721720009772785
1624018855.19	1850	59.904988	0.0	2079344	99	1.85	17.747	76	295	22.721720009772785
1624018859.21	1850	59.793547	0.0	2353718	461	1.85	21.747	118	416	19.75
1624018864.13	1850	59.449135	0.0	2119053	415	1.85	25.781	127	537	27.764005949429855
1624018868.04	1850	59.384097	0.0	2145449	556	1.85	29.769	141	649	24.573721163490475
1624018873.0	1850	58.888977	0.0	2087310	413	1.85	33.778	180	776	21.95061112496882
1624018876.41	1850	59.57165	0.0	2348666	306	1.85	38.246	223	910	20.367054610563994
1624018879.77	1850	59.881986	0.0	1801794	420	1.85	42.377	247	1034	24.20721374969741
1624018893.46	1850	52.159316	0.0	1864524	258	1.85	51.427	307	1310	23.867403314917134
1624018896.36	1850	52.133334	0.0	2051691	657	1.85	58.71	308	1524	29.246189756968278
1624018898.74	1850	52.633334	0.0	1898420	99	1.85	62.765	355	1646	18.495684340320594
1624018901.02	1850	55.133334	0.0	2276304	496	1.85	62.765	355	1646	18.495684340320594
1624018903.79	1850	56.833334	0.0	2239013	464	1.85	66.78	408	1766	16.68742216687422
1624018911.54	1850	52.986289	0.0	2417622	596	1.85	71.155	438	1895	22.62857142857143
1624018915.93	1850	51.733334	0.0	1950728	2743	1.85	76.756	514	2066	16.96125691840743
1624018918.0	1850	54	0.0	2268079	387	1.85	81.119	586	2197	13.522805409122165
1624018926.86	1850	48.866667	0.0	2105954	4598	1.85	90.869	627	2489	25.743589743589745
1624018928.92	1850	51.033334	0.0	2049597	520	1.85	90.869	627	2489	25.743589743589745
1624018931.39	1850	52.6	0.0	2267452	499	1.85	95.182	691	2612	13.67957338279619
