1624523655.46	750	4	0.418	447032	153	-1.7923999999999998	0	0	0	0
1624523655.77	300	8	0.0	222343	71	-0.15000000000000002	0	0	0	0
1624523656.05	300	12	0.0	202601	54	0.3	0	0	0	0
1624523656.29	300	16	0.0	231442	53	0.3	0	0	0	0
1624523656.49	300	20	0.0	223916	30	0.3	0	0	0	0
1624523656.68	300	24	0.0	227288	43	0.3	0	0	0	0
1624523656.88	300	28	0.0	210296	38	0.3	0	0	0	0
1624523657.13	300	32	0.0	232710	63	0.3	0	0	0	0
1624523657.35	300	36	0.0	230934	47	0.3	0	0	0	0
1624523657.58	300	40	0.0	230466	20	0.3	0	0	0	0
1624523657.78	300	44	0.0	222766	50	0.3	0	0	0	0
1624523657.97	300	48	0.0	215843	40	0.3	0	0	0	0
1624523658.22	300	52	0.0	240996	46	0.3	0	0	0	0
1624523658.92	300	56	0.0	241376	5	0.3	6.66	0	0	0
1624523660.27	300	59.341534	0.0	215448	26	0.3	6.66	0	0	0
1624523664.47	300	59.031468	0.0	224191	91	0.3	10.528	0	101	26.111685625646327
1624523667.77	300	59.689714	0.0	201147	51	0.3	14.525	0	221	30.02251688766575
1624523672.12	300	59.534527	0.0	208138	55	0.3	18.532	0	341	29.947591714499627
1624523675.87	300	59.652428	0.0	237703	33	0.3	22.538	0	461	29.955067398901647
1624523679.79	300	59.847015	0.0	221939	43	0.3	26.534	0	581	30.03003003003004
1624523684.88	300	58.692498	0.0	216091	46	0.3	30.538	37	694	18.981018981018973
1624523687.94	300	59.767781	0.0	221930	99	0.3	34.55	57	821	26.66999002991029
1624523692.28	300	59.42288	0.0	244209	152	0.3	38.584	59	942	29.49925632126917
1624523696.2	300	59.966667	0.0	201448	23	0.3	42.588	66	1063	28.471528471528487
1624523704.64	300	59.966667	0.0	216871	185	0.3	42.588	66	1063	28.471528471528487
1624523707.1	300	57.251748	0.0	226875	212	0.3	53.647	85	1394	28.212315760918717
1624523712.41	300	54.980524	0.0	215302	27	0.3	60.138	101	1589	27.57664458480974
1624523712.8	300	58.522565	0.0	231664	88	0.3	60.138	101	1589	27.57664458480974
1624523716.54	300	59.788051	0.0	233190	67	0.3	60.138	101	1589	27.57664458480974
1624523720.79	300	59.053544	0.0	245887	80	0.3	67.892	112	1823	28.75935001289658
1624523724.06	300	59.933334	0.0	205585	27	0.3	67.892	112	1823	28.75935001289658
1624523728.68	300	59.71117	0.0	248259	84	0.3	72.253	121	1952	27.516624627379016
1624523732.03	300	59.911357	0.0	221496	10	0.3	76.918	136	2092	26.79528403001068
1624523735.9	300	59.994826	0.0	238596	62	0.3	80.916	149	2212	26.76338169084549
1624523740.48	300	59.762245	0.0	239547	104	0.3	85.141	153	2339	29.1124260355029
1624523745.39	300	58.471503	0.0	210306	66	0.3	89.224	156	2461	29.14523634582416
1624523748.36	300	59.760564	0.0	223809	52	0.3	93.511	192	2590	21.693491952414316
1624523753.64	300	58.287177	0.0	233162	4	0.3	97.513	195	2710	29.23538230884551
1624523755.71	300	59.936758	0.0	211150	89	0.3	101.817	201	2839	28.578066914498223
1624523760.06	300	59.816576	0.0	227487	15	0.3	105.815	237	2959	21.010505252626288
1624523764.21	300	59.850733	0.0	218501	48	0.3	109.817	237	3079	29.98500749625191
1624523767.81	300	59.834257	0.0	223461	65	0.3	113.817	237	3199	30
1624523775.84	300	59.250228	0.0	223191	64	0.3	117.824	243	3320	28.699775393062104
1624523779.35	300	57.085121	0.0	228365	34	0.3	125.037	248	3536	29.252738111742655
1624523780.34	300	59.566667	0.0	223247	44	0.3	125.037	248	3536	29.252738111742655
