1624905978.19	750	4	0.317	447032	119	-1.3580999999999999	0	0	0	0
1624905979.58	2850	8	0.0	3731877	731	0.75	0	0	0	0
1624905980.63	2850	11.133334	0.0	2988743	581	2.85	0	0	0	0
1624905981.74	2850	14.2	0.0	3344033	588	2.85	4.893	4	52	0
1624905982.98	2850	17	0.0	3588671	652	2.85	4.893	4	52	0
1624905984.21	2850	19.9	0.0	3516436	605	2.85	4.893	4	52	0
1624905985.37	2850	22.566667	0.0	3520561	600	2.85	4.893	4	52	0
1624905986.6	2850	25.266667	0.0	3787958	654	2.85	8.951	49	170	17.989157220305565
1624905987.75	2850	28.2	0.0	3482140	622	2.85	8.951	49	170	17.989157220305565
1624905988.93	2850	31	0.0	3620909	622	2.85	8.951	49	170	17.989157220305565
1624905990.11	2850	33.8	0.0	3578596	583	2.85	12.957	100	294	18.2226660009985
1624905991.2	2850	36.7	0.0	3430213	560	2.85	12.957	100	294	18.2226660009985
1624905992.49	2850	39.433334	0.0	3873343	704	2.85	12.957	100	294	18.2226660009985
1624905993.8	2850	42.166667	0.0	4055051	709	2.85	16.956	143	414	19.254813703425864
1624905994.9	2850	44.966667	0.0	3383484	602	2.85	16.956	143	414	19.254813703425864
1624905996.12	2850	47.833334	0.0	3439708	667	2.85	16.956	143	414	19.254813703425864
1624905997.44	2850	50.466667	0.0	3270011	734	2.85	16.956	143	414	19.254813703425864
1624905999.18	2850	52.833334	0.0	3397053	1162	2.85	21.018	187	536	19.20236336779911
1624906001.03	2850	54.966667	0.0	3855639	1086	2.85	21.018	187	536	19.20236336779911
1624906002.97	2850	57.3	0.0	3553518	946	2.85	25.019	215	656	22.99425143714073
1624906004.15	2850	59.766667	0.0	3560530	612	2.85	25.019	215	656	22.99425143714073
1624906008.26	2850	59.667113	0.0	3529545	1025	2.85	29.021	249	773	20.739630184907533
1624906012.42	2850	59.437656	0.0	3944215	946	2.85	33.021	257	896	28.75
1624906015.91	2850	59.981961	0.0	2874206	501	2.85	37.022	279	1016	24.493876530867297
1624906020.11	2850	59.752738	0.0	3298545	670	2.85	41.022	292	1136	26.75
1624906024.35	2850	59.48868	0.0	3406141	515	2.85	45.026	305	1256	26.72327672327669
1624906027.95	2850	59.912538	0.0	3134119	447	2.85	49.023	314	1376	27.77082812109082
1624906032.23	2850	59.568409	0.0	3769859	727	2.85	53.034	324	1496	27.424582398404418
1624906035.98	2850	59.9	0.0	3566857	678	2.85	57.034	331	1614	27.75
1624906040.33	2850	59.492585	0.0	3935536	720	2.85	61.034	352	1736	25.25
1624906043.99	2850	59.859674	0.0	3251953	602	2.85	65.035	357	1855	28.492876780804817
1624906048.0	2850	59.883992	0.0	3744840	823	2.85	69.035	371	1976	26.75
1624906052.2	2850	59.613737	0.0	3455854	641	2.85	73.035	380	2096	27.75
1624906056.04	2850	59.813012	0.0	3548731	775	2.85	77.035	380	2209	28.25
1624906060.29	2850	59.550105	0.0	3573884	678	2.85	81.035	405	2337	25.75
1624906063.91	2850	59.893933	0.0	3124748	607	2.85	85.036	413	2456	27.74306423394148
1624906068.15	2850	59.64926	0.0	3671669	711	2.85	89.036	421	2577	28.25
1624906072.34	2850	59.47139	0.0	3397624	666	2.85	93.036	434	2697	26.75
1624906075.91	2850	59.929636	0.0	3070410	582	2.85	97.036	442	2815	27.5
1624906080.13	2850	59.696089	0.0	3480718	674	2.85	101.036	459	2937	26.25
1624906083.92	2850	59.931362	0.0	3396325	517	2.85	105.036	467	3053	27
1624906088.19	2850	59.651198	0.0	3538812	712	2.85	109.038	491	3177	24.987506246876592
1624906091.88	2850	59.947677	0.0	3440498	599	2.85	113.037	503	3296	26.75668917229301
1624906096.12	2850	59.706675	0.0	3504086	684	2.85	117.038	514	3417	27.493126718320486
1624906100.32	2850	59.526925	0.0	3345088	546	2.85	121.038	529	3537	26.25
