1624025938.84	750	4	0.459	447032	167	-1.9686999999999997	0	0	0	0
1624025939.48	1200	8	0.0	1081855	290	0.75	0	0	0	0
1624025939.97	1200	12	0.0	909590	235	1.2	0	0	0	0
1624025940.54	1200	16	0.0	1064785	240	1.2	0	0	0	0
1624025941.15	1200	19.6626	0.0	1068330	282	1.2	0	0	0	0
1624025941.92	1200	23.033334	0.0	1091906	292	1.2	5.247	0	27	0
1624025942.44	1200	26.366667	0.0	989621	244	1.2	5.247	0	27	0
1624025942.95	1200	29.866667	0.0	1120373	223	1.2	5.247	0	27	0
1624025943.48	1200	33.333334	0.0	1096122	214	1.2	5.247	0	27	0
1624025944.02	1200	36.8	0.0	1088831	243	1.2	5.247	0	27	0
1624025944.55	1200	40.254936	0.0	1080940	214	1.2	5.247	0	27	0
1624025945.07	1200	43.755922	0.0	1075422	232	1.2	5.247	0	27	0
1624025945.95	1200	46.837835	0.0	1146374	556	1.2	9.247	5	147	28.75
1624025946.6	1200	50.185657	0.0	1146930	362	1.2	9.247	5	147	28.75
1624025947.19	1200	53.587486	0.0	1066542	218	1.2	9.247	5	147	28.75
1624025947.76	1200	57.133334	0.0	1056887	267	1.2	9.247	5	147	28.75
1624025949.43	1200	59.533682	0.0	990369	302	1.2	9.247	5	147	28.75
1624025952.96	1200	59.887516	0.0	1015471	260	1.2	13.251	12	267	28.221778221778226
1624025957.11	1200	59.964465	0.0	1173982	289	1.2	17.252	14	387	29.49262684328918
1624025961.28	1200	59.731594	0.0	1058624	235	1.2	21.253	15	507	29.742564358910265
1624025965.32	1200	59.485316	0.0	1046861	219	1.2	25.254	15	627	29.992501874531357
1624025969.45	1200	59.508432	0.0	1048437	321	1.2	29.254	15	747	30
1624025973.1	1200	59.834948	0.0	1152505	259	1.2	33.254	15	867	30.00000000000003
1624025977.09	1200	59.936841	0.0	877099	32	1.2	37.255	19	987	28.992751812046954
1624025981.16	1200	59.720324	0.0	968042	221	1.2	41.256	19	1107	29.992501874531385
1624025985.36	1200	59.451434	0.0	1064114	304	1.2	45.262	19	1227	29.955067398901647
1624025989.22	1200	59.774274	0.0	1005764	532	1.2	49.262	19	1347	30
1624025993.3	1200	59.481913	0.0	1078959	275	1.2	53.262	20	1467	29.75
1624025997.36	1200	59.512767	0.0	1074526	202	1.2	57.262	21	1587	29.75
1624026001.43	1200	59.515322	0.0	1231303	210	1.2	61.264	22	1707	29.73513243378309
1624026004.92	1200	59.862833	0.0	960890	178	1.2	65.267	24	1828	29.727704221833676
1624026009.01	1200	59.921748	0.0	1183904	247	1.2	69.267	24	1948	30
1624026013.04	1200	59.945529	0.0	1065257	198	1.2	73.268	24	2068	29.99250187453133
1624026017.48	1200	59.72925	0.0	1108615	237	1.2	77.268	24	2188	30
1624026021.16	1200	59.886976	0.0	1113738	217	1.2	81.343	24	2310	29.938650306748446
1624026025.14	1200	59.653799	0.0	981548	208	1.2	85.344	25	2430	29.742564358910343
1624026029.24	1200	59.648798	0.0	1067644	77	1.2	89.344	25	2550	30
1624026033.24	1200	59.680786	0.0	1068520	202	1.2	93.345	25	2670	29.99250187453133
1624026037.51	1200	59.462435	0.0	946116	445	1.2	97.349	25	2790	29.970029970029934
1624026041.48	1200	59.52874	0.0	1041444	158	1.2	101.36	25	2910	29.91772625280482
1624026045.01	1200	59.9	0.0	1033147	198	1.2	105.374	25	3031	30.14449427005484
1624026049.05	1200	59.800624	0.0	1043384	154	1.2	109.374	25	3151	30
1624026053.04	1200	59.82346	0.0	1047354	123	1.2	113.375	26	3271	29.742564358910236
1624026057.08	1200	59.897303	0.0	1058093	215	1.2	117.376	28	3391	29.49262684328914
1624026061.19	1200	59.647754	0.0	1038662	337	1.2	121.376	28	3511	30
