1624021082.96	750	4	1.093	446149	134	-4.6949	0	0	0	0
1624021085.88	2850	8	0.0	5338027	1340	0.75	6.225	0	0	0
1624021091.48	2850	11.5	0.0	4485847	1089	2.85	11.54	0	0	0
1624021094.59	2850	13.816667	0.0	5004689	1201	2.85	11.54	0	0	0
1624021099.09	2850	16	0.0	5182650	1125	2.85	16.072	181	183	0.44130626654898497
1624021102.43	2850	17.083334	0.0	5173280	1151	2.85	20.546	345	347	0
1624021105.23	2850	18.75	0.0	4880493	1126	2.85	24.683	499	501	0
1624021107.83	2850	20.866667	0.0	5406574	1562	2.85	28.67	666	668	0
1624021109.98	2850	23.5	0.0	4844720	1090	2.85	28.67	666	668	0
1624021114.19	2850	26.1	0.0	4832207	1141	2.85	32.684	832	834	0
1624021119.75	2850	26.933334	0.0	4887638	1145	2.85	36.681	989	991	0
1624021128.19	2850	23.766667	0.0	4995664	1381	2.85	48.949	1457	1459	0
