1624899078.37	750	4	0.395	446149	135	-1.6934999999999998	0	0	0	0
1624899079.28	1200	8	0.0	1737810	365	0.75	0	0	0	0
1624899079.87	1200	12	0.0	1497975	256	1.2	0	0	0	0
1624899080.5	1200	16	0.0	1711143	278	1.2	0	0	0	0
1624899081.28	1200	20	0.0	1733770	343	1.2	0	0	0	0
1624899082.34	1200	24	0.0	1749315	276	1.2	5.373	0	0	0
1624899084.19	1200	26.833334	0.0	1603603	329	1.2	5.373	0	0	0
1624899084.98	1200	29.75	0.0	1702216	261	1.2	5.373	0	0	0
1624899085.75	1200	32.916667	0.0	1641950	297	1.2	9.361	135	184	12.286860581745234
1624899086.7	1200	36.018439	0.0	1559808	275	1.2	9.361	135	184	12.286860581745234
1624899087.44	1200	39.283334	0.0	1622647	307	1.2	9.361	135	184	12.286860581745234
1624899088.57	1200	42	0.0	1630019	582	1.2	9.361	135	184	12.286860581745234
1624899089.27	1200	45.366667	0.0	1658562	237	1.2	9.361	135	184	12.286860581745234
1624899090.03	1200	48.6	0.0	1669221	271	1.2	13.361	259	425	29.25
1624899090.74	1200	51.933334	0.0	1636310	291	1.2	13.361	259	425	29.25
1624899091.43	1200	55.233334	0.0	1732283	254	1.2	13.361	259	425	29.25
1624899092.15	1200	58.533334	0.0	1511913	246	1.2	13.361	259	425	29.25
1624899094.84	1200	59.84779	0.0	1593050	287	1.2	17.358	352	665	36.77758318739055
1624899098.61	1200	59.921608	0.0	1818927	348	1.2	21.358	366	905	56.5
1624899103.66	1200	59.866667	0.0	1667234	310	1.2	25.367	406	1141	48.88999750561237
1624899107.07	1200	59.526177	0.0	1633180	271	1.2	29.362	465	1385	46.30788485607012
1624899110.87	1200	59.846698	0.0	1663787	316	1.2	33.361	482	1625	55.76394098524633
1624899114.68	1200	59.954185	0.0	1674035	271	1.2	37.36	509	1865	53.26331582895721
1624899119.21	1200	59.459575	0.0	1460813	271	1.2	41.362	550	2105	49.725137431284324
1624899123.01	1200	59.603821	0.0	1541638	336	1.2	45.37	568	2345	55.38922155688629
1624899126.99	1200	59.578714	0.0	1680082	240	1.2	49.369	612	2585	49.01225306326579
1624899132.92	1200	58.019851	0.0	1542551	306	1.2	56.293	799	2999	32.78451761987291
1624899137.7	1200	59.616667	0.0	1603186	448	1.2	56.293	799	2999	32.78451761987291
1624899139.0	1200	59.866667	0.0	1611597	155	1.2	61.835	1000	3333	23.99855647780584
1624899143.08	1200	59.571793	0.0	1888785	411	1.2	65.858	1170	3564	15.162813820531928
1624899147.09	1200	59.916667	0.0	1552540	313	1.2	69.859	1225	3815	48.98775306173468
1624899151.04	1200	59.864154	0.0	1957722	387	1.2	73.868	1273	4055	47.89224245447742
1624899155.21	1200	59.983334	0.0	1766061	336	1.2	77.87	1337	4295	43.97801099450265
1624899159.4	1200	59.460476	0.0	1645454	372	1.2	81.943	1393	4540	46.403142646697844
1624899163.41	1200	59.55	0.0	1604737	78	1.2	81.943	1393	4540	46.403142646697844
1624899167.18	1200	59.753891	0.0	1487527	97	1.2	87.545	1492	4876	42.306319171724354
1624899171.61	1200	59.35	0.0	1643954	374	1.2	91.558	1518	5116	53.32668826314471
1624899176.18	1200	59.702129	0.0	1555884	246	1.2	95.615	1567	5360	48.065072713828094
1624899179.52	1200	59.416667	0.0	1535193	372	1.2	102.692	1713	5785	39.423484527342104
1624899184.44	1200	59.8	0.0	1551114	350	1.2	102.692	1713	5785	39.423484527342104
1624899189.9	1200	58.068492	0.0	1575918	359	1.2	108.526	1902	6134	27.425437092903653
