1624021277.19	750	4	0.469	446149	162	-2.0117	0	0	0	0
1624021278.97	1850	8	0.0	3302713	787	0.75	0	0	0	0
1624021280.75	1850	11.016667	0.0	2780269	1138	1.85	5.302	3	35	0
1624021282.15	1850	13.683334	0.0	3138830	881	1.85	5.302	3	35	0
1624021283.45	1850	16.316667	0.0	3252745	763	1.85	5.302	3	35	0
1624021284.75	1850	19.033334	0.0	3175667	777	1.85	9.346	158	279	22.007912957467852
1624021285.91	1850	21.966667	0.0	2962628	650	1.85	9.346	158	279	22.007912957467852
1624021287.22	1850	24.683334	0.0	3242545	705	1.85	9.346	158	279	22.007912957467852
1624021288.47	1850	27.366667	0.0	2999470	608	1.85	13.346	378	517	4.5
1624021289.54	1850	30.35	0.0	2926075	552	1.85	13.346	378	517	4.5
1624021290.62	1850	33.283334	0.0	3029009	545	1.85	13.346	378	517	4.5
1624021291.78	1850	36	0.0	3113599	577	1.85	13.346	378	517	4.5
1624021292.88	1850	39.083334	0.0	3116790	536	1.85	17.347	599	747	2.2494376405898517
1624021293.96	1850	41.983334	0.0	3132453	553	1.85	17.347	599	747	2.2494376405898517
1624021294.94	1850	44.933334	0.0	2994095	520	1.85	17.347	599	747	2.2494376405898517
1624021296.08	1850	47.9	0.0	3154088	604	1.85	17.347	599	747	2.2494376405898517
1624021297.02	1850	50.866667	0.0	2803553	491	1.85	21.438	841	989	0
1624021298.18	1850	53.866667	0.0	3039477	573	1.85	21.438	841	989	0
1624021299.54	1850	56.833334	0.0	3356332	470	1.85	21.438	841	989	0
1624021301.17	1850	59.383334	0.0	3105690	753	1.85	25.65	1056	1204	0
1624021304.45	1850	59.283334	0.0	3008856	528	1.85	29.442	1330	1478	0
1624021308.11	1850	59.543993	0.0	3066869	753	1.85	29.442	1330	1478	0
1624021312.02	1850	59.516667	0.0	3178549	642	1.85	33.522	1443	1728	33.57843137254903
1624021315.75	1850	59.724971	0.0	2577778	628	1.85	37.54	1515	1969	42.06072672971627
1624021319.83	1850	59.837667	0.0	2819145	542	1.85	41.541	1562	2209	48.23794051487131
1624021324.0	1850	59.642989	0.0	3037564	539	1.85	45.612	1601	2454	50.601817735200136
1624021328.1	1850	59.550317	0.0	2852411	504	1.85	49.652	1660	2696	45.297029702970306
1624021331.64	1850	59.842628	0.0	3004818	557	1.85	53.657	1686	2937	53.68289637952565
1624021335.69	1850	59.970778	0.0	2930516	559	1.85	57.657	1749	3173	43.25
1624021339.89	1850	59.695361	0.0	3381885	607	1.85	61.672	1787	3417	51.30759651307596
1624021344.02	1850	59.606925	0.0	2812661	511	1.85	65.67	1835	3657	48.02401200600295
1624021347.84	1850	59.789662	0.0	3529340	621	1.85	69.684	1867	3896	51.569506726457455
1624021351.59	1850	59.900302	0.0	3274615	564	1.85	73.708	1937	4139	42.99204771371768
1624021355.75	1850	59.952969	0.0	3020205	583	1.85	77.707	1969	4376	51.262815703926044
1624021359.9	1850	59.796752	0.0	3084353	545	1.85	81.708	2033	4618	44.48887778055481
1624021363.99	1850	59.536858	0.0	2743535	508	1.85	85.744	2086	4861	47.076313181367674
1624021367.85	1850	59.82349	0.0	3049078	498	1.85	89.745	2133	5099	47.738065483629036
1624021371.84	1850	59.812575	0.0	2866070	667	1.85	93.834	2217	5347	40.10760577158231
1624021375.61	1850	59.862514	0.0	2786310	663	1.85	97.835	2305	5587	37.99050237440649
1624021379.72	1850	59.759428	0.0	2886749	576	1.85	101.835	2361	5817	43.5
1624021383.79	1850	59.869892	0.0	2928463	531	1.85	105.835	2405	6060	49.75
1624021387.84	1850	59.828092	0.0	3115560	898	1.85	109.836	2438	6307	53.48662834291421
1624021391.61	1850	59.852305	0.0	3008634	713	1.85	113.847	2482	6548	49.11493393168791
1624021395.75	1850	59.962467	0.0	3111850	607	1.85	117.847	2517	6778	48.75
1624021399.85	1850	59.818344	0.0	2982399	572	1.85	121.847	2550	7025	53.5
