1623873358.06	750	4	0.406	447032	137	-1.7408000000000001	0	0	0	0
1623873359.02	1850	8	0.0	2254830	428	0.75	0	0	0	0
1623873359.82	1850	12	0.0	1837501	285	1.85	0	0	0	0
1623873360.69	1850	15.466667	0.0	2108748	389	1.85	0	0	0	0
1623873361.65	1850	18.533334	0.0	2229492	386	1.85	5.379	6	30	0
1623873362.4	1850	21.7	0.0	2078237	348	1.85	5.379	6	30	0
1623873363.13	1850	25	0.0	2030644	333	1.85	5.379	6	30	0
1623873363.94	1850	28.233334	0.0	2298831	370	1.85	5.379	6	30	0
1623873364.71	1850	31.4	0.0	2164964	353	1.85	5.379	6	30	0
1623873365.59	1850	34.533334	0.0	2175479	441	1.85	9.379	33	150	23.25
1623873366.43	1850	37.7	0.0	2156805	271	1.85	9.379	33	150	23.25
1623873367.26	1850	40.9	0.0	2101523	351	1.85	9.379	33	150	23.25
1623873368.18	1850	44	0.0	2344608	404	1.85	9.379	33	150	23.25
1623873369.08	1850	47.133334	0.0	2334646	410	1.85	13.379	62	265	21.5
1623873369.85	1850	50.233334	0.0	2109579	351	1.85	13.379	62	265	21.5
1623873370.65	1850	53.5	0.0	2097243	329	1.85	13.379	62	265	21.5
1623873371.43	1850	56.7	0.0	2054074	213	1.85	13.379	62	265	21.5
1623873372.19	1850	59.933334	0.0	2079344	318	1.85	13.379	62	265	21.5
1623873376.1	1850	59.961096	0.0	2353718	362	1.85	17.38	94	387	22.494376405898528
1623873380.44	1850	59.735785	0.0	2119053	399	1.85	21.38	101	510	29
1623873384.29	1850	59.763759	0.0	2145449	364	1.85	25.391	101	630	29.917726252804794
1623873388.59	1850	59.454791	0.0	2087310	369	1.85	29.391	107	747	27.75
1623873392.5	1850	59.551786	0.0	2348666	451	1.85	33.392	113	870	29.24268932766805
1623873396.29	1850	59.862423	0.0	1801794	331	1.85	37.399	115	990	29.448465185924647
1623873400.2	1850	59.906419	0.0	1864524	400	1.85	41.423	117	1111	29.572564612326037
1623873404.49	1850	59.592355	0.0	2051691	362	1.85	45.424	127	1231	27.493126718320436
1623873408.25	1850	59.894424	0.0	1898420	205	1.85	49.424	127	1351	30
1623873412.14	1850	59.918055	0.0	2276304	398	1.85	53.424	131	1468	28.25
1623873416.65	1850	59.478635	0.0	2239013	402	1.85	57.424	138	1587	28
1623873420.6	1850	59.541694	0.0	2417622	418	1.85	61.427	146	1711	28.978266300274793
1623873424.43	1850	59.74574	0.0	1950728	349	1.85	65.44	153	1832	28.40767505606779
1623873428.3	1850	59.912133	0.0	2268079	370	1.85	69.441	157	1952	28.992751812046954
1623873432.12	1850	59.984513	0.0	2105954	365	1.85	73.44	163	2068	27.50687671917983
1623873436.5	1850	59.729802	0.0	2049597	398	1.85	77.441	170	2192	29.24268932766805
1623873440.43	1850	59.763153	0.0	2267452	451	1.85	81.442	170	2312	29.99250187453144
1623873444.19	1850	59.82628	0.0	1977775	359	1.85	85.442	173	2432	29.25
1623873448.47	1850	59.602036	0.0	2145766	380	1.85	89.442	180	2552	28.25
1623873452.28	1850	59.893606	0.0	2064567	312	1.85	93.442	180	2672	30
1623873456.56	1850	59.630084	0.0	1899367	334	1.85	97.443	185	2790	28.24293926518367
1623873460.41	1850	59.69605	0.0	2118078	330	1.85	101.443	187	2912	30
1623873464.2	1850	59.940788	0.0	2045638	356	1.85	105.443	191	3031	28.75
1623873468.58	1850	59.767036	0.0	2132751	377	1.85	109.443	198	3152	28.5
1623873472.44	1850	59.750227	0.0	2105800	361	1.85	113.455	198	3272	29.910269192422728
1623873476.24	1850	59.819904	0.0	2117310	369	1.85	117.457	202	3392	28.985507246376844
1623873480.55	1850	59.537134	0.0	2106167	392	1.85	121.456	209	3512	28.25706426606645
