1624028454.37	750	4	0.379	446149	156	-1.6247000000000003	0	0	0	0
1624028455.43	1200	8	0.0	1737810	505	0.75	0	0	0	0
1624028456.28	1200	12	0.0	1497975	342	1.2	0	0	0	0
1624028457.0	1200	16	0.0	1711143	331	1.2	0	0	0	0
1624028457.77	1200	19.5	0.0	1733770	345	1.2	5.213	0	25	0
1624028458.47	1200	22.8	0.0	1749315	308	1.2	5.213	0	25	0
1624028459.1	1200	26.15	0.0	1603603	265	1.2	5.213	0	25	0
1624028459.81	1200	29.45	0.0	1702216	319	1.2	5.213	0	25	0
1624028460.43	1200	32.833334	0.0	1641950	283	1.2	5.213	0	25	0
1624028461.11	1200	36.021263	0.0	1559808	255	1.2	5.213	0	25	0
1624028461.77	1200	39.483334	0.0	1622647	273	1.2	9.214	77	265	40.739815046238434
1624028462.43	1200	42.8	0.0	1630019	301	1.2	9.214	77	265	40.739815046238434
1624028463.13	1200	46	0.0	1658562	324	1.2	9.214	77	265	40.739815046238434
1624028463.9	1200	49.35	0.0	1669221	367	1.2	9.214	77	265	40.739815046238434
1624028464.66	1200	52.633334	0.0	1636310	322	1.2	9.214	77	265	40.739815046238434
1624028465.43	1200	55.983334	0.0	1732283	344	1.2	9.214	77	265	40.739815046238434
1624028466.04	1200	59.183334	0.0	1511913	251	1.2	13.267	185	507	33.06192943498644
1624028469.71	1200	59.567364	0.0	1593050	285	1.2	17.279	216	749	52.592223330009965
1624028473.47	1200	59.742351	0.0	1818927	332	1.2	17.279	216	749	52.592223330009965
1624028477.31	1200	59.933334	0.0	1667234	353	1.2	21.33	243	992	53.32016785978773
1624028481.66	1200	59.662715	0.0	1633180	216	1.2	25.331	269	1232	53.48662834291426
1624028485.56	1200	59.710179	0.0	1663787	308	1.2	29.517	305	1483	51.3616817964644
1624028489.42	1200	59.916667	0.0	1674035	392	1.2	33.519	353	1723	47.97601199400301
1624028493.83	1200	59.46218	0.0	1460813	514	1.2	41.523	443	2203	57
1624028497.68	1200	59.51903	0.0	1541638	403	1.2	41.523	443	2203	57
1624028501.7	1200	59.510754	0.0	1680082	615	1.2	45.593	462	2448	55.52825552825553
1624028505.66	1200	59.537446	0.0	1542551	611	1.2	49.594	489	2688	53.23669082729321
1624028509.37	1200	59.968807	0.0	1603186	324	1.2	53.597	504	2928	56.20784411691231
1624028513.59	1200	59.800273	0.0	1611597	257	1.2	57.597	522	3168	55.5
1624028517.76	1200	59.525147	0.0	1888785	774	1.2	61.656	538	3412	56.17147080561718
1624028521.6	1200	59.759602	0.0	1552540	369	1.2	65.664	556	3652	55.38922155688619
1624028525.43	1200	59.823343	0.0	1957722	376	1.2	69.665	580	3892	53.9865033741564
1624028529.67	1200	59.574514	0.0	1766061	365	1.2	73.665	595	4132	56.25
1624028533.49	1200	59.743283	0.0	1645454	366	1.2	77.666	612	4372	55.736065983504254
1624028537.8	1200	59.431365	0.0	1604737	360	1.2	81.666	644	4612	52
1624028541.47	1200	59.739717	0.0	1487527	300	1.2	85.691	663	4853	55.15527950310551
1624028545.74	1200	59.486232	0.0	1643954	202	1.2	89.692	712	5094	47.9880029992503
1624028549.45	1200	59.85023	0.0	1555884	345	1.2	93.693	726	5334	56.48587853036734
1624028553.32	1200	59.95	0.0	1535193	471	1.2	97.695	760	5574	51.47426286856578
1624028557.59	1200	59.710885	0.0	1551114	367	1.2	101.696	778	5808	53.9865033741564
1624028561.84	1200	59.443117	0.0	1575918	377	1.2	105.697	794	6054	57.48562859285172
1624028565.53	1200	59.728077	0.0	1672619	104	1.2	109.715	812	6295	55.50024888003981
1624028569.35	1200	59.778067	0.0	1631168	433	1.2	113.703	839	6534	53.15947843530592
1624028573.7	1200	59.402715	0.0	1687116	270	1.2	117.703	870	6771	51.5
1624028577.39	1200	59.911115	0.0	1644749	336	1.2	121.706	902	7014	52.71046714963777
