1624018146.28	750	4	0.717	447032	236	-3.0781	0	0	0	0
1624018148.56	2850	8	0.0	3731877	825	0.75	7.377	0	0	0
1624018151.39	2850	12	0.0	2988743	926	2.85	11.592	0	0	0
1624018154.59	2850	16	0.0	3344033	808	2.85	11.592	0	0	0
1624018158.46	2850	20	0.0	3588671	519	2.85	15.856	0	0	0
1624018176.64	2850	8	0.0	3516436	13943	2.85	33.322	174	428	14.542539791595098
1624018185.33	2850	4.550248	0.0	3520561	672	2.85	38.291	262	568	10.464882270074474
1624018202.46	2850	4	8.558	3787958	2812	-33.9494	58.859	358	839	8.50836250486192
1624018206.13	2850	4.3	1.011	3482140	580	-1.4973000000000005	63.938	367	930	16.144910415436108
1624018214.22	2850	3.2	0.0	3620909	1089	2.85	68.191	399	972	2.351281448389372
1624018239.58	2850	0	9.253	3578596	1507	-36.9379	87.177	670	1282	8.372692142550449
1624018263.0	2850	0	11.389	3430213	2000	-46.122699999999995	111.142	698	1382	6.969334926324185
1624018290.9	2850	0.451312	5.683	3873343	2475	-21.586899999999996	144.633	755	1560	4.3729653563966755
1624018310.02	2850	0.159675	14.687	4055051	2088	-60.3041	160.54	755	1560	0
1624018316.15	2850	2.033334	4.879	3383484	1347	-18.1297	176.236	854	1742	0
1624018328.79	2850	0	0.906	3439708	1023	-1.0457999999999998	184.424	996	1920	4.396678065461642
1624018338.3	2850	1.71675	6.757	3270011	1566	-26.205099999999998	195.534	1032	1989	6.788726599465145
