1624891882.02	750	4	0.37	447032	85	-1.5859999999999999	0	0	0	0
1624891883.37	2850	8	0.0	3731877	676	0.75	0	0	0	0
1624891884.41	2850	11.133334	0.0	2988743	558	2.85	0	0	0	0
1624891885.61	2850	14	0.0	3344033	630	2.85	5.199	5	46	0
1624891886.75	2850	16.966667	0.0	3588671	598	2.85	5.199	5	46	0
1624891887.88	2850	19.833334	0.0	3516436	576	2.85	5.199	5	46	0
1624891889.0	2850	22.766667	0.0	3520561	569	2.85	9.204	40	163	20.47440699126092
1624891890.18	2850	25.533334	0.0	3787958	618	2.85	9.204	40	163	20.47440699126092
1624891891.3	2850	28.333334	0.0	3482140	603	2.85	9.204	40	163	20.47440699126092
1624891892.5	2850	31.2	0.0	3620909	622	2.85	9.204	40	163	20.47440699126092
1624891893.67	2850	34	0.0	3578596	615	2.85	13.205	91	287	18.245438640339916
1624891894.83	2850	36.833334	0.0	3430213	600	2.85	13.205	91	287	18.245438640339916
1624891896.07	2850	39.666667	0.0	3873343	647	2.85	13.205	91	287	18.245438640339916
1624891897.37	2850	42.433334	0.0	4055051	671	2.85	17.205	137	406	18.250000000000007
1624891898.49	2850	45.1	0.0	3383484	566	2.85	17.205	137	406	18.250000000000007
1624891899.58	2850	47.966667	0.0	3439708	561	2.85	17.205	137	406	18.250000000000007
1624891900.75	2850	50.9	0.0	3270011	567	2.85	17.205	137	406	18.250000000000007
1624891901.91	2850	53.8	0.0	3397053	578	2.85	21.209	185	527	18.231768231768225
1624891903.15	2850	56.533334	0.0	3855639	657	2.85	21.209	185	527	18.231768231768225
1624891904.26	2850	59.433334	0.0	3553518	573	2.85	21.209	185	527	18.231768231768225
1624891907.94	2850	59.754662	0.0	3560530	583	2.85	25.209	230	647	18.75
1624891911.75	2850	59.887729	0.0	3529545	742	2.85	29.21	245	767	26.24343914021494
1624891915.63	2850	59.989074	0.0	3944215	697	2.85	33.21	255	881	26
1624891919.69	2850	59.89114	0.0	2874206	560	2.85	37.211	285	1007	23.994001499625107
1624891923.9	2850	59.680693	0.0	3298545	653	2.85	41.211	291	1123	27.5
1624891927.61	2850	59.988738	0.0	3406141	644	2.85	45.211	298	1243	28.25
1624891931.69	2850	59.840335	0.0	3134119	586	2.85	49.211	323	1367	24.75
1624891935.97	2850	59.575313	0.0	3769859	723	2.85	53.211	325	1481	28
1624891939.75	2850	59.885126	0.0	3566857	720	2.85	57.212	338	1606	27.993001749562577
1624891943.71	2850	59.945037	0.0	3935536	862	2.85	61.212	351	1722	25.75
1624891947.87	2850	59.713662	0.0	3251953	617	2.85	65.212	376	1845	24.5
1624891951.67	2850	59.967817	0.0	3744840	744	2.85	69.213	379	1963	28.742814296425962
1624891955.86	2850	59.705466	0.0	3455854	649	2.85	73.212	403	2085	24.50612653163285
1624891959.94	2850	59.964847	0.0	3548731	673	2.85	77.213	407	2202	28.24293926518377
1624891963.69	2850	59.971998	0.0	3573884	687	2.85	81.213	422	2324	26.75
1624891967.85	2850	59.700369	0.0	3124748	618	2.85	85.213	443	2447	25.5
1624891972.15	2850	59.46836	0.0	3671669	668	2.85	89.214	443	2561	28.492876780804764
1624891975.8	2850	59.809561	0.0	3397624	521	2.85	93.214	460	2687	27.25
1624891979.93	2850	59.668201	0.0	3070410	582	2.85	97.215	479	2807	25.243689077730536
1624891983.68	2850	59.936554	0.0	3480718	637	2.85	101.214	482	2923	28.25706426606655
1624891987.96	2850	59.628517	0.0	3396325	680	2.85	105.214	499	3041	25.25
1624891991.66	2850	59.977292	0.0	3538812	680	2.85	109.215	510	3163	27.74306423394148
1624891995.87	2850	59.717711	0.0	3440498	663	2.85	113.215	528	3283	25.5
1624892000.1	2850	59.457942	0.0	3504086	683	2.85	117.216	535	3401	27.74306423394158
1624892003.73	2850	59.838606	0.0	3345088	649	2.85	121.216	551	3527	27.5
