1623876234.31	750	4	0.511	447032	130	-2.1923	0	0	0	0
1623876234.96	1200	8	0.0	1081855	256	0.75	0	0	0	0
1623876235.38	1200	12	0.0	909590	102	1.2	0	0	0	0
1623876235.88	1200	16	0.0	1064785	164	1.2	0	0	0	0
1623876236.41	1200	20	0.0	1068330	146	1.2	0	0	0	0
1623876237.06	1200	24	0.0	1091906	193	1.2	6.638	0	0	0
1623876237.47	1200	28	0.0	989621	169	1.2	6.638	0	0	0
1623876237.92	1200	32	0.0	1120373	160	1.2	6.638	0	0	0
1623876239.1	1200	36	0.0	1096122	173	1.2	6.638	0	0	0
1623876239.56	1200	40	0.0	1088831	198	1.2	6.638	0	0	0
1623876240.0	1200	44	0.0	1080940	179	1.2	6.638	0	0	0
1623876240.47	1200	48	0.0	1075422	171	1.2	6.638	0	0	0
1623876240.96	1200	52	0.0	1146374	206	1.2	10.616	0	0	0
