1624894861.95	750	4	0.849	446149	7	-3.6456999999999997	12.108	0	0	0
1624894863.26	300	8	0.0	458211	107	-0.15000000000000002	16.121	0	0	0
1624894863.84	300	12	0.0	390124	32	0.3	16.121	0	0	0
1624894864.32	300	16	0.0	474461	64	0.3	16.121	0	0	0
1624894864.75	300	20	0.0	444309	54	0.3	16.121	0	0	0
1624894865.13	300	24	0.0	443120	118	0.3	16.121	0	0	0
1624894865.51	300	28	0.0	416509	80	0.3	16.121	0	0	0
1624894865.94	300	32	0.0	451355	79	0.3	16.121	0	0	0
1624894866.39	300	36	0.0	417757	101	0.3	16.121	0	0	0
1624894866.83	300	40	0.0	415350	3	0.3	20.136	0	0	0
1624894867.13	300	44	0.0	433531	84	0.3	20.136	0	0	0
1624894867.39	300	48	0.0	422916	83	0.3	20.136	0	0	0
1624894867.73	300	52	0.0	459414	85	0.3	20.136	0	0	0
1624894868.11	300	56	0.0	450936	75	0.3	20.136	0	0	0
