1624885327.36	750	4	0.427	446149	56	-1.8310999999999997	0	0	0	0
1624885328.35	1200	8	0.0	1737810	527	0.75	0	0	0	0
1624885329.04	1200	12	0.0	1497975	357	1.2	0	0	0	0
1624885330.06	1200	16	0.0	1711143	388	1.2	0	0	0	0
1624885331.65	1200	20	0.0	1733770	372	1.2	5.606	0	0	0
1624885348.57	1200	8.616667	0.0	1749315	337	1.2	23.262	381	923	30.697779791572273
1624885350.73	1200	10.316667	0.0	1603603	355	1.2	23.262	381	923	30.697779791572273
1624885351.67	1200	13.116667	0.0	1702216	311	1.2	23.262	381	923	30.697779791572273
1624885354.28	1200	15.75	0.0	1641950	608	1.2	27.255	592	1178	11.019283746556479
1624885356.03	1200	17.066667	0.0	1559808	200	1.2	27.255	592	1178	11.019283746556479
1624885359.62	1200	17.733334	0.0	1622647	529	1.2	31.611	755	1439	22.497704315886125
1624885360.98	1200	20	0.0	1630019	418	1.2	35.676	920	1679	18.450184501845012
1624885371.25	1200	18.342233	0.0	1658562	433	1.2	35.676	920	1679	18.450184501845012
