1624890407.29	750	4	0.375	447032	133	-1.6075	0	0	0	0
1624890408.0	1200	8	0.0	1081855	219	0.75	0	0	0	0
1624890408.39	1200	12	0.0	909590	178	1.2	0	0	0	0
1624890408.96	1200	16	0.0	1064785	235	1.2	0	0	0	0
1624890409.42	1200	20	0.0	1068330	209	1.2	0	0	0	0
1624890409.88	1200	24	0.0	1091906	187	1.2	0	0	0	0
1624890410.54	1200	27.494743	0.0	989621	172	1.2	5.535	0	15	0
1624890411.22	1200	30.8	0.0	1120373	253	1.2	5.535	0	15	0
1624890411.84	1200	34.2	0.0	1096122	177	1.2	5.535	0	15	0
1624890412.38	1200	37.6	0.0	1088831	210	1.2	5.535	0	15	0
1624890413.0	1200	41.066667	0.0	1080940	232	1.2	5.535	0	15	0
1624890413.79	1200	44.343574	0.0	1075422	234	1.2	5.535	0	15	0
1624890414.79	1200	47.228623	0.0	1146374	532	1.2	9.584	8	136	27.908125463077308
1624890415.58	1200	50.566667	0.0	1146930	175	1.2	9.584	8	136	27.908125463077308
1624890416.77	1200	53.3	0.0	1066542	383	1.2	9.584	8	136	27.908125463077308
1624890417.66	1200	56.633334	0.0	1056887	135	1.2	9.584	8	136	27.908125463077308
1624890418.31	1200	59.8	0.0	990369	205	1.2	9.584	8	136	27.908125463077308
1624890422.42	1200	59.669762	0.0	1015471	190	1.2	13.585	37	256	22.744313921519613
1624890426.52	1200	59.888848	0.0	1173982	735	1.2	17.69	37	379	29.96345919610231
1624890430.43	1200	59.794067	0.0	1058624	196	1.2	21.759	62	501	23.838781027279435
1624890434.67	1200	59.885701	0.0	1046861	119	1.2	25.871	65	625	29.426070038910517
1624890438.67	1200	59.667256	0.0	1048437	209	1.2	29.91	71	746	28.472394156969536
1624890442.87	1200	59.607258	0.0	1152505	236	1.2	33.931	84	867	26.858990300920187
1624890446.8	1200	59.647862	0.0	877099	118	1.2	38.147	91	993	28.225806451612897
1624890451.24	1200	59.4596	0.0	968042	312	1.2	42.174	95	1114	29.053886267693063
1624890454.73	1200	59.769512	0.0	1064114	233	1.2	46.547	105	1245	27.669791904870813
1624890458.35	1200	59.953139	0.0	1005764	128	1.2	50.577	110	1366	28.784119106699745
1624890462.35	1200	59.884378	0.0	1078959	136	1.2	54.577	116	1486	28.5
1624890466.4	1200	59.907423	0.0	1074526	237	1.2	58.583	117	1606	29.70544183724413
1624890470.74	1200	59.704972	0.0	1231303	83	1.2	62.615	117	1725	29.513888888888864
1624890474.4	1200	59.67199	0.0	960890	169	1.2	66.614	127	1847	28.007001750437592
1624890478.62	1200	59.446283	0.0	1183904	237	1.2	70.61	128	1967	29.779779779779815
1624890482.69	1200	59.466996	0.0	1065257	254	1.2	74.611	128	2087	29.99250187453133
1624890486.27	1200	59.794561	0.0	1108615	158	1.2	78.611	130	2207	29.5
1624890490.36	1200	59.838216	0.0	1113738	240	1.2	82.611	131	2327	29.75
1624890494.39	1200	59.613183	0.0	981548	130	1.2	86.612	132	2447	29.742564358910343
1624890498.48	1200	59.600175	0.0	1067644	108	1.2	90.611	132	2567	30.007501875468797
1624890502.68	1200	59.717463	0.0	1068520	145	1.2	94.748	144	2691	27.07275803722504
1624890506.2	1200	59.980612	0.0	946116	189	1.2	98.745	151	2811	28.271203402551915
1624890510.22	1200	59.984151	0.0	1041444	206	1.2	102.742	151	2931	30.02251688766575
1624890514.25	1200	59.792561	0.0	1033147	155	1.2	106.742	151	3051	30
1624890518.42	1200	59.541061	0.0	1043384	112	1.2	110.75	151	3171	29.940119760479075
1624890522.39	1200	59.579769	0.0	1047354	217	1.2	114.743	151	3291	30.05259203606315
1624890526.51	1200	59.612097	0.0	1058093	271	1.2	118.743	152	3411	29.75
1624890550.52	1200	53.966667	0.0	1038662	205	1.2	122.743	167	3531	26.25
