1624030615.62	750	4	0.717	446149	150	-3.0781	0	0	0	0
1624030616.27	750	8	0.0	657276	110	0.75	0	0	0	0
1624030616.6	750	12	0.0	531142	98	0.75	0	0	0	0
1624030616.91	750	16	0.0	641782	138	0.75	0	0	0	0
1624030617.24	750	20	0.0	655328	132	0.75	0	0	0	0
1624030617.67	750	24	0.0	643029	124	0.75	0	0	0	0
1624030617.99	750	28	0.0	586466	123	0.75	0	0	0	0
1624030618.31	750	32	0.0	640646	127	0.75	6.584	0	0	0
1624030618.64	750	36	0.0	603976	93	0.75	6.584	0	0	0
1624030618.93	750	40	0.0	579575	113	0.75	6.584	0	0	0
1624030619.32	750	44	0.0	622523	104	0.75	6.584	0	0	0
1624030619.65	750	48	0.0	590406	103	0.75	6.584	0	0	0
1624030619.98	750	52	0.0	636852	85	0.75	6.584	0	0	0
1624030620.3	750	56	0.0	619167	101	0.75	6.584	0	0	0
1624030621.74	750	59.740254	0.0	636453	110	0.75	6.584	0	0	0
1624030626.15	750	59.983334	0.0	637789	123	0.75	10.631	14	60	11.366444279713367
1624030629.65	750	59.78478	0.0	574537	133	0.75	14.634	18	300	58.95578316262803
1624030633.54	750	59.829305	0.0	595492	93	0.75	18.633	22	540	59.014753688422125
1624030637.48	750	59.966667	0.0	662075	96	0.75	22.632	55	780	51.76294073518377
1624030641.87	750	59.440258	0.0	622438	126	0.75	26.633	65	1020	57.48562859285182
1624030646.65	750	59.7	0.0	607166	133	0.75	30.634	102	1260	50.737315671082214
1624030649.79	750	59.683334	0.0	615645	44	0.75	35.202	151	1534	49.255691768826644
1624030654.42	750	59.966667	0.0	651954	137	0.75	39.204	192	1774	49.725137431284324
1624030660.72	750	57.038435	0.0	550774	83	0.75	48.114	554	2301	18.518518518518526
1624030661.85	750	59.592355	0.0	594579	53	0.75	48.114	554	2301	18.518518518518526
1624030666.24	750	59.643466	0.0	632394	199	0.75	52.284	741	2554	15.827338129496397
1624030670.11	750	59.869276	0.0	575968	155	0.75	56.306	778	2801	52.21282943809052
1624030674.51	750	59.509738	0.0	632851	504	0.75	60.327	872	3036	35.0659040039791
1624030681.85	750	56.05166	0.0	604086	116	0.75	69.637	1193	3599	25.99355531686358
1624030688.08	750	54.35	0.0	712976	119	0.75	75.599	1495	3943	7.044615900704458
1624030689.71	750	56.633334	0.0	581323	20	0.75	75.599	1495	3943	7.044615900704458
1624030690.55	750	59.033334	0.0	729373	174	0.75	75.599	1495	3943	7.044615900704458
1624030694.6	750	59.816981	0.0	670981	119	0.75	79.603	1698	4180	8.491508491508512
1624030699.4	750	59.533334	0.0	621207	109	0.75	83.6	1772	4438	46.03452589442082
1624030709.16	750	52.494736	0.0	579598	162	0.75	96.951	2419	5239	11.534716500636657
1624030709.96	750	55.633334	0.0	558064	183	0.75	96.951	2419	5239	11.534716500636657
1624030710.6	750	59.183334	0.0	609656	174	0.75	96.951	2419	5239	11.534716500636657
1624030715.26	750	59.1	0.0	599153	95	0.75	100.962	2605	5480	13.712291199202161
1624030718.87	750	59.15	0.0	574452	299	0.75	105.959	2778	5760	21.412847708625176
1624030721.97	750	59.694765	0.0	605550	113	0.75	109.96	2871	6020	41.73956510872292
1624030726.19	750	59.451948	0.0	601791	156	0.75	114.013	3048	6263	16.284233900814165
1624030730.2	750	59.385517	0.0	627361	158	0.75	118.02	3102	6503	46.41876715747453
1624030734.3	750	59.683334	0.0	623214	191	0.75	122.026	3190	6731	34.94757863205192
1624030738.09	750	59.738885	0.0	648266	64	0.75	122.026	3190	6731	34.94757863205192
1624030743.51	750	59.65	0.0	606947	424	0.75	126.643	3380	7020	21.442495126705634
