1624889066.32	750	4	0.433	447032	129	-1.8569	0	0	0	0
1624889066.9	1200	8	0.0	1081855	224	0.75	0	0	0	0
1624889067.34	1200	12	0.0	909590	171	1.2	0	0	0	0
1624889067.86	1200	16	0.0	1064785	202	1.2	0	0	0	0
1624889068.35	1200	19.667732	0.0	1068330	195	1.2	0	0	0	0
1624889068.84	1200	23.175253	0.0	1091906	188	1.2	0	0	0	0
1624889069.44	1200	26.6	0.0	989621	331	1.2	5.25	1	35	0
1624889069.97	1200	30.052424	0.0	1120373	240	1.2	5.25	1	35	0
1624889070.48	1200	33.553749	0.0	1096122	232	1.2	5.25	1	35	0
1624889070.94	1200	37.066667	0.0	1088831	188	1.2	5.25	1	35	0
1624889071.4	1200	40.608351	0.0	1080940	193	1.2	5.25	1	35	0
1624889071.84	1200	44.156078	0.0	1075422	188	1.2	5.25	1	35	0
1624889072.52	1200	47.707869	0.0	1146374	191	1.2	5.25	1	35	0
1624889073.01	1200	51.014671	0.0	1146930	192	1.2	5.25	1	35	0
1624889073.46	1200	54.533334	0.0	1066542	178	1.2	9.25	3	155	29.5
1624889073.91	1200	58.119484	0.0	1056887	181	1.2	9.25	3	155	29.5
1624889076.36	1200	59.853692	0.0	990369	183	1.2	9.25	3	155	29.5
1624889080.34	1200	59.890602	0.0	1015471	206	1.2	13.25	3	275	30
1624889084.58	1200	59.446196	0.0	1173982	265	1.2	17.251	4	395	29.742564358910265
1624889088.61	1200	59.478415	0.0	1058624	168	1.2	21.251	4	515	30
1624889092.69	1200	59.472299	0.0	1046861	181	1.2	25.251	4	635	30
1624889096.22	1200	59.793368	0.0	1048437	134	1.2	29.251	4	755	30
1624889100.3	1200	59.82657	0.0	1152505	269	1.2	33.252	7	875	29.242689327668074
1624889104.26	1200	59.764106	0.0	877099	182	1.2	37.252	7	995	30
1624889108.29	1200	59.830494	0.0	968042	269	1.2	41.252	7	1115	30
1624889112.27	1200	59.846295	0.0	1064114	171	1.2	45.252	7	1235	30
1624889116.29	1200	59.883244	0.0	1005764	144	1.2	49.253	7	1355	29.992501874531385
1624889120.32	1200	59.917931	0.0	1078959	184	1.2	53.253	7	1475	30
1624889124.34	1200	59.717463	0.0	1074526	241	1.2	57.257	7	1596	30.219780219780237
1624889128.5	1200	59.771226	0.0	1231303	267	1.2	61.258	7	1716	29.99250187453133
1624889132.54	1200	59.473547	0.0	960890	210	1.2	65.258	8	1836	29.750000000000053
1624889136.59	1200	59.552397	0.0	1183904	230	1.2	69.258	10	1956	29.5
1624889140.61	1200	59.588778	0.0	1065257	214	1.2	73.259	10	2076	29.99250187453133
1624889144.15	1200	59.982291	0.0	1108615	174	1.2	77.259	11	2196	29.75
1624889148.17	1200	59.987911	0.0	1113738	238	1.2	81.259	11	2316	30
1624889152.66	1200	59.5	0.0	981548	93	1.2	85.259	11	2436	30
1624889156.73	1200	59.485036	0.0	1067644	233	1.2	89.26	11	2555	29.742564358910236
1624889160.24	1200	59.804216	0.0	1068520	195	1.2	93.259	11	2676	30.257564391097812
1624889164.22	1200	59.856687	0.0	946116	149	1.2	97.26	12	2796	29.742564358910236
1624889168.28	1200	59.896151	0.0	1041444	239	1.2	101.26	12	2916	30
1624889172.34	1200	59.687548	0.0	1033147	194	1.2	105.26	12	3036	30
1624889176.41	1200	59.727879	0.0	1043384	192	1.2	109.261	14	3156	29.492626843289248
1624889180.41	1200	59.768477	0.0	1047354	178	1.2	113.26	14	3276	30.007501875468797
1624889184.47	1200	59.820252	0.0	1058093	243	1.2	117.261	14	3396	29.99250187453144
1624889188.49	1200	59.571059	0.0	1038662	227	1.2	121.261	14	3516	30
