1624023875.55	750	4	1.09	447032	387	-4.682	0	0	0	0
1624023877.74	2850	8	0.0	3731877	777	0.75	6.702	0	0	0
1624023879.12	2850	12	0.0	2988743	678	2.85	6.702	0	0	0
1624023880.5	2850	16	0.0	3344033	626	2.85	6.702	0	0	0
1624023881.83	2850	20	0.0	3588671	633	2.85	10.725	0	0	0
1624023884.34	2850	22.2	0.0	3516436	820	2.85	10.725	0	0	0
1624023885.68	2850	24.5	0.0	3520561	623	2.85	14.73	34	91	14.232209737827713
1624023890.13	2850	25.6	0.0	3787958	1076	2.85	14.73	34	91	14.232209737827713
1624023895.1	2850	23.885163	0.0	3482140	725	2.85	20.417	148	261	9.8470195181994
1624023911.09	2850	16.345152	0.0	3620909	558	2.85	35.493	394	719	12.278177458033573
