1624889025.63	750	4	0.8	447032	85	-3.435	0	0	0	0
1624889026.06	750	8	0.0	437784	108	0.75	0	0	0	0
1624889026.37	750	12	0.0	358478	38	0.75	0	0	0	0
1624889026.71	750	16	0.0	433110	84	0.75	0	0	0	0
1624889027.04	750	20	0.0	425284	90	0.75	0	0	0	0
1624889027.3	750	24	0.0	428114	78	0.75	7.209	0	0	0
1624889027.73	750	28	0.0	387287	92	0.75	7.209	0	0	0
1624889028.03	750	32	0.0	435324	86	0.75	7.209	0	0	0
1624889028.29	750	36	0.0	447048	86	0.75	7.209	0	0	0
1624889028.61	750	40	0.0	446405	90	0.75	7.209	0	0	0
1624889028.89	750	44	0.0	423631	90	0.75	7.209	0	0	0
1624889029.16	750	48	0.0	416730	77	0.75	7.209	0	0	0
1624889029.49	750	52	0.0	471953	103	0.75	7.209	0	0	0
1624889029.78	750	56	0.0	453536	95	0.75	7.209	0	0	0
