1624891469.8	750	4	0.385	447032	85	-1.6505	0	0	0	0
1624891470.81	1850	8	0.0	2254830	481	0.75	0	0	0	0
1624891471.53	1850	12	0.0	1837501	333	1.85	0	0	0	0
1624891472.46	1850	16	0.0	2108748	498	1.85	0	0	0	0
1624891473.64	1850	19.033334	0.0	2229492	430	1.85	5.169	0	12	0
1624891474.83	1850	22	0.0	2078237	519	1.85	5.169	0	12	0
1624891475.83	1850	24.966667	0.0	2030644	394	1.85	5.169	0	12	0
1624891477.51	1850	28	0.0	2298831	590	1.85	9.158	48	120	15.041363750313362
1624891479.88	1850	28.966667	0.0	2164964	307	1.85	9.158	48	120	15.041363750313362
1624891482.53	1850	31.733334	0.0	2175479	543	1.85	13.161	128	247	11.741194104421684
1624891488.69	1850	28	0.0	2156805	170	1.85	20.417	159	469	26.323042998897456
1624891494.0	1850	27.145	0.0	2101523	444	1.85	24.588	247	591	8.151522416686648
1624891496.69	1850	29.4	0.0	2344608	574	1.85	24.588	247	591	8.151522416686648
1624891508.41	1850	22	0.0	2334646	2086	1.85	38.157	317	1002	25.130812882305264
1624891511.46	1850	22.666667	0.0	2109579	926	1.85	42.154	355	1119	19.76482361771325
1624891533.85	1850	3.033334	0.0	2097243	9566	1.85	65.59	456	1825	25.814985492404848
1624891559.37	1850	0	0.0	2054074	1984	1.85	81.69	501	2040	10.559006211180128
