1624026622.81	750	4	0.433	447032	151	-1.8569	0	0	0	0
1624026623.3	750	8	0.0	437784	180	0.75	0	0	0	0
1624026623.55	750	12	0.0	358478	59	0.75	0	0	0	0
1624026623.82	750	16	0.0	433110	83	0.75	0	0	0	0
1624026624.12	750	20	0.0	425284	74	0.75	0	0	0	0
1624026624.39	750	24	0.0	428114	87	0.75	0	0	0	0
1624026624.65	750	28	0.0	387287	62	0.75	0	0	0	0
1624026624.93	750	32	0.0	435324	103	0.75	0	0	0	0
1624026625.22	750	36	0.0	447048	111	0.75	0	0	0	0
1624026625.61	750	40	0.0	446405	135	0.75	0	0	0	0
1624026626.49	750	44	0.0	423631	100	0.75	5.684	0	0	0
1624026626.94	750	47.833334	0.0	416730	129	0.75	5.684	0	0	0
1624026627.55	750	51.466667	0.0	471953	389	0.75	5.684	0	0	0
1624026627.91	750	54.833888	0.0	453536	139	0.75	5.684	0	0	0
1624026628.34	750	58.40819	0.0	420588	162	0.75	5.684	0	0	0
1624026631.24	750	59.533348	0.0	420917	55	0.75	9.683	19	90	17.754438609652414
1624026635.06	750	59.852387	0.0	392428	89	0.75	13.683	19	210	30
1624026639.02	750	59.911048	0.0	400748	62	0.75	17.683	19	330	30
1624026643.64	750	59.993599	0.0	471072	104	0.75	21.688	20	450	29.71285892634208
1624026647.26	750	59.709528	0.0	425923	13	0.75	25.688	20	570	30
1624026651.24	750	59.509819	0.0	419792	83	0.75	29.684	20	690	30.030030030030012
1624026655.25	750	59.549021	0.0	429429	35	0.75	33.685	20	810	29.992501874531357
1624026659.16	750	59.558456	0.0	461232	101	0.75	37.685	20	930	30
1624026663.18	750	59.937934	0.0	382848	106	0.75	41.687	20	1050	29.98500749625191
1624026667.57	750	59.516199	0.0	375227	179	0.75	45.702	20	1170	29.887920298879198
1624026671.66	750	59.484382	0.0	437258	64	0.75	49.694	20	1290	30.060120240480927
1624026675.16	750	59.986227	0.0	419071	107	0.75	53.699	21	1410	29.712858926342108
1624026679.39	750	59.780051	0.0	449162	136	0.75	57.694	32	1530	27.284105131414236
1624026683.67	750	59.578564	0.0	447732	96	0.75	61.695	34	1650	29.492626843289194
1624026687.58	750	59.883312	0.0	488806	46	0.75	65.699	47	1770	26.723276723276737
1624026691.55	750	59.480533	0.0	389747	24	0.75	70.086	54	1902	28.493275586961474
1624026695.46	750	59.708816	0.0	485582	90	0.75	74.074	54	2022	30.090270812437314
1624026698.94	750	59.951749	0.0	430276	78	0.75	78.079	54	2142	29.962546816479435
1624026703.63	750	59.511517	0.0	435590	104	0.75	82.079	54	2262	30
1624026707.47	750	59.589053	0.0	459331	87	0.75	86.087	59	2382	28.692614770459013
1624026711.4	750	59.82663	0.0	381587	110	0.75	90.089	59	2502	29.98500749625191
1624026715.36	750	59.506069	0.0	424399	417	0.75	94.079	59	2622	30.07518796992485
1624026719.21	750	59.6	0.0	436743	133	0.75	98.08	59	2742	29.99250187453133
1624026723.47	750	59.834378	0.0	385692	92	0.75	102.099	59	2862	29.858173675043503
1624026727.45	750	59.623101	0.0	424746	135	0.75	106.086	77	2982	25.583145221971442
1624026731.59	750	59.784581	0.0	407135	130	0.75	110.3	79	3108	29.425723777883256
1624026736.26	750	59.50332	0.0	427720	282	0.75	114.118	106	3219	22.00104766893663
1624026739.34	750	59.847401	0.0	427353	95	0.75	118.119	118	3343	27.993001749562577
1624026743.42	750	59.530131	0.0	418534	246	0.75	122.118	118	3463	30.007501875468904
1624026747.33	750	59.561675	0.0	421343	156	0.75	126.118	118	3583	30
