1623875988.9	750	4	0.681	447032	226	-2.9233	0	0	0	0
1623875990.43	1200	8	0.0	1081855	388	0.75	0	0	0	0
1623875990.93	1200	12	0.0	909590	229	1.2	0	0	0	0
1623875991.46	1200	16	0.0	1064785	189	1.2	6.005	0	0	0
1623875992.27	1200	20	0.0	1068330	489	1.2	6.005	0	0	0
1623875992.85	1200	24	0.0	1091906	184	1.2	6.005	0	0	0
1623875993.23	1200	28	0.0	989621	156	1.2	6.005	0	0	0
1623875993.78	1200	32	0.0	1120373	264	1.2	6.005	0	0	0
1623875994.64	1200	35.466667	0.0	1096122	184	1.2	6.005	0	0	0
1623875995.22	1200	38.717749	0.0	1088831	91	1.2	6.005	0	0	0
1623875995.71	1200	42.2	0.0	1080940	193	1.2	10.007	10	46	8.995502248875562
1623875996.72	1200	45.666667	0.0	1075422	186	1.2	10.007	10	46	8.995502248875562
1623875997.21	1200	48.700383	0.0	1146374	201	1.2	10.007	10	46	8.995502248875562
1623875997.68	1200	52.233334	0.0	1146930	183	1.2	10.007	10	46	8.995502248875562
1623875998.76	1200	55.166667	0.0	1066542	698	1.2	10.007	10	46	8.995502248875562
1623875999.26	1200	58.733334	0.0	1056887	223	1.2	10.007	10	46	8.995502248875562
1623876002.17	1200	59.917954	0.0	990369	167	1.2	14.026	49	167	20.403085344613086
1623876006.18	1200	59.927577	0.0	1015471	215	1.2	18.025	49	287	30.007501875468876
1623876010.29	1200	59.774138	0.0	1173982	183	1.2	22.025	52	407	29.25
1623876014.27	1200	59.83601	0.0	1058624	220	1.2	26.025	52	527	30
1623876018.47	1200	59.63044	0.0	1046861	196	1.2	30.034	61	647	27.68770266899476
1623876022.59	1200	59.451605	0.0	1048437	190	1.2	34.034	72	767	27.25
1623876026.28	1200	59.882918	0.0	1152505	223	1.2	38.042	75	887	29.191616766467046
1623876030.34	1200	59.672167	0.0	877099	221	1.2	42.043	75	1007	29.992501874531385
1623876033.9	1200	59.973931	0.0	968042	186	1.2	46.055	76	1128	29.910269192422728
1623876037.94	1200	59.99713	0.0	1064114	235	1.2	50.042	76	1247	29.847002758966628
1623876041.92	1200	59.98414	0.0	1005764	45	1.2	54.042	77	1367	29.75
1623876046.42	1200	59.479837	0.0	1078959	201	1.2	58.043	77	1488	30.24243939015248
1623876050.46	1200	59.559711	0.0	1074526	215	1.2	62.043	78	1607	29.5
1623876054.02	1200	59.920215	0.0	1231303	226	1.2	66.044	79	1728	29.992501874531385
1623876058.03	1200	59.90486	0.0	960890	85	1.2	70.048	80	1848	29.720279720279684
1623876062.62	1200	59.44196	0.0	1183904	231	1.2	74.048	80	1968	30
1623876066.1	1200	59.804913	0.0	1065257	190	1.2	78.047	81	2088	29.757439359839996
1623876070.1	1200	59.872032	0.0	1108615	213	1.2	82.049	81	2208	29.985007496251804
1623876074.7	1200	59.4773	0.0	1113738	177	1.2	86.048	83	2328	29.507376844211088
1623876078.62	1200	59.554551	0.0	981548	180	1.2	90.052	83	2448	29.970029970029934
1623876083.06	1200	59.516485	0.0	1067644	61	1.2	94.081	96	2564	25.564656242243757
1623876086.73	1200	59.6	0.0	1068520	171	1.2	98.13	103	2690	29.38997283279828
1623876090.43	1200	59.961148	0.0	946116	52	1.2	102.128	112	2810	27.763881940970453
1623876094.08	1200	59.972371	0.0	1041444	110	1.2	106.145	117	2923	26.88573562359973
1623876098.15	1200	59.795401	0.0	1033147	199	1.2	110.142	128	3050	29.02176632474356
1623876102.1	1200	59.861727	0.0	1043384	189	1.2	114.142	128	3170	30
1623876106.08	1200	59.847622	0.0	1047354	196	1.2	118.143	129	3290	29.742564358910236
1623876110.44	1200	59.626286	0.0	1058093	144	1.2	122.142	142	3410	26.756689172293104
1623876114.36	1200	59.618311	0.0	1038662	193	1.2	126.142	142	3530	30
