1624021671.91	750	4	0.389	446149	138	-1.6677	0	0	0	0
1624021672.78	1200	8	0.0	1737810	393	0.75	0	0	0	0
1624021673.39	1200	11.783334	0.0	1497975	300	1.2	0	0	0	0
1624021674.07	1200	15.116667	0.0	1711143	331	1.2	0	0	0	0
1624021674.79	1200	18.433334	0.0	1733770	330	1.2	0	0	0	0
1624021675.53	1200	21.7	0.0	1749315	358	1.2	5.064	41	126	0
1624021676.21	1200	25.016667	0.0	1603603	327	1.2	5.064	41	126	0
1624021676.89	1200	28.333334	0.0	1702216	319	1.2	5.064	41	126	0
1624021677.57	1200	31.583334	0.0	1641950	319	1.2	5.064	41	126	0
1624021678.26	1200	34.933334	0.0	1559808	302	1.2	5.064	41	126	0
1624021679.06	1200	38.183334	0.0	1622647	346	1.2	5.064	41	126	0
1624021679.79	1200	41.45	0.0	1630019	280	1.2	9.092	126	368	38.97715988083416
1624021680.57	1200	44.633334	0.0	1658562	410	1.2	9.092	126	368	38.97715988083416
1624021681.27	1200	48	0.0	1669221	291	1.2	9.092	126	368	38.97715988083416
1624021681.9	1200	51.266667	0.0	1636310	293	1.2	9.092	126	368	38.97715988083416
1624021682.62	1200	54.533334	0.0	1732283	321	1.2	9.092	126	368	38.97715988083416
1624021683.28	1200	58	0.0	1511913	311	1.2	13.092	207	599	37.5
1624021685.44	1200	59.717608	0.0	1593050	297	1.2	13.092	207	599	37.5
1624021689.69	1200	59.474801	0.0	1818927	307	1.2	17.092	272	848	46.00000000000002
1624021693.46	1200	59.78635	0.0	1667234	374	1.2	21.093	281	1079	55.48612846788301
1624021697.69	1200	59.511188	0.0	1633180	313	1.2	25.093	315	1328	53.75
1624021701.65	1200	59.418293	0.0	1663787	341	1.2	29.094	334	1568	55.236190952261914
1624021705.34	1200	59.803502	0.0	1674035	341	1.2	33.093	361	1808	53.26331582895721
1624021709.54	1200	59.636591	0.0	1460813	293	1.2	37.098	370	2048	57.677902621722914
1624021713.21	1200	59.925829	0.0	1541638	299	1.2	41.098	386	2288	56
1624021717.56	1200	59.568955	0.0	1680082	377	1.2	45.099	405	2528	55.236190952261964
1624021721.26	1200	59.869086	0.0	1542551	295	1.2	49.099	423	2768	55.5
1624021725.52	1200	59.727237	0.0	1603186	334	1.2	53.103	443	3008	54.94505494505488
1624021729.26	1200	59.814912	0.0	1611597	359	1.2	57.103	454	3248	57.25
1624021733.51	1200	59.640718	0.0	1888785	360	1.2	61.103	477	3489	54.5
1624021737.66	1200	59.439113	0.0	1552540	281	1.2	65.103	493	3729	56.0000000000001
1624021741.62	1200	59.539609	0.0	1957722	537	1.2	69.106	518	3969	53.70971771171621
1624021745.42	1200	59.839309	0.0	1766061	363	1.2	73.106	540	4209	54.5
1624021749.18	1200	59.913081	0.0	1645454	300	1.2	77.106	562	4449	54.5
1624021753.32	1200	59.781167	0.0	1604737	292	1.2	81.107	577	4689	56.235941014746246
1624021757.48	1200	59.678307	0.0	1487527	232	1.2	85.12	607	4930	52.5791178669324
1624021761.72	1200	59.437741	0.0	1643954	283	1.2	89.119	635	5170	53.0132533133284
1624021765.38	1200	59.867476	0.0	1555884	331	1.2	93.12	650	5410	56.235941014746246
1624021769.61	1200	59.544771	0.0	1535193	285	1.2	97.137	672	5651	54.51829723674389
1624021773.39	1200	59.933334	0.0	1551114	375	1.2	101.139	695	5891	54.2228885557222
1624021777.55	1200	59.664983	0.0	1575918	207	1.2	105.14	718	6131	54.23644088977749
1624021781.34	1200	59.966667	0.0	1672619	353	1.2	109.142	748	6371	52.47376311844084
1624021785.58	1200	59.728033	0.0	1631168	298	1.2	113.143	771	6611	54.23644088977749
1624021789.32	1200	59.801801	0.0	1687116	368	1.2	117.142	787	6851	56.01400350087528
1624021793.49	1200	59.671349	0.0	1644749	321	1.2	121.142	800	7091	56.75
