1623878324.03	750	4	0.402	446149	163	-1.7235999999999998	0	0	0	0
1623878324.85	1200	8	0.0	1737810	384	0.75	0	0	0	0
1623878325.56	1200	12	0.0	1497975	291	1.2	0	0	0	0
1623878326.32	1200	15.9	0.0	1711143	395	1.2	0	0	0	0
1623878327.26	1200	18.916667	0.0	1733770	518	1.2	5.387	16	55	0
1623878328.1	1200	22.035286	0.0	1749315	374	1.2	5.387	16	55	0
1623878329.06	1200	25.25	0.0	1603603	444	1.2	5.387	16	55	0
1623878329.85	1200	28.383334	0.0	1702216	381	1.2	5.387	16	55	0
1623878331.03	1200	31.55	0.0	1641950	393	1.2	5.387	16	55	0
1623878332.15	1200	34.716667	0.0	1559808	238	1.2	9.564	131	303	31.841034235096956
1623878333.18	1200	37.566667	0.0	1622647	91	1.2	9.564	131	303	31.841034235096956
1623878333.89	1200	40.65	0.0	1630019	283	1.2	9.564	131	303	31.841034235096956
1623878334.78	1200	43.7	0.0	1658562	329	1.2	9.564	131	303	31.841034235096956
1623878335.47	1200	46.683334	0.0	1669221	327	1.2	13.604	367	548	2.2277227722772284
1623878336.15	1200	50.066667	0.0	1636310	304	1.2	13.604	367	548	2.2277227722772284
1623878336.84	1200	53.366667	0.0	1732283	290	1.2	13.604	367	548	2.2277227722772284
1623878337.63	1200	56.816667	0.0	1511913	431	1.2	13.604	367	548	2.2277227722772284
1623878338.24	1200	59.983334	0.0	1593050	224	1.2	13.604	367	548	2.2277227722772284
1623878342.52	1200	59.681331	0.0	1818927	306	1.2	17.604	490	788	29.25
1623878346.31	1200	59.781699	0.0	1667234	370	1.2	21.604	493	1024	58.25
1623878350.48	1200	59.833334	0.0	1633180	285	1.2	25.605	518	1268	54.73631592101973
1623878354.24	1200	59.95	0.0	1663787	236	1.2	29.606	530	1502	55.48612846788301
1623878358.44	1200	59.709446	0.0	1674035	297	1.2	33.606	556	1749	55.25
1623878362.61	1200	59.538082	0.0	1460813	294	1.2	37.607	568	1989	56.985753561609634
1623878366.26	1200	59.933334	0.0	1541638	282	1.2	41.607	576	2223	56.5
1623878370.52	1200	59.76743	0.0	1680082	302	1.2	45.608	614	2469	51.98700324918774
1623878374.24	1200	59.874073	0.0	1542551	290	1.2	49.613	624	2706	56.6791510611735
1623878378.49	1200	59.774876	0.0	1603186	283	1.2	53.612	659	2949	52.01300325081267
1623878382.68	1200	59.488564	0.0	1611597	188	1.2	57.612	680	3181	52.75
1623878386.41	1200	59.77699	0.0	1888785	322	1.2	61.612	701	3429	56.75
1623878390.63	1200	59.584425	0.0	1552540	145	1.2	65.613	744	3669	49.23769057735569
1623878394.27	1200	59.866667	0.0	1957722	356	1.2	69.613	752	3909	58
1623878398.31	1200	59.807096	0.0	1766061	199	1.2	73.635	790	4141	48.23470909995021
1623878402.55	1200	59.578697	0.0	1645454	314	1.2	77.636	830	4390	52.23694076480892
1623878406.32	1200	59.889859	0.0	1604737	355	1.2	81.637	832	4626	58.4853786553361
1623878410.52	1200	59.640039	0.0	1487527	338	1.2	85.636	876	4870	50.01250312578151
1623878414.76	1200	59.413438	0.0	1643954	313	1.2	89.636	891	5102	54.25
1623878418.45	1200	59.743184	0.0	1555884	290	1.2	93.656	906	5351	58.20895522388045
1623878422.64	1200	59.455721	0.0	1535193	210	1.2	97.657	936	5592	52.73681579605111
1623878426.29	1200	59.823338	0.0	1551114	290	1.2	101.657	957	5826	53.25
1623878430.48	1200	59.600173	0.0	1575918	290	1.2	105.658	989	6072	53.48662834291421
1623878434.23	1200	59.866667	0.0	1672619	294	1.2	109.659	1010	6311	54.48637840539858
1623878438.23	1200	59.938293	0.0	1631168	381	1.2	113.709	1066	6551	45.43209876543213
1623878442.41	1200	59.72382	0.0	1687116	299	1.2	117.709	1093	6795	54.25
1623878446.57	1200	59.630537	0.0	1644749	262	1.2	121.709	1120	7035	53.25
