1624903256.76	750	4	1.035	447032	28	-4.4455	18.89	0	0	0
1624903257.31	750	8	0.0	437784	51	0.75	18.89	0	0	0
1624903257.86	750	12	0.0	358478	80	0.75	18.89	0	0	0
1624903258.4	750	16	0.0	433110	71	0.75	18.89	0	0	0
1624903258.79	750	20	0.0	425284	80	0.75	18.89	0	0	0
1624903259.12	750	24	0.0	428114	70	0.75	18.89	0	0	0
1624903259.63	750	28	0.0	387287	114	0.75	18.89	0	0	0
1624903260.19	750	32	0.0	435324	9	0.75	23.051	0	0	0
1624903260.74	750	36	0.0	447048	125	0.75	23.051	0	0	0
1624903261.19	750	40	0.0	446405	123	0.75	23.051	0	0	0
1624903261.76	750	44	0.0	423631	91	0.75	23.051	0	0	0
1624903262.15	750	48	0.0	416730	83	0.75	23.051	0	0	0
