1623877305.11	750	4	0.651	447032	147	-2.7943	0	0	0	0
1623877305.85	300	8	0.0	222343	149	-0.15000000000000002	9.749	0	0	0
1623877306.26	300	12	0.0	202601	5	0.3	9.749	0	0	0
1623877306.66	300	16	0.0	231442	27	0.3	9.749	0	0	0
1623877307.1	300	20	0.0	223916	6	0.3	9.749	0	0	0
1623877307.33	300	24	0.0	227288	56	0.3	9.749	0	0	0
1623877307.72	300	28	0.0	210296	2	0.3	9.749	0	0	0
1623877307.97	300	32	0.0	232710	53	0.3	9.749	0	0	0
1623877308.36	300	36	0.0	230934	47	0.3	9.749	0	0	0
1623877308.72	300	40	0.0	230466	73	0.3	9.749	0	0	0
1623877309.02	300	44	0.0	222766	60	0.3	9.749	0	0	0
1623877309.57	300	48	0.0	215843	24	0.3	13.781	0	0	0
1623877310.14	300	52	0.0	240996	18	0.3	13.781	0	0	0
