1624887166.16	750	4	0.339	447032	61	-1.4527	0	0	0	0
1624887166.52	300	8	0.0	222343	52	-0.15000000000000002	0	0	0	0
1624887166.76	300	12	0.0	202601	55	0.3	0	0	0	0
1624887166.97	300	16	0.0	231442	42	0.3	0	0	0	0
1624887167.16	300	20	0.0	223916	42	0.3	0	0	0	0
1624887167.39	300	24	0.0	227288	32	0.3	0	0	0	0
1624887167.61	300	28	0.0	210296	40	0.3	0	0	0	0
1624887167.85	300	32	0.0	232710	52	0.3	0	0	0	0
1624887168.06	300	36	0.0	230934	40	0.3	0	0	0	0
1624887168.27	300	40	0.0	230466	38	0.3	0	0	0	0
1624887168.47	300	44	0.0	222766	32	0.3	0	0	0	0
1624887168.77	300	48	0.0	215843	101	0.3	0	0	0	0
1624887169.04	300	52	0.0	240996	108	0.3	0	0	0	0
1624887169.32	300	56	0.0	241376	34	0.3	5.251	0	0	0
1624887171.97	300	59.400375	0.0	215448	139	0.3	5.251	0	0	0
1624887175.97	300	59.1	0.0	224191	5	0.3	9.394	6	77	17.137340091720976
1624887178.94	300	59.712657	0.0	201147	62	0.3	13.384	14	202	29.32330827067669
1624887183.72	300	59.634153	0.0	208138	58	0.3	17.387	14	322	29.977516862353234
1624887187.14	300	59.733621	0.0	237703	14	0.3	21.511	22	446	28.12803103782736
1624887191.45	300	59.723936	0.0	221939	60	0.3	25.641	29	570	28.32929782082325
1624887195.45	300	59.966667	0.0	216091	75	0.3	29.527	29	686	29.850746268656696
1624887201.8	300	57.007934	0.0	221930	117	0.3	37.521	63	926	25.769326995246434
1624887202.83	300	59.892477	0.0	244209	50	0.3	37.521	63	926	25.769326995246434
1624887216.61	300	55.966667	0.0	201448	45	0.3	41.674	67	1051	29.13556465205876
1624887238.19	300	33.957993	0.0	216871	213	0.3	70.215	134	1907	27.644441330016463
1624887254.41	300	20.366667	0.0	226875	246	0.3	90.172	166	2506	28.411083830235015
1624887255.36	300	23.3	0.0	215302	25	0.3	90.172	166	2506	28.411083830235015
1624887255.79	300	26.855003	0.0	231664	80	0.3	90.172	166	2506	28.411083830235015
1624887256.14	300	30.459674	0.0	233190	5	0.3	90.172	166	2506	28.411083830235015
1624887256.43	300	34.127495	0.0	245887	74	0.3	90.172	166	2506	28.411083830235015
1624887257.2	300	37.466667	0.0	205585	25	0.3	90.172	166	2506	28.411083830235015
1624887257.65	300	40.963006	0.0	248259	26	0.3	90.172	166	2506	28.411083830235015
1624887258.12	300	44.550216	0.0	221496	97	0.3	94.141	182	2625	25.951121189216373
1624887258.92	300	47.802078	0.0	238596	205	0.3	94.141	182	2625	25.951121189216373
1624887259.29	300	51.334329	0.0	239547	45	0.3	94.141	182	2625	25.951121189216373
1624887259.72	300	54.933334	0.0	210306	37	0.3	94.141	182	2625	25.951121189216373
1624887260.08	300	58.560373	0.0	223809	74	0.3	94.141	182	2625	25.951121189216373
1624887263.05	300	59.562069	0.0	233162	68	0.3	98.147	183	2745	29.70544183724413
1624887267.09	300	59.966667	0.0	211150	44	0.3	102.152	183	2865	29.962546816479435
1624887271.46	300	59.307314	0.0	227487	30	0.3	106.163	187	2985	28.92046871104466
1624887275.23	300	59.746259	0.0	218501	13	0.3	110.203	191	3107	29.20792079207916
1624887279.6	300	59.5	0.0	223461	8	0.3	114.2	208	3226	25.519139354515886
1624887283.52	300	59.574871	0.0	223191	4	0.3	118.204	223	3346	26.223776223776284
1624887287.58	300	59.624053	0.0	228365	13	0.3	122.203	223	3467	30.257564391097702
1624887291.1	300	59.871766	0.0	223247	12	0.3	126.232	230	3587	28.046661702655772
