1624025250.31	750	4	0.421	447032	153	-1.8053	0	0	0	0
1624025251.31	1850	8	0.0	2254830	499	0.75	0	0	0	0
1624025252.3	1850	11.7	0.0	1837501	377	1.85	0	0	0	0
1624025253.11	1850	14.7	0.0	2108748	406	1.85	0	0	0	0
1624025254.04	1850	17.8	0.0	2229492	517	1.85	4.933	20	50	0
1624025254.85	1850	20.966667	0.0	2078237	381	1.85	4.933	20	50	0
1624025255.69	1850	24.233334	0.0	2030644	381	1.85	4.933	20	50	0
1624025256.63	1850	27.466667	0.0	2298831	482	1.85	4.933	20	50	0
1624025257.55	1850	30.266667	0.0	2164964	436	1.85	8.933	67	170	18.25
1624025258.46	1850	33.466667	0.0	2175479	440	1.85	8.933	67	170	18.25
1624025259.32	1850	36.533334	0.0	2156805	418	1.85	8.933	67	170	18.25
1624025260.11	1850	39.733334	0.0	2101523	363	1.85	8.933	67	170	18.25
1624025261.14	1850	42.866667	0.0	2344608	424	1.85	8.933	67	170	18.25
1624025262.07	1850	45.8	0.0	2334646	484	1.85	12.934	105	290	20.49487628092977
1624025262.85	1850	48.966667	0.0	2109579	364	1.85	12.934	105	290	20.49487628092977
1624025263.64	1850	52.166667	0.0	2097243	369	1.85	12.934	105	290	20.49487628092977
1624025264.48	1850	55.366667	0.0	2054074	380	1.85	12.934	105	290	20.49487628092977
1624025265.36	1850	58.533334	0.0	2079344	399	1.85	12.934	105	290	20.49487628092977
1624025267.87	1850	59.881724	0.0	2353718	539	1.85	17.05	130	413	23.8095238095238
1624025272.2	1850	59.623648	0.0	2119053	389	1.85	21.048	139	533	27.763881940970503
1624025276.04	1850	59.707334	0.0	2145449	295	1.85	25.048	146	653	28.25
1624025280.36	1850	59.43493	0.0	2087310	352	1.85	29.049	150	773	28.99275181204698
1624025283.79	1850	59.990456	0.0	2348666	463	1.85	33.049	156	893	28.5
1624025288.07	1850	59.692883	0.0	1801794	355	1.85	37.049	160	1013	29
1624025292.27	1850	59.491636	0.0	1864524	730	1.85	41.05	164	1133	28.992751812047004
1624025296.29	1850	59.571143	0.0	2051691	454	1.85	45.051	178	1253	26.49337665583601
1624025300.14	1850	59.68765	0.0	1898420	374	1.85	49.05	183	1373	28.757189297324366
1624025303.94	1850	59.82824	0.0	2276304	527	1.85	53.05	197	1493	26.5
1624025308.32	1850	59.528808	0.0	2239013	445	1.85	57.051	201	1613	28.992751812046954
1624025312.24	1850	59.653301	0.0	2417622	451	1.85	61.051	207	1733	28.5
1624025316.1	1850	59.753563	0.0	1950728	380	1.85	65.052	210	1853	29.24268932766805
1624025320.02	1850	59.767766	0.0	2268079	417	1.85	69.052	216	1973	28.5
1624025324.16	1850	59.724146	0.0	2105954	700	1.85	73.052	219	2093	29.25
1624025328.1	1850	59.814674	0.0	2049597	488	1.85	77.052	220	2213	29.75
1624025332.06	1850	59.793027	0.0	2267452	470	1.85	81.052	226	2333	28.5
1624025335.9	1850	59.845925	0.0	1977775	448	1.85	85.052	231	2453	28.75
1624025340.23	1850	59.647532	0.0	2145766	417	1.85	89.052	232	2573	29.75
1624025344.1	1850	59.727344	0.0	2064567	449	1.85	93.053	238	2693	28.492876780804867
1624025347.98	1850	59.960575	0.0	1899367	398	1.85	97.054	242	2813	28.992751812046954
1624025352.04	1850	59.711931	0.0	2118078	670	1.85	101.054	247	2933	28.75
1624025356.12	1850	59.733334	0.0	2045638	656	1.85	105.055	252	3053	28.74281429642586
1624025360.05	1850	59.761565	0.0	2132751	447	1.85	109.055	258	3173	28.5
1624025364.12	1850	59.568653	0.0	2105800	393	1.85	113.055	262	3293	29
1624025368.05	1850	59.822212	0.0	2117310	456	1.85	117.056	268	3413	28.492876780804867
1624025371.96	1850	59.883052	0.0	2106167	446	1.85	121.058	271	3533	29.23538230884551
