1623876892.36	750	4	0.497	447032	118	-2.1321	0	0	0	0
1623876892.8	300	8	0.0	222343	52	-0.15000000000000002	0	0	0	0
1623876893.04	300	12	0.0	202601	40	0.3	0	0	0	0
1623876893.32	300	16	0.0	231442	38	0.3	0	0	0	0
1623876893.59	300	20	0.0	223916	8	0.3	0	0	0	0
1623876893.82	300	24	0.0	227288	31	0.3	0	0	0	0
1623876894.1	300	28	0.0	210296	19	0.3	0	0	0	0
1623876894.34	300	31.914236	0.0	232710	52	0.3	0	0	0	0
1623876894.6	300	35.702505	0.0	230934	60	0.3	0	0	0	0
1623876894.83	300	39.444806	0.0	230466	58	0.3	0	0	0	0
1623876895.03	300	43.242122	0.0	222766	43	0.3	5.356	0	23	0
1623876895.24	300	47.037247	0.0	215843	38	0.3	5.356	0	23	0
1623876895.52	300	50.78873	0.0	240996	49	0.3	5.356	0	23	0
1623876895.74	300	54.545491	0.0	241376	56	0.3	5.356	0	23	0
1623876895.94	300	58.342583	0.0	215448	48	0.3	5.356	0	23	0
1623876898.88	300	59.45856	0.0	224191	89	0.3	5.356	0	23	0
1623876902.7	300	59.833334	0.0	201147	114	0.3	9.355	2	143	29.50737684421105
1623876906.94	300	59.54445	0.0	208138	53	0.3	13.356	2	263	29.99250187453137
1623876910.68	300	59.624445	0.0	237703	53	0.3	17.367	2	383	29.91772625280478
1623876914.57	300	59.752953	0.0	221939	58	0.3	21.367	2	503	30
1623876918.9	300	59.531803	0.0	216091	64	0.3	25.372	2	623	29.962546816479406
1623876922.76	300	59.525992	0.0	221930	37	0.3	29.383	2	744	30.16704063824483
1623876926.66	300	59.867189	0.0	244209	49	0.3	33.384	3	864	29.742564358910265
1623876930.48	300	59.930169	0.0	201448	57	0.3	37.385	3	984	29.992501874531385
1623876934.35	300	59.960826	0.0	216871	69	0.3	41.384	3	1104	30.00750187546885
1623876938.64	300	59.686722	0.0	226875	50	0.3	45.385	3	1224	29.992501874531385
1623876942.9	300	59.444907	0.0	215302	45	0.3	49.385	3	1344	30
1623876946.7	300	59.763525	0.0	231664	13	0.3	53.386	3	1464	29.99250187453133
1623876950.47	300	59.805926	0.0	233190	55	0.3	57.387	3	1584	29.992501874531385
1623876954.73	300	59.605072	0.0	245887	61	0.3	61.388	3	1704	29.992501874531385
1623876958.48	300	59.93785	0.0	205585	44	0.3	65.389	3	1824	29.992501874531385
1623876962.72	300	59.652323	0.0	248259	58	0.3	69.388	3	1944	30.007501875468797
1623876966.53	300	59.959921	0.0	221496	55	0.3	73.388	3	2064	30
1623876970.4	300	59.959971	0.0	238596	134	0.3	77.39	3	2184	29.98500749625191
1623876974.75	300	59.742977	0.0	239547	88	0.3	81.39	3	2304	30
1623876978.76	300	59.566667	0.0	210306	89	0.3	85.436	3	2425	29.90608007909041
1623876982.61	300	59.884005	0.0	223809	121	0.3	89.436	3	2545	30
1623876986.43	300	59.982214	0.0	233162	114	0.3	93.437	3	2665	29.99250187453144
1623876990.66	300	59.752416	0.0	211150	29	0.3	97.437	3	2785	30
1623876994.9	300	59.513	0.0	227487	46	0.3	101.437	3	2905	30
1623876998.75	300	59.582737	0.0	218501	79	0.3	105.438	3	3025	29.99250187453133
1623877002.56	300	59.889775	0.0	223461	59	0.3	109.439	3	3145	29.99250187453144
1623877006.88	300	59.579698	0.0	223191	73	0.3	113.438	3	3265	30.007501875468797
1623877010.68	300	59.718244	0.0	228365	76	0.3	117.439	3	3385	29.99250187453144
1623877014.94	300	59.446068	0.0	223247	58	0.3	121.439	3	3505	30
