1624020009.19	750	4	0.435	447032	124	-1.8655	0	0	0	0
1624020009.55	750	8	0.0	437784	134	0.75	0	0	0	0
1624020009.8	750	12	0.0	358478	85	0.75	0	0	0	0
1624020010.19	750	16	0.0	433110	179	0.75	0	0	0	0
1624020010.46	750	20	0.0	425284	81	0.75	0	0	0	0
1624020010.76	750	24	0.0	428114	99	0.75	0	0	0	0
1624020011.08	750	28	0.0	387287	100	0.75	0	0	0	0
1624020011.47	750	31.703498	0.0	435324	106	0.75	0	0	0	0
1624020011.81	750	35.372435	0.0	447048	119	0.75	0	0	0	0
1624020012.28	750	38.933334	0.0	446405	131	0.75	5.313	0	27	0
1624020012.57	750	42.609237	0.0	423631	107	0.75	5.313	0	27	0
1624020012.88	750	46.276752	0.0	416730	103	0.75	5.313	0	27	0
1624020013.19	750	50	0.0	471953	116	0.75	5.313	0	27	0
1624020013.51	750	53.666667	0.0	453536	115	0.75	5.313	0	27	0
1624020013.76	750	57.419849	0.0	420588	95	0.75	5.313	0	27	0
1624020015.56	750	59.626798	0.0	420917	105	0.75	5.313	0	27	0
1624020019.38	750	59.978498	0.0	392428	101	0.75	9.313	3	147	29.249999999999993
1624020023.73	750	59.552521	0.0	400748	108	0.75	13.314	3	267	29.99250187453137
1624020027.23	750	59.936839	0.0	471072	104	0.75	17.332	3	388	30.114484818317568
1624020031.59	750	59.725695	0.0	425923	127	0.75	21.332	3	508	30
1624020035.44	750	59.793214	0.0	419792	89	0.75	25.332	3	628	30
1624020039.77	750	59.602797	0.0	429429	111	0.75	29.333	3	748	29.992501874531385
1624020043.7	750	59.600579	0.0	461232	150	0.75	33.333	3	868	30
1624020047.51	750	59.659546	0.0	382848	95	0.75	37.334	3	988	29.99250187453133
1624020051.3	750	59.978787	0.0	375227	110	0.75	41.335	3	1108	29.992501874531385
1624020055.65	750	59.70638	0.0	437258	125	0.75	45.336	3	1228	29.992501874531385
1624020059.5	750	59.737903	0.0	419071	90	0.75	49.335	3	1348	30.00750187546885
1624020063.35	750	59.872834	0.0	449162	124	0.75	53.336	3	1468	29.992501874531385
1624020067.35	750	59.897506	0.0	447732	107	0.75	57.336	3	1588	30
1624020071.24	750	59.950069	0.0	488806	121	0.75	61.337	3	1708	29.99250187453133
1624020075.53	750	59.720981	0.0	389747	91	0.75	65.337	3	1828	30
1624020079.84	750	59.494412	0.0	485582	110	0.75	69.337	3	1948	30
1624020083.69	750	59.511494	0.0	430276	5	0.75	73.339	3	2068	29.98500749625191
1624020087.6	750	59.614879	0.0	435590	108	0.75	77.339	3	2188	30
1624020091.51	750	59.734051	0.0	459331	174	0.75	81.339	3	2308	30
1624020095.88	750	59.481274	0.0	381587	106	0.75	85.34	3	2428	29.99250187453133
1624020099.71	750	59.517101	0.0	424399	45	0.75	89.357	3	2549	30.12198157829229
1624020103.59	750	59.839692	0.0	436743	138	0.75	93.358	3	2669	29.99250187453133
1624020107.39	750	59.826225	0.0	385692	56	0.75	97.358	3	2789	30
1624020111.29	750	59.921438	0.0	424746	83	0.75	101.358	3	2909	30
1624020115.66	750	59.675234	0.0	407135	112	0.75	105.358	3	3029	30
1624020119.51	750	59.794802	0.0	427720	94	0.75	109.358	3	3149	30
1624020123.33	750	59.858178	0.0	427353	93	0.75	113.359	3	3269	29.99250187453144
1624020127.87	750	59.551748	0.0	418534	123	0.75	117.362	3	3389	29.977516862353234
1624020131.28	750	59.94236	0.0	421343	101	0.75	121.363	3	3509	29.99250187453133
