1623877738.65	750	4	1.675	446149	28	-7.1975	15.053	0	0	0
1623877739.21	300	8	0.0	458211	50	-0.15000000000000002	15.053	0	0	0
1623877739.56	300	12	0.0	390124	77	0.3	15.053	0	0	0
1623877740.27	300	16	0.0	474461	128	0.3	15.053	0	0	0
1623877740.99	300	20	0.0	444309	106	0.3	19.027	0	0	0
1623877741.67	300	24	0.0	443120	111	0.3	19.027	0	0	0
1623877742.57	300	28	0.0	416509	176	0.3	19.027	0	0	0
1623877743.14	300	32	0.0	451355	63	0.3	19.027	0	0	0
1623877743.58	300	36	0.0	417757	172	0.3	19.027	0	0	0
1623877744.16	300	40	0.0	415350	171	0.3	19.027	0	0	0
1623877744.76	300	44	0.0	433531	64	0.3	23.059	0	0	0
