1624893711.42	750	4	0.379	446149	106	-1.6247000000000003	0	0	0	0
1624893711.74	300	8	0.0	458211	100	-0.15000000000000002	0	0	0	0
1624893712.07	300	12	0.0	390124	83	0.3	0	0	0	0
1624893712.37	300	16	0.0	474461	79	0.3	0	0	0	0
1624893712.64	300	20	0.0	444309	85	0.3	0	0	0	0
1624893712.97	300	24	0.0	443120	87	0.3	0	0	0	0
1624893713.82	300	28	0.0	416509	135	0.3	0	0	0	0
1624893714.37	300	31.94343	0.0	451355	100	0.3	0	0	0	0
1624893714.85	300	35.393054	0.0	417757	50	0.3	5.389	9	23	0
1624893715.21	300	39	0.0	415350	78	0.3	5.389	9	23	0
1624893715.58	300	42.629841	0.0	433531	105	0.3	5.389	9	23	0
1624893716.03	300	46.283334	0.0	422916	68	0.3	5.389	9	23	0
1624893716.44	300	49.883334	0.0	459414	125	0.3	5.389	9	23	0
1624893716.72	300	53.55	0.0	450936	68	0.3	5.389	9	23	0
1624893717.06	300	57.166667	0.0	439746	55	0.3	5.389	9	23	0
1624893718.41	300	59.983334	0.0	432189	82	0.3	5.389	9	23	0
1624893722.76	300	59.511206	0.0	396094	76	0.3	13.385	69	503	59.48512871782055
1624893726.68	300	59.529904	0.0	420942	10	0.3	17.386	81	743	56.985753561609606
1624893730.64	300	59.55	0.0	477686	122	0.3	21.385	83	983	59.514878719679885
1624893734.56	300	59.66173	0.0	429484	121	0.3	21.385	83	983	59.514878719679885
1624893738.48	300	59.724545	0.0	428693	12	0.3	25.556	86	1233	59.218412850635346
1624893742.44	300	59.836458	0.0	445526	149	0.3	29.606	93	1476	58.271604938271594
1624893746.3	300	59.900729	0.0	459785	77	0.3	33.607	95	1716	59.48512871782058
1624893750.69	300	59.630049	0.0	395717	117	0.3	37.607	97	1956	59.5
1624893754.56	300	59.654271	0.0	421854	29	0.3	41.694	97	2201	59.94617078541713
1624893758.44	300	59.975575	0.0	464457	120	0.3	45.704	126	2442	52.86783042394018
1624893762.79	300	59.457401	0.0	430202	80	0.3	49.695	133	2681	58.13079428714608
1624893766.66	300	59.550294	0.0	445549	60	0.3	53.776	133	2926	60.03430531732414
1624893770.58	300	59.639322	0.0	449734	92	0.3	57.777	141	3166	57.98550362409401
1624893774.51	300	59.707999	0.0	478634	54	0.3	61.778	143	3406	59.48512871782058
1624893787.94	300	55.45	0.0	421756	93	0.3	65.778	143	3646	59.99999999999989
1624893788.49	300	53.816667	0.0	500580	147	0.3	78.934	628	4436	23.18333840072972
1624893789.05	300	57.25	0.0	471259	145	0.3	78.934	628	4436	23.18333840072972
1624893791.36	300	59.75	0.0	447061	137	0.3	78.934	628	4436	23.18333840072972
1624893795.79	300	59.833334	0.0	414676	80	0.3	82.95	694	4676	43.326693227091575
1624893800.58	300	58.883334	0.0	407398	40	0.3	90.224	867	5111	36.018696728072584
1624893802.8	300	59.983334	0.0	438602	14	0.3	90.224	867	5111	36.018696728072584
1624893806.95	300	59.746363	0.0	421192	20	0.3	94.221	963	5353	36.527395546659996
1624893829.77	300	48.4	0.0	414269	110	0.3	107.485	1393	6144	23.22285215874401
1624893832.54	300	41.75	0.0	427172	193	0.3	122.941	2164	7076	10.416666666666664
1624893832.97	300	45.383334	0.0	435036	112	0.3	122.941	2164	7076	10.416666666666664
1624893833.6	300	48.783334	0.0	454750	23	0.3	122.941	2164	7076	10.416666666666664
1624893833.94	300	52.258641	0.0	436843	142	0.3	122.941	2164	7076	10.416666666666664
1624893834.62	300	55.983334	0.0	455439	155	0.3	122.941	2164	7076	10.416666666666664
1624893835.08	300	59.15	0.0	439643	159	0.3	122.941	2164	7076	10.416666666666664
