1624891182.97	750	4	0.384	447032	136	-1.6461999999999999	0	0	0	0
1624891183.91	1850	8	0.0	2254830	457	0.75	0	0	0	0
1624891184.68	1850	12	0.0	1837501	358	1.85	0	0	0	0
1624891185.51	1850	15.366667	0.0	2108748	391	1.85	0	0	0	0
1624891186.33	1850	18.566667	0.0	2229492	419	1.85	5.302	5	35	0
1624891187.11	1850	21.7	0.0	2078237	388	1.85	5.302	5	35	0
1624891187.84	1850	25.033334	0.0	2030644	326	1.85	5.302	5	35	0
1624891188.66	1850	28.233334	0.0	2298831	396	1.85	5.302	5	35	0
1624891189.44	1850	31.4	0.0	2164964	368	1.85	5.302	5	35	0
1624891190.21	1850	34.666667	0.0	2175479	358	1.85	9.306	25	155	24.97502497502498
1624891190.99	1850	37.866667	0.0	2156805	383	1.85	9.306	25	155	24.97502497502498
1624891191.74	1850	41.133334	0.0	2101523	340	1.85	9.306	25	155	24.97502497502498
1624891192.6	1850	44.333334	0.0	2344608	400	1.85	9.306	25	155	24.97502497502498
1624891193.49	1850	47.466667	0.0	2334646	397	1.85	9.306	25	155	24.97502497502498
1624891194.24	1850	50.6	0.0	2109579	368	1.85	13.309	51	275	23.482388208843368
1624891194.98	1850	53.866667	0.0	2097243	383	1.85	13.309	51	275	23.482388208843368
1624891195.75	1850	57.166667	0.0	2054074	338	1.85	13.309	51	275	23.482388208843368
1624891197.03	1850	59.902404	0.0	2079344	400	1.85	13.309	51	275	23.482388208843368
1624891200.85	1850	59.926457	0.0	2353718	419	1.85	17.309	72	395	24.74999999999999
1624891205.18	1850	59.630766	0.0	2119053	426	1.85	21.309	74	515	29.5
1624891208.99	1850	59.912039	0.0	2145449	223	1.85	25.31	74	633	29.492626843289194
1624891212.88	1850	59.947301	0.0	2087310	434	1.85	29.311	81	755	28.742814296425884
1624891217.27	1850	59.561783	0.0	2348666	450	1.85	33.311	88	875	28.25
1624891221.0	1850	59.902418	0.0	1801794	352	1.85	37.311	88	994	29.75
1624891225.45	1850	59.45558	0.0	1864524	450	1.85	41.312	95	1115	28.492876780804817
1624891229.26	1850	59.491233	0.0	2051691	392	1.85	45.312	96	1235	29.75
1624891233.01	1850	59.914878	0.0	1898420	366	1.85	49.312	101	1354	28.5
1624891236.88	1850	59.984883	0.0	2276304	395	1.85	53.313	110	1475	27.993001749562577
1624891241.28	1850	59.587679	0.0	2239013	414	1.85	57.313	115	1595	28.75
1624891244.86	1850	59.895814	0.0	2417622	541	1.85	61.355	115	1716	29.935675408213797
1624891249.18	1850	59.659335	0.0	1950728	367	1.85	65.357	125	1836	27.4862568715642
1624891253.07	1850	59.947332	0.0	2268079	430	1.85	69.357	125	1954	29.5
1624891256.86	1850	59.9217	0.0	2105954	307	1.85	73.358	133	2076	28.492876780804764
1624891261.18	1850	59.653379	0.0	2049597	399	1.85	77.358	137	2196	29
1624891265.21	1850	59.634354	0.0	2267452	494	1.85	81.363	137	2316	29.962546816479435
1624891269.0	1850	59.895751	0.0	1977775	418	1.85	85.363	142	2433	28
1624891273.08	1850	59.933413	0.0	2145766	420	1.85	89.364	150	2556	28.74281429642586
1624891276.86	1850	59.962015	0.0	2064567	397	1.85	93.364	153	2676	29.25
1624891281.09	1850	59.753894	0.0	1899367	347	1.85	97.365	155	2797	29.742564358910343
1624891285.08	1850	59.792215	0.0	2118078	505	1.85	101.366	155	2915	29.49262684328914
1624891289.43	1850	59.509917	0.0	2045638	413	1.85	105.366	163	3036	28.25
1624891293.28	1850	59.558899	0.0	2132751	354	1.85	109.371	163	3157	30.212234706616762
1624891297.14	1850	59.894488	0.0	2105800	322	1.85	113.369	167	3277	29.01450725362678
1624891301.0	1850	59.884558	0.0	2117310	414	1.85	117.369	173	3396	28.25
1624891305.04	1850	59.913547	0.0	2106167	603	1.85	121.394	178	3517	28.819875776397474
