1624022404.39	750	4	0.476	446149	106	-2.0418000000000003	0	0	0	0
1624022405.03	750	8	0.0	657276	164	0.75	0	0	0	0
1624022405.4	750	12	0.0	531142	129	0.75	0	0	0	0
1624022405.75	750	16	0.0	641782	94	0.75	0	0	0	0
1624022406.14	750	20	0.0	655328	147	0.75	0	0	0	0
1624022406.5	750	24	0.0	643029	130	0.75	0	0	0	0
1624022406.83	750	28	0.0	586466	104	0.75	0	0	0	0
1624022407.2	750	32	0.0	640646	177	0.75	5.576	0	0	0
1624022407.66	750	36	0.0	603976	174	0.75	5.576	0	0	0
1624022407.99	750	40	0.0	579575	87	0.75	5.576	0	0	0
1624022408.33	750	44	0.0	622523	115	0.75	5.576	0	0	0
1624022408.82	750	47.733334	0.0	590406	82	0.75	5.576	0	0	0
1624022409.34	750	51.15	0.0	636852	133	0.75	5.576	0	0	0
1624022409.76	750	54.666667	0.0	619167	174	0.75	5.576	0	0	0
1624022410.29	750	58.111596	0.0	636453	127	0.75	5.576	0	0	0
1624022412.81	750	59.902241	0.0	637789	128	0.75	9.576	53	153	24.999999999999993
1624022416.75	750	59.683852	0.0	574537	111	0.75	13.576	61	393	58
1624022420.77	750	59.760724	0.0	595492	142	0.75	17.577	67	633	58.48537865533615
1624022424.74	750	59.825932	0.0	662075	175	0.75	21.577	73	873	58.5
1624022428.64	750	59.909547	0.0	622438	122	0.75	25.578	75	1113	59.48512871782058
1624022432.64	750	59.970833	0.0	607166	108	0.75	29.579	85	1353	57.48562859285177
1624022437.1	750	59.519034	0.0	615645	145	0.75	33.585	90	1593	58.662006989515724
1624022441.02	750	59.537144	0.0	651954	142	0.75	37.586	100	1833	57.48562859285182
1624022444.61	750	59.957183	0.0	550774	127	0.75	41.586	103	2073	59.25
1624022449.09	750	59.513884	0.0	594579	131	0.75	45.629	129	2316	53.67301508780609
1624022452.6	750	59.908947	0.0	632394	163	0.75	49.626	132	2556	59.294470853139856
1624022457.06	750	59.463655	0.0	575968	134	0.75	53.626	135	2796	59.25
1624022460.51	750	59.906696	0.0	632851	109	0.75	57.628	138	3036	59.22038980509741
1624022464.46	750	59.986651	0.0	604086	199	0.75	61.628	141	3276	59.25
1624022468.99	750	59.529346	0.0	712976	158	0.75	65.628	145	3516	59
1624022472.92	750	59.640702	0.0	581323	116	0.75	69.628	150	3756	58.75
1624022476.43	750	59.984074	0.0	729373	99	0.75	73.628	156	3996	58.5
1624022480.95	750	59.642587	0.0	670981	153	0.75	77.629	160	4236	58.98525368657828
1624022484.97	750	59.439313	0.0	621207	160	0.75	81.63	162	4476	59.485128717820686
1624022488.85	750	59.576122	0.0	579598	120	0.75	85.631	166	4716	58.98525368657828
1624022492.54	750	59.983334	0.0	558064	289	0.75	89.631	175	4956	57.75
1624022496.5	750	59.973991	0.0	609656	149	0.75	93.632	186	5196	57.235691077230626
1624022500.7	750	59.80085	0.0	599153	340	0.75	97.631	191	5436	58.76469117279327
1624022504.68	750	59.853737	0.0	574452	84	0.75	101.632	197	5676	58.4853786553361
1624022508.67	750	59.95	0.0	605550	96	0.75	105.633	207	5916	57.485628592851924
1624022513.19	750	59.428947	0.0	601791	151	0.75	109.634	220	6156	56.735816045988436
1624022516.91	750	59.8	0.0	627361	107	0.75	113.635	230	6396	57.48562859285172
1624022521.03	750	59.770132	0.0	623214	46	0.75	117.647	322	6637	37.13858424725822
1624022526.18	750	59.583334	0.0	648266	17	0.75	121.662	504	6877	14.445828144458279
1624022534.25	750	54.324685	0.0	606947	28	0.75	132.602	994	7534	15.265082266910424
