1624020489.44	750	4	0.486	447032	216	-2.0848	0	0	0	0
1624020489.85	300	8	0.0	222343	110	-0.15000000000000002	0	0	0	0
1624020490.12	300	12	0.0	202601	82	0.3	0	0	0	0
1624020490.37	300	16	0.0	231442	54	0.3	0	0	0	0
1624020490.6	300	19.796037	0.0	223916	52	0.3	0	0	0	0
1624020490.81	300	23.593802	0.0	227288	53	0.3	0	0	0	0
1624020491.04	300	27.349144	0.0	210296	55	0.3	0	0	0	0
1624020491.22	300	31.187055	0.0	232710	60	0.3	0	0	0	0
1624020491.45	300	34.942445	0.0	230934	55	0.3	0	0	0	0
1624020491.71	300	38.7	0.0	230466	72	0.3	0	0	0	0
1624020491.92	300	42.495029	0.0	222766	55	0.3	0	0	0	0
1624020492.18	300	46.235589	0.0	215843	36	0.3	0	0	0	0
1624020492.43	300	49.982253	0.0	240996	69	0.3	4.912	0	60	0
1624020492.67	300	53.736229	0.0	241376	34	0.3	4.912	0	60	0
1624020492.93	300	57.528274	0.0	215448	42	0.3	4.912	0	60	0
1624020495.17	300	59.429103	0.0	224191	29	0.3	4.912	0	60	0
1624020498.44	300	59.981794	0.0	201147	46	0.3	8.912	0	180	29.999999999999993
1624020502.73	300	59.734122	0.0	208138	47	0.3	12.912	0	300	30
1624020507.04	300	59.485375	0.0	237703	60	0.3	16.915	0	420	29.977516862353248
1624020510.8	300	59.819749	0.0	221939	52	0.3	20.916	0	540	29.992501874531357
1624020514.57	300	59.988374	0.0	216091	65	0.3	24.916	0	660	30
1624020518.83	300	59.760323	0.0	221930	63	0.3	28.929	0	780	29.902815848492413
1624020522.76	300	59.737879	0.0	244209	66	0.3	32.93	0	900	29.992501874531357
1624020527.06	300	59.447457	0.0	201448	44	0.3	36.935	0	1020	29.96254681647938
1624020530.82	300	59.733719	0.0	216871	64	0.3	40.953	0	1141	30.114484818317568
1624020534.66	300	59.805961	0.0	226875	36	0.3	44.955	0	1261	29.98500749625191
1624020538.99	300	59.607074	0.0	215302	62	0.3	48.959	0	1381	29.970029970029934
1624020542.74	300	59.919576	0.0	231664	53	0.3	52.96	0	1501	29.992501874531385
1624020546.55	300	59.979535	0.0	233190	59	0.3	56.963	1	1621	29.727704221833623
1624020550.87	300	59.535418	0.0	245887	55	0.3	60.984	2	1741	29.59462820193981
1624020554.74	300	59.844059	0.0	205585	12	0.3	64.984	3	1862	30.000000000000053
1624020558.53	300	59.878443	0.0	248259	65	0.3	68.985	3	1982	29.99250187453133
1624020562.78	300	59.675292	0.0	221496	43	0.3	72.998	3	2102	29.90281584849236
1624020567.09	300	59.511345	0.0	238596	48	0.3	76.999	3	2222	29.99250187453144
1624020570.91	300	59.574201	0.0	239547	59	0.3	81	3	2342	29.99250187453133
1624020574.69	300	59.924158	0.0	210306	17	0.3	85	3	2462	30
1624020578.89	300	59.700706	0.0	223809	48	0.3	89	3	2582	30
1624020582.68	300	59.726089	0.0	233162	59	0.3	93.001	3	2702	29.99250187453133
1624020586.94	300	59.522086	0.0	211150	36	0.3	97.001	3	2822	30
1624020590.7	300	59.83829	0.0	227487	52	0.3	101.003	3	2942	29.98500749625191
1624020595.03	300	59.560621	0.0	218501	33	0.3	105.004	3	3062	29.99250187453133
1624020598.82	300	59.579852	0.0	223461	9	0.3	109.004	3	3182	30
1624020602.57	300	59.938089	0.0	223191	54	0.3	113.018	3	3303	30.14449427005484
1624020606.86	300	59.714577	0.0	228365	57	0.3	117.019	3	3423	29.99250187453133
1624020610.57	300	59.989131	0.0	223247	53	0.3	121.02	3	3543	29.99250187453144
