1624884808.42	750	4	0.393	446149	75	-1.6848999999999998	0	0	0	0
1624884808.95	750	8	0.0	657276	176	0.75	0	0	0	0
1624884809.26	750	12	0.0	531142	137	0.75	0	0	0	0
1624884809.61	750	16	0.0	641782	141	0.75	0	0	0	0
1624884810.16	750	20	0.0	655328	185	0.75	0	0	0	0
1624884810.58	750	24	0.0	643029	104	0.75	0	0	0	0
1624884810.87	750	28	0.0	586466	108	0.75	0	0	0	0
1624884811.17	750	32	0.0	640646	99	0.75	0	0	0	0
1624884811.54	750	36	0.0	603976	109	0.75	5.28	0	0	0
1624884811.87	750	40	0.0	579575	103	0.75	5.28	0	0	0
1624884812.67	750	43.683334	0.0	622523	21	0.75	5.28	0	0	0
1624884813.21	750	46.816667	0.0	590406	124	0.75	5.28	0	0	0
1624884813.69	750	50.366667	0.0	636852	187	0.75	5.28	0	0	0
1624884814.46	750	54	0.0	619167	111	0.75	5.28	0	0	0
1624884814.9	750	57.15	0.0	636453	166	0.75	5.28	0	0	0
1624884816.35	750	59.886269	0.0	637789	112	0.75	9.268	91	208	29.338014042126375
1624884820.24	750	59.878811	0.0	574537	112	0.75	13.268	92	448	59.75
1624884824.93	750	59.469931	0.0	595492	127	0.75	17.302	98	690	58.5027268220129
1624884828.56	750	59.722085	0.0	662075	142	0.75	21.305	107	931	57.956532600549586
1624884832.61	750	59.523378	0.0	622438	122	0.75	25.303	120	1171	56.77838919459728
1624884836.05	750	59.991687	0.0	607166	130	0.75	29.306	121	1411	59.70522108418686
1624884840.49	750	59.769205	0.0	615645	136	0.75	33.306	123	1651	59.50000000000005
1624884844.44	750	59.839047	0.0	651954	133	0.75	37.307	130	1891	58.235441139715
1624884848.39	750	59.661752	0.0	550774	179	0.75	41.307	134	2131	59
1624884852.34	750	59.794235	0.0	594579	132	0.75	45.318	139	2371	58.58888057840944
1624884856.83	750	59.983334	0.0	632394	150	0.75	49.311	146	2577	49.8372151264713
1624884860.39	750	59.819403	0.0	575968	132	0.75	53.31	288	2851	33.00825206301573
1624884864.38	750	59.639433	0.0	632851	154	0.75	57.309	303	3091	56.264066016504195
1624884868.31	750	59.7	0.0	604086	105	0.75	61.309	304	3331	59.75
1624884872.4	750	59.80502	0.0	712976	53	0.75	65.308	311	3571	58.26456614153525
1624884876.34	750	59.904807	0.0	581323	119	0.75	69.309	317	3811	58.485378655336305
1624884880.27	750	59.946677	0.0	729373	136	0.75	73.309	319	4051	59.5
1624884884.74	750	59.466667	0.0	670981	151	0.75	77.31	330	4291	57.235691077230626
1624884888.2	750	59.870022	0.0	621207	27	0.75	81.312	341	4531	57.221389305347394
1624884892.6	750	59.459466	0.0	579598	135	0.75	85.331	343	4772	59.46752923612831
1624884896.48	750	59.556171	0.0	558064	112	0.75	89.342	346	5013	59.336823734729556
1624884900.39	750	59.678108	0.0	609656	149	0.75	93.334	350	5252	58.86773547094182
1624884904.28	750	59.754665	0.0	599153	71	0.75	97.335	358	5492	57.985503624094115
1624884908.28	750	59.871552	0.0	574452	56	0.75	101.335	361	5732	59.25
1624884912.17	750	59.921133	0.0	605550	26	0.75	105.335	366	5972	58.75
1624884916.84	750	59.543393	0.0	601791	28	0.75	109.335	371	6212	58.75
1624884920.61	750	59.90004	0.0	627361	124	0.75	113.351	379	6453	58.01792828685251
1624884924.47	750	59.637231	0.0	623214	12	0.75	117.391	437	6696	45.79207920792072
1624884929.27	750	59.921021	0.0	648266	120	0.75	121.395	472	6936	51.19880119880132
1624884933.59	750	59.983334	0.0	606947	151	0.75	125.393	559	7138	28.764382191095514
