1624888468.81	750	4	0.339	447032	98	-1.4527	0	0	0	0
1624888469.15	750	8	0.0	437784	83	0.75	0	0	0	0
1624888469.5	750	12	0.0	358478	102	0.75	0	0	0	0
1624888469.78	750	16	0.0	433110	85	0.75	0	0	0	0
1624888470.05	750	20	0.0	425284	81	0.75	0	0	0	0
1624888470.31	750	24	0.0	428114	79	0.75	0	0	0	0
1624888470.6	750	28	0.0	387287	48	0.75	0	0	0	0
1624888470.87	750	32	0.0	435324	81	0.75	0	0	0	0
1624888471.51	750	36	0.0	447048	88	0.75	0	0	0	0
1624888471.84	750	40	0.0	446405	83	0.75	0	0	0	0
1624888472.81	750	43.617747	0.0	423631	4	0.75	5.727	0	0	0
1624888473.33	750	47.036883	0.0	416730	72	0.75	5.727	0	0	0
1624888473.64	750	50.743125	0.0	471953	87	0.75	5.727	0	0	0
1624888474.11	750	54.3	0.0	453536	109	0.75	5.727	0	0	0
1624888475.12	750	57.8	0.0	420588	83	0.75	5.727	0	0	0
1624888476.54	750	59.840818	0.0	420917	56	0.75	9.574	29	111	21.31531063166104
1624888480.94	750	59.59559	0.0	392428	122	0.75	13.574	30	231	29.75
1624888484.85	750	59.691853	0.0	400748	100	0.75	17.574	30	351	29.999999999999986
1624888488.69	750	59.8	0.0	471072	95	0.75	21.575	30	471	29.992501874531385
1624888492.62	750	59.833645	0.0	425923	7	0.75	25.577	30	591	29.985007496251857
1624888496.63	750	59.842502	0.0	419792	61	0.75	29.582	30	711	29.962546816479406
1624888502.72	750	58.943538	0.0	429429	72	0.75	33.612	30	832	30.02481389578163
1624888513.01	750	52.04539	0.0	461232	307	0.75	46.084	45	1206	28.78447722899294
1624888513.76	750	54.8	0.0	382848	31	0.75	46.084	45	1206	28.78447722899294
1624888514.34	750	58.136388	0.0	375227	155	0.75	46.084	45	1206	28.78447722899294
1624888517.25	750	59.303133	0.0	437258	104	0.75	50.35	51	1334	28.598218471636205
1624888524.09	750	58.925141	0.0	419071	9	0.75	54.467	62	1458	27.447170269613814
1624888524.59	750	59.838506	0.0	449162	62	0.75	54.467	62	1458	27.447170269613814
1624888528.87	750	59.885925	0.0	447732	93	0.75	58.413	62	1576	29.90369994931578
1624888532.88	750	59.884488	0.0	488806	5	0.75	62.607	62	1702	30.042918454935602
1624888536.83	750	59.6	0.0	389747	142	0.75	66.598	63	1822	29.817088449010274
1624888540.75	750	59.664772	0.0	485582	97	0.75	70.593	63	1942	30.03754693366705
1624888544.7	750	59.691583	0.0	430276	104	0.75	74.599	63	2062	29.955067398901647
1624888549.11	750	59.44892	0.0	435590	123	0.75	82.6	63	2302	29.99250187453144
1624888553.98	750	59.505056	0.0	459331	62	0.75	82.6	63	2302	29.99250187453144
1624888556.81	750	59.981826	0.0	381587	101	0.75	88.142	63	2468	29.953085528689996
1624888561.19	750	59.709032	0.0	424399	119	0.75	92.166	64	2589	29.821073558648106
1624888565.36	750	59.541952	0.0	436743	199	0.75	96.167	64	2709	29.99250187453133
1624888569.17	750	59.604849	0.0	385692	57	0.75	100.166	64	2829	30.007501875468904
1624888572.98	750	59.587071	0.0	424746	23	0.75	104.167	96	2949	21.99450137465631
1624888576.94	750	59.606603	0.0	407135	57	0.75	108.167	96	3069	30
1624888580.84	750	59.672854	0.0	427720	91	0.75	112.164	96	3189	30.02251688766575
1624888584.71	750	59.74041	0.0	427353	49	0.75	116.164	96	3309	30
1624888588.6	750	59.98069	0.0	418534	123	0.75	120.166	96	3429	29.98500749625191
1624888592.97	750	59.520723	0.0	421343	100	0.75	124.166	96	3549	30
