1624026985.03	750	4	0.496	446149	179	-2.1277999999999997	0	0	0	0
1624026987.68	2850	6.983334	0.0	5338027	1824	0.75	0	0	0	0
1624026989.57	2850	9.133334	0.0	4485847	1182	2.85	4.947	56	118	0
1624026991.86	2850	10.933334	0.0	5004689	1550	2.85	4.947	56	118	0
1624026993.65	2850	13.75	0.0	5182650	1051	2.85	8.947	245	324	4.250000000000001
1624026995.66	2850	16.383334	0.0	5173280	1254	2.85	8.947	245	324	4.250000000000001
1624026997.64	2850	18.95	0.0	4880493	1196	2.85	12.949	409	488	0
1624027000.04	2850	21.183334	0.0	5406574	1505	2.85	12.949	409	488	0
1624027001.87	2850	23.883334	0.0	4844720	1072	2.85	17.015	585	664	0
1624027003.7	2850	26.666667	0.0	4832207	1084	2.85	17.015	585	664	0
1624027005.44	2850	29.483334	0.0	4887638	886	2.85	21.016	752	831	0
1624027007.39	2850	32.083334	0.0	4995664	1181	2.85	21.016	752	831	0
1624027009.18	2850	34.85	0.0	5320325	1023	2.85	25.02	925	1004	0
1624027011.3	2850	37.45	0.0	5320224	1251	2.85	25.02	925	1004	0
1624027013.2	2850	40.166667	0.0	4822090	862	2.85	29.031	1082	1161	0
1624027015.01	2850	42.916667	0.0	5024811	1078	2.85	29.031	1082	1161	0
1624027016.83	2850	45.5	0.0	4620969	1152	2.85	33.103	1265	1344	0
1624027018.67	2850	48.116667	0.0	4982065	1123	2.85	33.103	1265	1344	0
1624027020.53	2850	50.833334	0.0	5333279	1094	2.85	37.103	1431	1510	0
1624027022.2	2850	53.666667	0.0	5166435	952	2.85	37.103	1431	1510	0
1624027024.14	2850	56.283334	0.0	4952219	1220	2.85	37.103	1431	1510	0
1624027026.38	2850	58.833334	0.0	5148296	1407	2.85	41.163	1601	1680	0
1624027029.93	2850	59.866667	0.0	5332212	1229	2.85	45.163	1756	1835	0
1624027034.49	2850	59.733334	0.0	4130375	901	2.85	49.163	1975	2054	0
1624027039.36	2850	59.616667	0.0	4502091	1092	2.85	53.164	2173	2252	0
1624027043.88	2850	59.766667	0.0	4906417	1732	2.85	57.164	2398	2477	0
1624027048.75	2850	59.516667	0.0	4606683	1156	2.85	65.165	2812	2891	0
1624027053.27	2850	59.883334	0.0	4992827	1167	2.85	69.169	3006	3085	0
1624027057.81	2850	59.883334	0.0	4833092	2318	2.85	73.177	3201	3280	0
1624027063.0	2850	59.733334	0.0	5560086	1823	2.85	77.177	3405	3484	0
1624027067.5	2850	59.8	0.0	4512973	1175	2.85	81.184	3618	3697	0
1624027072.61	2850	59.533334	0.0	5477056	1301	2.85	89.185	4021	4100	0
1624027076.55	2850	59.933334	0.0	5211665	1216	2.85	93.185	4230	4309	0
1624027081.67	2850	59.616667	0.0	5155066	1343	2.85	97.186	4435	4514	0
1624027085.57	2850	59.766667	0.0	5042047	2070	2.85	101.186	4653	4732	0
1624027089.32	2850	59.466667	0.0	4373848	1004	2.85	105.201	4917	4996	0
1624027093.12	2850	59.266667	0.0	4955552	1088	2.85	109.203	5185	5264	0
1624027096.44	2850	59.7	0.0	4533309	1003	2.85	113.221	5461	5540	0
1624027099.75	2850	59.816667	0.0	4404309	2559	2.85	113.221	5461	5540	0
1624027103.17	2850	59.833334	0.0	4543808	1203	2.85	117.248	5747	5826	0
1624027106.66	2850	59.9	0.0	4672100	1325	2.85	121.249	6018	6097	0
1624027110.41	2850	59.6	0.0	5112917	1499	2.85	125.249	6294	6373	0
1624027113.94	2850	59.566667	0.0	4777608	1332	2.85	129.25	6537	6616	0
1624027117.44	2850	59.583334	0.0	5053470	1181	2.85	133.25	6822	6901	0
1624027120.95	2850	59.716667	0.0	4782473	1273	2.85	137.251	7104	7183	0
