1624902271.4	750	4	3.761	447032	109	-16.1673	17.122	0	0	0
1624902271.89	300	8	0.0	222343	44	-0.15000000000000002	17.122	0	0	0
1624902272.28	300	12	0.0	202601	46	0.3	17.122	0	0	0
1624902272.63	300	16	0.0	231442	42	0.3	17.122	0	0	0
1624902272.88	300	20	0.0	223916	48	0.3	17.122	0	0	0
1624902273.26	300	24	0.0	227288	19	0.3	17.122	0	0	0
1624902273.59	300	28	0.0	210296	43	0.3	17.122	0	0	0
1624902273.99	300	32	0.0	232710	25	0.3	17.122	0	0	0
1624902274.33	300	36	0.0	230934	47	0.3	17.122	0	0	0
1624902274.65	300	40	0.0	230466	29	0.3	17.122	0	0	0
1624902275.45	300	44	0.0	222766	3	0.3	21.143	0	0	0
1624902275.82	300	48	0.0	215843	57	0.3	21.143	0	0	0
