1624883715.79	750	4	0.925	446149	689	-3.9725	0	0	0	0
1624883716.53	300	8	0.0	458211	490	-0.15000000000000002	0	0	0	0
1624883717.05	300	12	0.0	390124	217	0.3	0	0	0	0
1624883717.61	300	15.733334	0.0	474461	234	0.3	0	0	0	0
1624883718.35	300	18.983334	0.0	444309	492	0.3	5.373	4	53	0
1624883718.81	300	22.504258	0.0	443120	260	0.3	5.373	4	53	0
1624883719.46	300	25.866667	0.0	416509	362	0.3	5.373	4	53	0
1624883720.03	300	29.266667	0.0	451355	275	0.3	5.373	4	53	0
1624883720.44	300	32.897482	0.0	417757	168	0.3	5.373	4	53	0
1624883720.91	300	36.405563	0.0	415350	240	0.3	5.373	4	53	0
1624883721.3	300	40.03997	0.0	433531	163	0.3	5.373	4	53	0
1624883721.65	300	43.667054	0.0	422916	113	0.3	5.373	4	53	0
1624883722.07	300	47.280248	0.0	459414	148	0.3	5.373	4	53	0
1624883722.82	300	50.594654	0.0	450936	348	0.3	9.42	14	296	57.573511242895975
1624883723.55	300	53.85	0.0	439746	368	0.3	9.42	14	296	57.573511242895975
1624883724.32	300	57.022967	0.0	432189	511	0.3	9.42	14	296	57.573511242895975
1624883725.39	300	59.90465	0.0	396094	365	0.3	9.42	14	296	57.573511242895975
1624883729.82	300	59.692588	0.0	420942	164	0.3	13.428	19	536	58.63273453093811
1624883733.91	300	59.438227	0.0	477686	252	0.3	17.464	19	778	59.96035678889994
1624883737.91	300	59.46692	0.0	429484	231	0.3	21.48	29	1019	57.51992031872508
1624883741.86	300	59.55132	0.0	428693	125	0.3	25.493	35	1260	58.55968103663098
1624883752.03	300	59.871939	0.0	445526	401	0.3	29.493	36	1500	59.75
1624883765.99	300	49.483334	0.0	459785	7418	0.3	43.376	38	2333	60
1624883768.8	300	44.550039	0.0	395717	2521	0.3	53.334	39	2930	59.8513757782687
1624883777.15	300	40.170607	0.0	421854	7966	0.3	61.328	39	3410	60
1624883777.64	300	43.660258	0.0	464457	222	0.3	61.328	39	3410	60
1624883777.99	300	47.293682	0.0	430202	133	0.3	61.328	39	3410	60
1624883778.34	300	50.964239	0.0	445549	143	0.3	65.327	39	3650	60.01500375093781
1624883778.64	300	54.637367	0.0	449734	127	0.3	65.327	39	3650	60.01500375093781
1624883778.97	300	58.316667	0.0	478634	135	0.3	65.327	39	3650	60.01500375093781
1624883781.87	300	59.542216	0.0	421756	154	0.3	65.327	39	3650	60.01500375093781
1624883785.82	300	59.520196	0.0	500580	45	0.3	69.333	42	3890	59.16125811283075
1624883789.85	300	59.577418	0.0	471259	119	0.3	73.338	51	4131	57.92759051186024
1624883793.75	300	59.725892	0.0	447061	115	0.3	77.34	55	4371	58.970514742628545
1624883797.7	300	59.812516	0.0	414676	98	0.3	81.341	57	4610	59.23519120219959
1624883801.6	300	59.920164	0.0	407398	110	0.3	85.342	61	4851	59.23519120219938
1624883805.99	300	59.426386	0.0	438602	122	0.3	89.342	62	5091	59.75
1624883809.89	300	59.533334	0.0	421192	112	0.3	93.363	62	5332	59.93533946779407
1624883813.79	300	59.578869	0.0	414269	69	0.3	97.364	66	5572	58.98525368657828
1624883817.67	300	59.733334	0.0	427172	104	0.3	101.365	67	5812	59.73506623344178
1624883821.57	300	59.754937	0.0	435036	156	0.3	105.365	67	6052	60
1624883825.49	300	59.916667	0.0	454750	91	0.3	109.366	68	6292	59.73506623344157
1624883829.88	300	59.471208	0.0	436843	138	0.3	113.365	71	6532	59.26481620405109
1624883833.84	300	59.489275	0.0	455439	185	0.3	117.389	73	6774	59.64214711729621
1624883837.77	300	59.546234	0.0	439643	135	0.3	121.429	82	7016	57.673267326732585
