1624032522.37	750	4	0.838	446149	210	-3.5984	0	0	0	0
1624032523.05	300	8	0.0	458211	118	-0.15000000000000002	0	0	0	0
1624032523.81	300	12	0.0	390124	189	0.3	0	0	0	0
1624032524.46	300	16	0.0	474461	204	0.3	0	0	0	0
1624032525.03	300	20	0.0	444309	184	0.3	7.643	0	0	0
1624032525.57	300	24	0.0	443120	186	0.3	7.643	0	0	0
1624032526.05	300	28	0.0	416509	184	0.3	7.643	0	0	0
1624032526.52	300	32	0.0	451355	200	0.3	7.643	0	0	0
1624032527.04	300	36	0.0	417757	150	0.3	7.643	0	0	0
1624032527.61	300	40	0.0	415350	117	0.3	7.643	0	0	0
1624032528.44	300	44	0.0	433531	221	0.3	7.643	0	0	0
1624032529.41	300	48	0.0	422916	10	0.3	11.678	0	0	0
1624032530.17	300	52	0.0	459414	196	0.3	11.678	0	0	0
1624032530.93	300	56	0.0	450936	154	0.3	11.678	0	0	0
1624032533.49	300	58	0.0	439746	188	0.3	15.672	73	84	2.754131196795193
1624032536.46	300	59.493869	0.0	432189	159	0.3	15.672	73	84	2.754131196795193
1624032540.01	300	59.966667	0.0	396094	157	0.3	19.713	223	338	25.736203909923283
1624032544.35	300	59.601057	0.0	420942	168	0.3	23.71	288	572	42.2817112834626
1624032547.71	300	59.537214	0.0	477686	82	0.3	29.59	581	931	11.22448979591837
1624032555.59	300	56.55	0.0	429484	91	0.3	33.62	709	1169	27.295285359801504
1624032557.1	300	58.8	0.0	428693	72	0.3	38.834	1013	1476	0.5753739930955114
1624032560.72	300	59.95	0.0	445526	219	0.3	38.834	1013	1476	0.5753739930955114
1624032566.19	300	59.766667	0.0	459785	145	0.3	44.996	1342	1808	0.4868549172346641
1624032570.52	300	59.55	0.0	395717	68	0.3	52.198	1663	2129	0
1624032573.05	300	59.416667	0.0	421854	198	0.3	52.198	1663	2129	0
1624032576.91	300	59.5	0.0	464457	156	0.3	56.259	2007	2473	0
1624032580.05	300	59.966667	0.0	430202	12	0.3	60.423	2293	2777	4.322766570605186
1624032585.09	300	59.424645	0.0	445549	147	0.3	64.468	2513	3004	1.7305315203955494
1624032588.45	300	58.85	0.0	449734	5	0.3	71.284	2764	3429	25.528169014084497
1624032593.06	300	59.633334	0.0	478634	198	0.3	71.284	2764	3429	25.528169014084497
1624032595.72	300	59.983334	0.0	421756	160	0.3	76.73	3054	3742	4.223283143591629
1624032608.16	300	57.833334	0.0	500580	284	0.3	80.735	3268	3977	5.243445692883901
1624032612.03	300	53.083334	0.0	471259	201	0.3	93.858	3982	4691	0
1624032612.59	300	56.416667	0.0	447061	122	0.3	93.858	3982	4691	0
1624032613.33	300	59.866667	0.0	414676	97	0.3	93.858	3982	4691	0
1624032617.28	300	59.133334	0.0	407398	97	0.3	97.988	4243	4952	0
1624032620.29	300	59.566667	0.0	438602	19	0.3	101.959	4562	5271	0
1624032624.15	300	59.983334	0.0	421192	240	0.3	105.952	4762	5473	0.5008765339343858
1624032627.73	300	59.705387	0.0	414269	262	0.3	109.957	5026	5753	3.995006242197258
1624032631.8	300	59.9	0.0	427172	14	0.3	113.954	5101	5993	41.280960720540406
1624032635.64	300	59.9	0.0	435036	82	0.3	117.981	5282	6234	14.899428855227212
1624032640.24	300	59.666667	0.0	454750	27	0.3	121.979	5412	6474	27.51375687843919
1624032643.76	300	59.566667	0.0	436843	74	0.3	126.044	5592	6718	15.744157441574425
1624032647.4	300	59.818406	0.0	455439	186	0.3	130.07	5709	6960	31.048186785891733
1624032652.17	300	59.45	0.0	439643	89	0.3	134.074	5908	7199	9.990009990009943
