1623871810.41	750	4	0.635	446149	94	-2.7255000000000003	0	0	0	0
1623871812.79	1850	8	0.0	3302713	778	0.75	6.555	0	0	0
1623871813.94	1850	12	0.0	2780269	671	1.85	6.555	0	0	0
1623871815.17	1850	16	0.0	3138830	647	1.85	6.555	0	0	0
1623871816.44	1850	20	0.0	3252745	586	1.85	10.554	0	0	0
1623871818.01	1850	24	0.0	3175667	666	1.85	10.554	0	0	0
1623871819.68	1850	27.416667	0.0	2962628	588	1.85	10.554	0	0	0
1623871820.94	1850	30	0.0	3242545	558	1.85	14.574	95	115	4.975124378109453
1623871822.09	1850	32.766667	0.0	2999470	505	1.85	14.574	95	115	4.975124378109453
1623871823.51	1850	35.65	0.0	2926075	512	1.85	14.574	95	115	4.975124378109453
1623871824.62	1850	38.733334	0.0	3029009	551	1.85	18.572	296	316	0
1623871826.57	1850	41.8	0.0	3113599	597	1.85	18.572	296	316	0
1623871829.25	1850	43.9	0.0	3116790	725	1.85	22.961	466	486	0
1623871832.4	1850	46.1	0.0	3132453	591	1.85	22.961	466	486	0
1623871838.83	1850	42.083334	0.0	2994095	627	1.85	31.772	1036	1056	0
1623871840.09	1850	44.933334	0.0	3154088	564	1.85	31.772	1036	1056	0
1623871842.04	1850	47.566667	0.0	2803553	653	1.85	35.776	1206	1226	0
1623871845.07	1850	50.25	0.0	3039477	263	1.85	35.776	1206	1226	0
1623871846.79	1850	52.05	0.0	3356332	549	1.85	39.796	1391	1411	0
1623871849.24	1850	54.433334	0.0	3105690	593	1.85	39.796	1391	1411	0
1623871865.01	1850	53.966667	0.0	3008856	821	1.85	43.795	1585	1605	0
