1624033039.48	750	4	0.321	447032	115	-1.3752999999999997	0	0	0	0
1624033039.75	300	8	0.0	222343	55	-0.15000000000000002	0	0	0	0
1624033039.96	300	12	0.0	202601	46	0.3	0	0	0	0
1624033040.35	300	16	0.0	231442	91	0.3	0	0	0	0
1624033040.61	300	20	0.0	223916	45	0.3	0	0	0	0
1624033040.82	300	24	0.0	227288	39	0.3	0	0	0	0
1624033041.02	300	27.998689	0.0	210296	25	0.3	0	0	0	0
1624033041.29	300	31.752557	0.0	232710	58	0.3	0	0	0	0
1624033041.51	300	35.508427	0.0	230934	49	0.3	0	0	0	0
1624033041.8	300	39.304591	0.0	230466	48	0.3	0	0	0	0
1624033042.33	300	42.734533	0.0	222766	246	0.3	0	0	0	0
1624033042.64	300	46.385565	0.0	215843	31	0.3	0	0	0	0
1624033042.86	300	50.140485	0.0	240996	85	0.3	4.944	0	52	0
1624033043.2	300	53.811164	0.0	241376	104	0.3	4.944	0	52	0
1624033043.45	300	57.601726	0.0	215448	37	0.3	4.944	0	52	0
1624033045.22	300	59.841825	0.0	224191	28	0.3	4.944	0	52	0
1624033049.51	300	59.606584	0.0	201147	33	0.3	8.944	0	172	29.999999999999993
1624033053.36	300	59.912186	0.0	208138	8	0.3	12.944	0	292	30
1624033057.19	300	59.920853	0.0	237703	45	0.3	16.945	0	412	29.99250187453137
1624033061.47	300	59.683528	0.0	221939	52	0.3	20.946	0	532	29.992501874531357
1624033065.68	300	59.443332	0.0	216091	50	0.3	24.946	2	652	29.5
1624033069.54	300	59.469944	0.0	221930	26	0.3	28.946	2	772	30
1624033073.37	300	59.827842	0.0	244209	57	0.3	32.946	2	892	30.00000000000003
1624033077.61	300	59.602607	0.0	201448	39	0.3	36.946	2	1012	30
1624033081.44	300	59.754108	0.0	216871	47	0.3	40.949	2	1132	29.977516862353234
1624033085.29	300	59.86019	0.0	226875	28	0.3	44.949	2	1252	30
1624033089.66	300	59.561701	0.0	215302	45	0.3	48.949	2	1372	30
1624033093.5	300	59.630081	0.0	231664	32	0.3	52.949	2	1492	30
1624033097.27	300	59.905307	0.0	233190	44	0.3	56.95	2	1612	29.99250187453133
1624033101.09	300	59.966667	0.0	245887	75	0.3	60.95	2	1732	30
1624033105.33	300	59.704587	0.0	205585	21	0.3	64.95	2	1852	30
1624033109.63	300	59.44718	0.0	248259	59	0.3	68.95	2	1972	30
1624033113.4	300	59.77686	0.0	221496	39	0.3	72.95	2	2092	30
1624033117.23	300	59.803585	0.0	238596	50	0.3	76.951	2	2212	29.99250187453144
1624033121.57	300	59.615951	0.0	239547	75	0.3	80.951	2	2332	30
1624033125.31	300	59.933976	0.0	210306	31	0.3	84.951	2	2452	30
1624033129.54	300	59.654703	0.0	223809	45	0.3	88.951	2	2572	30
1624033133.4	300	59.678463	0.0	233162	97	0.3	92.955	3	2692	29.720279720279684
1624033137.18	300	59.996299	0.0	211150	76	0.3	96.955	3	2812	30
1624033141.38	300	59.741621	0.0	227487	52	0.3	100.956	3	2932	29.99250187453133
1624033145.66	300	59.483337	0.0	218501	68	0.3	104.956	3	3052	30
1624033149.47	300	59.803139	0.0	223461	32	0.3	108.956	3	3172	30
1624033153.22	300	59.84751	0.0	223191	49	0.3	112.956	3	3292	30
1624033157.6	300	59.560548	0.0	228365	87	0.3	116.957	3	3412	29.99250187453144
1624033161.3	300	59.941446	0.0	223247	33	0.3	120.957	3	3532	30
