1624019130.5	750	4	0.366	447032	170	-1.5688	0	0	0	0
1624019131.2	1200	8	0.0	1081855	355	0.75	0	0	0	0
1624019131.69	1200	11.833334	0.0	909590	227	1.2	0	0	0	0
1624019132.22	1200	15.302102	0.0	1064785	261	1.2	0	0	0	0
1624019132.71	1200	18.811813	0.0	1068330	226	1.2	0	0	0	0
1624019133.27	1200	22.237444	0.0	1091906	279	1.2	0	0	0	0
1624019133.84	1200	25.733334	0.0	989621	260	1.2	4.968	0	64	0
1624019134.41	1200	29.166667	0.0	1120373	231	1.2	4.968	0	64	0
1624019134.98	1200	32.571903	0.0	1096122	228	1.2	4.968	0	64	0
1624019135.45	1200	36.082804	0.0	1088831	193	1.2	4.968	0	64	0
1624019135.97	1200	39.566667	0.0	1080940	224	1.2	4.968	0	64	0
1624019136.48	1200	43.061111	0.0	1075422	235	1.2	4.968	0	64	0
1624019137.0	1200	46.533334	0.0	1146374	261	1.2	4.968	0	64	0
1624019137.58	1200	49.966667	0.0	1146930	264	1.2	4.968	0	64	0
1624019138.18	1200	53.333334	0.0	1066542	322	1.2	8.977	5	185	28.93489648291344
1624019138.68	1200	56.838511	0.0	1056887	213	1.2	8.977	5	185	28.93489648291344
1624019139.61	1200	59.984214	0.0	990369	204	1.2	8.977	5	185	28.93489648291344
1624019144.11	1200	59.428765	0.0	1015471	216	1.2	12.977	5	305	30
1624019147.72	1200	59.819826	0.0	1173982	250	1.2	16.978	5	425	29.992501874531357
1624019151.76	1200	59.809183	0.0	1058624	194	1.2	20.978	6	545	29.75
1624019155.78	1200	59.866667	0.0	1046861	220	1.2	24.978	6	665	30
1624019159.75	1200	59.927719	0.0	1048437	191	1.2	28.98	6	785	29.98500749625188
1624019163.82	1200	59.76829	0.0	1152505	241	1.2	32.981	9	905	29.242689327668074
1624019167.79	1200	59.788373	0.0	877099	194	1.2	36.981	9	1025	30
1624019171.82	1200	59.829573	0.0	968042	110	1.2	40.981	9	1145	30
1624019175.85	1200	59.871964	0.0	1064114	226	1.2	44.982	13	1265	28.992751812047004
1624019179.87	1200	59.679188	0.0	1005764	209	1.2	48.982	13	1385	30
1624019183.91	1200	59.793477	0.0	1078959	227	1.2	52.981	14	1505	29.757439359839942
1624019188.08	1200	59.575754	0.0	1074526	218	1.2	56.982	15	1625	29.74256435891029
1624019191.66	1200	59.914337	0.0	1231303	212	1.2	60.982	16	1745	29.75
1624019195.74	1200	59.766667	0.0	960890	275	1.2	64.982	16	1865	30
1624019199.82	1200	59.71152	0.0	1183904	243	1.2	68.982	16	1985	30
1624019203.95	1200	59.761921	0.0	1065257	314	1.2	72.983	16	2105	29.99250187453133
1624019207.99	1200	59.544604	0.0	1108615	176	1.2	76.984	17	2225	29.742564358910343
1624019212.09	1200	59.567352	0.0	1113738	281	1.2	80.984	18	2345	29.75
1624019215.63	1200	59.912591	0.0	981548	195	1.2	84.984	18	2465	30
1624019219.67	1200	59.879641	0.0	1067644	210	1.2	88.985	18	2585	29.99250187453133
1624019224.21	1200	59.43561	0.0	1068520	230	1.2	92.987	18	2705	29.98500749625191
1624019227.75	1200	59.834147	0.0	946116	235	1.2	96.987	20	2825	29.5
1624019231.78	1200	59.936316	0.0	1041444	270	1.2	100.988	20	2945	29.99250187453133
1624019235.83	1200	59.947296	0.0	1033147	238	1.2	104.988	21	3065	29.75
1624019239.89	1200	59.717089	0.0	1043384	224	1.2	108.989	21	3185	29.99250187453133
1624019243.9	1200	59.821377	0.0	1047354	215	1.2	112.99	25	3305	28.992751812047057
1624019248.02	1200	59.597431	0.0	1058093	268	1.2	116.989	26	3425	29.75743935983989
1624019252.02	1200	59.640136	0.0	1038662	227	1.2	120.989	26	3545	30
