1634244839.31	750	4	0.155	428437	66	-0.6615	0	0	0	0
1634244839.66	1200	8	0.0	1070596	164	0.75	0	0	0	0
1634244839.96	1200	12	0.0	1102185	175	1.2	0	0	0	0
1634244840.24	1200	15.750608	0.0	1050918	172	1.2	0	0	0	0
1634244840.54	1200	19.468239	0.0	1076009	168	1.2	0	0	0	0
1634244840.84	1200	23.145926	0.0	1074962	169	1.2	0	0	0	0
1634244841.16	1200	26.82228	0.0	1089013	171	1.2	0	0	0	0
1634244841.5	1200	30.5	0.0	1085191	182	1.2	0	0	0	0
1634244841.81	1200	34.176773	0.0	1067569	165	1.2	0	0	0	0
1634244842.14	1200	37.854136	0.0	1068135	187	1.2	0	0	0	0
1634244842.44	1200	41.572001	0.0	1112498	183	1.2	0	0	0	0
1634244842.8	1200	45.20843	0.0	1102305	228	1.2	4.579	0	82	0
1634244843.13	1200	48.88146	0.0	1058097	170	1.2	4.579	0	82	0
1634244843.45	1200	52.558545	0.0	1067149	198	1.2	4.579	0	82	0
1634244843.73	1200	56.276056	0.0	1065119	157	1.2	4.579	0	82	0
1634244844.05	1200	59.966667	0.0	1079756	175	1.2	4.579	0	82	0
1634244848.37	1200	59.81823	0.0	1099272	170	1.2	8.579	1	202	29.749999999999993
1634244852.19	1200	59.866667	0.0	1076487	164	1.2	12.579	1	322	30
1634244856.54	1200	59.61088	0.0	1074867	174	1.2	16.579	1	442	30
1634244860.4	1200	59.654959	0.0	1047892	116	1.2	20.579	1	562	30
1634244864.24	1200	59.990911	0.0	1079491	194	1.2	24.579	1	682	30
1634244868.62	1200	59.571362	0.0	1168595	205	1.2	28.58	1	802	29.992501874531385
1634244872.51	1200	59.588774	0.0	1155651	187	1.2	32.58	1	922	30
1634244876.38	1200	59.605289	0.0	1068823	170	1.2	36.58	1	1042	30
1634244880.34	1200	59.906739	0.0	1083472	52	1.2	40.58	1	1162	30
1634244884.17	1200	59.936501	0.0	1069893	167	1.2	44.58	1	1282	30
1634244888.57	1200	59.666667	0.0	1072481	173	1.2	48.581	1	1402	29.99250187453133
1634244892.42	1200	59.685773	0.0	1056021	181	1.2	52.581	1	1522	30
1634244896.27	1200	59.993372	0.0	1088699	166	1.2	56.582	1	1642	29.992501874531385
1634244900.59	1200	59.440212	0.0	1069675	181	1.2	60.582	1	1762	30
1634244904.43	1200	59.749366	0.0	1102469	205	1.2	64.582	1	1882	30.000000000000053
1634244908.34	1200	59.805374	0.0	1136712	188	1.2	68.582	1	2002	30
1634244912.19	1200	59.828325	0.0	1076114	171	1.2	72.587	1	2122	29.96254681647933
1634244916.55	1200	59.606081	0.0	1045544	167	1.2	76.587	1	2242	30
1634244920.44	1200	59.619817	0.0	1122544	181	1.2	80.587	1	2362	30
1634244924.3	1200	59.921774	0.0	1061011	166	1.2	84.588	1	2482	29.99250187453144
1634244928.17	1200	59.983968	0.0	1059811	185	1.2	88.587	1	2602	30.007501875468797
1634244932.49	1200	59.749903	0.0	1073475	169	1.2	92.588	1	2722	29.99250187453144
1634244936.32	1200	59.771121	0.0	1094517	174	1.2	96.588	1	2842	30
1634244940.18	1200	59.830405	0.0	1082819	183	1.2	100.59	1	2962	29.985007496251804
1634244944.59	1200	59.571326	0.0	1068766	163	1.2	104.59	1	3082	30
1634244948.45	1200	59.595115	0.0	1111544	177	1.2	108.591	1	3202	29.99250187453144
1634244952.31	1200	59.903424	0.0	1172967	187	1.2	112.591	1	3322	30
1634244956.19	1200	59.920803	0.0	1102175	181	1.2	116.591	1	3442	30
1634244960.53	1200	59.656266	0.0	1099116	164	1.2	120.592	1	3562	29.99250187453133
