1634564289.1	750	4	0.675	3036909	521	-2.8975	0	0	0	0
1634564289.89	2850	8	0.0	3386615	573	0.75	0	0	0	0
1634564290.72	2850	11.2	0.0	3586104	585	2.85	0	0	0	0
1634564291.56	2850	14.345622	0.0	3501908	594	2.85	0	0	0	0
1634564292.4	2850	17.538281	0.0	3531955	584	2.85	4.604	0	63	0
1634564293.18	2850	20.728934	0.0	3444309	559	2.85	4.604	0	63	0
1634564293.9	2850	24.043717	0.0	3205998	499	2.85	4.604	0	63	0
1634564294.75	2850	27.2	0.0	3248360	593	2.85	4.604	0	63	0
1634564295.6	2850	30.307044	0.0	3555680	618	2.85	4.604	0	63	0
1634564296.51	2850	33.466667	0.0	3546563	599	2.85	8.604	1	183	29.750000000000007
1634564297.37	2850	36.572521	0.0	3539598	599	2.85	8.604	1	183	29.750000000000007
1634564298.25	2850	39.682747	0.0	3476933	509	2.85	8.604	1	183	29.750000000000007
1634564299.19	2850	42.8	0.0	3620433	619	2.85	8.604	1	183	29.750000000000007
1634564300.0	2850	45.906513	0.0	3190654	557	2.85	8.604	1	183	29.750000000000007
1634564300.81	2850	49.1	0.0	3399357	592	2.85	12.663	5	305	29.071199802907113
1634564301.61	2850	52.329386	0.0	3569058	576	2.85	12.663	5	305	29.071199802907113
1634564302.4	2850	55.522045	0.0	3287978	586	2.85	12.663	5	305	29.071199802907113
1634564303.21	2850	58.714123	0.0	3475297	571	2.85	12.663	5	305	29.071199802907113
1634564306.06	2850	59.910767	0.0	3296099	582	2.85	16.663	5	425	30
1634564310.34	2850	59.66812	0.0	3293432	528	2.85	20.664	5	545	29.992501874531357
1634564314.34	2850	59.673953	0.0	3414567	709	2.85	24.667	5	665	29.977516862353234
1634564318.28	2850	59.693378	0.0	3553990	673	2.85	28.665	5	785	30.015007503751896
1634564322.15	2850	59.991109	0.0	3427270	597	2.85	32.666	5	905	29.992501874531385
1634564325.96	2850	59.994796	0.0	3464546	533	2.85	36.666	5	1025	30
1634564330.34	2850	59.72076	0.0	3459464	555	2.85	40.668	5	1145	29.985007496251857
1634564334.23	2850	59.766667	0.0	3432163	605	2.85	44.667	5	1265	30.00750187546885
1634564338.14	2850	59.788927	0.0	3415309	684	2.85	48.668	5	1385	29.992501874531385
1634564342.59	2850	59.515548	0.0	3418924	567	2.85	52.671	7	1505	29.477891581314015
1634564346.52	2850	59.562157	0.0	3506963	555	2.85	56.671	8	1625	29.75
1634564350.36	2850	59.853758	0.0	3411457	588	2.85	60.671	8	1745	30
1634564354.29	2850	59.907928	0.0	3568841	611	2.85	64.673	8	1865	29.985007496251857
1634564358.35	2850	59.648496	0.0	3815334	683	2.85	68.672	8	1985	30.007501875468904
1634564362.17	2850	59.942045	0.0	3107165	513	2.85	72.673	8	2105	29.99250187453133
1634564366.0	2850	59.956852	0.0	3148294	527	2.85	76.673	8	2225	30
1634564370.33	2850	59.676554	0.0	3479484	583	2.85	80.673	8	2345	30
1634564374.17	2850	59.979963	0.0	3598947	581	2.85	84.673	8	2465	30
1634564378.58	2850	59.466667	0.0	3497759	556	2.85	88.674	8	2585	29.99250187453133
1634564382.44	2850	59.768458	0.0	3344024	551	2.85	92.674	8	2705	30
1634564386.19	2850	59.784947	0.0	3478234	554	2.85	96.674	8	2825	30
1634564390.48	2850	59.49659	0.0	3327377	534	2.85	100.675	8	2945	29.99250187453144
1634564394.27	2850	59.797123	0.0	3297178	511	2.85	104.675	8	3065	30
1634564398.07	2850	59.895742	0.0	3549847	549	2.85	108.676	8	3185	29.99250187453133
1634564401.99	2850	59.950859	0.0	3747189	626	2.85	112.676	8	3305	30
1634564406.45	2850	59.718992	0.0	3482342	699	2.85	116.675	8	3425	30.007501875468904
1634564410.32	2850	59.815195	0.0	3508126	621	2.85	120.676	8	3545	29.99250187453133
