1634278465.08	750	4	0.209	428437	100	-0.8936999999999999	0	0	0	0
1634278465.26	300	8	0.0	230725	44	-0.15000000000000002	0	0	0	0
1634278465.49	300	12	0.0	243865	65	0.3	0	0	0	0
1634278465.7	300	16	0.0	220386	50	0.3	0	0	0	0
1634278465.84	300	20	0.0	223780	43	0.3	0	0	0	0
1634278465.98	300	24	0.0	230908	47	0.3	0	0	0	0
1634278466.13	300	28	0.0	243834	43	0.3	0	0	0	0
1634278466.26	300	32	0.0	227454	36	0.3	0	0	0	0
1634278466.4	300	36	0.0	244114	41	0.3	0	0	0	0
1634278466.53	300	40	0.0	227021	27	0.3	0	0	0	0
1634278466.68	300	44	0.0	237387	48	0.3	0	0	0	0
1634278466.85	300	47.854946	0.0	226538	38	0.3	0	0	0	0
1634278466.98	300	51.733888	0.0	219929	43	0.3	0	0	0	0
1634278467.11	300	55.612572	0.0	225981	39	0.3	0	0	0	0
1634278467.25	300	59.451074	0.0	235362	38	0.3	0	0	0	0
1634278471.07	300	59.922748	0.0	228066	46	0.3	5.433	0	47	0
1634278475.27	300	59.659281	0.0	233092	50	0.3	9.433	1	167	29.75
1634278478.99	300	59.959864	0.0	250342	30	0.3	13.434	1	287	29.99250187453137
1634278483.23	300	59.7	0.0	234538	51	0.3	17.433	1	407	30.00750187546886
1634278487.44	300	59.435629	0.0	234846	43	0.3	21.434	1	527	29.992501874531357
1634278491.16	300	59.746947	0.0	245620	42	0.3	25.435	1	647	29.992501874531385
1634278495.42	300	59.476616	0.0	238459	87	0.3	29.435	1	767	30
1634278499.12	300	59.78022	0.0	234371	37	0.3	33.434	1	887	30.007501875468876
1634278503.33	300	59.512271	0.0	238479	32	0.3	37.435	1	1007	29.99250187453133
1634278507.03	300	59.81612	0.0	235849	56	0.3	41.435	1	1127	30
1634278511.25	300	59.553941	0.0	227048	60	0.3	45.435	1	1247	30
1634278514.97	300	59.847351	0.0	241747	39	0.3	49.439	1	1367	29.970029970029987
1634278519.14	300	59.595525	0.0	226846	58	0.3	53.44	1	1487	29.992501874531385
1634278522.81	300	59.906182	0.0	240073	43	0.3	57.439	1	1607	30.00750187546885
1634278527.0	300	59.955369	0.0	224865	49	0.3	61.44	1	1727	29.992501874531385
1634278531.23	300	59.68932	0.0	223555	51	0.3	65.44	1	1847	30
1634278534.96	300	59.989619	0.0	236661	40	0.3	69.441	1	1967	29.99250187453133
1634278539.17	300	59.72919	0.0	224869	60	0.3	73.441	1	2087	30
1634278543.4	300	59.461346	0.0	220416	13	0.3	77.441	1	2207	30
1634278547.19	300	59.755448	0.0	232283	55	0.3	81.446	1	2327	29.962546816479435
1634278551.41	300	59.488997	0.0	216316	51	0.3	85.446	1	2447	30
1634278555.1	300	59.787623	0.0	221305	8	0.3	89.446	1	2567	30
1634278559.3	300	59.513706	0.0	225701	39	0.3	93.447	1	2687	29.99250187453133
1634278563.0	300	59.815664	0.0	232001	39	0.3	97.447	1	2807	30
1634278567.19	300	59.571132	0.0	225146	38	0.3	101.461	1	2928	30.14449427005484
1634278570.89	300	59.864216	0.0	234577	42	0.3	105.461	1	3048	30
1634278575.05	300	59.891653	0.0	231377	38	0.3	109.462	1	3168	29.99250187453133
1634278579.22	300	59.667074	0.0	236166	39	0.3	113.462	1	3288	30
1634278583.44	300	59.443382	0.0	218149	35	0.3	117.462	1	3408	30
1634278587.15	300	59.773333	0.0	228342	48	0.3	121.462	1	3528	30
