1634250274.4	750	4	0.163	428437	68	-0.6959	0	0	0	0
1634250274.98	1850	8	0.0	2194849	371	0.75	0	0	0	0
1634250275.52	1850	12	0.0	2241724	362	1.85	0	0	0	0
1634250276.06	1850	15.872597	0.0	2191337	363	1.85	0	0	0	0
1634250276.57	1850	19.346731	0.0	2191196	348	1.85	0	0	0	0
1634250277.13	1850	22.82255	0.0	2214251	361	1.85	0	0	0	0
1634250277.69	1850	26.257322	0.0	2177842	351	1.85	0	0	0	0
1634250278.18	1850	29.768643	0.0	2228366	307	1.85	5.209	0	55	0
1634250278.74	1850	33.203459	0.0	2144748	348	1.85	5.209	0	55	0
1634250279.29	1850	36.637582	0.0	2196481	340	1.85	5.209	0	55	0
1634250279.83	1850	40.113562	0.0	2179785	328	1.85	5.209	0	55	0
1634250280.41	1850	43.548721	0.0	2232134	358	1.85	5.209	0	55	0
1634250280.97	1850	46.944109	0.0	2239109	359	1.85	5.209	0	55	0
1634250281.47	1850	50.460753	0.0	2148555	331	1.85	5.209	0	55	0
1634250282.02	1850	53.936662	0.0	2164111	331	1.85	9.208	1	175	29.757439359839957
1634250282.59	1850	57.332126	0.0	2229209	333	1.85	9.208	1	175	29.757439359839957
1634250284.13	1850	59.868409	0.0	2163625	352	1.85	9.208	1	175	29.757439359839957
1634250288.22	1850	59.890726	0.0	2211517	344	1.85	13.209	1	295	29.99250187453137
1634250292.31	1850	59.630693	0.0	2153910	331	1.85	17.209	1	415	30
1634250296.35	1850	59.662977	0.0	2138318	351	1.85	21.209	1	535	30
1634250300.39	1850	59.741523	0.0	2275149	338	1.85	25.209	1	655	30
1634250304.55	1850	59.485537	0.0	2272623	371	1.85	29.209	1	775	30
1634250308.57	1850	59.513598	0.0	2270492	353	1.85	33.21	1	895	29.992501874531357
1634250312.11	1850	59.856922	0.0	2179932	340	1.85	37.21	1	1015	30
1634250316.22	1850	59.886244	0.0	2161125	345	1.85	41.21	1	1135	30
1634250320.26	1850	59.939767	0.0	2116735	321	1.85	45.216	1	1256	30.20469296055916
1634250324.37	1850	59.725018	0.0	2166791	333	1.85	49.211	1	1375	29.787234042553212
1634250328.41	1850	59.760918	0.0	2121825	358	1.85	53.211	1	1495	30
1634250332.44	1850	59.513697	0.0	2230670	312	1.85	57.211	1	1615	30
1634250336.06	1850	59.911968	0.0	2208872	337	1.85	61.212	1	1735	29.99250187453133
1634250340.5	1850	59.929601	0.0	2283966	373	1.85	65.211	1	1855	30.007501875468904
1634250344.18	1850	59.884525	0.0	2257313	348	1.85	69.215	1	1976	30.219780219780183
1634250348.21	1850	59.905201	0.0	2165733	357	1.85	73.213	1	2095	29.76488244122068
1634250352.35	1850	59.664123	0.0	2085175	282	1.85	77.214	1	2215	29.99250187453133
1634250355.94	1850	59.977297	0.0	2307215	354	1.85	81.214	1	2336	30.25
1634250360.51	1850	59.436744	0.0	2229829	334	1.85	85.214	1	2456	30
1634250364.56	1850	59.468804	0.0	2148822	344	1.85	89.214	1	2575	29.75
1634250368.29	1850	59.78388	0.0	2199496	428	1.85	93.214	2	2695	29.75
1634250372.35	1850	59.570349	0.0	2249490	349	1.85	97.216	2	2816	30.234882558720674
1634250376.37	1850	59.604289	0.0	2138617	343	1.85	101.216	2	2936	30
1634250380.46	1850	59.633334	0.0	2164190	321	1.85	105.217	2	3056	29.99250187453133
1634250384.05	1850	59.98299	0.0	2272961	333	1.85	109.223	2	3176	29.955067398901647
1634250388.58	1850	59.440363	0.0	2276641	358	1.85	113.218	2	3296	30.03754693366705
1634250392.87	1850	59.507055	0.0	2257099	361	1.85	117.218	2	3416	30
1634250396.19	1850	59.939531	0.0	2268884	252	1.85	121.226	2	3536	29.940119760479075
