1634278699.43	750	4	0.162	428437	83	-0.6916	0	0	0	0
1634278699.6	300	8	0.0	230725	56	-0.15000000000000002	0	0	0	0
1634278699.74	300	12	0.0	243865	34	0.3	0	0	0	0
1634278699.9	300	16	0.0	220386	36	0.3	0	0	0	0
1634278700.06	300	19.995235	0.0	223780	56	0.3	0	0	0	0
1634278700.22	300	23.833334	0.0	230908	46	0.3	0	0	0	0
1634278700.38	300	27.630777	0.0	243834	23	0.3	0	0	0	0
1634278700.51	300	31.510004	0.0	227454	37	0.3	0	0	0	0
1634278700.64	300	35.389094	0.0	244114	39	0.3	0	0	0	0
1634278700.79	300	39.22814	0.0	227021	43	0.3	0	0	0	0
1634278700.92	300	43.106397	0.0	237387	42	0.3	0	0	0	0
1634278701.06	300	46.985469	0.0	226538	41	0.3	0	0	0	0
1634278701.2	300	50.824393	0.0	219929	39	0.3	0	0	0	0
1634278701.33	300	54.703534	0.0	225981	35	0.3	0	0	0	0
1634278701.47	300	58.542297	0.0	235362	43	0.3	0	0	0	0
1634278704.67	300	59.492705	0.0	228066	39	0.3	4.632	0	85	0
1634278708.39	300	59.794518	0.0	233092	52	0.3	8.631	0	205	30.00750187546886
1634278712.57	300	59.520598	0.0	250342	43	0.3	12.632	0	325	29.99250187453137
1634278716.27	300	59.820685	0.0	234538	40	0.3	16.632	0	445	29.999999999999986
1634278720.52	300	59.835144	0.0	234846	32	0.3	20.632	0	565	30
1634278724.23	300	59.838983	0.0	245620	47	0.3	24.632	0	685	30
1634278728.42	300	59.847717	0.0	238459	45	0.3	28.633	0	805	29.992501874531385
1634278732.62	300	59.610866	0.0	234371	60	0.3	32.633	0	925	29.999999999999975
1634278736.27	300	59.953813	0.0	238479	4	0.3	36.635	0	1045	29.98500749625191
1634278740.44	300	59.7239	0.0	235849	45	0.3	40.654	0	1166	30.106991789002198
1634278744.64	300	59.497532	0.0	227048	38	0.3	44.654	0	1286	30
1634278748.31	300	59.827432	0.0	241747	36	0.3	48.654	0	1406	30
1634278752.52	300	59.603977	0.0	226846	42	0.3	52.654	0	1526	30
1634278756.23	300	59.910645	0.0	240073	50	0.3	56.654	0	1646	30
1634278760.43	300	59.68291	0.0	224865	54	0.3	60.654	0	1766	30
1634278764.64	300	59.453043	0.0	223555	39	0.3	64.655	0	1886	29.992501874531385
1634278768.35	300	59.75521	0.0	236661	38	0.3	68.654	0	2006	30.007501875468904
1634278772.58	300	59.495499	0.0	224869	33	0.3	72.655	0	2126	29.99250187453133
1634278776.27	300	59.794285	0.0	220416	45	0.3	76.655	0	2246	30
1634278780.45	300	59.819609	0.0	232283	37	0.3	80.656	0	2366	29.99250187453133
1634278784.64	300	59.553964	0.0	216316	42	0.3	84.656	0	2486	30
1634278788.35	300	59.86216	0.0	221305	19	0.3	88.656	0	2606	30
1634278792.54	300	59.596711	0.0	225701	47	0.3	92.657	0	2726	29.99250187453144
1634278796.22	300	59.894827	0.0	232001	36	0.3	96.657	0	2846	30
1634278800.45	300	59.629822	0.0	225146	35	0.3	100.657	0	2966	30
1634278804.61	300	59.444413	0.0	234577	39	0.3	104.658	0	3086	29.99250187453133
1634278808.31	300	59.776526	0.0	231377	28	0.3	108.661	0	3206	29.977516862353234
1634278812.47	300	59.797215	0.0	236166	42	0.3	112.661	0	3326	30
1634278816.66	300	59.569506	0.0	218149	26	0.3	116.66	0	3446	30.007501875468904
1634278820.32	300	59.905172	0.0	228342	41	0.3	120.661	0	3566	29.99250187453133
