1634564525.47	750	4	0.702	3036909	502	-3.0136	0	0	0	0
1634564526.26	2850	8	0.0	3386615	544	0.75	0	0	0	0
1634564527.06	2850	12	0.0	3586104	601	2.85	0	0	0	0
1634564527.91	2850	15.233334	0.0	3501908	529	2.85	0	0	0	0
1634564528.71	2850	18.374183	0.0	3531955	598	2.85	5.189	2	32	0
1634564529.54	2850	21.566894	0.0	3444309	551	2.85	5.189	2	32	0
1634564530.29	2850	24.800843	0.0	3205998	551	2.85	5.189	2	32	0
1634564531.04	2850	28.075321	0.0	3248360	523	2.85	5.189	2	32	0
1634564531.85	2850	31.227328	0.0	3555680	606	2.85	5.189	2	32	0
1634564532.66	2850	34.459768	0.0	3546563	577	2.85	9.188	2	152	30.00750187546886
1634564533.5	2850	37.608259	0.0	3539598	573	2.85	9.188	2	152	30.00750187546886
1634564534.32	2850	40.800972	0.0	3476933	592	2.85	9.188	2	152	30.00750187546886
1634564535.17	2850	43.953762	0.0	3620433	614	2.85	9.188	2	152	30.00750187546886
1634564535.94	2850	47.146976	0.0	3190654	554	2.85	9.188	2	152	30.00750187546886
