1634268234.1	750	4	0.198	486588	94	-0.8463999999999999	0	0	0	0
1634268234.3	300	8	0.0	518070	73	-0.15000000000000002	0	0	0	0
1634268234.48	300	12	0.0	488296	81	0.3	0	0	0	0
1634268234.69	300	16	0.0	505467	85	0.3	0	0	0	0
1634268234.85	300	20	0.0	474784	72	0.3	0	0	0	0
1634268235.02	300	24	0.0	523060	79	0.3	0	0	0	0
1634268235.19	300	28	0.0	475799	75	0.3	0	0	0	0
1634268235.36	300	32	0.0	494810	63	0.3	0	0	0	0
1634268235.55	300	36	0.0	509476	79	0.3	0	0	0	0
1634268235.73	300	40	0.0	459558	71	0.3	0	0	0	0
1634268235.93	300	43.83587	0.0	502767	82	0.3	0	0	0	0
1634268236.13	300	47.63434	0.0	488586	80	0.3	0	0	0	0
1634268236.33	300	51.473313	0.0	481440	72	0.3	0	0	0	0
1634268236.51	300	55.271396	0.0	508546	77	0.3	0	0	0	0
1634268236.7	300	59.070041	0.0	510083	70	0.3	0	0	0	0
1634268240.42	300	59.461269	0.0	488713	77	0.3	5.219	0	98	0
1634268244.13	300	59.783334	0.0	468254	75	0.3	9.218	0	338	60.01500375093774
1634268248.37	300	59.533334	0.0	516536	77	0.3	13.218	0	578	60
1634268252.08	300	59.859959	0.0	479697	81	0.3	17.218	0	818	60
1634268256.32	300	59.612277	0.0	500854	77	0.3	21.218	0	1058	60
1634268260.06	300	59.927874	0.0	496587	86	0.3	25.218	0	1298	60
1634268264.3	300	59.670582	0.0	479350	88	0.3	29.219	0	1538	59.98500374906271
1634268268.09	300	59.980606	0.0	520120	90	0.3	33.219	0	1778	60
1634268272.31	300	59.72078	0.0	515394	77	0.3	37.219	0	2018	60
1634268276.54	300	59.454718	0.0	480696	76	0.3	41.219	0	2258	60
1634268280.37	300	59.480602	0.0	481433	80	0.3	45.221	0	2498	59.97001499250382
1634268284.14	300	59.835707	0.0	494650	74	0.3	49.219	0	2738	60.030015007503685
1634268288.37	300	59.61372	0.0	499761	79	0.3	53.219	0	2978	60
1634268292.12	300	59.922114	0.0	501070	74	0.3	57.22	0	3218	59.98500374906277
1634268295.86	300	59.95	0.0	489874	70	0.3	61.22	0	3458	60
1634268300.08	300	59.973439	0.0	488718	83	0.3	65.221	0	3698	59.98500374906266
1634268303.83	300	59.99488	0.0	509088	82	0.3	69.22	0	3938	60.01500375093781
1634268308.09	300	59.731669	0.0	494764	79	0.3	73.221	0	4178	59.98500374906266
1634268312.32	300	59.47185	0.0	488570	77	0.3	77.222	0	4418	59.98500374906288
1634268316.05	300	59.7836	0.0	474638	81	0.3	81.221	0	4658	60.015003750937595
1634268320.31	300	59.522054	0.0	473808	104	0.3	85.221	0	4898	60
1634268324.03	300	59.819797	0.0	484371	78	0.3	89.222	0	5138	59.98500374906288
1634268328.28	300	59.557861	0.0	496055	90	0.3	93.222	0	5378	60
1634268332.01	300	59.864418	0.0	490794	58	0.3	97.222	0	5618	60
1634268336.24	300	59.611755	0.0	488697	95	0.3	101.223	0	5858	59.98500374906266
1634268339.97	300	59.920597	0.0	490627	78	0.3	105.223	0	6098	60
1634268344.21	300	59.661487	0.0	493233	81	0.3	109.224	0	6338	59.98500374906266
1634268347.95	300	59.971217	0.0	491640	89	0.3	113.224	0	6578	60
1634268352.16	300	59.757227	0.0	477722	63	0.3	117.224	0	6818	60
1634268356.44	300	59.5	0.0	498333	82	0.3	121.231	0	7059	60.14474669328688
