1634250967.29	750	4	0.172	428437	77	-0.7346	0	0	0	0
1634250967.64	1200	8	0.0	1070596	152	0.75	0	0	0	0
1634250967.92	1200	12	0.0	1102185	172	1.2	0	0	0	0
1634250968.2	1200	16	0.0	1050918	161	1.2	0	0	0	0
1634250968.48	1200	20	0.0	1076009	170	1.2	0	0	0	0
1634250968.77	1200	24	0.0	1074962	184	1.2	0	0	0	0
1634250969.11	1200	27.715851	0.0	1089013	193	1.2	0	0	0	0
1634250969.41	1200	31.393647	0.0	1085191	175	1.2	0	0	0	0
1634250969.7	1200	35.108994	0.0	1067569	162	1.2	0	0	0	0
1634250970.01	1200	38.787029	0.0	1068135	165	1.2	0	0	0	0
1634250970.3	1200	42.504949	0.0	1112498	170	1.2	0	0	0	0
1634250970.65	1200	46.181884	0.0	1102305	177	1.2	5.127	0	54	0
1634250970.99	1200	49.818838	0.0	1058097	32	1.2	5.127	0	54	0
1634250971.26	1200	53.53647	0.0	1067149	165	1.2	5.127	0	54	0
1634250971.56	1200	57.253588	0.0	1065119	161	1.2	5.127	0	54	0
1634250973.36	1200	59.471131	0.0	1079756	147	1.2	5.127	0	54	0
1634250977.22	1200	59.811372	0.0	1099272	182	1.2	9.128	0	174	29.992501874531364
1634250981.04	1200	59.837553	0.0	1076487	168	1.2	13.13	0	294	29.985007496251868
1634250984.96	1200	59.861038	0.0	1074867	208	1.2	17.131	0	414	29.99250187453137
1634250989.27	1200	59.621837	0.0	1047892	176	1.2	21.13	0	534	30.007501875468876
1634250993.1	1200	59.94255	0.0	1079491	163	1.2	25.131	0	654	29.992501874531357
1634250997.52	1200	59.438837	0.0	1168595	197	1.2	29.131	0	774	30
1634251001.44	1200	59.533672	0.0	1155651	178	1.2	33.131	0	894	30
1634251005.28	1200	59.541831	0.0	1068823	169	1.2	37.131	0	1014	30
1634251009.22	1200	59.587902	0.0	1083472	18	1.2	41.132	0	1134	29.992501874531385
1634251013.08	1200	59.892605	0.0	1069893	172	1.2	45.133	0	1254	29.99250187453133
1634251017.03	1200	59.946723	0.0	1072481	173	1.2	49.133	0	1374	30
1634251020.87	1200	59.970542	0.0	1056021	188	1.2	53.133	0	1494	30
1634251025.24	1200	59.721298	0.0	1088699	165	1.2	57.132	0	1614	30.007501875468904
1634251029.08	1200	59.741918	0.0	1069675	171	1.2	61.133	0	1734	29.99250187453133
1634251033.43	1200	59.48654	0.0	1102469	157	1.2	65.133	0	1854	30.000000000000053
1634251037.28	1200	59.787841	0.0	1136712	182	1.2	69.134	0	1974	29.99250187453133
1634251041.17	1200	59.83963	0.0	1076114	174	1.2	73.135	0	2094	29.99250187453133
1634251045.04	1200	59.859307	0.0	1045544	167	1.2	77.135	0	2214	30
1634251049.39	1200	59.589154	0.0	1122544	179	1.2	81.135	0	2334	30
1634251053.27	1200	59.594576	0.0	1061011	183	1.2	85.135	0	2454	30
1634251057.12	1200	59.912369	0.0	1059811	181	1.2	89.136	0	2574	29.99250187453144
1634251060.97	1200	59.930961	0.0	1073475	161	1.2	93.136	0	2694	30
1634251065.28	1200	59.687727	0.0	1094517	172	1.2	97.136	0	2814	30
1634251069.07	1200	59.730157	0.0	1082819	168	1.2	101.136	0	2934	30
1634251073.38	1200	59.507348	0.0	1068766	160	1.2	105.137	0	3054	29.99250187453133
1634251077.26	1200	59.811822	0.0	1111544	170	1.2	109.138	0	3174	29.99250187453133
1634251081.13	1200	59.832056	0.0	1172967	183	1.2	113.138	0	3294	30
1634251084.93	1200	59.882277	0.0	1102175	179	1.2	117.139	0	3414	29.99250187453144
1634251089.26	1200	59.671275	0.0	1099116	168	1.2	121.138	0	3534	30.007501875468797
