1634562910.86	750	4	0.752	3036909	549	-3.2286	0	0	0	0
1634562911.68	2850	7.918505	0.0	3386615	599	0.75	0	0	0	0
1634562912.5	2850	11.111488	0.0	3586104	602	2.85	0	0	0	0
1634562913.33	2850	14.262002	0.0	3501908	603	2.85	0	0	0	0
1634562914.14	2850	17.45417	0.0	3531955	599	2.85	5.091	0	65	0
1634562915.22	2850	20.366667	0.0	3444309	834	2.85	5.091	0	65	0
1634562916.02	2850	23.556222	0.0	3205998	610	2.85	5.091	0	65	0
1634562916.83	2850	26.748631	0.0	3248360	570	2.85	5.091	0	65	0
1634562917.87	2850	29.733334	0.0	3555680	799	2.85	9.091	0	185	30.000000000000007
1634562918.75	2850	32.849549	0.0	3546563	633	2.85	9.091	0	185	30.000000000000007
1634562919.73	2850	35.84026	0.0	3539598	719	2.85	9.091	0	185	30.000000000000007
1634562920.65	2850	38.95014	0.0	3476933	684	2.85	9.091	0	185	30.000000000000007
1634562921.56	2850	42.066667	0.0	3620433	642	2.85	9.091	0	185	30.000000000000007
1634562922.27	2850	45.333751	0.0	3190654	508	2.85	13.091	2	305	29.5
1634562923.04	2850	48.565766	0.0	3399357	542	2.85	13.091	2	305	29.5
1634562923.84	2850	51.758782	0.0	3569058	586	2.85	13.091	2	305	29.5
1634562924.59	2850	54.99092	0.0	3287978	531	2.85	13.091	2	305	29.5
1634562925.37	2850	58.223789	0.0	3475297	559	2.85	13.091	2	305	29.5
1634562927.68	2850	59.915404	0.0	3296099	552	2.85	17.092	2	425	29.99250187453137
1634562932.01	2850	59.627845	0.0	3293432	531	2.85	21.092	2	545	30
1634562935.83	2850	59.924227	0.0	3414567	552	2.85	25.092	2	665	30
1634562939.73	2850	59.964051	0.0	3553990	652	2.85	29.092	2	785	30
1634562943.62	2850	59.976817	0.0	3427270	622	2.85	33.092	2	905	30
1634562948.05	2850	59.733334	0.0	3464546	601	2.85	37.093	3	1025	29.742564358910236
1634562952.01	2850	59.770011	0.0	3459464	672	2.85	41.094	3	1145	29.992501874531385
1634562955.94	2850	59.809403	0.0	3432163	601	2.85	45.097	3	1265	29.977516862353234
1634562959.81	2850	59.833334	0.0	3415309	629	2.85	49.101	3	1385	29.970029970029987
1634562963.92	2850	59.805994	0.0	3418924	743	2.85	53.102	5	1505	29.492626843289194
1634562967.83	2850	59.855787	0.0	3506963	592	2.85	57.102	5	1625	30
1634562971.71	2850	59.929686	0.0	3411457	606	2.85	61.102	5	1745	30
1634562976.19	2850	59.449313	0.0	3568841	680	2.85	65.102	5	1865	29.999999999999947
1634562980.22	2850	59.466667	0.0	3815334	733	2.85	69.103	5	1985	29.99250187453144
1634562984.16	2850	59.549965	0.0	3107165	702	2.85	73.103	5	2105	30
1634562988.01	2850	59.847676	0.0	3148294	548	2.85	77.102	6	2225	29.75743935983989
1634562991.86	2850	59.864279	0.0	3479484	573	2.85	81.103	6	2345	29.99250187453144
1634562995.77	2850	59.879433	0.0	3598947	590	2.85	85.103	6	2465	30
1634563000.06	2850	59.595205	0.0	3497759	562	2.85	89.103	6	2585	30
1634563003.94	2850	59.895014	0.0	3344024	629	2.85	93.104	6	2705	29.99250187453133
1634563007.87	2850	59.916217	0.0	3478234	646	2.85	97.104	6	2825	30
1634563011.82	2850	59.965277	0.0	3327377	645	2.85	101.104	6	2945	30
1634563015.72	2850	59.985438	0.0	3297178	620	2.85	105.105	6	3065	29.99250187453133
1634563020.12	2850	59.764391	0.0	3549847	555	2.85	109.105	6	3185	30
1634563024.01	2850	59.824275	0.0	3747189	611	2.85	113.105	6	3305	30
1634563027.88	2850	59.83852	0.0	3482342	561	2.85	117.106	6	3425	29.99250187453144
1634563031.92	2850	59.890626	0.0	3508126	738	2.85	121.106	6	3545	30
