1634246761.92	750	4	0.183	486588	91	-0.7818999999999999	0	0	0	0
1634246763.24	2850	7.266667	0.0	5862628	1003	0.75	0	0	0	0
1634246764.49	2850	10.033334	0.0	5992376	964	2.85	0	0	0	0
1634246765.76	2850	12.766667	0.0	5878425	979	2.85	4.594	14	177	0
1634246767.0	2850	15.566667	0.0	5829325	897	2.85	4.594	14	177	0
1634246768.29	2850	18.233334	0.0	5866019	932	2.85	4.594	14	177	0
1634246769.47	2850	21.05	0.0	5788613	907	2.85	8.594	60	416	48.250000000000014
1634246770.73	2850	23.783334	0.0	5923161	943	2.85	8.594	60	416	48.250000000000014
1634246772.02	2850	26.483334	0.0	5919519	1016	2.85	8.594	60	416	48.250000000000014
1634246773.27	2850	29.3	0.0	5874891	920	2.85	8.594	60	416	48.250000000000014
1634246774.55	2850	32	0.0	5870140	963	2.85	12.595	104	654	48.48787803049236
1634246775.79	2850	34.783334	0.0	5824696	923	2.85	12.595	104	654	48.48787803049236
1634246777.02	2850	37.5	0.0	5848658	929	2.85	12.595	104	654	48.48787803049236
1634246778.23	2850	40.283334	0.0	5692580	908	2.85	16.595	161	897	46.50000000000002
1634246779.5	2850	43.033334	0.0	5914474	966	2.85	16.595	161	897	46.50000000000002
1634246780.7	2850	45.833334	0.0	5868708	919	2.85	16.595	161	897	46.50000000000002
1634246781.95	2850	48.583334	0.0	5919318	963	2.85	20.595	203	1137	49.5
1634246783.28	2850	51.3	0.0	5962265	980	2.85	20.595	203	1137	49.5
1634246784.52	2850	54.05	0.0	5896498	933	2.85	20.595	203	1137	49.5
1634246785.8	2850	56.783334	0.0	5766523	925	2.85	24.596	253	1377	47.48812796800798
1634246787.01	2850	59.5	0.0	5865643	933	2.85	24.596	253	1377	47.48812796800798
1634246790.82	2850	59.688399	0.0	6132065	968	2.85	28.596	303	1617	47.5
1634246795.12	2850	59.430635	0.0	5773166	942	2.85	32.596	319	1857	56.00000000000005
1634246798.84	2850	59.781227	0.0	5854602	930	2.85	36.597	327	2097	57.98550362409391
1634246803.12	2850	59.440957	0.0	5829201	933	2.85	40.597	342	2337	56.25
1634246806.88	2850	59.754371	0.0	5605227	916	2.85	44.598	359	2577	55.736065983504155
1634246810.66	2850	59.813914	0.0	5796172	918	2.85	48.598	372	2817	56.75
1634246814.96	2850	59.601643	0.0	5691022	913	2.85	52.598	394	3057	54.5
1634246818.74	2850	59.957446	0.0	5820294	902	2.85	56.599	409	3297	56.235941014746345
1634246822.51	2850	59.985302	0.0	5894902	918	2.85	60.6	425	3537	55.986003499125154
1634246826.88	2850	59.676857	0.0	6009258	1016	2.85	64.6	442	3777	55.7500000000001
1634246830.49	2850	59.950528	0.0	5894492	1240	2.85	68.6	461	4018	55.5
1634246834.78	2850	59.686276	0.0	5389605	942	2.85	72.601	473	4258	56.98575356160953
1634246838.49	2850	59.990764	0.0	5561198	903	2.85	76.6	481	4498	58.01450362590655
1634246842.84	2850	59.739718	0.0	5973981	981	2.85	80.601	494	4738	56.735816045988436
1634246847.08	2850	59.48113	0.0	5807342	927	2.85	84.602	509	4978	56.235941014746246
1634246850.87	2850	59.784049	0.0	5705281	914	2.85	88.601	521	5218	57.014253563390916
1634246855.09	2850	59.476082	0.0	5574779	889	2.85	92.601	531	5458	57.5
1634246858.85	2850	59.784714	0.0	5738555	945	2.85	96.602	541	5698	57.48562859285172
1634246863.12	2850	59.476039	0.0	5689582	919	2.85	100.602	556	5938	56.25
1634246866.82	2850	59.783732	0.0	5554537	895	2.85	104.602	567	6178	57.25
1634246871.15	2850	59.444642	0.0	5878688	943	2.85	108.603	582	6418	56.235941014746444
1634246874.92	2850	59.750212	0.0	5895798	958	2.85	112.604	589	6658	58.235441139715
1634246879.15	2850	59.494289	0.0	5563862	856	2.85	116.604	605	6898	56
1634246882.94	2850	59.603795	0.0	5839216	961	2.85	120.604	619	7138	56.5
