1634271323.48	750	4	0.184	428437	68	-0.7861999999999999	0	0	0	0
1634271323.69	750	8	0.0	427397	66	0.75	0	0	0	0
1634271323.91	750	12	0.0	435939	66	0.75	0	0	0	0
1634271324.08	750	16	0.0	420508	56	0.75	0	0	0	0
1634271324.25	750	20	0.0	431392	82	0.75	0	0	0	0
1634271324.42	750	24	0.0	442512	72	0.75	0	0	0	0
1634271324.6	750	28	0.0	450465	73	0.75	0	0	0	0
1634271324.8	750	32	0.0	454724	82	0.75	0	0	0	0
1634271325.0	750	36	0.0	440962	77	0.75	0	0	0	0
1634271325.21	750	39.996131	0.0	433775	70	0.75	0	0	0	0
1634271325.38	750	43.834503	0.0	445796	68	0.75	0	0	0	0
1634271325.55	750	47.633334	0.0	436832	74	0.75	0	0	0	0
1634271325.76	750	51.431255	0.0	432476	73	0.75	0	0	0	0
1634271325.93	750	55.269959	0.0	422635	70	0.75	0	0	0	0
1634271326.11	750	59.068649	0.0	433467	70	0.75	0	0	0	0
1634271329.85	750	59.462127	0.0	430697	74	0.75	5.308	0	45	0
1634271333.58	750	59.764281	0.0	440079	82	0.75	9.309	0	165	29.99250187453137
1634271337.87	750	59.492295	0.0	448764	56	0.75	13.309	0	285	30
1634271341.61	750	59.789703	0.0	451052	67	0.75	17.309	0	405	29.999999999999986
1634271345.86	750	59.526866	0.0	434071	107	0.75	21.31	0	525	29.992501874531385
1634271349.58	750	59.824542	0.0	440125	59	0.75	25.31	0	645	30
1634271353.36	750	59.873342	0.0	467521	97	0.75	29.311	0	765	29.992501874531357
1634271357.58	750	59.613732	0.0	453405	70	0.75	33.31	0	885	30.00750187546885
1634271361.34	750	59.913022	0.0	437659	69	0.75	37.311	0	1005	29.992501874531385
1634271365.58	750	59.643234	0.0	426987	70	0.75	41.311	0	1125	30
1634271369.28	750	59.953869	0.0	432295	54	0.75	45.312	0	1245	29.992501874531385
1634271373.51	750	59.982428	0.0	432130	68	0.75	49.312	0	1365	30
1634271377.73	750	59.716303	0.0	425788	67	0.75	53.312	0	1485	30
1634271381.44	750	59.745718	0.0	435574	80	0.75	57.313	0	1605	29.99250187453133
1634271385.72	750	59.771154	0.0	420051	82	0.75	61.313	0	1725	30
1634271389.43	750	59.786929	0.0	438225	68	0.75	65.314	0	1845	29.99250187453144
1634271393.69	750	59.52545	0.0	445487	68	0.75	69.314	0	1965	30
1634271397.41	750	59.829254	0.0	431544	78	0.75	73.315	0	2085	29.99250187453133
1634271401.63	750	59.562561	0.0	413330	74	0.75	77.314	0	2205	30.007501875468904
1634271405.38	750	59.871508	0.0	443416	74	0.75	81.314	0	2325	30
1634271409.59	750	59.605489	0.0	427034	74	0.75	85.315	0	2445	29.99250187453133
1634271413.31	750	59.905618	0.0	420805	70	0.75	89.315	0	2565	30
1634271417.52	750	59.916282	0.0	432340	70	0.75	93.315	0	2685	30
1634271421.3	750	59.936859	0.0	445203	74	0.75	97.318	0	2805	29.977516862353234
1634271425.55	750	59.66901	0.0	428535	102	0.75	101.318	0	2925	30
1634271429.75	750	59.437226	0.0	432915	71	0.75	105.318	0	3045	30
1634271433.45	750	59.772046	0.0	440705	48	0.75	109.319	0	3165	29.99250187453133
1634271437.68	750	59.520453	0.0	464681	79	0.75	113.319	0	3285	30
1634271441.41	750	59.8223	0.0	432462	71	0.75	117.32	0	3405	29.99250187453144
1634271445.64	750	59.835795	0.0	443948	68	0.75	121.32	0	3525	30
