1634236112.56	750	4	0.235	486588	111	-1.0055	0	0	0	0
1634236112.8	300	8	0.0	518070	91	-0.15000000000000002	0	0	0	0
1634236113.06	300	12	0.0	488296	101	0.3	0	0	0	0
1634236113.27	300	16	0.0	505467	90	0.3	0	0	0	0
1634236113.45	300	20	0.0	474784	85	0.3	0	0	0	0
1634236113.66	300	24	0.0	523060	99	0.3	0	0	0	0
1634236113.85	300	28	0.0	475799	82	0.3	0	0	0	0
1634236114.06	300	31.955064	0.0	494810	105	0.3	0	0	0	0
1634236114.26	300	35.753263	0.0	509476	82	0.3	0	0	0	0
1634236114.47	300	39.551017	0.0	459558	75	0.3	0	0	0	0
1634236114.71	300	43.35	0.0	502767	93	0.3	0	0	0	0
1634236114.97	300	47.060436	0.0	488586	89	0.3	0	0	0	0
1634236115.16	300	50.857976	0.0	481440	88	0.3	0	0	0	0
1634236115.35	300	54.656263	0.0	508546	89	0.3	0	0	0	0
1634236115.53	300	58.494077	0.0	510083	91	0.3	0	0	0	0
1634236118.76	300	59.450861	0.0	488713	83	0.3	5.381	0	109	0
1634236122.48	300	59.753578	0.0	468254	76	0.3	9.381	0	349	60
1634236126.72	300	59.497567	0.0	516536	92	0.3	13.381	0	589	60
1634236130.45	300	59.815126	0.0	479697	92	0.3	17.382	0	829	59.98500374906271
1634236134.21	300	59.838247	0.0	500854	97	0.3	21.382	0	1069	60
1634236138.48	300	59.579672	0.0	496587	86	0.3	25.382	0	1309	60
1634236142.21	300	59.897424	0.0	479350	86	0.3	29.383	0	1549	59.98500374906277
1634236146.43	300	59.636025	0.0	520120	85	0.3	33.384	0	1789	59.98500374906271
1634236150.19	300	59.946094	0.0	515394	70	0.3	37.384	0	2029	60
1634236154.47	300	59.687018	0.0	480696	110	0.3	41.385	0	2269	59.98500374906277
1634236158.21	300	59.996234	0.0	481433	97	0.3	45.39	0	2510	60.174781523096094
1634236162.43	300	59.736012	0.0	494650	79	0.3	49.386	0	2749	59.80980980980978
1634236166.69	300	59.510264	0.0	499761	83	0.3	53.386	0	2989	60
1634236170.44	300	59.813988	0.0	501070	63	0.3	57.386	0	3229	60
1634236174.67	300	59.554879	0.0	489874	81	0.3	61.386	0	3469	60
1634236178.39	300	59.889387	0.0	488718	83	0.3	65.387	0	3709	59.98500374906277
1634236182.13	300	59.911581	0.0	509088	93	0.3	69.402	0	3950	60.02490660024906
1634236186.39	300	59.639716	0.0	494764	87	0.3	73.402	0	4190	60
1634236190.11	300	59.945819	0.0	488570	90	0.3	77.403	0	4430	59.98500374906266
1634236194.35	300	59.695745	0.0	474638	95	0.3	81.403	0	4670	60
1634236198.09	300	59.998423	0.0	473808	83	0.3	85.402	0	4910	60.01500375093781
1634236202.31	300	59.736825	0.0	484371	79	0.3	89.403	0	5150	59.98500374906266
1634236206.55	300	59.479431	0.0	496055	91	0.3	93.403	0	5390	60
1634236210.3	300	59.819854	0.0	490794	77	0.3	97.404	0	5630	59.98500374906288
1634236214.52	300	59.560925	0.0	488697	89	0.3	101.405	0	5870	59.98500374906266
1634236218.27	300	59.894037	0.0	490627	99	0.3	105.405	0	6110	60
1634236222.47	300	59.635222	0.0	493233	78	0.3	109.404	0	6350	60.01500375093781
1634236226.18	300	59.940967	0.0	491640	85	0.3	113.405	0	6591	60.234941264683755
1634236230.38	300	59.683334	0.0	477722	90	0.3	117.406	0	6831	59.98500374906266
1634236234.15	300	59.995011	0.0	498333	90	0.3	121.405	0	7071	60.01500375093781
