1634236579.37	750	4	0.187	486588	92	-0.7991	0	0	0	0
1634236579.59	300	8	0.0	518070	95	-0.15000000000000002	0	0	0	0
1634236579.77	300	12	0.0	488296	77	0.3	0	0	0	0
1634236579.97	300	16	0.0	505467	98	0.3	0	0	0	0
1634236580.18	300	19.835594	0.0	474784	85	0.3	0	0	0	0
1634236580.41	300	23.6337	0.0	523060	100	0.3	0	0	0	0
1634236580.63	300	27.430315	0.0	475799	89	0.3	0	0	0	0
1634236580.87	300	31.188307	0.0	494810	91	0.3	0	0	0	0
1634236581.11	300	34.946136	0.0	509476	94	0.3	0	0	0	0
1634236581.3	300	38.744347	0.0	459558	73	0.3	0	0	0	0
1634236581.54	300	42.502487	0.0	502767	97	0.3	0	0	0	0
1634236581.8	300	46.259924	0.0	488586	99	0.3	0	0	0	0
1634236582.04	300	50.016905	0.0	481440	86	0.3	0	0	0	0
1634236582.25	300	53.774448	0.0	508546	97	0.3	0	0	0	0
1634236582.44	300	57.612967	0.0	510083	83	0.3	0	0	0	0
1634236584.68	300	59.462284	0.0	488713	100	0.3	4.642	0	165	0
1634236588.41	300	59.768478	0.0	468254	73	0.3	8.642	0	405	60.000000000000014
1634236592.7	300	59.545555	0.0	516536	64	0.3	12.642	0	645	60
1634236596.44	300	59.861551	0.0	479697	97	0.3	16.642	0	885	60
1634236600.21	300	59.878044	0.0	500854	88	0.3	20.642	0	1125	60
1634236604.45	300	59.612384	0.0	496587	90	0.3	24.642	0	1365	60
1634236608.21	300	59.919956	0.0	479350	83	0.3	28.642	0	1605	60
1634236612.45	300	59.66375	0.0	520120	87	0.3	32.643	0	1845	59.98500374906271
1634236616.18	300	59.968891	0.0	515394	88	0.3	36.643	0	2085	60
1634236620.42	300	59.709132	0.0	480696	81	0.3	40.644	0	2325	59.98500374906277
1634236624.64	300	59.445356	0.0	481433	79	0.3	44.645	0	2565	59.98500374906266
1634236628.41	300	59.753745	0.0	494650	104	0.3	48.644	0	2806	60.26506626656671
1634236632.69	300	59.487851	0.0	499761	92	0.3	52.645	0	3045	59.73506623344157
1634236636.5	300	59.800483	0.0	501070	103	0.3	56.645	0	3286	60.25
1634236640.22	300	59.860151	0.0	489874	83	0.3	60.645	0	3526	60
1634236644.46	300	59.595992	0.0	488718	80	0.3	64.645	0	3766	60.00000000000011
1634236648.19	300	59.892519	0.0	509088	82	0.3	68.646	0	4006	59.98500374906266
1634236652.42	300	59.642812	0.0	494764	88	0.3	72.647	0	4246	59.98500374906266
1634236656.18	300	59.987509	0.0	488570	55	0.3	76.647	0	4486	60
1634236660.41	300	59.720067	0.0	474638	90	0.3	80.647	0	4726	60
1634236664.64	300	59.451754	0.0	473808	83	0.3	84.647	0	4966	60
1634236668.37	300	59.795362	0.0	484371	80	0.3	88.648	0	5206	59.98500374906288
1634236672.67	300	59.52806	0.0	496055	129	0.3	92.656	0	5446	59.880239520957936
1634236676.43	300	59.837124	0.0	490794	96	0.3	96.656	0	5686	60
1634236680.17	300	59.861231	0.0	488697	84	0.3	100.656	0	5926	60
1634236684.4	300	59.883831	0.0	490627	86	0.3	104.656	0	6166	60
1634236688.13	300	59.909219	0.0	493233	83	0.3	108.657	0	6406	59.98500374906288
1634236692.38	300	59.930923	0.0	491640	87	0.3	112.657	0	6646	60
1634236696.12	300	59.962303	0.0	477722	95	0.3	116.658	0	6886	59.98500374906266
1634236700.34	300	59.701484	0.0	498333	87	0.3	120.658	0	7126	60
