1634249380.14	750	4	0.165	486588	92	-0.7045	0	0	0	0
1634249380.35	300	8	0.0	518070	81	-0.15000000000000002	0	0	0	0
1634249380.52	300	12	0.0	488296	74	0.3	0	0	0	0
1634249380.7	300	16	0.0	505467	77	0.3	0	0	0	0
1634249380.91	300	19.868317	0.0	474784	41	0.3	0	0	0	0
1634249381.09	300	23.707467	0.0	523060	73	0.3	0	0	0	0
1634249381.27	300	27.506067	0.0	475799	75	0.3	0	0	0	0
1634249381.49	300	31.303309	0.0	494810	77	0.3	0	0	0	0
1634249381.72	300	35.061078	0.0	509476	99	0.3	0	0	0	0
1634249381.93	300	38.858857	0.0	459558	63	0.3	0	0	0	0
1634249382.11	300	42.657055	0.0	502767	79	0.3	0	0	0	0
1634249382.37	300	46.413891	0.0	488586	80	0.3	0	0	0	0
1634249382.58	300	50.212322	0.0	481440	80	0.3	0	0	0	0
1634249382.82	300	53.97012	0.0	508546	81	0.3	0	0	0	0
1634249382.99	300	57.768189	0.0	510083	80	0.3	0	0	0	0
1634249385.19	300	59.701044	0.0	488713	74	0.3	4.64	0	172	0
1634249389.42	300	59.475648	0.0	468254	86	0.3	8.64	0	411	59.749999999999986
1634249393.18	300	59.813746	0.0	516536	93	0.3	12.639	0	652	60.26506626656666
1634249396.97	300	59.836459	0.0	479697	84	0.3	16.64	0	891	59.73506623344162
1634249401.19	300	59.86053	0.0	500854	84	0.3	20.639	0	1132	60.26506626656666
1634249404.93	300	59.892974	0.0	496587	86	0.3	24.64	0	1372	59.98500374906271
1634249409.15	300	59.637051	0.0	479350	73	0.3	28.64	0	1611	59.75
1634249412.89	300	59.940397	0.0	520120	79	0.3	32.64	0	1852	60.25
1634249417.2	300	59.709919	0.0	515394	73	0.3	36.641	0	2092	59.98500374906277
1634249421.47	300	59.450645	0.0	480696	95	0.3	40.641	0	2332	60
1634249425.21	300	59.752611	0.0	481433	90	0.3	44.643	0	2572	59.970014992503714
1634249429.47	300	59.493929	0.0	494650	80	0.3	48.643	0	2812	60
1634249433.22	300	59.793901	0.0	499761	61	0.3	52.645	0	3052	59.970014992503714
1634249437.43	300	59.535899	0.0	501070	71	0.3	56.646	0	3292	59.98500374906277
1634249441.16	300	59.83533	0.0	489874	71	0.3	60.646	0	3532	60
1634249444.91	300	59.887436	0.0	488718	76	0.3	64.646	0	3772	60
1634249449.19	300	59.619347	0.0	509088	90	0.3	68.647	0	4012	59.98500374906266
1634249452.96	300	59.914145	0.0	494764	84	0.3	72.647	0	4252	60
1634249457.2	300	59.638331	0.0	488570	101	0.3	76.647	0	4492	60
1634249460.91	300	59.946543	0.0	474638	75	0.3	80.647	0	4732	60
1634249465.14	300	59.686087	0.0	473808	88	0.3	84.647	0	4972	60
1634249468.87	300	59.992261	0.0	484371	81	0.3	88.652	0	5212	59.92509363295887
1634249473.14	300	59.737867	0.0	496055	80	0.3	92.653	0	5452	59.98500374906266
1634249477.38	300	59.475625	0.0	490794	92	0.3	96.653	0	5692	60
1634249481.12	300	59.780834	0.0	488697	67	0.3	100.653	0	5932	60
1634249485.36	300	59.528295	0.0	490627	89	0.3	104.653	0	6172	60
1634249489.14	300	59.83874	0.0	493233	80	0.3	108.654	0	6412	59.98500374906288
1634249493.37	300	59.570855	0.0	491640	43	0.3	112.654	0	6652	60
1634249497.1	300	59.875995	0.0	477722	91	0.3	116.654	0	6892	60
1634249501.3	300	59.647349	0.0	498333	86	0.3	120.655	0	7132	59.98500374906266
