1634282575.13	750	4	0.235	428437	97	-1.0055	0	0	0	0
1634282575.84	1850	8	0.0	2194849	412	0.75	0	0	0	0
1634282576.44	1850	12	0.0	2241724	351	1.85	0	0	0	0
1634282577.05	1850	16	0.0	2191337	356	1.85	0	0	0	0
1634282577.63	1850	19.661247	0.0	2191196	361	1.85	0	0	0	0
1634282578.25	1850	23.052048	0.0	2214251	389	1.85	5.667	0	24	0
1634282578.88	1850	26.405905	0.0	2177842	372	1.85	5.667	0	24	0
1634282579.51	1850	29.797689	0.0	2228366	386	1.85	5.667	0	24	0
1634282580.11	1850	33.190787	0.0	2144748	349	1.85	5.667	0	24	0
1634282580.74	1850	36.544493	0.0	2196481	397	1.85	5.667	0	24	0
1634282581.4	1850	40	0.0	2179785	377	1.85	5.667	0	24	0
1634282581.99	1850	43.3	0.0	2232134	360	1.85	5.667	0	24	0
1634282582.74	1850	46.561035	0.0	2239109	463	1.85	9.666	2	144	29.50737684421105
1634282583.32	1850	49.994596	0.0	2148555	359	1.85	9.666	2	144	29.50737684421105
1634282583.92	1850	53.388851	0.0	2164111	361	1.85	9.666	2	144	29.50737684421105
1634282584.55	1850	56.741062	0.0	2229209	376	1.85	9.666	2	144	29.50737684421105
1634282585.65	1850	59.768717	0.0	2163625	363	1.85	9.666	2	144	29.50737684421105
1634282589.8	1850	59.50064	0.0	2211517	367	1.85	13.667	2	264	29.99250187453137
1634282593.95	1850	59.511666	0.0	2153910	398	1.85	17.667	2	384	29.999999999999986
1634282597.55	1850	59.81668	0.0	2138318	351	1.85	21.667	2	504	30
1634282601.74	1850	59.546033	0.0	2275149	375	1.85	25.667	2	624	30
1634282605.65	1850	59.879039	0.0	2272623	373	1.85	29.668	3	744	29.74256435891029
1634282609.42	1850	59.893036	0.0	2270492	385	1.85	33.671	3	863	29.727704221833623
1634282613.62	1850	59.971642	0.0	2179932	380	1.85	37.669	4	984	30.015007503751896
1634282617.66	1850	59.971682	0.0	2161125	363	1.85	41.717	4	1106	30.138339920948603
1634282621.51	1850	59.945389	0.0	2116735	374	1.85	45.742	5	1227	29.813664596273302
1634282626.12	1850	59.666667	0.0	2166791	315	1.85	49.722	5	1345	29.64824120603012
