1634284408.65	750	4	0.274	428437	177	-1.1732	0	0	0	0
1634284408.9	750	8	0.0	427397	94	0.75	0	0	0	0
1634284409.12	750	12	0.0	435939	69	0.75	0	0	0	0
1634284409.29	750	16	0.0	420508	81	0.75	0	0	0	0
1634284409.49	750	19.957522	0.0	431392	91	0.75	0	0	0	0
1634284409.68	750	23.755989	0.0	442512	76	0.75	0	0	0	0
1634284409.89	750	27.554409	0.0	450465	84	0.75	0	0	0	0
1634284410.11	750	31.352646	0.0	454724	89	0.75	0	0	0	0
1634284410.32	750	35.149321	0.0	440962	76	0.75	0	0	0	0
1634284410.5	750	38.947656	0.0	433775	67	0.75	0	0	0	0
1634284410.68	750	42.745883	0.0	445796	87	0.75	0	0	0	0
1634284410.88	750	46.543188	0.0	436832	86	0.75	0	0	0	0
1634284411.05	750	50.381275	0.0	432476	59	0.75	0	0	0	0
1634284411.23	750	54.218729	0.0	422635	64	0.75	0	0	0	0
1634284411.42	750	58.011259	0.0	433467	59	0.75	0	0	0	0
1634284414.14	750	59.458318	0.0	430697	73	0.75	4.73	0	76	0
1634284417.88	750	59.762359	0.0	440079	77	0.75	8.738	0	196	29.94011976047905
1634284422.17	750	59.491326	0.0	448764	50	0.75	12.739	0	316	29.992501874531357
1634284425.95	750	59.797709	0.0	451052	78	0.75	16.739	0	436	30
1634284429.67	750	59.854423	0.0	434071	76	0.75	20.739	0	556	30
1634284433.91	750	59.586283	0.0	440125	98	0.75	24.74	0	676	29.992501874531385
1634284437.65	750	59.897422	0.0	467521	79	0.75	28.74	0	796	30
1634284441.88	750	59.627146	0.0	453405	73	0.75	32.741	0	916	29.992501874531357
1634284445.6	750	59.927884	0.0	437659	91	0.75	36.741	0	1036	30
1634284449.85	750	59.659392	0.0	426987	65	0.75	40.741	0	1156	30
1634284453.57	750	59.962933	0.0	432295	79	0.75	44.741	0	1276	30
1634284457.81	750	59.700761	0.0	432130	68	0.75	48.741	0	1396	30
1634284462.06	750	59.471518	0.0	425788	69	0.75	52.742	0	1516	29.992501874531385
1634284465.77	750	59.786162	0.0	435574	64	0.75	56.743	0	1636	29.99250187453133
1634284470.01	750	59.561858	0.0	420051	87	0.75	60.742	0	1756	30.007501875468904
1634284473.78	750	59.900097	0.0	438225	66	0.75	64.742	0	1876	29.999999999999947
1634284478.08	750	59.440708	0.0	445487	83	0.75	68.744	0	1996	29.98500749625191
1634284481.88	750	59.747522	0.0	431544	78	0.75	72.752	0	2116	29.940119760479075
1634284486.1	750	59.476899	0.0	413330	18	0.75	76.753	0	2236	29.99250187453133
1634284489.88	750	59.790582	0.0	443416	77	0.75	80.755	0	2356	29.98500749625191
1634284494.13	750	59.515209	0.0	427034	73	0.75	84.753	0	2476	30.015007503751843
1634284497.9	750	59.800529	0.0	420805	62	0.75	88.754	0	2596	29.99250187453133
1634284501.64	750	59.821131	0.0	432340	66	0.75	92.753	0	2716	30.007501875468904
1634284505.89	750	59.631471	0.0	445203	89	0.75	96.754	0	2836	29.99250187453133
1634284509.63	750	59.928304	0.0	428535	65	0.75	100.754	0	2956	30
1634284513.87	750	59.690062	0.0	432915	68	0.75	104.756	0	3076	29.98500749625191
1634284517.61	750	59.989829	0.0	440705	69	0.75	108.755	0	3196	30.007501875468904
1634284521.85	750	59.73551	0.0	464681	69	0.75	112.799	0	3318	30.168150346191805
1634284526.1	750	59.47102	0.0	432462	82	0.75	116.802	0	3438	29.977516862353234
1634284529.79	750	59.770049	0.0	443948	74	0.75	120.802	0	3558	30
