1634221233.64	750	4	0.207	486588	78	-0.8850999999999999	0	0	0	0
1634221234.25	1200	8	0.0	1897149	346	0.75	0	0	0	0
1634221234.82	1200	12	0.0	2016742	369	1.2	0	0	0	0
1634221235.37	1200	16	0.0	1875307	340	1.2	0	0	0	0
1634221235.9	1200	19.506324	0.0	1939196	341	1.2	0	0	0	0
1634221236.48	1200	22.916667	0.0	1957925	390	1.2	0	0	0	0
1634221237.12	1200	26.3	0.0	2010152	432	1.2	5.3	2	88	0
1634221237.75	1200	29.7	0.0	1961069	382	1.2	5.3	2	88	0
1634221238.35	1200	33.05	0.0	2006297	372	1.2	5.3	2	88	0
1634221238.91	1200	36.483334	0.0	1835501	368	1.2	5.3	2	88	0
1634221239.62	1200	39.8	0.0	1999882	478	1.2	5.3	2	88	0
1634221240.18	1200	43.233334	0.0	1904004	346	1.2	5.3	2	88	0
1634221240.78	1200	46.65	0.0	1807550	376	1.2	5.3	2	88	0
1634221241.38	1200	50	0.0	1917549	388	1.2	9.317	20	329	55.51406522280308
1634221241.92	1200	53.5	0.0	1985515	336	1.2	9.317	20	329	55.51406522280308
1634221242.48	1200	56.943661	0.0	1935615	353	1.2	9.317	20	329	55.51406522280308
1634221243.67	1200	59.850313	0.0	2005418	471	1.2	9.317	20	329	55.51406522280308
1634221247.86	1200	59.592794	0.0	2047855	445	1.2	13.317	26	569	58.5
1634221251.45	1200	59.946132	0.0	1914857	350	1.2	17.321	28	809	59.44055944055942
1634221256.09	1200	59.454995	0.0	1992793	362	1.2	21.321	34	1049	58.5
1634221259.7	1200	59.766667	0.0	1930629	379	1.2	25.321	35	1289	59.75
1634221263.79	1200	59.794892	0.0	1998676	338	1.2	29.321	37	1530	59.75
1634221267.93	1200	59.57364	0.0	1905916	308	1.2	33.321	40	1770	59.25000000000005
1634221271.55	1200	59.88073	0.0	1979510	349	1.2	37.322	44	2010	58.98525368657828
1634221275.66	1200	59.95	0.0	1948438	340	1.2	41.322	49	2250	58.75
1634221279.82	1200	59.676695	0.0	1944346	365	1.2	45.336	53	2490	58.79422022919787
1634221283.96	1200	59.442401	0.0	1962959	360	1.2	49.322	57	2730	59.20722528850972
1634221288.11	1200	59.456622	0.0	1917405	375	1.2	53.324	60	2970	59.22038980509752
1634221291.73	1200	59.760146	0.0	1913569	325	1.2	57.324	64	3210	59
1634221295.84	1200	59.781766	0.0	1937554	329	1.2	61.324	67	3450	59.25
1634221299.99	1200	59.594755	0.0	1930915	348	1.2	65.325	71	3690	58.98525368657828
1634221303.63	1200	59.901783	0.0	1953420	315	1.2	69.325	75	3930	59
1634221307.75	1200	59.642003	0.0	1957352	342	1.2	73.325	79	4170	59
1634221311.88	1200	59.657388	0.0	1903803	338	1.2	77.332	82	4410	59.146493636136896
1634221315.47	1200	59.956394	0.0	1953737	318	1.2	81.332	85	4650	59.25
1634221319.56	1200	59.958716	0.0	1836534	321	1.2	85.333	88	4890	59.23519120219938
1634221323.74	1200	59.772046	0.0	1850984	359	1.2	89.333	93	5130	58.75
