1634248909.63	750	4	0.177	486588	92	-0.7561	0	0	0	0
1634248909.83	300	8	0.0	518070	79	-0.15000000000000002	0	0	0	0
1634248910.02	300	12	0.0	488296	93	0.3	0	0	0	0
1634248910.19	300	16	0.0	505467	76	0.3	0	0	0	0
1634248910.39	300	20	0.0	474784	87	0.3	0	0	0	0
1634248910.57	300	24	0.0	523060	75	0.3	0	0	0	0
1634248910.75	300	28	0.0	475799	79	0.3	0	0	0	0
1634248910.95	300	32	0.0	494810	89	0.3	0	0	0	0
1634248911.15	300	36	0.0	509476	81	0.3	0	0	0	0
1634248911.38	300	39.998775	0.0	459558	68	0.3	0	0	0	0
1634248911.59	300	43.756575	0.0	502767	80	0.3	0	0	0	0
1634248911.77	300	47.555285	0.0	488586	69	0.3	0	0	0	0
1634248911.95	300	51.394307	0.0	481440	75	0.3	0	0	0	0
1634248912.14	300	55.192445	0.0	508546	87	0.3	0	0	0	0
1634248912.32	300	59.031149	0.0	510083	80	0.3	0	0	0	0
1634248916.05	300	59.471723	0.0	488713	71	0.3	5.226	0	96	0
1634248919.83	300	59.780752	0.0	468254	49	0.3	9.226	0	336	59.999999999999986
1634248923.53	300	59.811143	0.0	516536	84	0.3	13.226	0	576	60
1634248927.77	300	59.839833	0.0	479697	60	0.3	17.227	0	816	59.98500374906274
1634248931.53	300	59.895937	0.0	500854	105	0.3	21.226	0	1056	60.01500375093775
1634248935.74	300	59.642385	0.0	496587	75	0.3	25.227	0	1296	59.98500374906271
1634248939.45	300	59.952481	0.0	479350	85	0.3	29.228	0	1536	59.98500374906271
1634248943.66	300	59.716667	0.0	520120	87	0.3	33.227	0	1776	60.01500375093781
1634248947.88	300	59.746351	0.0	515394	75	0.3	37.228	0	2016	59.98500374906266
1634248951.6	300	59.773202	0.0	480696	75	0.3	41.228	0	2256	60
1634248955.82	300	59.805372	0.0	481433	78	0.3	45.23	0	2496	59.97001499250382
1634248959.57	300	59.836349	0.0	494650	64	0.3	49.232	0	2736	59.970014992503714
1634248963.82	300	59.5706	0.0	499761	85	0.3	53.233	0	2977	60.23494126468386
1634248967.6	300	59.878273	0.0	501070	110	0.3	57.233	0	3217	60
1634248971.84	300	59.622854	0.0	489874	95	0.3	61.234	0	3457	59.98500374906266
1634248975.55	300	59.936018	0.0	488718	75	0.3	65.234	0	3697	60.00000000000011
1634248979.79	300	59.678863	0.0	509088	90	0.3	69.234	0	3937	60
1634248984.07	300	59.461195	0.0	494764	95	0.3	73.235	0	4177	59.98500374906266
1634248987.84	300	59.768832	0.0	488570	82	0.3	77.235	0	4417	60
1634248991.59	300	59.79316	0.0	474638	103	0.3	81.236	0	4657	59.98500374906266
1634248995.88	300	59.536203	0.0	473808	100	0.3	85.237	0	4897	59.98500374906288
1634248999.68	300	59.847528	0.0	484371	134	0.3	89.24	0	5137	59.95503372470647
1634249003.93	300	59.580887	0.0	496055	83	0.3	93.24	0	5377	60
1634249007.67	300	59.883787	0.0	490794	86	0.3	97.24	0	5617	60
1634249011.93	300	59.623627	0.0	488697	83	0.3	101.24	0	5857	60
1634249015.67	300	59.923655	0.0	490627	80	0.3	105.24	0	6097	60
1634249019.89	300	59.665175	0.0	493233	80	0.3	109.241	0	6337	59.98500374906266
1634249023.62	300	59.972247	0.0	491640	82	0.3	113.241	0	6577	60
1634249027.82	300	59.711407	0.0	477722	76	0.3	117.241	0	6817	60
1634249032.05	300	59.502672	0.0	498333	80	0.3	121.241	0	7057	60
