1634257076.53	750	4	0.18	428437	66	-0.769	0	0	0	0
1634257076.84	1200	8	0.0	1070596	158	0.75	0	0	0	0
1634257077.15	1200	12	0.0	1102185	175	1.2	0	0	0	0
1634257077.44	1200	16	0.0	1050918	176	1.2	0	0	0	0
1634257077.72	1200	20	0.0	1076009	168	1.2	0	0	0	0
1634257077.99	1200	24	0.0	1074962	168	1.2	0	0	0	0
1634257078.39	1200	27.954033	0.0	1089013	265	1.2	0	0	0	0
1634257078.69	1200	31.629833	0.0	1085191	178	1.2	0	0	0	0
1634257079.02	1200	35.347427	0.0	1067569	197	1.2	0	0	0	0
1634257079.31	1200	39.024428	0.0	1068135	188	1.2	0	0	0	0
1634257079.64	1200	42.701999	0.0	1112498	195	1.2	0	0	0	0
1634257080.82	1200	45.545636	0.0	1102305	913	1.2	5.34	1	45	0
1634257081.17	1200	49.18249	0.0	1058097	205	1.2	5.34	1	45	0
1634257081.46	1200	52.900731	0.0	1067149	184	1.2	5.34	1	45	0
1634257081.8	1200	56.537895	0.0	1065119	173	1.2	5.34	1	45	0
1634257082.59	1200	59.852395	0.0	1079756	165	1.2	5.34	1	45	0
1634257086.94	1200	59.609218	0.0	1099272	189	1.2	9.337	1	165	30.02251688766575
1634257090.83	1200	59.633334	0.0	1076487	187	1.2	13.337	1	285	30
1634257094.7	1200	59.682948	0.0	1074867	210	1.2	17.338	1	405	29.992501874531357
1634257098.53	1200	59.978421	0.0	1047892	177	1.2	21.338	1	525	30
1634257102.89	1200	59.482893	0.0	1079491	172	1.2	25.339	1	645	29.992501874531385
1634257106.74	1200	59.796549	0.0	1168595	219	1.2	29.338	1	765	30.00750187546885
1634257110.66	1200	59.81398	0.0	1155651	197	1.2	33.339	1	885	29.992501874531385
1634257114.48	1200	59.869754	0.0	1068823	163	1.2	37.339	1	1005	30
1634257118.69	1200	59.931075	0.0	1083472	32	1.2	41.339	1	1125	30
1634257122.53	1200	59.966726	0.0	1069893	180	1.2	45.346	1	1246	30.19715497878714
1634257126.93	1200	59.751759	0.0	1072481	142	1.2	49.34	1	1366	30.045067601402053
1634257130.76	1200	59.764776	0.0	1056021	143	1.2	53.34	1	1486	30
1634257134.58	1200	59.804947	0.0	1088699	172	1.2	57.34	1	1606	30
1634257138.93	1200	59.592958	0.0	1069675	166	1.2	61.342	1	1726	29.98500749625191
1634257142.79	1200	59.617111	0.0	1102469	160	1.2	65.341	1	1846	30.007501875468904
1634257146.68	1200	59.9182	0.0	1136712	199	1.2	69.355	1	1966	29.8953662182361
1634257150.52	1200	59.995239	0.0	1076114	159	1.2	73.354	1	2086	30.007501875468904
1634257154.86	1200	59.764721	0.0	1045544	123	1.2	77.355	1	2206	29.99250187453133
1634257158.68	1200	59.783903	0.0	1122544	188	1.2	81.354	1	2326	30.007501875468904
1634257162.98	1200	59.552422	0.0	1061011	180	1.2	85.354	1	2446	30
1634257166.8	1200	59.552777	0.0	1059811	180	1.2	89.355	1	2566	29.99250187453133
1634257170.64	1200	59.891148	0.0	1073475	174	1.2	93.355	1	2686	30
1634257174.48	1200	59.926322	0.0	1094517	177	1.2	97.355	1	2806	30
1634257179.15	1200	59.590374	0.0	1082819	177	1.2	101.401	6	2927	28.670291646070247
1634257182.96	1200	59.617309	0.0	1068766	162	1.2	105.355	7	3046	29.843196762771818
1634257186.41	1200	59.941686	0.0	1111544	178	1.2	109.356	7	3166	29.99250187453144
1634257190.92	1200	59.687596	0.0	1172967	198	1.2	113.356	7	3286	30
1634257194.91	1200	59.720331	0.0	1102175	180	1.2	117.359	7	3406	29.977516862353234
1634257198.57	1200	59.956435	0.0	1099116	157	1.2	121.359	7	3526	30
