1634258953.02	750	4	0.146	428437	69	-0.6227999999999999	0	0	0	0
1634258953.16	300	8	0.0	230725	26	-0.15000000000000002	0	0	0	0
1634258953.32	300	12	0.0	243865	51	0.3	0	0	0	0
1634258953.47	300	16	0.0	220386	35	0.3	0	0	0	0
1634258953.59	300	20	0.0	223780	22	0.3	0	0	0	0
1634258953.74	300	23.99961	0.0	230908	43	0.3	0	0	0	0
1634258953.87	300	27.837279	0.0	243834	39	0.3	0	0	0	0
1634258954.0	300	31.716497	0.0	227454	37	0.3	0	0	0	0
1634258954.15	300	35.595158	0.0	244114	40	0.3	0	0	0	0
1634258954.3	300	39.434076	0.0	227021	42	0.3	0	0	0	0
1634258954.44	300	43.273045	0.0	237387	35	0.3	0	0	0	0
1634258954.6	300	47.111596	0.0	226538	46	0.3	0	0	0	0
1634258954.75	300	50.99055	0.0	219929	35	0.3	0	0	0	0
1634258954.89	300	54.828795	0.0	225981	9	0.3	0	0	0	0
1634258955.02	300	58.707422	0.0	235362	37	0.3	0	0	0	0
1634258958.2	300	59.752499	0.0	228066	32	0.3	4.57	0	82	0
1634258962.39	300	59.484981	0.0	233092	34	0.3	8.569	0	202	30.00750187546886
1634258966.13	300	59.784254	0.0	250342	76	0.3	12.57	0	322	29.99250187453137
1634258970.3	300	59.506866	0.0	234538	34	0.3	16.57	0	442	30
1634258973.99	300	59.80909	0.0	234846	43	0.3	20.57	0	562	30
1634258978.18	300	59.564607	0.0	245620	48	0.3	24.57	0	682	30
1634258981.85	300	59.887192	0.0	238459	44	0.3	28.571	0	802	29.992501874531357
1634258986.09	300	59.653318	0.0	234371	23	0.3	32.57	0	922	30.007501875468876
1634258989.84	300	59.949429	0.0	238479	39	0.3	36.57	0	1042	30
1634258994.03	300	59.728021	0.0	235849	48	0.3	40.571	0	1162	29.992501874531385
1634258998.22	300	59.746613	0.0	227048	46	0.3	44.572	0	1282	29.99250187453133
1634259002.4	300	59.479503	0.0	241747	51	0.3	48.571	0	1402	30.007501875468904
1634259006.09	300	59.783175	0.0	226846	40	0.3	52.572	0	1522	29.99250187453133
1634259010.28	300	59.514662	0.0	240073	45	0.3	56.572	0	1642	30
1634259014.0	300	59.8	0.0	224865	38	0.3	60.573	0	1762	29.992501874531385
1634259018.22	300	59.808806	0.0	223555	39	0.3	64.573	0	1882	30.000000000000053
1634259021.88	300	59.863434	0.0	236661	43	0.3	68.573	0	2002	30
1634259026.08	300	59.877658	0.0	224869	59	0.3	72.573	0	2122	30
1634259030.26	300	59.638923	0.0	220416	40	0.3	76.574	0	2242	29.99250187453133
1634259033.91	300	59.933334	0.0	232283	43	0.3	80.573	0	2362	30.007501875468904
1634259038.09	300	59.664959	0.0	216316	35	0.3	84.574	0	2482	29.99250187453133
1634259041.76	300	59.966667	0.0	221305	33	0.3	88.574	0	2602	30
1634259045.93	300	59.983039	0.0	225701	34	0.3	92.574	0	2722	30
1634259050.15	300	59.747646	0.0	232001	7	0.3	96.575	0	2842	29.99250187453133
1634259054.32	300	59.51377	0.0	225146	26	0.3	100.575	0	2962	30
1634259058.05	300	59.822612	0.0	234577	36	0.3	104.613	0	3084	30.212976721149108
1634259062.27	300	59.562358	0.0	231377	45	0.3	108.614	0	3204	29.99250187453133
1634259066.02	300	59.866956	0.0	236166	49	0.3	112.614	0	3324	30
1634259070.19	300	59.621843	0.0	218149	41	0.3	116.614	0	3444	30
1634259073.82	300	59.922171	0.0	228342	43	0.3	120.616	0	3564	29.98500749625191
