1634272507.1	750	4	0.242	486588	45	-1.0356	0	0	0	0
1634272508.58	2850	8	0.0	5862628	1022	0.75	0	0	0	0
1634272509.91	2850	11	0.0	5992376	988	2.85	0	0	0	0
1634272511.29	2850	13.716667	0.0	5878425	916	2.85	5.348	13	93	0
1634272512.53	2850	16.333334	0.0	5829325	922	2.85	5.348	13	93	0
1634272513.81	2850	19.083334	0.0	5866019	921	2.85	5.348	13	93	0
1634272515.03	2850	21.85	0.0	5788613	918	2.85	9.348	85	333	41.99999999999999
1634272516.32	2850	24.55	0.0	5923161	946	2.85	9.348	85	333	41.99999999999999
1634272517.62	2850	27.3	0.0	5919519	917	2.85	9.348	85	333	41.99999999999999
1634272518.86	2850	30.033334	0.0	5874891	909	2.85	13.351	143	573	45.46590057456907
