1634280612.7	750	4	0.177	486588	85	-0.7561	0	0	0	0
1634280613.01	750	8	0.0	731620	115	0.75	0	0	0	0
1634280613.29	750	12	0.0	760090	126	0.75	0	0	0	0
1634280613.5	750	16	0.0	714177	112	0.75	0	0	0	0
1634280613.72	750	20	0.0	733262	113	0.75	0	0	0	0
1634280613.94	750	24	0.0	751224	124	0.75	0	0	0	0
1634280614.16	750	28	0.0	740489	113	0.75	0	0	0	0
1634280614.4	750	31.872968	0.0	729701	122	0.75	0	0	0	0
1634280614.67	750	35.630941	0.0	759037	116	0.75	0	0	0	0
1634280614.92	750	39.348776	0.0	703222	128	0.75	0	0	0	0
1634280615.18	750	43.106246	0.0	743449	135	0.75	0	0	0	0
1634280615.44	750	46.864104	0.0	705495	117	0.75	0	0	0	0
1634280615.68	750	50.622432	0.0	692056	112	0.75	0	0	0	0
1634280615.92	750	54.380813	0.0	733216	115	0.75	0	0	0	0
1634280616.32	750	57.974734	0.0	754497	125	0.75	5.441	0	112	0
1634280618.59	750	59.747244	0.0	733656	113	0.75	5.441	0	112	0
1634280622.91	750	59.489824	0.0	719773	114	0.75	9.441	2	352	59.499999999999986
1634280626.75	750	59.79714	0.0	765634	135	0.75	13.441	2	592	60
1634280630.53	750	59.818903	0.0	724551	126	0.75	17.442	2	833	60.23494126468384
1634280634.85	750	59.568122	0.0	741256	117	0.75	21.443	2	1073	59.98500374906271
1634280638.6	750	59.881423	0.0	740368	114	0.75	25.442	2	1313	60.01500375093775
1634280642.88	750	59.612744	0.0	734192	99	0.75	29.443	2	1553	59.98500374906271
1634280646.66	750	59.678829	0.0	736650	135	0.75	33.443	2	1793	60.00000000000006
1634280650.43	750	59.998269	0.0	765755	130	0.75	37.443	2	2033	60
1634280654.72	750	59.73909	0.0	741305	130	0.75	41.443	2	2273	60
1634280658.55	750	59.762967	0.0	732007	134	0.75	45.452	2	2513	59.86530306809678
1634280662.84	750	59.505352	0.0	730771	129	0.75	49.444	2	2753	60.120240480961854
1634280666.63	750	59.815268	0.0	730130	118	0.75	53.445	2	2993	59.98500374906277
1634280670.43	750	59.871397	0.0	719311	143	0.75	57.445	2	3233	60
1634280674.71	750	59.611151	0.0	719647	137	0.75	61.445	2	3473	60
1634280678.54	750	59.921729	0.0	722872	127	0.75	65.445	2	3713	60.00000000000011
1634280682.83	750	59.660078	0.0	740779	108	0.75	69.446	2	3953	59.98500374906266
1634280686.65	750	59.690388	0.0	735421	127	0.75	73.447	2	4193	59.98500374906266
1634280690.4	750	59.9912	0.0	693798	104	0.75	77.446	2	4433	60.01500375093781
1634280694.64	750	59.743637	0.0	727502	114	0.75	81.446	2	4673	60
1634280698.9	750	59.480659	0.0	675507	115	0.75	85.447	2	4913	59.98500374906266
1634280702.72	750	59.813163	0.0	700902	126	0.75	89.45	2	5153	59.95503372470647
1634280706.49	750	59.842435	0.0	701249	143	0.75	93.453	2	5393	59.95503372470647
1634280710.8	750	59.583334	0.0	730132	129	0.75	97.453	2	5633	60
1634280714.58	750	59.887863	0.0	711025	121	0.75	101.453	2	5873	60
1634280718.4	750	59.912683	0.0	727719	142	0.75	105.454	2	6113	59.98500374906288
1634280722.7	750	59.655351	0.0	737895	125	0.75	109.454	2	6353	60
1634280726.46	750	59.957451	0.0	715541	134	0.75	113.455	2	6593	59.98500374906266
1634280730.74	750	59.687479	0.0	673063	123	0.75	117.454	2	6833	60.01500375093781
1634280734.98	750	59.433334	0.0	734241	114	0.75	121.455	2	7073	59.98500374906266
