1634274933.26	750	4	0.259	486588	99	-1.1087000000000002	0	0	0	0
1634274933.5	300	8	0.0	518070	100	-0.15000000000000002	0	0	0	0
1634274933.75	300	12	0.0	488296	130	0.3	0	0	0	0
1634274933.95	300	16	0.0	505467	90	0.3	0	0	0	0
1634274934.14	300	20	0.0	474784	84	0.3	0	0	0	0
1634274934.37	300	24	0.0	523060	92	0.3	0	0	0	0
1634274934.57	300	28	0.0	475799	97	0.3	0	0	0	0
1634274934.78	300	32	0.0	494810	89	0.3	0	0	0	0
1634274935.02	300	35.796345	0.0	509476	65	0.3	0	0	0	0
1634274935.23	300	39.594589	0.0	459558	71	0.3	0	0	0	0
1634274935.44	300	43.39307	0.0	502767	87	0.3	0	0	0	0
1634274935.64	300	47.19046	0.0	488586	85	0.3	0	0	0	0
1634274935.85	300	50.948437	0.0	481440	79	0.3	0	0	0	0
1634274936.2	300	54.625602	0.0	508546	93	0.3	5.728	0	81	0
1634274936.4	300	58.424047	0.0	510083	88	0.3	5.728	0	81	0
1634274939.16	300	59.704764	0.0	488713	84	0.3	5.728	0	81	0
1634274943.46	300	59.443159	0.0	468254	99	0.3	9.726	0	321	60.030015007503735
1634274947.23	300	59.785567	0.0	516536	94	0.3	13.728	0	561	59.97001499250376
1634274950.99	300	59.810097	0.0	479697	70	0.3	17.73	0	801	59.970014992503735
1634274955.26	300	59.588839	0.0	500854	100	0.3	21.73	0	1041	60
1634274959.03	300	59.900183	0.0	496587	97	0.3	25.73	0	1281	60
1634274963.33	300	59.629306	0.0	479350	111	0.3	29.731	0	1521	59.98500374906271
1634274967.15	300	59.936895	0.0	520120	125	0.3	33.731	0	1761	60
1634274970.99	300	59.95681	0.0	515394	106	0.3	37.731	0	2001	60
1634274975.24	300	59.706157	0.0	480696	85	0.3	41.731	0	2241	60
1634274979.48	300	59.450738	0.0	481433	88	0.3	45.732	0	2481	59.98500374906277
1634274983.27	300	59.754651	0.0	494650	114	0.3	49.732	0	2721	60
1634274987.02	300	59.803214	0.0	499761	83	0.3	53.732	0	2961	60
1634274991.29	300	59.547526	0.0	501070	87	0.3	57.732	0	3201	60
1634274995.04	300	59.852106	0.0	489874	87	0.3	61.732	0	3441	60
1634274999.33	300	59.6	0.0	488718	98	0.3	65.732	0	3681	60
1634275003.1	300	59.953141	0.0	509088	91	0.3	69.732	0	3921	60
1634275006.86	300	59.978551	0.0	494764	84	0.3	73.733	0	4161	59.98500374906266
1634275011.18	300	59.726449	0.0	488570	142	0.3	77.733	0	4401	60
1634275015.49	300	59.540854	0.0	474638	97	0.3	81.734	0	4641	59.98500374906288
1634275019.24	300	59.566857	0.0	473808	65	0.3	85.734	0	4881	60
1634275023.0	300	59.875569	0.0	484371	92	0.3	89.734	0	5121	60
1634275027.27	300	59.623401	0.0	496055	109	0.3	93.734	0	5361	60
1634275031.01	300	59.93134	0.0	490794	87	0.3	97.734	0	5601	60
1634275035.26	300	59.669446	0.0	488697	90	0.3	101.734	0	5842	60.25
1634275039.51	300	59.439926	0.0	490627	87	0.3	105.735	0	6081	59.73506623344157
1634275043.27	300	59.78537	0.0	493233	121	0.3	109.735	0	6322	60.25
1634275047.03	300	59.814797	0.0	491640	112	0.3	113.743	0	6562	59.88023952095815
1634275051.3	300	59.552473	0.0	477722	107	0.3	117.743	0	6802	60
1634275055.07	300	59.862165	0.0	498333	117	0.3	121.743	0	7042	60
