1634261610.45	750	4	0.191	486588	84	-0.8162999999999999	0	0	0	0
1634261610.63	300	8	0.0	518070	79	-0.15000000000000002	0	0	0	0
1634261610.85	300	12	0.0	488296	68	0.3	0	0	0	0
1634261611.03	300	16	0.0	505467	73	0.3	0	0	0	0
1634261611.21	300	20	0.0	474784	90	0.3	0	0	0	0
1634261611.45	300	24	0.0	523060	97	0.3	0	0	0	0
1634261611.62	300	28	0.0	475799	76	0.3	0	0	0	0
1634261611.82	300	32	0.0	494810	79	0.3	0	0	0	0
1634261612.0	300	35.833855	0.0	509476	87	0.3	0	0	0	0
1634261612.17	300	39.672928	0.0	459558	72	0.3	0	0	0	0
1634261612.37	300	43.471064	0.0	502767	91	0.3	0	0	0	0
1634261612.57	300	47.269389	0.0	488586	92	0.3	0	0	0	0
1634261612.81	300	51.02711	0.0	481440	137	0.3	0	0	0	0
1634261612.99	300	54.865574	0.0	508546	81	0.3	0	0	0	0
1634261613.17	300	58.66393	0.0	510083	87	0.3	0	0	0	0
1634261616.41	300	59.504328	0.0	488713	106	0.3	5.262	0	117	0
1634261620.16	300	59.812646	0.0	468254	98	0.3	9.259	0	357	60.04503377533149
1634261624.44	300	59.556376	0.0	516536	98	0.3	13.259	0	597	60
1634261628.21	300	59.874228	0.0	479697	117	0.3	17.259	0	837	60
1634261632.44	300	59.613207	0.0	500854	99	0.3	21.259	0	1077	60
1634261636.28	300	59.923344	0.0	496587	89	0.3	25.26	0	1317	59.98500374906271
1634261640.01	300	59.958178	0.0	479350	96	0.3	29.261	0	1557	59.98500374906277
1634261644.27	300	59.70139	0.0	520120	89	0.3	33.261	0	1797	59.99999999999995
1634261648.5	300	59.434806	0.0	515394	109	0.3	37.261	0	2037	60
1634261652.21	300	59.776151	0.0	480696	84	0.3	41.261	0	2277	60
1634261656.46	300	59.524334	0.0	481433	76	0.3	45.261	0	2517	60
1634261660.2	300	59.827647	0.0	494650	95	0.3	49.262	0	2757	59.98500374906277
1634261663.98	300	59.919138	0.0	499761	141	0.3	53.262	0	2997	60
1634261668.2	300	59.655363	0.0	501070	83	0.3	57.262	0	3237	60
1634261671.93	300	59.963716	0.0	489874	65	0.3	61.262	0	3477	60
1634261676.17	300	59.703529	0.0	488718	85	0.3	65.263	0	3717	59.98500374906266
1634261680.53	300	59.444925	0.0	509088	133	0.3	69.263	0	3957	60
1634261684.3	300	59.760397	0.0	494764	111	0.3	73.265	0	4197	59.97001499250382
1634261688.56	300	59.488168	0.0	488570	107	0.3	77.266	0	4437	59.98500374906266
1634261692.34	300	59.801938	0.0	474638	72	0.3	81.268	0	4677	59.97001499250382
1634261696.1	300	59.823433	0.0	473808	96	0.3	85.268	0	4918	60.25
1634261700.36	300	59.552867	0.0	484371	103	0.3	89.273	0	5158	59.92509363295887
1634261704.13	300	59.857704	0.0	496055	120	0.3	93.272	0	5398	60.015003750937595
1634261708.38	300	59.606471	0.0	490794	103	0.3	97.272	0	5638	60
1634261712.11	300	59.913866	0.0	488697	89	0.3	101.272	0	5878	60
1634261716.39	300	59.657095	0.0	490627	93	0.3	105.274	0	6118	59.97001499250382
1634261720.16	300	59.971159	0.0	493233	99	0.3	109.274	0	6358	60
1634261723.9	300	59.99282	0.0	491640	92	0.3	113.274	0	6598	60
1634261728.18	300	59.729104	0.0	477722	82	0.3	117.275	0	6838	59.98500374906266
1634261732.4	300	59.462056	0.0	498333	94	0.3	121.275	0	7078	60
