1634253339.6	750	4	0.174	486588	70	-0.7432	0	0	0	0
1634253340.53	1850	8	0.0	3749264	580	0.75	0	0	0	0
1634253341.33	1850	12	0.0	3665907	587	1.85	0	0	0	0
1634253342.14	1850	15.283334	0.0	3661478	589	1.85	0	0	0	0
1634253343.23	1850	18.433334	0.0	3718934	640	1.85	5.307	2	93	0
1634253344.07	1850	21.383334	0.0	3718871	554	1.85	5.307	2	93	0
1634253344.92	1850	24.55	0.0	3785083	554	1.85	5.307	2	93	0
1634253345.72	1850	27.7	0.0	3649314	588	1.85	5.307	2	93	0
1634253346.52	1850	30.9	0.0	3723484	583	1.85	5.307	2	93	0
1634253347.3	1850	34.116667	0.0	3624861	549	1.85	9.313	28	336	54.16874687968048
1634253348.16	1850	37.283334	0.0	3684892	616	1.85	9.313	28	336	54.16874687968048
1634253349.04	1850	40.45	0.0	3660565	578	1.85	9.313	28	336	54.16874687968048
1634253349.84	1850	43.616667	0.0	3609338	567	1.85	9.313	28	336	54.16874687968048
1634253350.65	1850	46.783334	0.0	3624575	520	1.85	9.313	28	336	54.16874687968048
1634253351.46	1850	49.966667	0.0	3773536	595	1.85	13.314	50	576	54.48637840539866
