1634227541.36	750	4	0.185	486588	92	-0.7905	0	0	0	0
1634227542.43	1850	8	0.0	3749264	764	0.75	0	0	0	0
1634227543.48	1850	11.533334	0.0	3665907	806	1.85	0	0	0	0
1634227544.58	1850	14.45	0.0	3661478	843	1.85	0	0	0	0
1634227545.55	1850	17.5	0.0	3718934	696	1.85	5.277	9	103	0
1634227547.49	1850	19.533334	0.0	3718871	1693	1.85	5.277	9	103	0
1634227548.54	1850	22.483334	0.0	3785083	785	1.85	5.277	9	103	0
1634227550.02	1850	24.983334	0.0	3649314	1258	1.85	9.282	36	342	52.93383270911361
1634227551.32	1850	27.75	0.0	3723484	989	1.85	9.282	36	342	52.93383270911361
1634227552.43	1850	30.6	0.0	3624861	851	1.85	9.282	36	342	52.93383270911361
1634227553.66	1850	33.35	0.0	3684892	964	1.85	13.282	107	582	42.25
1634227554.77	1850	36.25	0.0	3660565	730	1.85	13.282	107	582	42.25
1634227555.71	1850	39.283334	0.0	3609338	727	1.85	13.282	107	582	42.25
1634227556.7	1850	42.35	0.0	3624575	711	1.85	17.284	137	818	51.47426286856573
1634227557.84	1850	45.183334	0.0	3773536	820	1.85	17.284	137	818	51.47426286856573
