1634261845.17	750	4	0.17	486588	63	-0.726	0	0	0	0
1634261845.36	300	8	0.0	518070	52	-0.15000000000000002	0	0	0	0
1634261845.54	300	12	0.0	488296	65	0.3	0	0	0	0
1634261845.75	300	16	0.0	505467	84	0.3	0	0	0	0
1634261845.93	300	20	0.0	474784	84	0.3	0	0	0	0
1634261846.12	300	24	0.0	523060	79	0.3	0	0	0	0
1634261846.3	300	28	0.0	475799	80	0.3	0	0	0	0
1634261846.49	300	32	0.0	494810	72	0.3	0	0	0	0
1634261846.7	300	35.954375	0.0	509476	93	0.3	0	0	0	0
1634261846.88	300	39.793312	0.0	459558	75	0.3	0	0	0	0
1634261847.1	300	43.591784	0.0	502767	83	0.3	0	0	0	0
1634261847.28	300	47.390464	0.0	488586	74	0.3	0	0	0	0
1634261847.45	300	51.225553	0.0	481440	73	0.3	0	0	0	0
1634261847.63	300	55.023296	0.0	508546	78	0.3	0	0	0	0
1634261847.81	300	58.860901	0.0	510083	78	0.3	0	0	0	0
1634261851.02	300	59.74411	0.0	488713	76	0.3	5.099	0	110	0
1634261855.24	300	59.490666	0.0	468254	74	0.3	9.1	0	350	59.98500374906274
1634261858.98	300	59.8	0.0	516536	90	0.3	13.1	0	590	60
1634261863.21	300	59.539559	0.0	479697	76	0.3	17.1	0	830	59.99999999999997
1634261866.99	300	59.844027	0.0	500854	83	0.3	21.101	0	1070	59.98500374906277
1634261871.22	300	59.576448	0.0	496587	78	0.3	25.101	0	1310	60
1634261874.97	300	59.890069	0.0	479350	112	0.3	29.104	0	1550	59.95503372470647
1634261879.21	300	59.630531	0.0	520120	56	0.3	33.105	0	1790	59.98500374906277
1634261883.01	300	59.947291	0.0	515394	92	0.3	37.105	0	2030	60
1634261886.73	300	59.973476	0.0	480696	76	0.3	41.105	0	2270	60
1634261890.94	300	59.756989	0.0	481433	72	0.3	45.106	0	2510	59.98500374906266
1634261895.18	300	59.783653	0.0	494650	77	0.3	49.106	0	2750	60
1634261898.9	300	59.803091	0.0	499761	80	0.3	53.106	0	2990	60
1634261903.13	300	59.819376	0.0	501070	81	0.3	57.106	0	3230	60
1634261906.86	300	59.84756	0.0	489874	83	0.3	61.107	0	3470	59.98500374906277
1634261911.09	300	59.581481	0.0	488718	83	0.3	65.107	0	3710	60
1634261914.84	300	59.891005	0.0	509088	77	0.3	69.107	0	3950	60
1634261919.09	300	59.627135	0.0	494764	72	0.3	73.107	0	4190	60
1634261922.86	300	59.936231	0.0	488570	86	0.3	77.107	0	4430	60
1634261927.09	300	59.679456	0.0	474638	83	0.3	81.107	0	4671	60.25
1634261931.34	300	59.446662	0.0	473808	71	0.3	85.107	0	4910	59.75
1634261935.16	300	59.750029	0.0	484371	96	0.3	89.108	0	5151	60.234941264683755
1634261939.42	300	59.471686	0.0	496055	89	0.3	93.108	0	5391	60
1634261943.13	300	59.784152	0.0	490794	74	0.3	97.108	0	5631	60
1634261946.86	300	59.844166	0.0	488697	75	0.3	101.108	0	5871	60
1634261951.11	300	59.588031	0.0	490627	79	0.3	105.108	0	6111	60
1634261954.91	300	59.897704	0.0	493233	83	0.3	109.11	0	6351	59.97001499250382
1634261959.13	300	59.641276	0.0	491640	73	0.3	113.111	0	6591	59.98500374906266
1634261962.86	300	59.951337	0.0	477722	88	0.3	117.111	0	6831	60
1634261967.09	300	59.678553	0.0	498333	86	0.3	121.111	0	7071	60
