1634257545.14	750	4	0.143	428437	71	-0.6099	0	0	0	0
1634257545.48	1200	8	0.0	1070596	165	0.75	0	0	0	0
1634257545.78	1200	11.959102	0.0	1102185	172	1.2	0	0	0	0
1634257546.1	1200	15.636407	0.0	1050918	168	1.2	0	0	0	0
1634257546.37	1200	19.353723	0.0	1076009	161	1.2	0	0	0	0
1634257546.67	1200	23.071149	0.0	1074962	165	1.2	0	0	0	0
1634257546.96	1200	26.788376	0.0	1089013	170	1.2	0	0	0	0
1634257547.28	1200	30.465404	0.0	1085191	186	1.2	0	0	0	0
1634257547.56	1200	34.183025	0.0	1067569	171	1.2	0	0	0	0
1634257547.85	1200	37.900658	0.0	1068135	169	1.2	0	0	0	0
1634257548.16	1200	41.575599	0.0	1112498	174	1.2	0	0	0	0
1634257548.46	1200	45.293377	0.0	1102305	178	1.2	0	0	0	0
1634257548.81	1200	48.92827	0.0	1058097	168	1.2	4.603	0	87	0
1634257549.27	1200	52.605066	0.0	1067149	186	1.2	4.603	0	87	0
1634257549.61	1200	56.120575	0.0	1065119	220	1.2	4.603	0	87	0
1634257549.89	1200	59.837373	0.0	1079756	164	1.2	4.603	0	87	0
1634257554.21	1200	59.761107	0.0	1099272	183	1.2	8.603	0	207	30
1634257558.06	1200	59.775962	0.0	1076487	178	1.2	12.603	0	327	30
1634257562.4	1200	59.544427	0.0	1074867	167	1.2	16.603	0	447	29.999999999999986
1634257566.32	1200	59.557255	0.0	1047892	192	1.2	20.603	0	567	30
1634257570.16	1200	59.616187	0.0	1079491	158	1.2	24.604	0	687	29.992501874531385
1634257574.03	1200	59.920913	0.0	1168595	200	1.2	28.605	0	808	30.24243939015245
1634257577.89	1200	59.934011	0.0	1155651	193	1.2	32.608	0	928	29.977516862353262
1634257582.31	1200	59.666667	0.0	1068823	163	1.2	36.623	0	1048	29.887920298879198
1634257586.16	1200	59.686835	0.0	1083472	30	1.2	40.624	0	1168	29.99250187453133
1634257589.97	1200	59.989792	0.0	1069893	167	1.2	44.624	0	1288	30
1634257594.32	1200	59.719783	0.0	1072481	172	1.2	48.625	0	1408	29.992501874531385
1634257598.17	1200	59.766667	0.0	1056021	165	1.2	52.625	0	1528	30
1634257602.05	1200	59.795174	0.0	1088699	163	1.2	56.625	0	1648	30
1634257606.37	1200	59.538588	0.0	1069675	169	1.2	60.625	0	1768	30
1634257610.19	1200	59.595054	0.0	1102469	162	1.2	64.626	0	1888	29.99250187453133
1634257614.04	1200	59.903109	0.0	1136712	176	1.2	68.626	0	2008	30
1634257617.9	1200	59.912591	0.0	1076114	191	1.2	72.628	0	2128	29.98500749625191
1634257622.26	1200	59.643854	0.0	1045544	178	1.2	76.63	0	2248	29.98500749625191
1634257626.13	1200	59.654478	0.0	1122544	190	1.2	80.63	0	2368	30
1634257629.99	1200	59.960949	0.0	1061011	170	1.2	84.63	0	2488	30
1634257633.82	1200	59.990067	0.0	1059811	150	1.2	88.63	0	2608	30
1634257638.15	1200	59.723297	0.0	1073475	182	1.2	92.63	0	2728	30
1634257642.02	1200	59.739302	0.0	1094517	230	1.2	96.631	0	2848	29.99250187453133
1634257646.4	1200	59.477489	0.0	1082819	185	1.2	100.631	0	2968	30
1634257650.26	1200	59.527828	0.0	1068766	182	1.2	104.631	0	3088	30
1634257654.13	1200	59.868834	0.0	1111544	173	1.2	108.633	0	3208	29.98500749625191
1634257657.98	1200	59.925964	0.0	1172967	194	1.2	112.637	0	3328	29.970029970029934
1634257661.87	1200	59.977757	0.0	1102175	186	1.2	116.636	0	3448	30.007501875468904
1634257666.21	1200	59.718516	0.0	1099116	167	1.2	120.636	0	3568	30
