1634235172.72	750	4	0.163	486588	86	-0.6959	0	0	0	0
1634235173.27	1200	8	0.0	1897149	362	0.75	0	0	0	0
1634235173.85	1200	11.483334	0.0	2016742	390	1.2	0	0	0	0
1634235174.55	1200	14.829006	0.0	1875307	344	1.2	0	0	0	0
1634235175.07	1200	18.266667	0.0	1939196	362	1.2	0	0	0	0
1634235175.59	1200	21.739647	0.0	1957925	354	1.2	0	0	0	0
1634235176.17	1200	25.183334	0.0	2010152	386	1.2	0	0	0	0
1634235176.73	1200	28.616667	0.0	1961069	369	1.2	4.798	2	175	0
1634235177.29	1200	32.083334	0.0	2006297	332	1.2	4.798	2	175	0
1634235177.8	1200	35.556439	0.0	1835501	298	1.2	4.798	2	175	0
1634235178.3	1200	39.033334	0.0	1999882	332	1.2	4.798	2	175	0
1634235178.82	1200	42.55	0.0	1904004	321	1.2	4.798	2	175	0
1634235179.31	1200	46.05	0.0	1807550	298	1.2	4.798	2	175	0
1634235179.93	1200	49.417179	0.0	1917549	427	1.2	4.798	2	175	0
1634235180.41	1200	52.933334	0.0	1985515	325	1.2	8.799	11	415	57.73556610847289
1634235180.89	1200	56.45	0.0	1935615	326	1.2	8.799	11	415	57.73556610847289
1634235181.42	1200	59.933334	0.0	2005418	326	1.2	8.799	11	415	57.73556610847289
1634235185.5	1200	59.836824	0.0	2047855	332	1.2	12.798	14	655	59.264816204051
1634235189.55	1200	59.85	0.0	1914857	321	1.2	16.799	15	895	59.73506623344165
1634235193.58	1200	59.880459	0.0	1992793	323	1.2	20.799	15	1135	60
1634235197.61	1200	59.897247	0.0	1930629	303	1.2	24.799	15	1375	60
1634235201.66	1200	59.924637	0.0	1998676	332	1.2	28.8	16	1615	59.73506623344162
1634235205.74	1200	59.659278	0.0	1905916	351	1.2	32.799	18	1855	59.514878719679935
1634235209.77	1200	59.689265	0.0	1979510	304	1.2	36.8	18	2095	59.98500374906277
1634235213.87	1200	59.716667	0.0	1948438	357	1.2	40.8	22	2335	59
1634235217.89	1200	59.454915	0.0	1944346	325	1.2	44.801	22	2575	59.98500374906266
1634235221.94	1200	59.478069	0.0	1962959	352	1.2	48.801	22	2815	60
1634235225.62	1200	59.79674	0.0	1917405	414	1.2	52.801	23	3055	59.75
1634235229.67	1200	59.820744	0.0	1913569	352	1.2	56.802	24	3296	59.98500374906277
1634235233.68	1200	59.83611	0.0	1937554	318	1.2	60.802	24	3536	60
1634235237.75	1200	59.859106	0.0	1930915	308	1.2	64.803	26	3775	59.23519120219949
1634235241.8	1200	59.636004	0.0	1953420	321	1.2	68.802	27	4016	60.015003750937595
1634235245.87	1200	59.661799	0.0	1957352	344	1.2	72.807	28	4256	59.67540574282154
1634235249.63	1200	59.931225	0.0	1903803	444	1.2	76.832	33	4497	58.63354037267093
1634235253.77	1200	59.662919	0.0	1953737	429	1.2	80.832	33	4737	60
1634235257.78	1200	59.721918	0.0	1836534	302	1.2	84.833	33	4977	59.98500374906266
1634235261.89	1200	59.735945	0.0	1850984	331	1.2	88.833	35	5217	59.5
1634235265.89	1200	59.480658	0.0	1870734	302	1.2	92.833	35	5457	60
1634235269.97	1200	59.500117	0.0	1939450	376	1.2	96.834	35	5697	59.98500374906266
1634235273.55	1200	59.810537	0.0	1891175	412	1.2	100.833	35	5937	60.01500375093781
1634235277.73	1200	59.837751	0.0	1976624	412	1.2	104.834	43	6177	57.98550362409391
1634235281.84	1200	59.580193	0.0	1959927	404	1.2	108.834	44	6417	59.75
1634235285.45	1200	59.894091	0.0	1936346	409	1.2	112.834	44	6657	60
1634235289.5	1200	59.907602	0.0	1823593	375	1.2	116.834	44	6897	60
1634235293.57	1200	59.933334	0.0	1951549	364	1.2	120.834	45	7137	59.75
