1634265336.13	750	4	0.157	428437	70	-0.6701	0	0	0	0
1634265336.28	300	8	0.0	230725	40	-0.15000000000000002	0	0	0	0
1634265336.44	300	12	0.0	243865	4	0.3	0	0	0	0
1634265336.59	300	16	0.0	220386	39	0.3	0	0	0	0
1634265336.75	300	19.958599	0.0	223780	34	0.3	0	0	0	0
1634265336.86	300	23.837682	0.0	230908	36	0.3	0	0	0	0
1634265337.0	300	27.716964	0.0	243834	43	0.3	0	0	0	0
1634265337.14	300	31.551923	0.0	227454	38	0.3	0	0	0	0
1634265337.28	300	35.430775	0.0	244114	41	0.3	0	0	0	0
1634265337.41	300	39.309888	0.0	227021	38	0.3	0	0	0	0
1634265337.55	300	43.148148	0.0	237387	41	0.3	0	0	0	0
1634265337.7	300	47.026997	0.0	226538	37	0.3	0	0	0	0
1634265337.86	300	50.864976	0.0	219929	44	0.3	0	0	0	0
1634265338.02	300	54.703357	0.0	225981	36	0.3	0	0	0	0
1634265338.16	300	58.541816	0.0	235362	36	0.3	0	0	0	0
1634265341.33	300	59.50378	0.0	228066	41	0.3	4.573	0	89	0
1634265345.07	300	59.849314	0.0	233092	42	0.3	8.573	0	209	30
1634265349.27	300	59.580181	0.0	250342	46	0.3	12.573	0	329	30
1634265353.0	300	59.965409	0.0	234538	41	0.3	16.573	0	449	30
1634265357.2	300	59.743854	0.0	234846	39	0.3	20.574	0	569	29.992501874531357
1634265361.35	300	59.504175	0.0	245620	40	0.3	24.574	0	689	30
1634265365.01	300	59.823214	0.0	238459	42	0.3	28.575	0	809	29.992501874531385
1634265369.22	300	59.570798	0.0	234371	43	0.3	32.575	0	929	29.999999999999975
1634265372.91	300	59.905116	0.0	238479	45	0.3	36.575	0	1049	30
1634265377.12	300	59.633334	0.0	235849	41	0.3	40.575	0	1169	30
1634265380.81	300	59.935259	0.0	227048	41	0.3	44.577	0	1289	29.98500749625191
1634265385.0	300	59.95494	0.0	241747	39	0.3	48.577	0	1409	30
1634265389.2	300	59.697881	0.0	226846	31	0.3	52.577	0	1529	30
1634265393.37	300	59.439266	0.0	240073	37	0.3	56.578	0	1649	29.99250187453133
1634265397.04	300	59.737651	0.0	224865	37	0.3	60.577	0	1769	30.007501875468904
1634265401.27	300	59.469778	0.0	223555	36	0.3	64.578	0	1889	29.99250187453133
1634265404.98	300	59.815236	0.0	236661	46	0.3	68.579	0	2009	29.99250187453144
1634265409.19	300	59.584691	0.0	224869	40	0.3	72.578	0	2129	30.007501875468797
1634265412.99	300	59.897919	0.0	220416	40	0.3	76.579	0	2249	29.99250187453144
1634265417.29	300	59.625511	0.0	232283	35	0.3	80.579	0	2369	30
1634265420.98	300	59.933334	0.0	216316	37	0.3	84.579	0	2489	30
1634265425.16	300	59.666667	0.0	221305	40	0.3	88.58	0	2609	29.99250187453133
1634265428.84	300	59.960854	0.0	225701	40	0.3	92.58	0	2729	30
1634265433.01	300	59.717297	0.0	232001	33	0.3	96.58	0	2849	30
1634265437.2	300	59.773676	0.0	225146	35	0.3	100.58	0	2969	30
1634265440.9	300	59.803649	0.0	234577	41	0.3	104.581	0	3089	29.99250187453133
1634265445.07	300	59.620121	0.0	231377	28	0.3	108.582	0	3209	29.99250187453144
1634265449.25	300	59.630283	0.0	236166	54	0.3	112.581	0	3329	30.007501875468797
1634265452.94	300	59.937711	0.0	218149	40	0.3	116.581	0	3449	30
1634265457.11	300	59.670471	0.0	228342	44	0.3	120.582	0	3569	29.99250187453144
