1634220801.16	750	4	0.181	486588	86	-0.7733	0	0	0	0
1634220802.07	1850	8	0.0	3749264	559	0.75	0	0	0	0
1634220802.9	1850	11.683334	0.0	3665907	551	1.85	0	0	0	0
1634220803.78	1850	14.85	0.0	3661478	617	1.85	0	0	0	0
1634220804.72	1850	17.916667	0.0	3718934	625	1.85	5.229	10	107	0
1634220805.58	1850	21.05	0.0	3718871	608	1.85	5.229	10	107	0
1634220806.63	1850	24	0.0	3785083	747	1.85	5.229	10	107	0
1634220807.5	1850	27.1	0.0	3649314	628	1.85	5.229	10	107	0
1634220809.06	1850	29.533334	0.0	3723484	1318	1.85	9.229	55	347	48.750000000000014
1634220809.89	1850	32.683334	0.0	3624861	600	1.85	9.229	55	347	48.750000000000014
1634220810.75	1850	35.85	0.0	3684892	633	1.85	9.229	55	347	48.750000000000014
1634220811.69	1850	38.983334	0.0	3660565	599	1.85	9.229	55	347	48.750000000000014
1634220812.55	1850	42.066667	0.0	3609338	620	1.85	13.23	113	587	45.488627843039225
1634220813.67	1850	44.95	0.0	3624575	857	1.85	13.23	113	587	45.488627843039225
1634220814.7	1850	47.9	0.0	3773536	749	1.85	13.23	113	587	45.488627843039225
1634220815.77	1850	50.85	0.0	3710640	744	1.85	13.23	113	587	45.488627843039225
1634220816.97	1850	53.666667	0.0	3766415	904	1.85	17.23	206	827	36.75
1634220818.09	1850	56.533334	0.0	3798226	833	1.85	17.23	206	827	36.75
1634220819.0	1850	59.65	0.0	3583866	629	1.85	17.23	206	827	36.75
1634220822.98	1850	59.727899	0.0	3703917	701	1.85	21.23	345	1066	25
1634220826.95	1850	59.762013	0.0	3680696	687	1.85	25.23	387	1307	49.75
1634220831.0	1850	59.711856	0.0	3907331	711	1.85	29.231	424	1546	50.48737815546112
1634220834.69	1850	59.904858	0.0	3502965	598	1.85	33.233	451	1784	52.72363818090961
1634220838.82	1850	59.880199	0.0	3698872	842	1.85	37.232	502	2027	48.01200300075016
1634220843.15	1850	59.654798	0.0	3640135	812	1.85	41.248	531	2266	52.29083665338648
