1634276803.12	750	4	0.19	428437	73	-0.8119999999999999	0	0	0	0
1634276803.49	1200	8	0.0	1070596	183	0.75	0	0	0	0
1634276803.88	1200	12	0.0	1102185	139	1.2	0	0	0	0
1634276804.19	1200	16	0.0	1050918	173	1.2	0	0	0	0
1634276804.5	1200	20	0.0	1076009	169	1.2	0	0	0	0
1634276804.8	1200	24	0.0	1074962	172	1.2	0	0	0	0
1634276805.12	1200	28	0.0	1089013	178	1.2	0	0	0	0
1634276805.43	1200	31.714564	0.0	1085191	172	1.2	0	0	0	0
1634276805.77	1200	35.391668	0.0	1067569	182	1.2	0	0	0	0
1634276806.09	1200	39.069289	0.0	1068135	164	1.2	0	0	0	0
1634276806.42	1200	42.70612	0.0	1112498	190	1.2	5.459	0	37	0
1634276806.79	1200	46.342329	0.0	1102305	201	1.2	5.459	0	37	0
1634276807.12	1200	50.019841	0.0	1058097	175	1.2	5.459	0	37	0
1634276807.46	1200	53.695869	0.0	1067149	177	1.2	5.459	0	37	0
1634276807.81	1200	57.33187	0.0	1065119	151	1.2	5.459	0	37	0
1634276809.67	1200	59.752695	0.0	1079756	171	1.2	5.459	0	37	0
1634276813.55	1200	59.766667	0.0	1099272	190	1.2	9.458	1	157	29.757439359839957
1634276817.46	1200	59.787862	0.0	1076487	159	1.2	13.459	1	277	29.99250187453137
1634276821.85	1200	59.509503	0.0	1074867	176	1.2	17.459	1	397	30
1634276825.75	1200	59.575147	0.0	1047892	163	1.2	21.459	1	517	30
1634276829.63	1200	59.610429	0.0	1079491	183	1.2	25.46	1	637	29.992501874531357
1634276833.5	1200	59.649325	0.0	1168595	179	1.2	29.464	1	757	29.970029970029987
1634276837.38	1200	59.97179	0.0	1155651	192	1.2	33.463	1	877	30.00750187546885
1634276841.81	1200	59.440754	0.0	1068823	168	1.2	37.464	1	997	29.992501874531385
1634276845.55	1200	59.741161	0.0	1083472	14	1.2	41.464	1	1117	30
1634276849.45	1200	59.8	0.0	1069893	191	1.2	45.464	1	1237	30
1634276853.8	1200	59.533776	0.0	1072481	171	1.2	49.464	1	1357	30
1634276857.67	1200	59.549413	0.0	1056021	142	1.2	53.465	1	1477	29.99250187453133
1634276861.57	1200	59.858825	0.0	1088699	175	1.2	57.465	1	1597	30
1634276865.42	1200	59.910621	0.0	1069675	190	1.2	61.465	1	1717	30
1634276869.37	1200	59.943476	0.0	1102469	199	1.2	65.465	1	1837	30
1634276873.29	1200	59.964857	0.0	1136712	180	1.2	69.466	1	1957	29.99250187453144
1634276877.17	1200	59.98366	0.0	1076114	192	1.2	73.466	1	2077	30
1634276881.53	1200	59.717328	0.0	1045544	159	1.2	77.466	1	2197	30
1634276885.45	1200	59.7616	0.0	1122544	196	1.2	81.467	1	2317	29.99250187453133
1634276889.8	1200	59.494551	0.0	1061011	174	1.2	85.466	1	2437	30.007501875468904
1634276893.66	1200	59.538934	0.0	1059811	131	1.2	89.468	1	2557	29.985007496251804
1634276897.52	1200	59.918313	0.0	1073475	174	1.2	93.467	1	2677	30.007501875468904
1634276901.37	1200	59.938333	0.0	1094517	154	1.2	97.468	1	2797	29.99250187453133
1634276905.23	1200	59.978785	0.0	1082819	168	1.2	101.468	1	2917	30
1634276909.6	1200	59.716641	0.0	1068766	174	1.2	105.467	1	3037	30.007501875468904
1634276913.47	1200	59.770382	0.0	1111544	165	1.2	109.468	1	3157	29.99250187453133
1634276917.82	1200	59.525121	0.0	1172967	195	1.2	113.468	1	3277	30
1634276921.68	1200	59.563081	0.0	1102175	154	1.2	117.468	1	3398	30.25
1634276925.51	1200	59.866667	0.0	1099116	165	1.2	121.469	1	3517	29.742564358910343
