1634278938.23	750	4	0.218	486588	88	-0.9324	0	0	0	0
1634278939.61	2850	8	0.0	5862628	949	0.75	0	0	0	0
1634278940.93	2850	11.25	0.0	5992376	956	2.85	0	0	0	0
1634278942.29	2850	13.933334	0.0	5878425	962	2.85	5.434	15	85	0
1634278943.63	2850	16.566667	0.0	5829325	911	2.85	5.434	15	85	0
1634278944.96	2850	19.233334	0.0	5866019	933	2.85	5.434	15	85	0
1634278946.26	2850	21.933334	0.0	5788613	922	2.85	9.434	103	325	38.00000000000001
1634278947.57	2850	24.633334	0.0	5923161	911	2.85	9.434	103	325	38.00000000000001
1634278948.9	2850	27.316667	0.0	5919519	938	2.85	9.434	103	325	38.00000000000001
1634278950.25	2850	29.966667	0.0	5874891	939	2.85	13.435	177	565	41.48962759310171
