1634267294.66	750	4	0.167	486588	86	-0.7131000000000001	0	0	0	0
1634267295.19	1200	8	0.0	1897149	325	0.75	0	0	0	0
1634267295.69	1200	11.636335	0.0	2016742	337	1.2	0	0	0	0
1634267296.2	1200	15.193035	0.0	1875307	299	1.2	0	0	0	0
1634267296.72	1200	18.633334	0.0	1939196	323	1.2	0	0	0	0
1634267297.21	1200	22.142989	0.0	1957925	314	1.2	0	0	0	0
1634267297.74	1200	25.611419	0.0	2010152	332	1.2	0	0	0	0
1634267298.31	1200	29.046306	0.0	1961069	295	1.2	4.588	3	165	0
1634267298.87	1200	32.5	0.0	2006297	350	1.2	4.588	3	165	0
1634267299.37	1200	36	0.0	1835501	292	1.2	4.588	3	165	0
1634267299.9	1200	39.433488	0.0	1999882	373	1.2	4.588	3	165	0
1634267300.41	1200	42.966667	0.0	1904004	299	1.2	4.588	3	165	0
1634267300.87	1200	46.466667	0.0	1807550	281	1.2	4.588	3	165	0
1634267301.36	1200	49.981305	0.0	1917549	314	1.2	4.588	3	165	0
1634267301.85	1200	53.496692	0.0	1985515	320	1.2	4.588	3	165	0
1634267302.35	1200	57.012741	0.0	1935615	331	1.2	8.588	8	405	58.750000000000014
1634267303.85	1200	59.55293	0.0	2005418	315	1.2	8.588	8	405	58.750000000000014
1634267307.91	1200	59.606824	0.0	2047855	351	1.2	12.588	9	645	59.75
1634267311.47	1200	59.913354	0.0	1914857	277	1.2	16.589	11	885	59.48512871782055
1634267315.52	1200	59.930322	0.0	1992793	332	1.2	20.589	11	1125	60
1634267319.54	1200	59.960975	0.0	1930629	295	1.2	24.589	11	1365	60
1634267323.59	1200	59.990408	0.0	1998676	311	1.2	28.589	13	1605	59.5
1634267327.66	1200	59.72863	0.0	1905916	315	1.2	32.589	16	1845	59.25
1634267331.66	1200	59.746228	0.0	1979510	321	1.2	36.59	16	2085	59.98500374906266
1634267335.74	1200	59.853634	0.0	1948438	353	1.2	40.59	17	2325	59.75
1634267339.76	1200	59.597869	0.0	1944346	333	1.2	44.59	18	2565	59.75
1634267343.76	1200	59.619674	0.0	1962959	315	1.2	48.59	18	2805	60
1634267347.83	1200	59.647316	0.0	1917405	331	1.2	52.591	18	3045	59.98500374906277
1634267351.43	1200	59.959536	0.0	1913569	379	1.2	56.59	19	3285	59.76494123530879
1634267355.55	1200	59.979351	0.0	1937554	431	1.2	60.591	19	3525	59.98500374906277
1634267360.09	1200	59.439516	0.0	1930915	302	1.2	64.591	20	3765	59.75000000000011
1634267363.63	1200	59.787667	0.0	1953420	798	1.2	68.591	20	4005	60
1634267367.72	1200	59.812095	0.0	1957352	353	1.2	72.591	20	4245	60
1634267371.77	1200	59.830891	0.0	1903803	325	1.2	76.591	20	4486	60.25
1634267375.81	1200	59.576497	0.0	1953737	338	1.2	80.592	20	4726	59.98500374906266
1634267379.82	1200	59.59273	0.0	1836534	319	1.2	84.592	20	4966	60
1634267383.85	1200	59.618445	0.0	1850984	348	1.2	88.593	20	5206	59.98500374906266
1634267387.9	1200	59.641202	0.0	1870734	338	1.2	92.592	20	5446	60.01500375093781
1634267391.43	1200	59.950094	0.0	1939450	322	1.2	96.592	20	5686	60
1634267395.98	1200	59.432156	0.0	1891175	341	1.2	100.593	20	5926	59.98500374906266
1634267400.06	1200	59.452718	0.0	1976624	349	1.2	104.594	20	6166	59.98500374906288
1634267403.65	1200	59.799136	0.0	1959927	301	1.2	108.599	20	6406	59.92509363295866
1634267407.68	1200	59.828514	0.0	1936346	354	1.2	112.598	21	6646	59.764941235308896
1634267411.74	1200	59.854231	0.0	1823593	366	1.2	116.598	21	6886	60
1634267415.81	1200	59.591729	0.0	1951549	348	1.2	120.599	21	7126	59.98500374906266
