1634256609.3	750	4	0.174	428437	55	-0.7432	0	0	0	0
1634256609.9	1850	8	0.0	2194849	355	0.75	0	0	0	0
1634256610.4	1850	12	0.0	2241724	365	1.85	0	0	0	0
1634256610.98	1850	16	0.0	2191337	379	1.85	0	0	0	0
1634256611.52	1850	19.511817	0.0	2191196	357	1.85	0	0	0	0
1634256612.07	1850	22.986902	0.0	2214251	349	1.85	0	0	0	0
1634256612.71	1850	26.461956	0.0	2177842	330	1.85	5.212	0	46	0
1634256613.27	1850	29.775436	0.0	2228366	384	1.85	5.212	0	46	0
1634256613.94	1850	33.089621	0.0	2144748	519	1.85	5.212	0	46	0
1634256614.48	1850	36.563579	0.0	2196481	348	1.85	5.212	0	46	0
1634256615.01	1850	40.039148	0.0	2179785	352	1.85	5.212	0	46	0
1634256615.57	1850	43.474762	0.0	2232134	379	1.85	5.212	0	46	0
1634256616.15	1850	46.869666	0.0	2239109	378	1.85	5.212	0	46	0
1634256616.75	1850	50.302448	0.0	2148555	352	1.85	9.211	2	166	29.50737684421105
1634256617.37	1850	53.69461	0.0	2164111	341	1.85	9.211	2	166	29.50737684421105
1634256618.0	1850	57.045905	0.0	2229209	372	1.85	9.211	2	166	29.50737684421105
1634256619.53	1850	59.511126	0.0	2163625	361	1.85	9.211	2	166	29.50737684421105
1634256623.61	1850	59.550289	0.0	2211517	346	1.85	13.211	2	286	30
1634256627.18	1850	59.9	0.0	2153910	340	1.85	17.213	2	406	29.985007496251868
1634256631.25	1850	59.926287	0.0	2138318	335	1.85	21.212	2	526	30.007501875468876
1634256635.34	1850	59.96044	0.0	2275149	366	1.85	25.213	2	646	29.992501874531357
1634256639.47	1850	59.706873	0.0	2272623	363	1.85	29.213	2	766	30
1634256643.52	1850	59.742737	0.0	2270492	352	1.85	33.213	2	886	30
1634256647.58	1850	59.485296	0.0	2179932	331	1.85	37.213	2	1006	30
1634256651.62	1850	59.509673	0.0	2161125	333	1.85	41.213	2	1126	30
1634256655.23	1850	59.824249	0.0	2116735	355	1.85	45.216	2	1246	29.977516862353234
1634256659.81	1850	59.859936	0.0	2166791	351	1.85	49.264	2	1367	29.891304347826072
1634256663.84	1850	59.680096	0.0	2121825	296	1.85	53.266	2	1487	29.98500749625191
1634256667.57	1850	59.636331	0.0	2230670	322	1.85	57.269	2	1608	30.227329502872845
1634256671.26	1850	59.943258	0.0	2208872	399	1.85	61.264	2	1727	29.78723404255316
1634256675.3	1850	59.987617	0.0	2283966	374	1.85	65.264	2	1847	30.000000000000053
1634256679.36	1850	59.732003	0.0	2257313	338	1.85	69.264	2	1967	30
1634256683.44	1850	59.758426	0.0	2165733	338	1.85	73.265	2	2087	29.99250187453133
1634256687.46	1850	59.788865	0.0	2085175	344	1.85	77.265	2	2207	30
1634256691.55	1850	59.545581	0.0	2307215	332	1.85	81.265	2	2327	30
1634256695.64	1850	59.56227	0.0	2229829	354	1.85	85.265	2	2447	30
1634256699.21	1850	59.880173	0.0	2148822	356	1.85	89.266	2	2567	29.99250187453133
1634256703.29	1850	59.944612	0.0	2199496	331	1.85	93.266	2	2687	30
1634256707.32	1850	59.977421	0.0	2249490	344	1.85	97.266	2	2807	30
1634256711.39	1850	59.724172	0.0	2138617	335	1.85	101.272	2	2928	30.20469296055916
1634256715.43	1850	59.759619	0.0	2164190	360	1.85	105.266	2	3047	29.794692038057086
1634256719.48	1850	59.774941	0.0	2272961	323	1.85	109.267	2	3167	29.99250187453144
1634256723.62	1850	59.567104	0.0	2276641	360	1.85	113.267	2	3287	30
1634256727.27	1850	59.921078	0.0	2257099	341	1.85	117.268	2	3407	29.99250187453133
1634256731.46	1850	59.678941	0.0	2268884	390	1.85	121.272	2	3528	30.219780219780183
