1634234241.4	750	4	0.174	486588	72	-0.7432	0	0	0	0
1634234242.27	1850	8	0.0	3749264	583	0.75	0	0	0	0
1634234243.07	1850	12	0.0	3665907	579	1.85	0	0	0	0
1634234243.86	1850	15.283334	0.0	3661478	570	1.85	0	0	0	0
1634234244.68	1850	18.433334	0.0	3718934	624	1.85	0	0	0	0
1634234245.52	1850	21.616667	0.0	3718871	627	1.85	5.194	5	102	0
1634234246.38	1850	24.783334	0.0	3785083	619	1.85	5.194	5	102	0
1634234247.24	1850	27.95	0.0	3649314	623	1.85	5.194	5	102	0
1634234248.07	1850	31.066667	0.0	3723484	611	1.85	5.194	5	102	0
1634234248.92	1850	34.233334	0.0	3624861	600	1.85	9.194	44	343	50.499999999999986
1634234249.72	1850	37.4	0.0	3684892	593	1.85	9.194	44	343	50.499999999999986
1634234250.58	1850	40.55	0.0	3660565	643	1.85	9.194	44	343	50.499999999999986
1634234251.41	1850	43.716667	0.0	3609338	562	1.85	9.194	44	343	50.499999999999986
1634234252.2	1850	46.933334	0.0	3624575	587	1.85	9.194	44	343	50.499999999999986
1634234253.06	1850	50.066667	0.0	3773536	659	1.85	13.194	68	583	54
1634234253.93	1850	53.216667	0.0	3710640	609	1.85	13.194	68	583	54
