1634263928.56	750	4	0.153	428437	75	-0.6528999999999999	0	0	0	0
1634263928.96	1200	8	0.0	1070596	170	0.75	0	0	0	0
1634263929.26	1200	12	0.0	1102185	198	1.2	0	0	0	0
1634263929.54	1200	15.756828	0.0	1050918	164	1.2	0	0	0	0
1634263929.87	1200	19.43417	0.0	1076009	177	1.2	0	0	0	0
1634263930.17	1200	23.110971	0.0	1074962	171	1.2	0	0	0	0
1634263930.5	1200	26.788117	0.0	1089013	177	1.2	0	0	0	0
1634263930.84	1200	30.466667	0.0	1085191	179	1.2	0	0	0	0
1634263931.15	1200	34.182104	0.0	1067569	163	1.2	0	0	0	0
1634263931.44	1200	37.859383	0.0	1068135	172	1.2	0	0	0	0
1634263931.73	1200	41.576998	0.0	1112498	171	1.2	0	0	0	0
1634263932.05	1200	45.254939	0.0	1102305	179	1.2	4.589	0	82	0
1634263932.38	1200	48.931062	0.0	1058097	159	1.2	4.589	0	82	0
1634263932.69	1200	52.608731	0.0	1067149	171	1.2	4.589	0	82	0
1634263933.01	1200	56.286543	0.0	1065119	167	1.2	4.589	0	82	0
1634263933.82	1200	59.480098	0.0	1079756	169	1.2	4.589	0	82	0
1634263937.64	1200	59.785282	0.0	1099272	182	1.2	8.588	1	202	29.757439359839967
1634263941.49	1200	59.893065	0.0	1076487	172	1.2	12.609	1	323	30.09201691121611
1634263945.84	1200	59.632084	0.0	1074867	168	1.2	16.606	1	443	30.022516887665738
1634263949.76	1200	59.650249	0.0	1047892	171	1.2	20.607	1	563	29.992501874531385
1634263953.62	1200	59.952261	0.0	1079491	159	1.2	24.607	1	683	30
1634263957.51	1200	59.962486	0.0	1168595	213	1.2	28.608	1	803	29.992501874531357
1634263961.37	1200	59.987172	0.0	1155651	154	1.2	32.608	1	923	30.00000000000003
1634263965.73	1200	59.795092	0.0	1068823	202	1.2	36.608	1	1043	30
1634263969.62	1200	59.812725	0.0	1083472	13	1.2	40.608	1	1163	30
1634263973.49	1200	59.833972	0.0	1069893	164	1.2	44.611	1	1283	29.977516862353234
1634263977.85	1200	59.566667	0.0	1072481	168	1.2	48.609	1	1403	30.015007503751843
1634263981.69	1200	59.869312	0.0	1056021	170	1.2	52.611	1	1523	29.98500749625191
1634263985.58	1200	59.890693	0.0	1088699	170	1.2	56.61	1	1643	30.00750187546885
1634263989.41	1200	59.905067	0.0	1069675	168	1.2	60.61	1	1763	30
1634263993.78	1200	59.645145	0.0	1102469	175	1.2	64.612	1	1883	29.98500749625191
1634263997.62	1200	59.661996	0.0	1136712	177	1.2	68.612	1	2003	30
1634264001.45	1200	59.960904	0.0	1076114	179	1.2	72.611	1	2123	30.007501875468797
1634264005.78	1200	59.694748	0.0	1045544	164	1.2	76.612	1	2243	29.99250187453144
1634264009.65	1200	59.789873	0.0	1122544	160	1.2	80.615	1	2363	29.977516862353234
1634264013.51	1200	59.806819	0.0	1061011	213	1.2	84.621	1	2483	29.955067398901647
1634264017.83	1200	59.567797	0.0	1059811	167	1.2	88.621	1	2603	30
1634264021.7	1200	59.872548	0.0	1073475	172	1.2	92.621	1	2723	30
1634264025.53	1200	59.881965	0.0	1094517	195	1.2	96.622	1	2843	29.99250187453133
1634264029.87	1200	59.61603	0.0	1082819	168	1.2	100.622	1	2963	30
1634264033.69	1200	59.642043	0.0	1068766	130	1.2	104.623	1	3083	29.99250187453133
1634264037.53	1200	59.933753	0.0	1111544	181	1.2	108.623	1	3203	30
1634264041.39	1200	59.959606	0.0	1172967	166	1.2	112.623	1	3323	30
1634264045.74	1200	59.693865	0.0	1102175	190	1.2	116.624	1	3443	29.99250187453144
1634264049.56	1200	59.749947	0.0	1099116	174	1.2	120.624	1	3563	30
