1634277516.45	750	4	0.201	428437	91	-0.8593	0	0	0	0
1634277516.64	750	8	0.0	427397	75	0.75	0	0	0	0
1634277516.82	750	12	0.0	435939	90	0.75	0	0	0	0
1634277517.1	750	16	0.0	420508	125	0.75	0	0	0	0
1634277517.32	750	20	0.0	431392	94	0.75	0	0	0	0
1634277517.51	750	24	0.0	442512	86	0.75	0	0	0	0
1634277517.7	750	28	0.0	450465	82	0.75	0	0	0	0
1634277517.89	750	32	0.0	454724	80	0.75	0	0	0	0
1634277518.1	750	36	0.0	440962	88	0.75	0	0	0	0
1634277518.31	750	39.913342	0.0	433775	53	0.75	0	0	0	0
1634277518.49	750	43.710701	0.0	445796	70	0.75	0	0	0	0
1634277518.65	750	47.549469	0.0	436832	64	0.75	0	0	0	0
1634277518.83	750	51.347684	0.0	432476	61	0.75	0	0	0	0
1634277519.01	750	55.185176	0.0	422635	65	0.75	0	0	0	0
1634277519.18	750	59.023739	0.0	433467	67	0.75	0	0	0	0
1634277522.38	750	59.982822	0.0	430697	63	0.75	5.412	0	43	0
1634277526.64	750	59.715421	0.0	440079	53	0.75	9.418	0	163	29.95506739890165
1634277530.87	750	59.456269	0.0	448764	75	0.75	13.418	0	283	30
1634277534.6	750	59.774704	0.0	451052	78	0.75	17.419	0	403	29.992501874531357
1634277538.83	750	59.551329	0.0	434071	39	0.75	21.419	0	523	30
1634277542.54	750	59.867788	0.0	440125	71	0.75	25.419	0	643	30
1634277546.78	750	59.608084	0.0	467521	81	0.75	29.42	0	763	29.992501874531357
1634277550.58	750	59.915011	0.0	453405	69	0.75	33.421	0	883	29.992501874531385
1634277554.39	750	59.966836	0.0	437659	84	0.75	37.421	0	1003	30
1634277558.61	750	59.704344	0.0	426987	85	0.75	41.421	0	1123	30
1634277562.84	750	59.448714	0.0	432295	70	0.75	45.421	0	1243	30
1634277566.56	750	59.760301	0.0	432130	53	0.75	49.421	0	1363	30
1634277570.77	750	59.486595	0.0	425788	73	0.75	53.421	0	1483	30
1634277574.59	750	59.821764	0.0	435574	68	0.75	57.422	0	1603	29.992501874531385
1634277578.81	750	59.563979	0.0	420051	84	0.75	61.422	0	1723	30
1634277582.58	750	59.875727	0.0	438225	90	0.75	65.422	0	1843	30
1634277586.38	750	59.983343	0.0	445487	105	0.75	69.422	0	1963	30
1634277590.65	750	59.736903	0.0	431544	102	0.75	73.426	0	2083	29.970029970029934
1634277594.9	750	59.47293	0.0	413330	76	0.75	77.426	0	2203	30
1634277598.65	750	59.769647	0.0	443416	76	0.75	81.426	0	2323	30
1634277602.39	750	59.831524	0.0	427034	82	0.75	85.426	0	2443	30
1634277606.65	750	59.56709	0.0	420805	106	0.75	89.427	0	2563	29.99250187453133
1634277610.37	750	59.880239	0.0	432340	67	0.75	93.426	0	2683	30.007501875468904
1634277614.58	750	59.612792	0.0	445203	63	0.75	97.426	0	2803	30
1634277618.31	750	59.914967	0.0	428535	90	0.75	101.427	0	2923	29.99250187453133
1634277622.53	750	59.92929	0.0	432915	83	0.75	105.427	0	3043	30
1634277626.28	750	59.953835	0.0	440705	99	0.75	109.427	0	3163	30
1634277630.52	750	59.694824	0.0	464681	75	0.75	113.428	0	3283	29.99250187453144
1634277634.31	750	59.984529	0.0	432462	111	0.75	117.449	0	3404	30.09201691121611
1634277638.56	750	59.757963	0.0	443948	91	0.75	121.448	0	3524	30.007501875468904
