1634274455.45	750	4	0.225	486588	52	-0.9625	0	0	0	0
1634274455.8	750	8	0.0	731620	121	0.75	0	0	0	0
1634274456.09	750	12	0.0	760090	120	0.75	0	0	0	0
1634274456.33	750	16	0.0	714177	119	0.75	0	0	0	0
1634274456.57	750	20	0.0	733262	111	0.75	0	0	0	0
1634274456.86	750	24	0.0	751224	149	0.75	0	0	0	0
1634274457.14	750	28	0.0	740489	123	0.75	0	0	0	0
1634274457.39	750	31.832453	0.0	729701	95	0.75	0	0	0	0
1634274457.65	750	35.550001	0.0	759037	110	0.75	0	0	0	0
1634274457.91	750	39.307475	0.0	703222	112	0.75	0	0	0	0
1634274458.17	750	43.024926	0.0	743449	114	0.75	0	0	0	0
1634274458.52	750	46.782274	0.0	705495	106	0.75	0	0	0	0
1634274458.76	750	50.458247	0.0	692056	116	0.75	5.48	0	87	0
1634274459.0	750	54.213358	0.0	733216	121	0.75	5.48	0	87	0
1634274459.26	750	57.970032	0.0	754497	125	0.75	5.48	0	87	0
1634274461.53	750	59.783334	0.0	733656	127	0.75	5.48	0	87	0
1634274465.86	750	59.531774	0.0	719773	121	0.75	9.478	0	327	60.03001500750376
1634274469.67	750	59.566667	0.0	765634	123	0.75	13.478	0	567	60
1634274473.47	750	59.880568	0.0	724551	131	0.75	17.478	0	807	59.99999999999997
1634274477.79	750	59.622385	0.0	741256	136	0.75	21.478	0	1047	60
1634274481.59	750	59.680827	0.0	740368	115	0.75	25.48	0	1287	59.97001499250376
1634274485.38	750	59.996014	0.0	734192	99	0.75	29.479	0	1527	60.01500375093775
1634274489.67	750	59.726024	0.0	736650	117	0.75	33.48	0	1767	59.98500374906277
1634274493.51	750	59.746956	0.0	765755	113	0.75	37.48	0	2007	60
1634274497.79	750	59.479678	0.0	741305	111	0.75	41.481	0	2247	59.98500374906266
1634274501.6	750	59.785889	0.0	732007	153	0.75	45.481	0	2487	60
1634274505.89	750	59.519798	0.0	730771	93	0.75	49.481	0	2727	60
1634274509.69	750	59.545123	0.0	730130	117	0.75	53.482	0	2967	59.98500374906277
1634274513.47	750	59.854668	0.0	719311	113	0.75	57.482	0	3207	60
1634274517.76	750	59.626791	0.0	719647	127	0.75	61.482	0	3447	60
1634274521.56	750	59.652989	0.0	722872	93	0.75	65.482	0	3687	60
1634274525.36	750	59.961863	0.0	740779	128	0.75	69.483	0	3927	59.98500374906266
1634274529.71	750	59.701945	0.0	735421	121	0.75	73.488	0	4167	59.92509363295887
1634274533.51	750	59.722174	0.0	693798	113	0.75	77.488	0	4407	60
1634274537.81	750	59.464377	0.0	727502	122	0.75	81.488	0	4647	60
1634274541.58	750	59.772464	0.0	675507	103	0.75	85.488	0	4888	60.25
1634274545.36	750	59.869134	0.0	700902	110	0.75	89.49	0	5127	59.72013993003505
1634274549.65	750	59.612435	0.0	701249	118	0.75	93.489	0	5368	60.2650662665665
1634274553.43	750	59.914061	0.0	730132	118	0.75	97.49	0	5608	59.98500374906288
1634274557.74	750	59.650044	0.0	711025	115	0.75	101.49	0	5848	60
1634274561.57	750	59.673531	0.0	727719	108	0.75	105.49	0	6088	60
1634274565.36	750	59.981933	0.0	737895	111	0.75	109.492	0	6328	59.97001499250361
1634274569.64	750	59.726103	0.0	715541	123	0.75	113.492	0	6568	60
1634274573.94	750	59.462377	0.0	673063	122	0.75	117.492	0	6808	60
1634274577.71	750	59.760336	0.0	734241	101	0.75	121.493	0	7048	59.98500374906288
