1634266856.9	750	4	0.172	486588	80	-0.7346	0	0	0	0
1634266857.43	1200	8	0.0	1897149	346	0.75	0	0	0	0
1634266857.9	1200	12	0.0	2016742	321	1.2	0	0	0	0
1634266858.38	1200	16	0.0	1875307	306	1.2	0	0	0	0
1634266858.9	1200	19.587538	0.0	1939196	349	1.2	0	0	0	0
1634266859.4	1200	23.103045	0.0	1957925	343	1.2	0	0	0	0
1634266859.89	1200	26.617534	0.0	2010152	329	1.2	0	0	0	0
1634266860.51	1200	30.01197	0.0	1961069	477	1.2	5.249	1	108	0
1634266861.05	1200	33.48456	0.0	2006297	332	1.2	5.249	1	108	0
1634266861.51	1200	37.000292	0.0	1835501	265	1.2	5.249	1	108	0
1634266862.02	1200	40.516667	0.0	1999882	319	1.2	5.249	1	108	0
1634266862.52	1200	44	0.0	1904004	316	1.2	5.249	1	108	0
1634266862.97	1200	47.543192	0.0	1807550	288	1.2	5.249	1	108	0
1634266863.52	1200	51.016667	0.0	1917549	323	1.2	5.249	1	108	0
1634266863.99	1200	54.533334	0.0	1985515	298	1.2	5.249	1	108	0
1634266864.46	1200	58.048751	0.0	1935615	319	1.2	9.249	7	348	58.499999999999986
1634266867.0	1200	59.781288	0.0	2005418	319	1.2	9.249	7	348	58.499999999999986
1634266871.13	1200	59.527022	0.0	2047855	350	1.2	13.25	11	588	58.98525368657836
1634266874.69	1200	59.850544	0.0	1914857	297	1.2	17.25	11	828	60
1634266878.74	1200	59.876561	0.0	1992793	321	1.2	21.251	13	1068	59.48512871782053
1634266882.77	1200	59.903693	0.0	1930629	300	1.2	25.251	14	1308	59.75
1634266886.85	1200	59.945487	0.0	1998676	317	1.2	29.252	14	1548	59.98500374906277
1634266890.95	1200	59.703013	0.0	1905916	338	1.2	33.251	17	1788	59.26481620405103
1634266895.12	1200	59.733758	0.0	1979510	352	1.2	37.251	17	2028	60
1634266899.19	1200	59.502449	0.0	1948438	285	1.2	41.252	18	2268	59.73506623344157
1634266902.9	1200	59.813467	0.0	1944346	400	1.2	45.264	23	2509	58.823529411764696
1634266906.66	1200	59.977386	0.0	1962959	24	1.2	49.252	45	2748	54.41323971915748
1634266911.17	1200	59.480223	0.0	1917405	335	1.2	53.253	45	2988	59.98500374906277
1634266914.68	1200	59.865036	0.0	1913569	253	1.2	57.253	45	3228	60
1634266918.77	1200	59.89402	0.0	1937554	378	1.2	61.252	47	3468	59.514878719679885
1634266922.81	1200	59.930233	0.0	1930915	335	1.2	65.254	47	3708	59.970014992503714
1634266926.89	1200	59.719041	0.0	1953420	366	1.2	69.255	47	3948	59.98500374906288
1634266930.92	1200	59.743557	0.0	1957352	298	1.2	73.254	47	4188	60.015003750937595
1634266934.91	1200	59.771271	0.0	1903803	301	1.2	77.254	47	4428	60
1634266939.04	1200	59.809596	0.0	1953737	293	1.2	81.256	47	4668	59.97001499250382
