1634254051.51	750	4	0.227	486588	81	-0.9710999999999999	0	0	0	0
1634254052.06	1200	8	0.0	1897149	369	0.75	0	0	0	0
1634254052.55	1200	12	0.0	2016742	285	1.2	0	0	0	0
1634254053.02	1200	16	0.0	1875307	282	1.2	0	0	0	0
1634254053.56	1200	19.55	0.0	1939196	314	1.2	0	0	0	0
1634254054.05	1200	23.066667	0.0	1957925	292	1.2	0	0	0	0
1634254054.55	1200	26.566667	0.0	2010152	315	1.2	0	0	0	0
1634254055.04	1200	30.04844	0.0	1961069	334	1.2	5.24	4	99	0
1634254055.52	1200	33.566667	0.0	2006297	323	1.2	5.24	4	99	0
1634254055.96	1200	37.121153	0.0	1835501	292	1.2	5.24	4	99	0
1634254056.44	1200	40.677222	0.0	1999882	315	1.2	5.24	4	99	0
1634254056.92	1200	44.192712	0.0	1904004	312	1.2	5.24	4	99	0
1634254057.38	1200	47.745344	0.0	1807550	282	1.2	5.24	4	99	0
1634254057.84	1200	51.261257	0.0	1917549	311	1.2	5.24	4	99	0
1634254058.46	1200	54.65	0.0	1985515	437	1.2	5.24	4	99	0
1634254058.97	1200	58.15	0.0	1935615	312	1.2	9.24	9	339	58.75
1634254061.52	1200	59.822989	0.0	2005418	344	1.2	9.24	9	339	58.75
1634254065.57	1200	59.567976	0.0	2047855	335	1.2	13.24	14	579	58.75
1634254069.6	1200	59.593943	0.0	1914857	310	1.2	17.24	16	819	59.50000000000003
1634254073.65	1200	59.662004	0.0	1992793	343	1.2	21.24	16	1059	60
1634254077.18	1200	59.967748	0.0	1930629	317	1.2	25.241	16	1299	59.98500374906271
1634254081.73	1200	59.443951	0.0	1998676	322	1.2	29.241	18	1539	59.5
1634254085.78	1200	59.474393	0.0	1905916	312	1.2	33.241	20	1779	59.5
1634254089.33	1200	59.796057	0.0	1979510	349	1.2	37.241	20	2019	60
1634254093.43	1200	59.8186	0.0	1948438	314	1.2	41.241	22	2259	59.5
1634254097.44	1200	59.846089	0.0	1944346	313	1.2	45.246	22	2499	59.92509363295876
1634254101.46	1200	59.883334	0.0	1962959	296	1.2	49.242	22	2739	60.06006006006013
1634254105.45	1200	59.909168	0.0	1917405	322	1.2	53.241	22	2979	60.0150037509377
1634254109.49	1200	59.657476	0.0	1913569	319	1.2	57.242	23	3219	59.73506623344167
1634254113.5	1200	59.68783	0.0	1937554	296	1.2	61.242	23	3459	60
1634254117.54	1200	59.768716	0.0	1930915	270	1.2	65.243	25	3699	59.48512871782058
1634254121.88	1200	59.512244	0.0	1953420	324	1.2	69.243	26	3939	59.75
1634254125.64	1200	59.54621	0.0	1957352	321	1.2	73.246	38	4179	56.95728203847114
1634254129.73	1200	59.583885	0.0	1903803	296	1.2	77.244	43	4419	58.77938969484735
1634254133.34	1200	59.894071	0.0	1953737	316	1.2	81.244	46	4659	59.25
1634254137.34	1200	59.91435	0.0	1836534	289	1.2	85.245	46	4899	59.98500374906266
1634254141.3	1200	59.95101	0.0	1850984	290	1.2	89.244	46	5139	60.01500375093781
1634254145.32	1200	59.990181	0.0	1870734	288	1.2	93.244	48	5379	59.5
1634254149.37	1200	59.762448	0.0	1939450	285	1.2	97.245	48	5619	59.98500374906266
1634254153.39	1200	59.777733	0.0	1891175	318	1.2	101.258	49	5860	59.80563169698493
1634254157.38	1200	59.804199	0.0	1976624	289	1.2	105.258	49	6100	60
1634254161.38	1200	59.827593	0.0	1959927	293	1.2	109.258	49	6340	60
1634254165.37	1200	59.858757	0.0	1936346	314	1.2	113.274	49	6581	60.00996015936247
1634254169.35	1200	59.928875	0.0	1823593	267	1.2	117.259	49	6820	59.97490589711418
1634254173.36	1200	59.947	0.0	1951549	303	1.2	121.259	49	7060	60
