1634262825.32	750	4	0.163	428437	38	-0.6959	0	0	0	0
1634262825.84	1850	8	0.0	2194849	354	0.75	0	0	0	0
1634262826.36	1850	12	0.0	2241724	375	1.85	0	0	0	0
1634262826.86	1850	16	0.0	2191337	346	1.85	0	0	0	0
1634262827.36	1850	20	0.0	2191196	340	1.85	0	0	0	0
1634262827.87	1850	23.833379	0.0	2214251	348	1.85	0	0	0	0
1634262828.38	1850	27.346876	0.0	2177842	341	1.85	0	0	0	0
1634262829.84	1850	29.933334	0.0	2228366	1261	1.85	5.232	0	28	0
1634262830.33	1850	33.407484	0.0	2144748	322	1.85	5.232	0	28	0
1634262830.87	1850	36.842783	0.0	2196481	344	1.85	5.232	0	28	0
1634262831.42	1850	40.357991	0.0	2179785	337	1.85	5.232	0	28	0
1634262832.16	1850	43.590467	0.0	2232134	436	1.85	5.232	0	28	0
1634262832.71	1850	47.024416	0.0	2239109	369	1.85	9.232	1	148	29.750000000000007
1634262833.2	1850	50.541058	0.0	2148555	340	1.85	9.232	1	148	29.750000000000007
1634262833.72	1850	54.016025	0.0	2164111	359	1.85	9.232	1	148	29.750000000000007
1634262834.27	1850	57.451505	0.0	2229209	347	1.85	9.232	1	148	29.750000000000007
1634262836.36	1850	59.586492	0.0	2163625	352	1.85	9.232	1	148	29.750000000000007
1634262839.89	1850	59.893205	0.0	2211517	341	1.85	13.233	1	268	29.992501874531357
1634262843.97	1850	59.916875	0.0	2153910	339	1.85	17.232	1	388	30.007501875468876
1634262848.03	1850	59.953025	0.0	2138318	357	1.85	21.232	1	508	30
1634262852.09	1850	59.695695	0.0	2275149	363	1.85	25.233	1	628	29.992501874531357
1634262856.19	1850	59.738677	0.0	2272623	349	1.85	29.237	1	748	29.970029970029987
1634262860.24	1850	59.489837	0.0	2270492	354	1.85	33.238	1	868	29.992501874531357
1634262864.5	1850	59.528763	0.0	2179932	343	1.85	37.242	1	988	29.970029970029987
1634262868.26	1850	59.600117	0.0	2161125	400	1.85	41.245	1	1108	29.977516862353234
