1634284647.16	750	4	0.195	428437	64	-0.8335	0	0	0	0
1634284647.34	300	8	0.0	230725	46	-0.15000000000000002	0	0	0	0
1634284647.57	300	12	0.0	243865	36	0.3	0	0	0	0
1634284647.76	300	16	0.0	220386	78	0.3	0	0	0	0
1634284647.89	300	20	0.0	223780	36	0.3	0	0	0	0
1634284648.02	300	24	0.0	230908	33	0.3	0	0	0	0
1634284648.17	300	28	0.0	243834	46	0.3	0	0	0	0
1634284648.31	300	32	0.0	227454	35	0.3	0	0	0	0
1634284648.45	300	36	0.0	244114	36	0.3	0	0	0	0
1634284648.59	300	40	0.0	227021	25	0.3	0	0	0	0
1634284648.73	300	44	0.0	237387	44	0.3	0	0	0	0
1634284648.9	300	47.91593	0.0	226538	15	0.3	0	0	0	0
1634284649.04	300	51.754728	0.0	219929	42	0.3	0	0	0	0
1634284649.16	300	55.633898	0.0	225981	40	0.3	0	0	0	0
1634284649.3	300	59.512713	0.0	235362	45	0.3	0	0	0	0
1634284653.5	300	59.452114	0.0	228066	38	0.3	5.348	0	49	0
1634284657.21	300	59.800304	0.0	233092	6	0.3	9.347	0	169	30.00750187546887
1634284661.41	300	59.56778	0.0	250342	31	0.3	13.375	0	290	30.03972194637537
1634284665.12	300	59.865498	0.0	234538	42	0.3	17.374	0	410	30.007501875468876
1634284669.32	300	59.595595	0.0	234846	20	0.3	21.375	0	530	29.992501874531357
1634284673.03	300	59.9	0.0	245620	36	0.3	25.375	0	650	30
1634284677.24	300	59.639449	0.0	238459	48	0.3	29.375	0	770	30
1634284680.9	300	59.942127	0.0	234371	38	0.3	33.376	0	890	29.992501874531385
1634284685.1	300	59.980464	0.0	238479	40	0.3	37.376	0	1010	30
1634284689.32	300	59.749261	0.0	235849	41	0.3	41.377	0	1130	29.99250187453133
1634284693.02	300	59.80525	0.0	227048	28	0.3	45.383	0	1250	29.955067398901647
1634284697.23	300	59.826162	0.0	241747	60	0.3	49.376	0	1370	30.05259203606315
1634284701.41	300	59.597183	0.0	226846	48	0.3	53.377	0	1490	29.99250187453133
1634284705.14	300	59.902653	0.0	240073	9	0.3	57.377	0	1610	30
1634284708.81	300	59.994883	0.0	224865	38	0.3	61.378	0	1730	29.992501874531385
1634284713.5	300	59.486002	0.0	223555	50	0.3	65.378	0	1850	30
1634284717.28	300	59.774933	0.0	236661	36	0.3	69.38	0	1970	29.98500749625191
1634284720.99	300	59.827094	0.0	224869	41	0.3	73.381	0	2090	29.99250187453133
1634284725.23	300	59.8463	0.0	220416	51	0.3	77.381	0	2210	30
1634284729.43	300	59.577734	0.0	232283	41	0.3	81.381	0	2330	30
1634284733.11	300	59.87516	0.0	216316	9	0.3	85.381	0	2450	30
1634284737.35	300	59.608278	0.0	221305	11	0.3	89.382	0	2570	29.99250187453133
1634284741.02	300	59.937774	0.0	225701	38	0.3	93.382	0	2690	30
1634284745.22	300	59.722824	0.0	232001	48	0.3	97.382	0	2810	30
1634284749.42	300	59.450351	0.0	225146	41	0.3	101.382	0	2930	30
1634284753.13	300	59.758275	0.0	234577	49	0.3	105.383	0	3050	29.99250187453144
1634284757.33	300	59.778078	0.0	231377	47	0.3	109.386	0	3170	29.977516862353234
1634284761.01	300	59.827721	0.0	236166	39	0.3	113.385	0	3290	30.007501875468797
1634284765.17	300	59.847495	0.0	218149	41	0.3	117.386	0	3410	29.99250187453144
1634284769.33	300	59.589365	0.0	228342	38	0.3	121.387	0	3530	29.99250187453133
