1634233017.95	750	4	0.184	428437	81	-0.7861999999999999	0	0	0	0
1634233018.16	300	8	0.0	230725	40	-0.15000000000000002	0	0	0	0
1634233018.34	300	12	0.0	243865	33	0.3	0	0	0	0
1634233019.81	300	16	0.0	220386	118	0.3	0	0	0	0
1634233020.54	300	19.14972	0.0	223780	368	0.3	0	0	0	0
1634233020.69	300	22.988676	0.0	230908	55	0.3	0	0	0	0
1634233020.83	300	26.827711	0.0	243834	41	0.3	0	0	0	0
1634233021.07	300	30.625828	0.0	227454	133	0.3	0	0	0	0
1634233021.21	300	34.464623	0.0	244114	44	0.3	5.553	0	44	0
1634233021.36	300	38.34369	0.0	227021	42	0.3	5.553	0	44	0
1634233021.5	300	42.182535	0.0	237387	35	0.3	5.553	0	44	0
1634233021.64	300	46.06105	0.0	226538	40	0.3	5.553	0	44	0
1634233021.76	300	49.89886	0.0	219929	33	0.3	5.553	0	44	0
1634233021.9	300	53.777829	0.0	225981	39	0.3	5.553	0	44	0
1634233022.06	300	57.616467	0.0	235362	41	0.3	5.553	0	44	0
1634233024.23	300	59.472767	0.0	228066	44	0.3	5.553	0	44	0
1634233028.01	300	59.808608	0.0	233092	43	0.3	9.554	0	164	29.992501874531364
1634233032.23	300	59.576406	0.0	250342	49	0.3	13.554	0	284	30
1634233035.97	300	59.956692	0.0	234538	49	0.3	17.554	0	404	30.000000000000014
1634233040.15	300	59.688707	0.0	234846	41	0.3	21.559	0	524	29.96254681647938
1634233044.41	300	59.5	0.0	245620	52	0.3	25.559	0	644	30
1634233048.1	300	59.811704	0.0	238459	38	0.3	29.56	0	764	29.992501874531385
1634233052.29	300	59.559959	0.0	234371	39	0.3	33.56	0	884	29.999999999999975
1634233055.99	300	59.854517	0.0	238479	37	0.3	37.56	0	1004	30
1634233060.21	300	59.619508	0.0	235849	56	0.3	41.56	0	1124	30
1634233063.89	300	59.953488	0.0	227048	3	0.3	45.561	0	1244	29.992501874531385
1634233068.12	300	59.688049	0.0	241747	47	0.3	49.574	0	1364	29.902815848492413
1634233072.32	300	59.434699	0.0	226846	44	0.3	53.574	0	1484	30
1634233076.04	300	59.775281	0.0	240073	54	0.3	57.574	0	1604	30
1634233080.23	300	59.509823	0.0	224865	57	0.3	61.575	0	1724	29.99250187453133
1634233083.89	300	59.819716	0.0	223555	42	0.3	65.576	0	1844	29.99250187453144
1634233088.14	300	59.559853	0.0	236661	46	0.3	69.576	0	1965	30.25
1634233091.86	300	59.85776	0.0	224869	55	0.3	73.577	0	2084	29.742564358910236
1634233096.08	300	59.630058	0.0	220416	60	0.3	77.576	0	2205	30.257564391097812
1634233099.78	300	59.943976	0.0	232283	68	0.3	81.577	0	2325	29.99250187453133
1634233104.02	300	59.669732	0.0	216316	73	0.3	85.578	0	2445	29.99250187453133
1634233108.24	300	59.724303	0.0	221305	53	0.3	89.578	0	2565	30
1634233112.42	300	59.448417	0.0	225701	40	0.3	93.579	0	2685	29.99250187453144
1634233116.13	300	59.755024	0.0	232001	26	0.3	97.579	0	2805	30
1634233120.33	300	59.487725	0.0	225146	50	0.3	101.581	0	2925	29.985007496251804
1634233124.01	300	59.797154	0.0	234577	56	0.3	105.581	0	3045	30
1634233128.19	300	59.526544	0.0	231377	37	0.3	109.582	0	3165	29.99250187453144
1634233131.88	300	59.832208	0.0	236166	60	0.3	113.582	0	3285	30
1634233136.03	300	59.839025	0.0	218149	49	0.3	117.581	0	3405	30.007501875468797
1634233140.19	300	59.612103	0.0	228342	40	0.3	121.583	0	3525	29.98500749625191
