1634225846.51	750	4	0.216	428437	91	-0.9238	0	0	0	0
1634225846.71	750	8	0.0	427397	70	0.75	0	0	0	0
1634225846.88	750	12	0.0	435939	73	0.75	0	0	0	0
1634225847.13	750	16	0.0	420508	51	0.75	0	0	0	0
1634225847.32	750	20	0.0	431392	76	0.75	0	0	0	0
1634225847.49	750	24	0.0	442512	68	0.75	0	0	0	0
1634225847.67	750	28	0.0	450465	84	0.75	0	0	0	0
1634225847.86	750	32	0.0	454724	78	0.75	0	0	0	0
1634225848.06	750	36	0.0	440962	65	0.75	0	0	0	0
1634225848.26	750	40	0.0	433775	56	0.75	0	0	0	0
1634225848.45	750	43.834276	0.0	445796	75	0.75	0	0	0	0
1634225848.64	750	47.672646	0.0	436832	63	0.75	0	0	0	0
1634225848.84	750	51.471109	0.0	432476	69	0.75	0	0	0	0
1634225849.04	750	55.269406	0.0	422635	68	0.75	0	0	0	0
1634225849.23	750	59.066667	0.0	433467	66	0.75	0	0	0	0
1634225852.96	750	59.446497	0.0	430697	78	0.75	5.375	0	40	0
1634225856.74	750	59.793195	0.0	440079	91	0.75	9.375	0	160	30
1634225861.0	750	59.533769	0.0	448764	72	0.75	13.375	0	280	30
1634225864.73	750	59.828226	0.0	451052	81	0.75	17.375	0	400	30
1634225868.94	750	59.5694	0.0	434071	74	0.75	21.375	0	520	30
1634225872.67	750	59.905582	0.0	440125	75	0.75	25.375	0	640	30
1634225876.43	750	59.924327	0.0	467521	64	0.75	29.375	0	760	30
1634225880.69	750	59.661109	0.0	453405	83	0.75	33.375	0	880	30
1634225884.44	750	59.969186	0.0	437659	80	0.75	37.376	0	1000	29.992501874531385
1634225888.68	750	59.736422	0.0	426987	76	0.75	41.376	0	1120	30
1634225892.9	750	59.543473	0.0	432295	69	0.75	45.379	0	1240	29.977516862353234
1634225896.66	750	59.843216	0.0	432130	77	0.75	49.377	0	1360	30.015007503751843
1634225900.9	750	59.581068	0.0	425788	78	0.75	53.377	0	1480	30
1634225904.62	750	59.891726	0.0	435574	79	0.75	57.377	0	1600	30
1634225908.88	750	59.630877	0.0	420051	62	0.75	61.377	0	1720	30
1634225912.62	750	59.93006	0.0	438225	68	0.75	65.377	0	1840	30.000000000000053
1634225916.39	750	59.992629	0.0	445487	87	0.75	69.378	0	1960	29.99250187453133
1634225920.64	750	59.722947	0.0	431544	78	0.75	73.378	0	2080	30
1634225924.9	750	59.452652	0.0	413330	74	0.75	77.378	0	2200	30
1634225928.64	750	59.761516	0.0	443416	86	0.75	81.379	0	2320	29.99250187453133
1634225932.91	750	59.498268	0.0	427034	73	0.75	85.379	0	2440	30
1634225936.65	750	59.803631	0.0	420805	74	0.75	89.379	0	2560	30
1634225940.91	750	59.546628	0.0	432340	83	0.75	93.38	0	2680	29.99250187453144
1634225944.67	750	59.886481	0.0	445203	80	0.75	97.38	0	2800	30
1634225948.41	750	59.91253	0.0	428535	69	0.75	101.38	0	2920	30
1634225952.65	750	59.936013	0.0	432915	77	0.75	105.38	0	3040	30
1634225956.42	750	59.960396	0.0	440705	65	0.75	109.381	0	3160	29.99250187453133
1634225960.64	750	59.698152	0.0	464681	69	0.75	113.381	0	3280	30
1634225964.84	750	59.717555	0.0	432462	70	0.75	117.381	0	3400	30
1634225969.03	750	59.44555	0.0	443948	73	0.75	121.381	0	3520	30
