1634242758.34	750	4	0.184	486588	91	-0.7861999999999999	0	0	0	0
1634242758.58	300	8	0.0	518070	93	-0.15000000000000002	0	0	0	0
1634242758.78	300	12	0.0	488296	66	0.3	0	0	0	0
1634242758.98	300	16	0.0	505467	86	0.3	0	0	0	0
1634242759.17	300	20	0.0	474784	78	0.3	0	0	0	0
1634242759.38	300	24	0.0	523060	99	0.3	0	0	0	0
1634242759.56	300	28	0.0	475799	81	0.3	0	0	0	0
1634242759.77	300	32	0.0	494810	92	0.3	0	0	0	0
1634242759.97	300	35.818643	0.0	509476	90	0.3	0	0	0	0
1634242760.17	300	39.617559	0.0	459558	82	0.3	0	0	0	0
1634242760.36	300	43.456305	0.0	502767	83	0.3	0	0	0	0
1634242760.54	300	47.253315	0.0	488586	84	0.3	0	0	0	0
1634242760.75	300	51.051545	0.0	481440	90	0.3	0	0	0	0
1634242760.98	300	54.85	0.0	508546	91	0.3	0	0	0	0
1634242761.19	300	58.607633	0.0	510083	82	0.3	0	0	0	0
1634242764.42	300	59.446803	0.0	488713	81	0.3	5.189	0	115	0
1634242768.2	300	59.758809	0.0	468254	63	0.3	9.189	0	355	60
1634242772.44	300	59.508873	0.0	516536	86	0.3	13.188	0	595	60.01500375093772
1634242776.18	300	59.818525	0.0	479697	85	0.3	17.194	0	835	59.910134797803316
1634242780.04	300	59.840404	0.0	500854	147	0.3	21.195	0	1075	59.98500374906271
1634242784.28	300	59.57668	0.0	496587	84	0.3	25.195	0	1315	60
1634242788.04	300	59.883334	0.0	479350	80	0.3	29.196	0	1555	59.98500374906271
1634242792.27	300	59.630428	0.0	520120	77	0.3	33.196	0	1795	60.00000000000006
1634242796.01	300	59.929681	0.0	515394	78	0.3	37.195	0	2035	60.0150037509377
1634242800.26	300	59.668829	0.0	480696	93	0.3	41.196	0	2275	59.98500374906277
1634242804.0	300	59.980821	0.0	481433	86	0.3	45.196	0	2515	60
1634242808.25	300	59.75332	0.0	494650	82	0.3	49.196	0	2755	60
1634242812.09	300	59.785833	0.0	499761	206	0.3	53.196	0	2995	60
1634242816.31	300	59.540526	0.0	501070	87	0.3	57.197	0	3235	59.98500374906266
1634242820.06	300	59.852144	0.0	489874	74	0.3	61.196	0	3475	60.01500375093781
1634242824.35	300	59.6	0.0	488718	106	0.3	65.197	0	3715	59.98500374906266
1634242828.12	300	59.952873	0.0	509088	76	0.3	69.197	0	3955	60
1634242831.85	300	59.977896	0.0	494764	94	0.3	73.198	0	4195	59.98500374906288
1634242836.11	300	59.721109	0.0	488570	87	0.3	77.197	0	4435	60.015003750937595
1634242840.42	300	59.466961	0.0	474638	119	0.3	81.198	0	4675	59.98500374906288
1634242844.15	300	59.775165	0.0	473808	68	0.3	85.198	0	4915	60
1634242848.39	300	59.519139	0.0	484371	77	0.3	89.206	0	5156	60.12974051896193
1634242852.12	300	59.838443	0.0	496055	91	0.3	93.206	0	5396	60
1634242856.38	300	59.607888	0.0	490794	71	0.3	97.208	0	5636	59.97001499250382
1634242860.1	300	59.924593	0.0	488697	84	0.3	101.208	0	5876	60
1634242863.85	300	59.960484	0.0	490627	78	0.3	105.209	0	6116	59.98500374906266
1634242868.1	300	59.701068	0.0	493233	81	0.3	109.208	0	6356	60.01500375093781
1634242872.34	300	59.718981	0.0	491640	84	0.3	113.209	0	6596	59.98500374906266
1634242876.05	300	59.744808	0.0	477722	81	0.3	117.209	0	6836	60
1634242880.3	300	59.77577	0.0	498333	94	0.3	121.209	0	7076	60
