1634566216.44	750	4	0.647	3036909	519	-2.7771	0	0	0	0
1634566217.25	2850	7.913102	0.0	3386615	576	0.75	0	0	0	0
1634566218.14	2850	11.066667	0.0	3586104	594	2.85	0	0	0	0
1634566219.13	2850	14.2	0.0	3501908	580	2.85	0	0	0	0
1634566220.01	2850	17.166667	0.0	3531955	581	2.85	4.606	2	67	0
1634566220.77	2850	20.4	0.0	3444309	536	2.85	4.606	2	67	0
1634566221.52	2850	23.633334	0.0	3205998	518	2.85	4.606	2	67	0
1634566222.29	2850	26.866667	0.0	3248360	521	2.85	4.606	2	67	0
1634566223.11	2850	30.058322	0.0	3555680	587	2.85	4.606	2	67	0
1634566223.9	2850	33.251267	0.0	3546563	563	2.85	8.607	2	187	29.99250187453137
1634566224.71	2850	36.481126	0.0	3539598	542	2.85	8.607	2	187	29.99250187453137
1634566225.54	2850	39.63451	0.0	3476933	564	2.85	8.607	2	187	29.99250187453137
1634566226.34	2850	42.833334	0.0	3620433	566	2.85	8.607	2	187	29.99250187453137
1634566227.04	2850	46.141079	0.0	3190654	509	2.85	8.607	2	187	29.99250187453137
1634566227.82	2850	49.333334	0.0	3399357	550	2.85	12.607	2	307	30
1634566228.62	2850	52.533334	0.0	3569058	558	2.85	12.607	2	307	30
1634566229.38	2850	55.798789	0.0	3287978	522	2.85	12.607	2	307	30
1634566230.19	2850	58.966667	0.0	3475297	589	2.85	12.607	2	307	30
1634566233.49	2850	59.948592	0.0	3296099	543	2.85	16.608	2	427	29.992501874531357
1634566237.27	2850	59.967141	0.0	3293432	529	2.85	20.608	2	547	30
1634566241.58	2850	59.7617	0.0	3414567	534	2.85	24.61	2	667	29.98500749625188
1634566245.46	2850	59.78078	0.0	3553990	594	2.85	28.61	2	787	30
1634566249.84	2850	59.521597	0.0	3427270	568	2.85	32.61	2	907	30
1634566253.73	2850	59.531508	0.0	3464546	564	2.85	36.611	2	1027	29.992501874531385
1634566257.62	2850	59.833334	0.0	3459464	587	2.85	40.612	2	1147	29.99250187453133
1634566261.64	2850	59.57766	0.0	3432163	1179	2.85	44.612	3	1267	29.75
1634566265.71	2850	59.595711	0.0	3415309	767	2.85	48.611	3	1387	30.007501875468904
1634566269.58	2850	59.606295	0.0	3418924	582	2.85	52.612	3	1507	29.99250187453133
1634566273.58	2850	59.622365	0.0	3506963	739	2.85	56.612	3	1627	30
1634566277.61	2850	59.645498	0.0	3411457	739	2.85	60.612	3	1747	30
1634566281.59	2850	59.710116	0.0	3568841	668	2.85	64.612	3	1867	30.000000000000053
1634566285.58	2850	59.760706	0.0	3815334	627	2.85	68.612	3	1988	30.25
1634566289.87	2850	59.480777	0.0	3107165	496	2.85	72.613	3	2108	29.99250187453133
1634566293.76	2850	59.48907	0.0	3148294	608	2.85	76.614	3	2228	29.99250187453133
1634566297.66	2850	59.510145	0.0	3479484	627	2.85	80.614	3	2348	30
1634566301.58	2850	59.8	0.0	3598947	604	2.85	84.616	3	2468	29.98500749625191
1634566305.49	2850	59.845352	0.0	3497759	642	2.85	88.616	3	2588	30
1634566309.35	2850	59.894719	0.0	3344024	544	2.85	92.617	3	2708	29.99250187453133
1634566313.28	2850	59.917305	0.0	3478234	585	2.85	96.617	5	2828	29.5
1634566317.67	2850	59.641509	0.0	3327377	571	2.85	100.618	5	2948	29.99250187453144
1634566321.54	2850	59.649847	0.0	3297178	598	2.85	104.618	5	3068	30
1634566325.38	2850	59.945965	0.0	3549847	564	2.85	108.618	5	3188	30
1634566329.75	2850	59.431333	0.0	3747189	601	2.85	112.619	5	3308	29.99250187453133
1634566333.67	2850	59.737932	0.0	3482342	630	2.85	116.658	5	3429	29.957910373854904
1634566337.51	2850	59.795806	0.0	3508126	558	2.85	120.658	5	3549	30
