1634246632.21	750	4	0.176	486588	82	-0.7517999999999999	0	0	0	0
1634246633.53	2850	8	0.0	5862628	809	0.75	0	0	0	0
1634246634.8	2850	11.216667	0.0	5992376	962	2.85	0	0	0	0
1634246636.0	2850	13.966667	0.0	5878425	852	2.85	5.289	15	95	0
1634246637.21	2850	16.783334	0.0	5829325	899	2.85	5.289	15	95	0
1634246638.53	2850	19.466667	0.0	5866019	1009	2.85	5.289	15	95	0
1634246639.76	2850	22.216667	0.0	5788613	934	2.85	9.288	71	335	46.011502875718925
1634246641.01	2850	24.966667	0.0	5923161	958	2.85	9.288	71	335	46.011502875718925
1634246642.36	2850	27.7	0.0	5919519	938	2.85	9.288	71	335	46.011502875718925
1634246643.61	2850	30.366667	0.0	5874891	972	2.85	13.288	118	575	48.25
1634246644.87	2850	33.15	0.0	5870140	896	2.85	13.288	118	575	48.25
1634246646.12	2850	35.866667	0.0	5824696	948	2.85	13.288	118	575	48.25
1634246647.39	2850	38.616667	0.0	5848658	928	2.85	13.288	118	575	48.25
