1634253468.62	750	4	0.169	486588	81	-0.7216999999999999	0	0	0	0
1634253469.6	1850	8	0.0	3749264	716	0.75	0	0	0	0
1634253470.4	1850	11.833334	0.0	3665907	577	1.85	0	0	0	0
1634253471.22	1850	15.016667	0.0	3661478	586	1.85	0	0	0	0
1634253472.11	1850	18.166667	0.0	3718934	603	1.85	5.243	7	103	0
1634253472.88	1850	21.333334	0.0	3718871	574	1.85	5.243	7	103	0
1634253473.78	1850	24.483334	0.0	3785083	629	1.85	5.243	7	103	0
1634253474.59	1850	27.633334	0.0	3649314	557	1.85	5.243	7	103	0
1634253475.39	1850	30.833334	0.0	3723484	579	1.85	5.243	7	103	0
1634253476.18	1850	34.033334	0.0	3624861	574	1.85	9.243	33	343	53.5
1634253477.01	1850	37.25	0.0	3684892	589	1.85	9.243	33	343	53.5
1634253477.79	1850	40.433334	0.0	3660565	553	1.85	9.243	33	343	53.5
1634253478.57	1850	43.65	0.0	3609338	569	1.85	9.243	33	343	53.5
1634253479.35	1850	46.9	0.0	3624575	559	1.85	9.243	33	343	53.5
1634253480.18	1850	50.05	0.0	3773536	594	1.85	13.249	87	583	46.43035446829755
1634253481.0	1850	53.266667	0.0	3710640	545	1.85	13.249	87	583	46.43035446829755
1634253481.98	1850	56.4	0.0	3766415	567	1.85	13.249	87	583	46.43035446829755
1634253482.81	1850	59.433334	0.0	3798226	598	1.85	13.249	87	583	46.43035446829755
1634253486.61	1850	59.784396	0.0	3583866	574	1.85	17.249	149	823	44.50000000000002
1634253490.48	1850	59.807633	0.0	3703917	593	1.85	21.249	157	1063	58
1634253494.45	1850	59.82507	0.0	3680696	571	1.85	25.25	162	1303	58.73531617095724
1634253499.08	1850	59.844389	0.0	3907331	613	1.85	29.25	170	1543	58
1634253502.3	1850	59.906389	0.0	3502965	414	1.85	33.271	170	1784	59.93533946779407
1634253506.82	1850	59.655169	0.0	3698872	600	1.85	37.269	212	2024	49.52476238119063
1634253510.63	1850	59.997043	0.0	3640135	562	1.85	41.313	231	2265	54.89614243323437
