1634253864.24	750	4	0.181	486588	28	-0.7733	0	0	0	0
1634253864.77	1200	8	0.0	1897149	310	0.75	0	0	0	0
1634253865.24	1200	12	0.0	2016742	315	1.2	0	0	0	0
1634253865.66	1200	16	0.0	1875307	293	1.2	0	0	0	0
1634253866.11	1200	20	0.0	1939196	299	1.2	0	0	0	0
1634253866.62	1200	23.516667	0.0	1957925	349	1.2	0	0	0	0
1634253867.14	1200	27.027015	0.0	2010152	348	1.2	0	0	0	0
1634253867.67	1200	30.502082	0.0	1961069	341	1.2	5.386	0	85	0
1634253868.33	1200	33.816667	0.0	2006297	340	1.2	5.386	0	85	0
1634253868.81	1200	37.35	0.0	1835501	295	1.2	5.386	0	85	0
1634253869.32	1200	40.845597	0.0	1999882	324	1.2	5.386	0	85	0
1634253869.8	1200	44.360732	0.0	1904004	299	1.2	5.386	0	85	0
1634253870.27	1200	47.87412	0.0	1807550	289	1.2	5.386	0	85	0
1634253870.72	1200	51.428636	0.0	1917549	308	1.2	5.386	0	85	0
1634253871.21	1200	54.9454	0.0	1985515	316	1.2	5.386	0	85	0
1634253871.71	1200	58.466667	0.0	1935615	301	1.2	9.384	6	325	58.529264632316156
1634253874.75	1200	59.492709	0.0	2005418	320	1.2	9.384	6	325	58.529264632316156
1634253878.8	1200	59.520442	0.0	2047855	349	1.2	13.384	10	565	59
1634253882.29	1200	59.835248	0.0	1914857	307	1.2	17.385	11	805	59.73506623344162
1634253886.31	1200	59.863461	0.0	1992793	312	1.2	21.386	11	1045	59.98500374906277
1634253890.35	1200	59.895223	0.0	1930629	303	1.2	25.385	12	1285	59.76494123530879
1634253894.38	1200	59.955977	0.0	1998676	316	1.2	29.386	13	1525	59.73506623344167
1634253898.37	1200	59.99273	0.0	1905916	297	1.2	33.387	13	1765	59.98500374906271
1634253902.41	1200	59.762456	0.0	1979510	311	1.2	37.387	13	2005	60
1634253906.44	1200	59.787625	0.0	1948438	322	1.2	41.386	14	2245	59.76494123530879
1634253910.48	1200	59.85	0.0	1944346	295	1.2	45.387	16	2485	59.48512871782058
1634253914.58	1200	59.884027	0.0	1962959	301	1.2	49.388	17	2725	59.73506623344167
1634253918.83	1200	59.630081	0.0	1917405	290	1.2	53.39	18	2965	59.72013993003495
1634253922.88	1200	59.742859	0.0	1913569	306	1.2	57.394	19	3205	59.690309690309725
1634253926.98	1200	59.798238	0.0	1937554	305	1.2	61.389	21	3445	59.57446808510632
1634253931.26	1200	59.793112	0.0	1930915	297	1.2	65.389	24	3684	59.00000000000011
