1634250126.44	750	4	0.159	428437	75	-0.6787	0	0	0	0
1634250126.98	1850	8	0.0	2194849	340	0.75	0	0	0	0
1634250127.62	1850	12	0.0	2241724	347	1.85	0	0	0	0
1634250128.15	1850	16	0.0	2191337	365	1.85	0	0	0	0
1634250128.64	1850	19.716339	0.0	2191196	338	1.85	0	0	0	0
1634250129.19	1850	23.152705	0.0	2214251	341	1.85	0	0	0	0
1634250129.7	1850	26.628305	0.0	2177842	332	1.85	0	0	0	0
1634250130.24	1850	30.103452	0.0	2228366	331	1.85	5.153	0	44	0
1634250130.76	1850	33.576829	0.0	2144748	329	1.85	5.153	0	44	0
1634250131.32	1850	37.051304	0.0	2196481	344	1.85	5.153	0	44	0
1634250131.85	1850	40.486292	0.0	2179785	346	1.85	5.153	0	44	0
1634250132.4	1850	44	0.0	2232134	347	1.85	5.153	0	44	0
1634250132.9	1850	47.434499	0.0	2239109	351	1.85	5.153	0	44	0
1634250133.44	1850	50.910042	0.0	2148555	327	1.85	5.153	0	44	0
1634250133.93	1850	54.426415	0.0	2164111	345	1.85	9.153	2	164	29.499999999999993
1634250134.49	1850	57.86198	0.0	2229209	379	1.85	9.153	2	164	29.499999999999993
1634250136.57	1850	59.794523	0.0	2163625	345	1.85	9.153	2	164	29.499999999999993
1634250140.62	1850	59.815243	0.0	2211517	322	1.85	13.153	2	284	30
1634250144.63	1850	59.856764	0.0	2153910	316	1.85	17.154	2	404	29.99250187453137
1634250149.0	1850	59.6536	0.0	2138318	321	1.85	21.154	2	524	30
1634250152.78	1850	59.695072	0.0	2275149	327	1.85	25.167	6	645	29.155245452280077
