1634253103.03	750	4	0.222	486588	138	-0.9495999999999999	0	0	0	0
1634253104.36	2850	7.516667	0.0	5862628	995	0.75	0	0	0	0
1634253105.59	2850	10.25	0.0	5992376	937	2.85	0	0	0	0
1634253106.94	2850	13	0.0	5878425	982	2.85	4.605	20	162	0
1634253108.14	2850	15.683334	0.0	5829325	909	2.85	4.605	20	162	0
1634253109.45	2850	18.416667	0.0	5866019	1006	2.85	4.605	20	162	0
1634253110.68	2850	21.183334	0.0	5788613	907	2.85	8.603	73	402	46.77338669334668
1634253111.94	2850	23.916667	0.0	5923161	953	2.85	8.603	73	402	46.77338669334668
1634253113.25	2850	26.616667	0.0	5919519	976	2.85	8.603	73	402	46.77338669334668
1634253114.49	2850	29.383334	0.0	5874891	908	2.85	12.604	116	636	47.7380654836291
1634253115.72	2850	32.133334	0.0	5870140	933	2.85	12.604	116	636	47.7380654836291
1634253116.99	2850	34.883334	0.0	5824696	903	2.85	12.604	116	636	47.7380654836291
1634253118.21	2850	37.633334	0.0	5848658	948	2.85	12.604	116	636	47.7380654836291
1634253119.43	2850	40.45	0.0	5692580	894	2.85	16.605	171	882	47.73806548362908
1634253120.83	2850	43.033334	0.0	5914474	1036	2.85	16.605	171	882	47.73806548362908
1634253122.13	2850	45.75	0.0	5868708	926	2.85	16.605	171	882	47.73806548362908
1634253123.37	2850	48.483334	0.0	5919318	956	2.85	20.607	217	1122	48.475762118940544
1634253124.69	2850	51.233334	0.0	5962265	929	2.85	20.607	217	1122	48.475762118940544
1634253125.93	2850	53.95	0.0	5896498	896	2.85	20.607	217	1122	48.475762118940544
1634253127.18	2850	56.65	0.0	5766523	981	2.85	24.608	273	1362	45.988502874281416
1634253128.55	2850	59.316667	0.0	5865643	1066	2.85	24.608	273	1362	45.988502874281416
1634253132.43	2850	59.481698	0.0	6132065	978	2.85	28.609	321	1602	47.98800299925017
1634253136.22	2850	59.818907	0.0	5773166	907	2.85	32.608	332	1842	57.26431607901982
1634253139.99	2850	59.879027	0.0	5854602	928	2.85	36.619	344	2083	57.09299426576909
1634253144.19	2850	59.66061	0.0	5829201	875	2.85	40.62	358	2323	56.485878530367444
1634253147.9	2850	59.975953	0.0	5605227	879	2.85	44.617	372	2563	56.54240680510383
1634253152.13	2850	59.732212	0.0	5796172	907	2.85	48.619	383	2803	57.221389305347294
1634253155.91	2850	59.841301	0.0	5691022	917	2.85	52.619	398	3043	56.25
1634253160.17	2850	59.866667	0.0	5820294	938	2.85	56.619	414	3283	56
1634253163.89	2850	59.888358	0.0	5894902	893	2.85	60.62	425	3523	57.235691077230726
1634253168.16	2850	59.631445	0.0	6009258	956	2.85	64.62	439	3763	56.4999999999999
1634253172.02	2850	59.95	0.0	5894492	975	2.85	68.621	456	4003	55.736065983504254
1634253176.19	2850	59.688965	0.0	5389605	845	2.85	72.621	472	4243	56
1634253179.92	2850	59.993414	0.0	5561198	873	2.85	76.621	482	4483	57.5
1634253184.19	2850	59.699112	0.0	5973981	939	2.85	80.621	498	4723	56
1634253188.49	2850	59.430862	0.0	5807342	929	2.85	84.622	517	4963	55.23619095226187
1634253192.23	2850	59.740991	0.0	5705281	908	2.85	88.621	525	5203	58.01450362590655
1634253196.4	2850	59.472461	0.0	5574779	862	2.85	92.622	538	5443	56.735816045988436
1634253200.16	2850	59.781149	0.0	5738555	935	2.85	96.622	552	5683	56.5
1634253204.38	2850	59.521238	0.0	5689582	896	2.85	100.623	563	5923	57.235691077230626
1634253208.09	2850	59.821503	0.0	5554537	923	2.85	104.623	573	6163	57.5
1634253211.98	2850	59.84767	0.0	5878688	1070	2.85	108.624	586	6403	56.735816045988635
1634253216.34	2850	59.6	0.0	5895798	1039	2.85	112.629	598	6643	56.92883895131072
1634253220.08	2850	59.869404	0.0	5563862	969	2.85	116.632	609	6884	57.456907319510364
1634253224.34	2850	59.520578	0.0	5839216	990	2.85	120.632	621	7123	56.75
