1634244134.6	750	4	0.152	428437	74	-0.6486000000000001	0	0	0	0
1634244135.12	1850	8	0.0	2194849	346	0.75	0	0	0	0
1634244135.66	1850	11.711772	0.0	2241724	371	1.85	0	0	0	0
1634244136.22	1850	15.18764	0.0	2191337	365	1.85	0	0	0	0
1634244136.76	1850	18.622145	0.0	2191196	335	1.85	0	0	0	0
1634244137.29	1850	22.056582	0.0	2214251	364	1.85	0	0	0	0
1634244137.85	1850	25.531829	0.0	2177842	367	1.85	0	0	0	0
1634244138.48	1850	28.9	0.0	2228366	360	1.85	4.667	0	79	0
1634244139.12	1850	32.280349	0.0	2144748	399	1.85	4.667	0	79	0
1634244139.65	1850	35.715472	0.0	2196481	378	1.85	4.667	0	79	0
1634244140.17	1850	39.191935	0.0	2179785	357	1.85	4.667	0	79	0
1634244140.77	1850	42.6	0.0	2232134	372	1.85	4.667	0	79	0
1634244141.31	1850	46.062874	0.0	2239109	351	1.85	4.667	0	79	0
1634244141.81	1850	49.578325	0.0	2148555	345	1.85	4.667	0	79	0
1634244142.32	1850	53.054154	0.0	2164111	347	1.85	8.665	1	199	29.764882441220614
1634244142.92	1850	56.466667	0.0	2229209	363	1.85	8.665	1	199	29.764882441220614
1634244143.46	1850	59.922216	0.0	2163625	331	1.85	8.665	1	199	29.764882441220614
1634244148.03	1850	59.543327	0.0	2211517	355	1.85	12.665	1	319	30
1634244151.6	1850	59.851833	0.0	2153910	339	1.85	16.665	1	439	30
1634244155.61	1850	59.869508	0.0	2138318	305	1.85	20.669	1	559	29.97002997002996
1634244159.67	1850	59.885033	0.0	2275149	355	1.85	24.666	1	679	30.02251688766575
1634244163.78	1850	59.623865	0.0	2272623	375	1.85	28.666	1	799	30
1634244167.88	1850	59.653664	0.0	2270492	362	1.85	32.667	1	919	29.992501874531357
1634244171.47	1850	59.963032	0.0	2179932	309	1.85	36.666	1	1039	30.007501875468904
1634244175.56	1850	59.972546	0.0	2161125	344	1.85	40.668	1	1159	29.985007496251857
1634244179.63	1850	59.98905	0.0	2116735	330	1.85	44.668	1	1279	30
1634244183.77	1850	59.72456	0.0	2166791	346	1.85	48.668	1	1399	30
1634244187.86	1850	59.790399	0.0	2121825	336	1.85	52.668	1	1519	30
1634244192.0	1850	59.532468	0.0	2230670	365	1.85	56.669	1	1639	29.992501874531385
1634244195.69	1850	59.839553	0.0	2208872	416	1.85	60.669	1	1759	30
1634244199.84	1850	59.597986	0.0	2283966	413	1.85	64.67	1	1879	29.99250187453133
1634244203.54	1850	59.912879	0.0	2257313	441	1.85	68.67	1	1999	30
1634244207.63	1850	59.930267	0.0	2165733	371	1.85	72.685	1	2119	29.887920298879198
1634244211.7	1850	59.946386	0.0	2085175	324	1.85	76.685	1	2239	30
1634244215.78	1850	59.687373	0.0	2307215	371	1.85	80.685	1	2359	30
1634244219.85	1850	59.70818	0.0	2229829	369	1.85	84.686	1	2479	29.99250187453133
1634244223.92	1850	59.441451	0.0	2148822	323	1.85	88.686	1	2599	30
1634244227.96	1850	59.45406	0.0	2199496	360	1.85	92.687	1	2719	29.99250187453144
1634244232.04	1850	59.50877	0.0	2249490	356	1.85	96.686	1	2839	30.007501875468797
1634244235.63	1850	59.818316	0.0	2138617	339	1.85	100.687	1	2959	29.99250187453144
1634244239.7	1850	59.87504	0.0	2164190	332	1.85	104.686	1	3079	30.007501875468797
1634244243.77	1850	59.891082	0.0	2272961	361	1.85	108.687	1	3199	29.99250187453144
1634244247.93	1850	59.636603	0.0	2276641	381	1.85	112.687	1	3319	30
1634244251.5	1850	59.933985	0.0	2257099	383	1.85	116.688	1	3439	29.99250187453133
1634244255.66	1850	59.952956	0.0	2268884	391	1.85	120.693	1	3559	29.962546816479435
