1634225367.57	750	4	0.202	428437	107	-0.8635999999999999	0	0	0	0
1634225367.96	1200	8	0.0	1070596	225	0.75	0	0	0	0
1634225368.45	1200	11.716682	0.0	1102185	337	1.2	0	0	0	0
1634225368.81	1200	15.353473	0.0	1050918	202	1.2	0	0	0	0
1634225369.17	1200	18.988397	0.0	1076009	216	1.2	0	0	0	0
1634225369.53	1200	22.624996	0.0	1074962	202	1.2	0	0	0	0
1634225369.88	1200	26.301691	0.0	1089013	200	1.2	0	0	0	0
1634225370.24	1200	29.938544	0.0	1085191	179	1.2	0	0	0	0
1634225370.64	1200	33.535306	0.0	1067569	233	1.2	0	0	0	0
1634225371.06	1200	37.131082	0.0	1068135	194	1.2	4.828	0	84	0
1634225371.41	1200	40.767995	0.0	1112498	161	1.2	4.828	0	84	0
1634225371.77	1200	44.405394	0.0	1102305	214	1.2	4.828	0	84	0
1634225372.2	1200	48	0.0	1058097	238	1.2	4.828	0	84	0
1634225372.54	1200	51.633472	0.0	1067149	174	1.2	4.828	0	84	0
1634225372.92	1200	55.267888	0.0	1065119	190	1.2	4.828	0	84	0
1634225373.31	1200	58.86448	0.0	1079756	183	1.2	4.828	0	84	0
1634225376.71	1200	59.490623	0.0	1099272	190	1.2	8.829	0	204	29.992501874531364
1634225380.59	1200	59.826662	0.0	1076487	186	1.2	12.829	0	324	30
1634225384.48	1200	59.88086	0.0	1074867	198	1.2	16.829	0	444	30
1634225388.39	1200	59.938662	0.0	1047892	186	1.2	20.83	0	564	29.992501874531385
1634225392.8	1200	59.47477	0.0	1079491	166	1.2	24.831	0	684	29.992501874531357
1634225396.79	1200	59.563097	0.0	1168595	241	1.2	28.831	0	804	30
1634225400.7	1200	59.578613	0.0	1155651	201	1.2	32.831	0	924	29.999999999999975
1634225404.62	1200	59.60474	0.0	1068823	195	1.2	36.831	0	1044	30
1634225408.62	1200	59.621481	0.0	1083472	26	1.2	40.831	0	1164	30
1634225412.5	1200	59.926285	0.0	1069893	208	1.2	44.832	0	1284	29.992501874531385
1634225416.42	1200	59.94234	0.0	1072481	207	1.2	48.832	0	1404	30
1634225420.27	1200	59.96687	0.0	1056021	164	1.2	52.833	0	1524	29.992501874531385
1634225424.23	1200	59.99515	0.0	1088699	264	1.2	56.833	0	1644	30
1634225428.57	1200	59.768377	0.0	1069675	173	1.2	60.834	0	1764	29.99250187453133
1634225432.45	1200	59.833525	0.0	1102469	184	1.2	64.838	0	1884	29.97002997003004
1634225436.38	1200	59.883069	0.0	1136712	201	1.2	68.838	0	2004	30
1634225440.29	1200	59.910436	0.0	1076114	191	1.2	72.839	0	2124	29.99250187453133
1634225444.71	1200	59.638039	0.0	1045544	196	1.2	76.839	0	2244	30
1634225448.61	1200	59.64735	0.0	1122544	210	1.2	80.839	0	2364	30
1634225452.48	1200	59.951414	0.0	1061011	200	1.2	84.839	0	2484	30
1634225456.4	1200	59.971951	0.0	1059811	223	1.2	88.84	0	2604	29.99250187453133
1634225460.25	1200	59.997287	0.0	1073475	194	1.2	92.84	0	2724	30
1634225464.68	1200	59.746358	0.0	1094517	223	1.2	96.84	0	2844	30
1634225468.59	1200	59.778489	0.0	1082819	227	1.2	100.843	0	2964	29.977516862353234
1634225472.65	1200	59.800615	0.0	1068766	329	1.2	104.844	0	3084	29.99250187453144
1634225476.53	1200	59.816028	0.0	1111544	171	1.2	108.845	0	3204	29.99250187453133
1634225480.39	1200	59.840621	0.0	1172967	190	1.2	112.845	0	3324	30
1634225484.81	1200	59.577555	0.0	1102175	206	1.2	116.845	0	3444	30
1634225488.67	1200	59.597012	0.0	1099116	185	1.2	120.847	0	3564	29.98500749625191
