1634259197.16	750	4	0.241	486588	88	-1.0312999999999999	0	0	0	0
1634259198.84	2850	8	0.0	5862628	982	0.75	0	0	0	0
1634259200.31	2850	10.95	0.0	5992376	973	2.85	5.559	0	62	0
1634259201.75	2850	13.5	0.0	5878425	946	2.85	5.559	0	62	0
1634259203.25	2850	16	0.0	5829325	1003	2.85	5.559	0	62	0
1634259204.67	2850	18.583334	0.0	5866019	887	2.85	9.56	92	314	39.99000249937515
1634259206.07	2850	21.166667	0.0	5788613	900	2.85	9.56	92	314	39.99000249937515
1634259207.54	2850	23.716667	0.0	5923161	953	2.85	9.56	92	314	39.99000249937515
1634259209.01	2850	26.266667	0.0	5919519	913	2.85	13.56	204	554	32
1634259210.37	2850	28.833334	0.0	5874891	872	2.85	13.56	204	554	32
