1634227306.98	750	4	0.194	486588	100	-0.8291999999999999	0	0	0	0
1634227308.36	2850	7.25	0.0	5862628	1055	0.75	0	0	0	0
1634227309.83	2850	9.8	0.0	5992376	1138	2.85	0	0	0	0
1634227311.54	2850	12.1	0.0	5878425	1337	2.85	4.582	24	174	0
1634227313.14	2850	14.5	0.0	5829325	1245	2.85	4.582	24	174	0
1634227314.65	2850	16.966667	0.0	5866019	1158	2.85	8.582	69	414	48.749999999999986
1634227316.18	2850	19.4	0.0	5788613	1264	2.85	8.582	69	414	48.749999999999986
1634227317.92	2850	21.8	0.0	5923161	1290	2.85	8.582	69	414	48.749999999999986
1634227319.59	2850	24.083334	0.0	5919519	1252	2.85	12.582	128	654	45.25
1634227321.01	2850	26.55	0.0	5874891	1164	2.85	12.582	128	654	45.25
1634227322.55	2850	29.05	0.0	5870140	1223	2.85	16.582	161	894	51.75
1634227324.1	2850	31.5	0.0	5824696	1225	2.85	16.582	161	894	51.75
1634227325.85	2850	33.733334	0.0	5848658	1452	2.85	16.582	161	894	51.75
1634227327.38	2850	36.25	0.0	5692580	1208	2.85	20.583	200	1134	50.23744063984007
1634227328.95	2850	38.666667	0.0	5914474	1256	2.85	20.583	200	1134	50.23744063984007
1634227330.45	2850	41.166667	0.0	5868708	1186	2.85	24.583	232	1369	50.75
1634227332.16	2850	43.45	0.0	5919318	1409	2.85	24.583	232	1369	50.75
1634227334.25	2850	45.366667	0.0	5962265	1754	2.85	24.583	232	1369	50.75
1634227335.96	2850	47.633334	0.0	5896498	1383	2.85	28.585	279	1613	49.225387306346796
1634227337.6	2850	50	0.0	5766523	1323	2.85	28.585	279	1613	49.225387306346796
1634227339.28	2850	52.4	0.0	5865643	1300	2.85	32.585	308	1854	53
1634227340.88	2850	54.75	0.0	6132065	1216	2.85	32.585	308	1854	53
1634227342.29	2850	57.3	0.0	5773166	1116	2.85	32.585	308	1854	53
1634227343.79	2850	59.833334	0.0	5854602	1182	2.85	36.592	367	2094	45.17095083603696
1634227348.21	2850	59.439998	0.0	5829201	1084	2.85	40.593	397	2334	52.48687828042983
1634227352.04	2850	59.667562	0.0	5605227	991	2.85	44.606	408	2575	57.31373037627713
1634227355.91	2850	59.739566	0.0	5796172	1024	2.85	48.606	420	2815	57
1634227359.74	2850	59.769372	0.0	5691022	1042	2.85	52.606	431	3055	57.25
1634227364.06	2850	59.433733	0.0	5820294	1969	2.85	56.607	451	3295	54.98625343664087
1634227368.06	2850	59.621762	0.0	5894902	1129	2.85	60.606	472	3535	54.76369092273065
1634227372.06	2850	59.652995	0.0	6009258	1143	2.85	64.607	492	3775	54.98625343664087
1634227376.17	2850	59.431996	0.0	5894492	1293	2.85	68.607	502	4015	57.5
1634227380.14	2850	59.498039	0.0	5389605	1149	2.85	72.607	513	4255	57.25
1634227384.1	2850	59.558985	0.0	5561198	1013	2.85	76.607	533	4495	55
1634227387.6	2850	59.913095	0.0	5973981	1151	2.85	80.608	549	4735	55.986003499125154
1634227391.71	2850	59.938865	0.0	5807342	1233	2.85	84.608	566	4975	55.75
1634227396.11	2850	59.433334	0.0	5705281	1050	2.85	88.607	576	5215	57.51437859464873
1634227400.08	2850	59.456552	0.0	5574779	2120	2.85	92.609	576	5455	59.97001499250382
1634227404.1	2850	59.488875	0.0	5738555	1232	2.85	96.609	608	5695	52
1634227408.07	2850	59.553996	0.0	5689582	1131	2.85	100.609	621	5935	56.75
1634227412.16	2850	59.573441	0.0	5554537	1211	2.85	104.61	638	6175	55.736065983504055
1634227415.7	2850	59.838691	0.0	5878688	1667	2.85	108.609	660	6414	54.263565891472936
1634227419.77	2850	59.866667	0.0	5895798	1263	2.85	112.61	677	6655	55.986003499125154
1634227423.78	2850	59.930943	0.0	5563862	1212	2.85	116.609	685	6895	58.01450362590655
1634227427.94	2850	59.712656	0.0	5839216	1272	2.85	120.61	706	7135	54.73631592101968
