1634262077.36	750	4	0.171	486588	80	-0.7303	0	0	0	0
1634262077.56	300	8	0.0	518070	89	-0.15000000000000002	0	0	0	0
1634262077.77	300	12	0.0	488296	100	0.3	0	0	0	0
1634262077.99	300	15.95263	0.0	505467	104	0.3	0	0	0	0
1634262078.16	300	19.791464	0.0	474784	74	0.3	0	0	0	0
1634262078.37	300	23.590205	0.0	523060	92	0.3	0	0	0	0
1634262078.56	300	27.388157	0.0	475799	85	0.3	0	0	0	0
1634262078.76	300	31.186753	0.0	494810	83	0.3	0	0	0	0
1634262078.97	300	34.984304	0.0	509476	81	0.3	0	0	0	0
1634262079.21	300	38.740891	0.0	459558	79	0.3	0	0	0	0
1634262079.45	300	42.5	0.0	502767	104	0.3	0	0	0	0
1634262079.7	300	46.256663	0.0	488586	110	0.3	0	0	0	0
1634262079.92	300	50.014627	0.0	481440	79	0.3	0	0	0	0
1634262080.15	300	53.812887	0.0	508546	86	0.3	0	0	0	0
1634262080.36	300	57.570378	0.0	510083	87	0.3	0	0	0	0
1634262082.08	300	59.989202	0.0	488713	75	0.3	4.617	0	174	0
1634262086.34	300	59.768406	0.0	468254	89	0.3	8.616	0	414	60.01500375093774
1634262090.61	300	59.517127	0.0	516536	84	0.3	12.617	0	654	59.98500374906271
1634262094.33	300	59.829438	0.0	479697	85	0.3	16.617	0	894	60
1634262098.57	300	59.567518	0.0	500854	76	0.3	20.617	0	1134	60
1634262102.32	300	59.879344	0.0	496587	76	0.3	24.617	0	1374	60
1634262106.06	300	59.897915	0.0	479350	77	0.3	28.617	0	1614	60
1634262110.33	300	59.633334	0.0	520120	89	0.3	32.618	0	1854	59.98500374906271
1634262114.07	300	59.940559	0.0	515394	83	0.3	36.618	0	2094	60
1634262118.33	300	59.679338	0.0	480696	82	0.3	40.618	0	2334	60
1634262122.12	300	59.988475	0.0	481433	77	0.3	44.619	0	2574	59.98500374906277
1634262126.36	300	59.773603	0.0	494650	85	0.3	48.619	0	2814	60
1634262130.59	300	59.55	0.0	499761	93	0.3	52.619	0	3054	60
1634262134.33	300	59.861395	0.0	501070	74	0.3	56.62	0	3294	59.98500374906277
1634262138.19	300	59.87513	0.0	489874	69	0.3	60.619	0	3534	60.0150037509377
1634262142.43	300	59.616955	0.0	488718	71	0.3	64.619	0	3774	60
1634262146.19	300	59.926318	0.0	509088	81	0.3	68.62	0	4015	60.234941264683755
1634262150.44	300	59.676424	0.0	494764	69	0.3	72.621	0	4255	59.98500374906288
1634262154.27	300	59.693438	0.0	488570	98	0.3	76.621	0	4495	60
1634262158.5	300	59.718828	0.0	474638	40	0.3	80.622	0	4735	59.98500374906266
1634262162.24	300	59.742297	0.0	473808	81	0.3	84.623	0	4975	59.98500374906266
1634262166.52	300	59.522284	0.0	484371	80	0.3	88.623	0	5215	60
1634262170.25	300	59.830391	0.0	496055	80	0.3	92.624	0	5455	59.98500374906288
1634262174.47	300	59.614554	0.0	490794	76	0.3	96.624	0	5695	60
1634262178.21	300	59.926012	0.0	488697	79	0.3	100.624	0	5935	60
1634262182.44	300	59.659943	0.0	490627	64	0.3	104.636	0	6175	59.820538384845456
1634262186.32	300	59.679517	0.0	493233	162	0.3	108.637	0	6415	59.98500374906266
1634262190.01	300	59.989102	0.0	491640	81	0.3	112.637	0	6655	60
1634262194.24	300	59.728362	0.0	477722	82	0.3	116.638	0	6896	60.234941264683755
1634262198.45	300	59.752719	0.0	498333	86	0.3	120.637	0	7135	59.764941235308896
