1634231571.55	750	4	0.161	428437	89	-0.6872999999999999	0	0	0	0
1634231571.89	1200	8	0.0	1070596	209	0.75	0	0	0	0
1634231572.21	1200	12	0.0	1102185	143	1.2	0	0	0	0
1634231572.54	1200	16	0.0	1050918	221	1.2	0	0	0	0
1634231572.85	1200	20	0.0	1076009	192	1.2	0	0	0	0
1634231573.17	1200	24	0.0	1074962	207	1.2	0	0	0	0
1634231573.55	1200	27.71157	0.0	1089013	227	1.2	0	0	0	0
1634231573.97	1200	31.308252	0.0	1085191	292	1.2	5.248	0	18	0
1634231574.32	1200	34.943048	0.0	1067569	181	1.2	5.248	0	18	0
1634231574.69	1200	38.577547	0.0	1068135	178	1.2	5.248	0	18	0
1634231575.05	1200	42.214947	0.0	1112498	184	1.2	5.248	0	18	0
1634231575.38	1200	45.892251	0.0	1102305	198	1.2	5.248	0	18	0
1634231575.71	1200	49.569083	0.0	1058097	172	1.2	5.248	0	18	0
1634231576.02	1200	53.246567	0.0	1067149	167	1.2	5.248	0	18	0
1634231576.32	1200	56.923657	0.0	1065119	158	1.2	5.248	0	18	0
1634231577.65	1200	59.743113	0.0	1079756	183	1.2	5.248	0	18	0
1634231581.56	1200	59.763788	0.0	1099272	192	1.2	9.249	0	138	29.992501874531364
1634231585.96	1200	59.498535	0.0	1076487	176	1.2	17.25	0	378	30.00750187546886
1634231589.92	1200	59.515432	0.0	1074867	263	1.2	21.251	0	498	29.992501874531357
1634231593.8	1200	59.568584	0.0	1047892	191	1.2	21.251	0	498	29.992501874531357
1634231597.67	1200	59.869712	0.0	1079491	159	1.2	25.281	0	619	30.024813895781655
1634231601.56	1200	59.916367	0.0	1168595	186	1.2	29.282	0	739	29.992501874531357
1634231605.41	1200	59.936322	0.0	1155651	188	1.2	33.283	0	859	29.992501874531357
1634231609.81	1200	59.668922	0.0	1068823	215	1.2	37.312	0	980	30.032266070985383
1634231613.7	1200	59.702026	0.0	1083472	15	1.2	41.313	0	1100	29.99250187453133
1634231617.55	1200	59.730566	0.0	1069893	177	1.2	45.314	0	1220	29.992501874531385
1634231621.91	1200	59.459819	0.0	1072481	185	1.2	49.313	0	1340	30.00750187546885
1634231625.81	1200	59.521898	0.0	1056021	179	1.2	53.398	0	1462	29.865361077111377
1634231629.69	1200	59.587865	0.0	1088699	223	1.2	57.398	0	1582	30
1634231633.69	1200	59.604774	0.0	1069675	255	1.2	61.398	0	1702	30
1634231637.62	1200	59.907856	0.0	1102469	202	1.2	65.401	0	1822	29.977516862353287
1634231641.55	1200	59.940259	0.0	1136712	216	1.2	69.4	0	1942	30.007501875468797
1634231645.46	1200	59.985448	0.0	1076114	199	1.2	73.401	0	2062	29.99250187453144
1634231649.91	1200	59.470169	0.0	1045544	221	1.2	77.401	0	2182	30
1634231653.84	1200	59.496281	0.0	1122544	233	1.2	81.405	0	2302	29.970029970029934
1634231657.71	1200	59.550362	0.0	1061011	180	1.2	85.405	0	2422	30
1634231661.57	1200	59.869688	0.0	1059811	180	1.2	89.405	0	2542	30
1634231665.5	1200	59.889393	0.0	1073475	192	1.2	93.405	0	2662	30
1634231669.39	1200	59.905748	0.0	1094517	220	1.2	97.406	0	2782	29.99250187453133
1634231673.76	1200	59.652196	0.0	1082819	223	1.2	101.406	0	2902	30
1634231677.6	1200	59.706691	0.0	1068766	191	1.2	105.406	0	3022	30
1634231681.98	1200	59.453484	0.0	1111544	210	1.2	109.407	0	3143	30.242439390152533
1634231685.91	1200	59.50146	0.0	1172967	225	1.2	113.457	0	3264	29.876543209876566
1634231689.83	1200	59.514084	0.0	1102175	257	1.2	117.457	0	3384	30
1634231693.65	1200	59.821475	0.0	1099116	154	1.2	121.457	0	3504	30
