1634258484.99	750	4	0.155	428437	74	-0.6615	0	0	0	0
1634258485.18	300	8	0.0	230725	36	-0.15000000000000002	0	0	0	0
1634258485.3	300	12	0.0	243865	43	0.3	0	0	0	0
1634258485.42	300	16	0.0	220386	34	0.3	0	0	0	0
1634258485.55	300	20	0.0	223780	33	0.3	0	0	0	0
1634258485.71	300	24	0.0	230908	38	0.3	0	0	0	0
1634258485.83	300	28	0.0	243834	33	0.3	0	0	0	0
1634258485.96	300	32	0.0	227454	29	0.3	0	0	0	0
1634258486.08	300	36	0.0	244114	37	0.3	0	0	0	0
1634258486.2	300	40	0.0	227021	37	0.3	0	0	0	0
1634258486.34	300	44	0.0	237387	38	0.3	0	0	0	0
1634258486.47	300	48	0.0	226538	35	0.3	0	0	0	0
1634258486.63	300	51.948958	0.0	219929	49	0.3	0	0	0	0
1634258486.75	300	55.827364	0.0	225981	30	0.3	0	0	0	0
1634258486.87	300	59.706392	0.0	235362	34	0.3	0	0	0	0
1634258491.13	300	59.748879	0.0	228066	39	0.3	5.412	0	53	0
1634258494.82	300	59.778285	0.0	233092	28	0.3	9.412	1	173	29.749999999999993
1634258499.0	300	59.818981	0.0	250342	38	0.3	13.411	1	293	30.007501875468876
1634258503.17	300	59.603312	0.0	234538	26	0.3	17.412	1	413	29.99250187453137
1634258506.87	300	59.900159	0.0	234846	42	0.3	21.412	1	533	30
1634258511.09	300	59.675914	0.0	245620	17	0.3	25.412	1	653	30
1634258514.79	300	59.97538	0.0	238459	42	0.3	29.412	1	773	30
1634258518.93	300	59.704276	0.0	234371	37	0.3	33.412	1	893	30
1634258523.14	300	59.724849	0.0	238479	43	0.3	37.412	1	1013	30
1634258526.83	300	59.753872	0.0	235849	38	0.3	41.412	1	1133	30
1634258531.01	300	59.79728	0.0	227048	38	0.3	45.413	1	1253	29.992501874531385
1634258535.24	300	59.533819	0.0	241747	43	0.3	49.415	1	1373	29.985007496251857
1634258538.9	300	59.859861	0.0	226846	40	0.3	53.415	1	1493	30
1634258543.07	300	59.637326	0.0	240073	41	0.3	57.415	1	1613	30
1634258546.75	300	59.943288	0.0	224865	44	0.3	61.431	1	1734	30.12948207171316
1634258550.94	300	59.684988	0.0	223555	43	0.3	65.432	1	1854	29.99250187453133
1634258554.64	300	59.987653	0.0	236661	39	0.3	69.432	1	1974	30
1634258559.31	300	59.474772	0.0	224869	45	0.3	73.432	1	2094	30
1634258562.99	300	59.773029	0.0	220416	39	0.3	77.433	1	2214	29.99250187453133
1634258567.23	300	59.550308	0.0	232283	24	0.3	81.432	1	2334	30.007501875468904
1634258570.93	300	59.849228	0.0	216316	14	0.3	85.433	1	2454	29.99250187453133
1634258575.13	300	59.570699	0.0	221305	37	0.3	89.434	1	2574	29.99250187453144
1634258578.84	300	59.910954	0.0	225701	51	0.3	93.434	1	2694	30
1634258583.01	300	59.684238	0.0	232001	48	0.3	97.448	1	2814	29.895366218236205
1634258587.17	300	59.451567	0.0	225146	44	0.3	101.447	1	2934	30.007501875468797
1634258590.87	300	59.755014	0.0	234577	34	0.3	105.448	1	3054	29.99250187453144
1634258595.06	300	59.76766	0.0	231377	38	0.3	109.448	1	3174	30
1634258599.2	300	59.497591	0.0	236166	40	0.3	113.448	1	3294	30
1634258602.88	300	59.843964	0.0	218149	35	0.3	117.449	1	3414	29.99250187453133
1634258607.09	300	59.625698	0.0	228342	35	0.3	121.449	1	3534	30
