1634241582.27	750	4	0.21	486588	98	-0.898	0	0	0	0
1634241582.79	1200	8	0.0	1897149	315	0.75	0	0	0	0
1634241583.3	1200	11.636689	0.0	2016742	355	1.2	0	0	0	0
1634241583.83	1200	15.116667	0.0	1875307	328	1.2	0	0	0	0
1634241584.37	1200	18.583334	0.0	1939196	313	1.2	0	0	0	0
1634241584.92	1200	22.021709	0.0	1957925	358	1.2	0	0	0	0
1634241585.4	1200	25.538096	0.0	2010152	317	1.2	0	0	0	0
1634241585.88	1200	29.052753	0.0	1961069	309	1.2	4.572	5	168	0
1634241586.49	1200	32.45	0.0	2006297	389	1.2	4.572	5	168	0
1634241586.98	1200	36	0.0	1835501	289	1.2	4.572	5	168	0
1634241587.48	1200	39.43453	0.0	1999882	339	1.2	4.572	5	168	0
1634241587.96	1200	42.966667	0.0	1904004	299	1.2	4.572	5	168	0
1634241588.43	1200	46.503909	0.0	1807550	281	1.2	4.572	5	168	0
1634241588.98	1200	49.966667	0.0	1917549	312	1.2	4.572	5	168	0
1634241589.49	1200	53.454058	0.0	1985515	322	1.2	4.572	5	168	0
1634241589.99	1200	56.933334	0.0	1935615	313	1.2	8.575	14	408	57.706719960029986
1634241591.57	1200	59.507315	0.0	2005418	328	1.2	8.575	14	408	57.706719960029986
1634241595.13	1200	59.819297	0.0	2047855	293	1.2	12.576	17	648	59.23519120219943
1634241599.21	1200	59.840591	0.0	1914857	293	1.2	16.576	19	888	59.5
1634241603.26	1200	59.868917	0.0	1992793	340	1.2	20.576	19	1128	60
1634241607.26	1200	59.89311	0.0	1930629	287	1.2	24.576	19	1368	60
1634241611.39	1200	59.637068	0.0	1998676	321	1.2	28.577	25	1608	58.48537865533615
1634241615.42	1200	59.662817	0.0	1905916	293	1.2	32.577	29	1848	59.00000000000005
1634241618.95	1200	59.973915	0.0	1979510	312	1.2	36.577	31	2088	59.5
1634241623.48	1200	59.721875	0.0	1948438	296	1.2	40.577	31	2328	60
1634241627.51	1200	59.460321	0.0	1944346	298	1.2	44.579	33	2568	59.47026486756618
1634241631.56	1200	59.486205	0.0	1962959	307	1.2	48.579	35	2808	59.5
1634241635.61	1200	59.505945	0.0	1917405	302	1.2	52.578	35	3048	60.0150037509377
1634241639.16	1200	59.812885	0.0	1913569	326	1.2	56.579	35	3288	59.98500374906277
1634241643.29	1200	59.834386	0.0	1937554	363	1.2	60.58	37	3528	59.48512871782058
1634241647.36	1200	59.577317	0.0	1930915	346	1.2	64.579	38	3768	59.764941235308896
1634241651.36	1200	59.605392	0.0	1953420	319	1.2	68.579	38	4008	60
1634241655.41	1200	59.636636	0.0	1957352	316	1.2	72.58	38	4248	59.98500374906266
1634241659.43	1200	59.653712	0.0	1903803	298	1.2	76.58	40	4488	59.5
1634241663.44	1200	59.672932	0.0	1953737	310	1.2	80.581	40	4728	59.98500374906266
1634241666.96	1200	59.987164	0.0	1836534	273	1.2	84.581	40	4968	60
1634241671.53	1200	59.481208	0.0	1850984	333	1.2	88.581	42	5208	59.5
1634241675.51	1200	59.5	0.0	1870734	299	1.2	92.583	42	5448	59.97001499250382
1634241679.51	1200	59.553785	0.0	1939450	308	1.2	96.589	42	5689	60.159760359460805
1634241683.5	1200	59.580036	0.0	1891175	295	1.2	100.589	42	5929	60
1634241687.05	1200	59.890709	0.0	1976624	325	1.2	104.59	44	6169	59.48512871782047
1634241691.09	1200	59.922378	0.0	1959927	317	1.2	108.591	44	6409	59.98500374906288
1634241695.14	1200	59.940609	0.0	1936346	332	1.2	112.59	45	6649	59.76494123530868
1634241699.13	1200	59.959805	0.0	1823593	323	1.2	116.593	45	6889	59.95503372470647
1634241703.63	1200	59.459511	0.0	1951549	332	1.2	120.593	45	7129	60
