1634280848.87	750	4	0.172	486588	91	-0.7346	0	0	0	0
1634280849.18	750	8	0.0	731620	121	0.75	0	0	0	0
1634280849.41	750	12	0.0	760090	126	0.75	0	0	0	0
1634280849.64	750	16	0.0	714177	122	0.75	0	0	0	0
1634280849.86	750	20	0.0	733262	118	0.75	0	0	0	0
1634280850.09	750	24	0.0	751224	123	0.75	0	0	0	0
1634280850.33	750	28	0.0	740489	125	0.75	0	0	0	0
1634280850.59	750	31.793368	0.0	729701	121	0.75	0	0	0	0
1634280850.88	750	35.510392	0.0	759037	130	0.75	0	0	0	0
1634280851.1	750	39.308247	0.0	703222	102	0.75	0	0	0	0
1634280851.34	750	43.066667	0.0	743449	114	0.75	0	0	0	0
1634280851.56	750	46.823586	0.0	705495	110	0.75	0	0	0	0
1634280851.81	750	50.581691	0.0	692056	113	0.75	0	0	0	0
1634280852.03	750	54.379022	0.0	733216	106	0.75	0	0	0	0
1634280852.39	750	58.012864	0.0	754497	231	0.75	5.165	0	105	0
1634280854.68	750	59.745159	0.0	733656	118	0.75	5.165	0	105	0
1634280858.98	750	59.493345	0.0	719773	100	0.75	9.165	2	345	59.500000000000014
1634280862.81	750	59.796786	0.0	765634	133	0.75	13.165	2	585	60
1634280866.61	750	59.821343	0.0	724551	119	0.75	17.165	2	825	60
1634280870.89	750	59.557766	0.0	741256	109	0.75	21.166	2	1065	59.98500374906271
1634280874.67	750	59.858809	0.0	740368	132	0.75	25.166	2	1305	60
1634280878.98	750	59.593881	0.0	734192	130	0.75	29.167	2	1545	59.98500374906271
1634280882.76	750	59.9	0.0	736650	117	0.75	33.167	2	1785	60
1634280886.52	750	59.923336	0.0	765755	126	0.75	37.168	2	2025	59.98500374906277
1634280890.83	750	59.654263	0.0	741305	163	0.75	41.168	2	2265	60
1634280894.62	750	59.960766	0.0	732007	116	0.75	45.168	2	2505	60
1634280898.9	750	59.703342	0.0	730771	93	0.75	49.169	2	2745	59.98500374906277
1634280902.77	750	59.720501	0.0	730130	175	0.75	53.169	2	2985	60
1634280906.63	750	59.750513	0.0	719311	149	0.75	57.169	2	3225	60
1634280910.96	750	59.502405	0.0	719647	178	0.75	61.169	2	3465	60
1634280914.75	750	59.842335	0.0	722872	115	0.75	65.169	2	3705	60
1634280918.54	750	59.873055	0.0	740779	89	0.75	69.169	2	3945	60
1634280922.9	750	59.610889	0.0	735421	199	0.75	73.17	2	4185	59.98500374906266
1634280926.75	750	59.920725	0.0	693798	169	0.75	77.17	2	4425	60
1634280930.54	750	59.973902	0.0	727502	136	0.75	81.17	2	4665	60
1634280934.86	750	59.704848	0.0	675507	179	0.75	85.17	2	4905	60
1634280938.69	750	59.728694	0.0	700902	150	0.75	89.171	2	5145	59.98500374906266
1634280942.99	750	59.465008	0.0	701249	133	0.75	93.171	2	5385	60
1634280946.79	750	59.768195	0.0	730132	124	0.75	97.171	2	5625	60
1634280951.08	750	59.508669	0.0	711025	121	0.75	101.171	2	5865	60
1634280954.92	750	59.532139	0.0	727719	171	0.75	105.173	2	6105	59.97001499250382
1634280958.72	750	59.866667	0.0	737895	133	0.75	109.173	2	6345	60
1634280962.54	750	59.886725	0.0	715541	134	0.75	113.173	2	6585	60
1634280966.79	750	59.660941	0.0	673063	138	0.75	117.173	2	6825	60
1634280970.57	750	59.968747	0.0	734241	134	0.75	121.184	2	7066	60.084766891049675
