1634240269.42	750	4	0.347	486588	81	-1.4870999999999999	0	0	0	0
1634240270.75	2850	8	0.0	5862628	1004	0.75	0	0	0	0
1634240272.15	2850	11.55	0.0	5992376	1085	2.85	0	0	0	0
1634240273.52	2850	14.166667	0.0	5878425	703	2.85	5.565	11	53	0
1634240274.78	2850	16.9	0.0	5829325	958	2.85	5.565	11	53	0
1634240276.21	2850	19.6	0.0	5866019	963	2.85	5.565	11	53	0
1634240277.48	2850	22.2	0.0	5788613	908	2.85	9.565	60	293	47.75000000000001
1634240278.78	2850	24.9	0.0	5923161	987	2.85	9.565	60	293	47.75000000000001
1634240280.28	2850	27.416667	0.0	5919519	1144	2.85	9.565	60	293	47.75000000000001
1634240281.71	2850	30.05	0.0	5874891	1055	2.85	13.566	99	533	50.237440639840024
1634240283.16	2850	32.6	0.0	5870140	1076	2.85	13.566	99	533	50.237440639840024
1634240285.02	2850	34.683334	0.0	5824696	1536	2.85	17.566	145	773	48.50000000000002
1634240286.44	2850	37.266667	0.0	5848658	1097	2.85	17.566	145	773	48.50000000000002
1634240288.28	2850	39.416667	0.0	5692580	1472	2.85	17.566	145	773	48.50000000000002
