1634281316.61	750	4	0.192	486588	74	-0.8205999999999999	0	0	0	0
1634281316.84	300	8	0.0	518070	98	-0.15000000000000002	0	0	0	0
1634281317.07	300	12	0.0	488296	138	0.3	0	0	0	0
1634281317.28	300	16	0.0	505467	89	0.3	0	0	0	0
1634281317.45	300	20	0.0	474784	78	0.3	0	0	0	0
1634281317.63	300	24	0.0	523060	82	0.3	0	0	0	0
1634281317.8	300	28	0.0	475799	71	0.3	0	0	0	0
1634281317.98	300	32	0.0	494810	81	0.3	0	0	0	0
1634281318.16	300	36	0.0	509476	84	0.3	0	0	0	0
1634281318.37	300	40	0.0	459558	85	0.3	0	0	0	0
1634281318.59	300	43.951913	0.0	502767	101	0.3	0	0	0	0
1634281318.76	300	47.78965	0.0	488586	75	0.3	0	0	0	0
1634281318.97	300	51.586429	0.0	481440	84	0.3	0	0	0	0
1634281319.17	300	55.384107	0.0	508546	81	0.3	0	0	0	0
1634281319.36	300	59.183334	0.0	510083	83	0.3	0	0	0	0
1634281323.11	300	59.44678	0.0	488713	90	0.3	5.193	0	86	0
1634281326.84	300	59.760426	0.0	468254	82	0.3	9.197	0	326	59.940059940059946
1634281331.08	300	59.494507	0.0	516536	94	0.3	13.197	0	566	60
1634281334.84	300	59.844052	0.0	479697	89	0.3	17.197	0	806	60
1634281339.08	300	59.576629	0.0	500854	74	0.3	21.197	0	1046	60
1634281342.82	300	59.893948	0.0	496587	90	0.3	25.197	0	1286	60
1634281347.04	300	59.645839	0.0	479350	70	0.3	29.197	0	1526	60
1634281350.78	300	59.996939	0.0	520120	82	0.3	33.198	0	1766	59.98500374906271
1634281355.01	300	59.785387	0.0	515394	81	0.3	37.198	0	2006	60
1634281358.75	300	59.809538	0.0	480696	81	0.3	41.198	0	2246	60
1634281362.99	300	59.585942	0.0	481433	78	0.3	45.2	0	2486	59.970014992503714
1634281366.74	300	59.895384	0.0	494650	98	0.3	49.199	0	2726	60.01500375093781
1634281370.99	300	59.63212	0.0	499761	83	0.3	53.2	0	2966	59.98500374906266
1634281374.75	300	59.942923	0.0	501070	83	0.3	57.2	0	3206	60
1634281378.99	300	59.685553	0.0	489874	83	0.3	61.199	0	3446	60.01500375093781
1634281382.74	300	59.984203	0.0	488718	78	0.3	65.2	0	3686	59.98500374906266
1634281386.99	300	59.725634	0.0	509088	81	0.3	69.206	0	3927	60.159760359460805
1634281391.25	300	59.466667	0.0	494764	80	0.3	73.207	0	4167	59.98500374906288
1634281395.0	300	59.780998	0.0	488570	84	0.3	77.206	0	4407	60.015003750937595
1634281399.22	300	59.512429	0.0	474638	77	0.3	81.206	0	4647	60
1634281402.95	300	59.822375	0.0	473808	67	0.3	85.207	0	4887	59.98500374906288
1634281406.72	300	59.841662	0.0	484371	118	0.3	89.208	0	5127	59.98500374906266
1634281410.94	300	59.868676	0.0	496055	69	0.3	93.208	0	5367	60
1634281414.69	300	59.893371	0.0	490794	83	0.3	97.209	0	5607	59.98500374906266
1634281418.92	300	59.629238	0.0	488697	80	0.3	101.209	0	5847	60
1634281422.64	300	59.929485	0.0	490627	85	0.3	105.209	0	6087	60
1634281426.88	300	59.675695	0.0	493233	82	0.3	109.209	0	6327	60
1634281430.59	300	59.976355	0.0	491640	76	0.3	113.21	0	6567	59.98500374906288
1634281434.8	300	59.987864	0.0	477722	83	0.3	117.218	0	6807	59.880239520957936
1634281439.06	300	59.726839	0.0	498333	74	0.3	121.217	0	7047	60.01500375093781
