1634233491.53	750	4	0.18	428437	83	-0.769	0	0	0	0
1634233491.71	300	8	0.0	230725	39	-0.15000000000000002	0	0	0	0
1634233491.89	300	12	0.0	243865	29	0.3	0	0	0	0
1634233492.07	300	16	0.0	220386	75	0.3	0	0	0	0
1634233492.22	300	19.949197	0.0	223780	25	0.3	0	0	0	0
1634233492.36	300	23.828351	0.0	230908	43	0.3	0	0	0	0
1634233492.52	300	27.667179	0.0	243834	47	0.3	0	0	0	0
1634233492.65	300	31.505582	0.0	227454	38	0.3	0	0	0	0
1634233492.81	300	35.383905	0.0	244114	26	0.3	0	0	0	0
1634233492.97	300	39.22267	0.0	227021	53	0.3	0	0	0	0
1634233493.12	300	43.061402	0.0	237387	47	0.3	0	0	0	0
1634233493.26	300	46.940019	0.0	226538	40	0.3	0	0	0	0
1634233493.41	300	50.778924	0.0	219929	45	0.3	0	0	0	0
1634233493.55	300	54.617627	0.0	225981	39	0.3	0	0	0	0
1634233493.68	300	58.496579	0.0	235362	42	0.3	0	0	0	0
1634233496.87	300	59.486175	0.0	228066	40	0.3	4.714	0	84	0
1634233500.58	300	59.787313	0.0	233092	25	0.3	8.731	0	204	29.87303958177745
1634233504.75	300	59.518548	0.0	250342	7	0.3	12.732	0	324	29.99250187453137
1634233508.46	300	59.826888	0.0	234538	61	0.3	16.732	0	444	30
1634233512.69	300	59.59261	0.0	234846	63	0.3	20.732	0	564	30
1634233516.37	300	59.900823	0.0	245620	37	0.3	24.733	0	684	29.992501874531357
1634233520.55	300	59.636055	0.0	238459	35	0.3	28.733	0	804	30
1634233524.76	300	59.429214	0.0	234371	38	0.3	32.733	0	924	30.00000000000003
1634233528.43	300	59.739498	0.0	238479	40	0.3	36.734	0	1044	29.99250187453133
1634233532.63	300	59.801451	0.0	235849	58	0.3	40.733	0	1164	30.007501875468904
1634233536.84	300	59.562478	0.0	227048	38	0.3	44.734	0	1284	29.99250187453133
1634233540.54	300	59.86907	0.0	241747	43	0.3	48.734	0	1404	30
1634233544.72	300	59.636345	0.0	226846	35	0.3	52.736	0	1524	29.98500749625191
1634233548.41	300	59.939235	0.0	240073	34	0.3	56.736	0	1644	30
1634233552.63	300	59.705508	0.0	224865	29	0.3	60.738	0	1764	29.985007496251857
1634233556.81	300	59.473984	0.0	223555	36	0.3	64.741	0	1885	30.227329502872845
1634233560.49	300	59.764596	0.0	236661	38	0.3	68.741	0	2005	30
1634233564.73	300	59.505342	0.0	224869	26	0.3	72.743	0	2125	29.98500749625191
1634233568.43	300	59.803211	0.0	220416	58	0.3	76.743	0	2245	30
1634233572.63	300	59.57957	0.0	232283	48	0.3	80.743	0	2365	30
1634233576.34	300	59.958399	0.0	216316	44	0.3	84.744	0	2485	29.99250187453133
1634233580.52	300	59.692535	0.0	221305	33	0.3	88.743	0	2605	30.007501875468904
1634233584.74	300	59.715238	0.0	225701	35	0.3	92.745	0	2725	29.985007496251804
1634233588.93	300	59.446772	0.0	232001	46	0.3	96.746	0	2845	29.99250187453144
1634233592.6	300	59.748033	0.0	225146	40	0.3	100.751	0	2965	29.96254681647933
1634233596.81	300	59.48277	0.0	234577	13	0.3	104.752	0	3085	29.99250187453144
1634233600.55	300	59.887246	0.0	231377	37	0.3	108.752	0	3205	30
1634233604.77	300	59.617079	0.0	236166	40	0.3	112.752	0	3325	30
1634233608.43	300	59.924643	0.0	218149	39	0.3	116.753	0	3445	29.99250187453133
1634233612.62	300	59.693643	0.0	228342	38	0.3	120.753	0	3565	30
