1634254518.74	750	4	0.188	486588	98	-0.8034	0	0	0	0
1634254519.06	750	8	0.0	731620	115	0.75	0	0	0	0
1634254519.29	750	12	0.0	760090	134	0.75	0	0	0	0
1634254519.53	750	16	0.0	714177	129	0.75	0	0	0	0
1634254519.76	750	20	0.0	733262	128	0.75	0	0	0	0
1634254519.98	750	24	0.0	751224	120	0.75	0	0	0	0
1634254520.21	750	27.952985	0.0	740489	121	0.75	0	0	0	0
1634254520.46	750	31.710965	0.0	729701	125	0.75	0	0	0	0
1634254520.74	750	35.468551	0.0	759037	120	0.75	0	0	0	0
1634254520.97	750	39.226744	0.0	703222	109	0.75	0	0	0	0
1634254521.21	750	42.943591	0.0	743449	125	0.75	0	0	0	0
1634254521.45	750	46.741352	0.0	705495	124	0.75	0	0	0	0
1634254521.67	750	50.5	0.0	692056	115	0.75	0	0	0	0
1634254521.91	750	54.257614	0.0	733216	134	0.75	0	0	0	0
1634254522.23	750	57.933859	0.0	754497	193	0.75	5.218	0	112	0
1634254524.48	750	59.716667	0.0	733656	121	0.75	5.218	0	112	0
1634254528.78	750	59.501765	0.0	719773	121	0.75	9.218	0	352	60
1634254532.59	750	59.854367	0.0	765634	123	0.75	13.219	0	592	59.98500374906274
1634254536.36	750	59.871683	0.0	724551	110	0.75	17.221	0	832	59.970014992503735
1634254540.67	750	59.60608	0.0	741256	121	0.75	21.222	0	1072	59.98500374906271
1634254544.46	750	59.915442	0.0	740368	126	0.75	25.222	0	1312	60
1634254548.24	750	59.936911	0.0	734192	108	0.75	29.223	0	1552	59.98500374906277
1634254552.54	750	59.727469	0.0	736650	128	0.75	33.223	0	1792	60
1634254556.86	750	59.512351	0.0	765755	116	0.75	37.223	0	2032	60
1634254560.62	750	59.83027	0.0	741305	110	0.75	41.223	0	2272	60
1634254564.39	750	59.869469	0.0	732007	113	0.75	45.223	0	2512	60
1634254568.7	750	59.61955	0.0	730771	126	0.75	49.223	0	2752	60
1634254572.5	750	59.938607	0.0	730130	134	0.75	53.224	0	2992	59.98500374906277
1634254576.25	750	59.957871	0.0	719311	95	0.75	57.224	0	3232	60
1634254580.56	750	59.692502	0.0	719647	123	0.75	61.224	0	3472	60
1634254584.86	750	59.440852	0.0	722872	126	0.75	65.225	0	3712	59.98500374906277
1634254588.66	750	59.763981	0.0	740779	121	0.75	69.224	0	3952	60.015003750937595
1634254592.44	750	59.805145	0.0	735421	114	0.75	73.224	0	4192	60
1634254596.73	750	59.543852	0.0	693798	123	0.75	77.225	0	4432	59.98500374906288
1634254600.53	750	59.856591	0.0	727502	125	0.75	81.239	0	4673	60.039860488290834
1634254604.3	750	59.876861	0.0	675507	112	0.75	85.24	0	4913	59.98500374906288
1634254608.6	750	59.616667	0.0	700902	119	0.75	89.24	0	5153	60
1634254612.38	750	59.933334	0.0	701249	114	0.75	93.241	0	5393	59.98500374906266
1634254616.69	750	59.669941	0.0	730132	156	0.75	97.241	0	5633	60
1634254620.47	750	59.983334	0.0	711025	113	0.75	101.241	0	5873	60
1634254624.76	750	59.441283	0.0	727719	108	0.75	105.242	0	6113	59.98500374906266
1634254628.52	750	59.750482	0.0	737895	117	0.75	109.242	0	6353	60
1634254632.79	750	59.485155	0.0	715541	127	0.75	113.242	0	6593	60
1634254636.53	750	59.803349	0.0	673063	117	0.75	117.243	0	6833	59.98500374906288
1634254640.76	750	59.557932	0.0	734241	114	0.75	121.245	0	7073	59.97001499250361
