1634247970.33	750	4	0.172	486588	100	-0.7346	0	0	0	0
1634247970.81	1200	8	0.0	1897149	315	0.75	0	0	0	0
1634247971.3	1200	11.683334	0.0	2016742	317	1.2	0	0	0	0
1634247971.77	1200	15.2	0.0	1875307	304	1.2	0	0	0	0
1634247972.25	1200	18.716667	0.0	1939196	302	1.2	0	0	0	0
1634247972.71	1200	22.264148	0.0	1957925	294	1.2	0	0	0	0
1634247973.19	1200	25.779556	0.0	2010152	322	1.2	0	0	0	0
1634247973.69	1200	29.316667	0.0	1961069	304	1.2	0	0	0	0
1634247974.21	1200	32.8	0.0	2006297	303	1.2	4.643	6	171	0
1634247974.71	1200	36.285375	0.0	1835501	284	1.2	4.643	6	171	0
1634247975.27	1200	39.720375	0.0	1999882	380	1.2	4.643	6	171	0
1634247975.77	1200	43.216667	0.0	1904004	306	1.2	4.643	6	171	0
1634247976.25	1200	46.733334	0.0	1807550	285	1.2	4.643	6	171	0
1634247976.74	1200	50.233334	0.0	1917549	303	1.2	4.643	6	171	0
1634247977.24	1200	53.742573	0.0	1985515	323	1.2	4.643	6	171	0
1634247977.76	1200	57.25	0.0	1935615	307	1.2	4.643	6	171	0
1634247979.32	1200	59.754653	0.0	2005418	324	1.2	8.674	17	413	57.305879434383534
1634247983.33	1200	59.777819	0.0	2047855	331	1.2	12.675	20	653	59.23519120219943
1634247987.37	1200	59.8	0.0	1914857	324	1.2	16.676	21	893	59.73506623344167
1634247991.43	1200	59.807586	0.0	1992793	344	1.2	20.677	22	1133	59.73506623344162
1634247995.45	1200	59.546061	0.0	1930629	325	1.2	24.677	22	1373	60
1634247999.46	1200	59.572436	0.0	1998676	301	1.2	28.677	24	1613	59.5
1634248003.48	1200	59.59394	0.0	1905916	299	1.2	32.678	25	1853	59.73506623344167
1634248007.56	1200	59.609002	0.0	1979510	346	1.2	36.678	29	2093	59
1634248011.09	1200	59.923474	0.0	1948438	313	1.2	40.678	29	2333	60
1634248015.1	1200	59.940828	0.0	1944346	289	1.2	44.679	29	2573	59.98500374906266
1634248019.13	1200	59.966667	0.0	1962959	312	1.2	48.678	30	2813	59.764941235308896
1634248023.63	1200	59.462562	0.0	1917405	288	1.2	52.68	30	3053	59.970014992503714
1634248027.65	1200	59.524325	0.0	1913569	307	1.2	56.679	31	3293	59.76494123530879
1634248031.14	1200	59.827473	0.0	1937554	294	1.2	60.679	31	3533	60
1634248035.19	1200	59.846139	0.0	1930915	329	1.2	64.679	32	3773	59.75
1634248039.21	1200	59.871456	0.0	1953420	295	1.2	68.68	32	4013	59.98500374906266
1634248043.2	1200	59.903162	0.0	1957352	300	1.2	72.68	32	4253	60
1634248047.25	1200	59.970265	0.0	1903803	308	1.2	76.693	33	4494	59.80563169698493
1634248051.34	1200	59.711882	0.0	1953737	358	1.2	80.693	35	4734	59.5
1634248055.35	1200	59.736089	0.0	1836534	282	1.2	84.693	35	4974	60
1634248059.36	1200	59.779457	0.0	1850984	287	1.2	88.694	35	5214	59.98500374906266
1634248063.38	1200	59.796597	0.0	1870734	305	1.2	92.693	37	5454	59.51487871967999
1634248067.38	1200	59.827638	0.0	1939450	297	1.2	96.694	37	5694	59.98500374906266
1634248071.37	1200	59.85055	0.0	1891175	294	1.2	100.694	37	5934	60
1634248075.43	1200	59.588803	0.0	1976624	315	1.2	104.695	38	6174	59.73506623344178
1634248079.42	1200	59.608482	0.0	1959927	297	1.2	108.694	38	6414	60.015003750937595
1634248083.45	1200	59.629631	0.0	1936346	298	1.2	112.696	40	6654	59.470264867566286
1634248087.41	1200	59.645678	0.0	1823593	272	1.2	116.695	41	6894	59.764941235308896
1634248091.5	1200	59.667305	0.0	1951549	313	1.2	120.7	41	7135	60.17478152309599
