1634258720.57	750	4	0.177	428437	56	-0.7561	0	0	0	0
1634258720.83	300	8	0.0	230725	75	-0.15000000000000002	0	0	0	0
1634258720.96	300	12	0.0	243865	36	0.3	0	0	0	0
1634258721.09	300	16	0.0	220386	39	0.3	0	0	0	0
1634258721.21	300	20	0.0	223780	34	0.3	0	0	0	0
1634258721.32	300	24	0.0	230908	37	0.3	0	0	0	0
1634258721.44	300	28	0.0	243834	40	0.3	0	0	0	0
1634258721.57	300	32	0.0	227454	33	0.3	0	0	0	0
1634258721.71	300	36	0.0	244114	40	0.3	0	0	0	0
1634258721.84	300	40	0.0	227021	37	0.3	0	0	0	0
1634258721.99	300	43.996035	0.0	237387	53	0.3	0	0	0	0
1634258722.1	300	47.87469	0.0	226538	38	0.3	0	0	0	0
1634258722.22	300	51.753904	0.0	219929	33	0.3	0	0	0	0
1634258722.36	300	55.592464	0.0	225981	37	0.3	0	0	0	0
1634258722.49	300	59.471397	0.0	235362	43	0.3	0	0	0	0
1634258726.65	300	59.46769	0.0	228066	34	0.3	5.279	0	58	0
1634258730.39	300	59.813205	0.0	233092	46	0.3	9.29	0	179	30.16704063824483
1634258734.12	300	59.863948	0.0	250342	57	0.3	13.29	0	299	30
1634258738.29	300	59.873475	0.0	234538	39	0.3	17.29	0	419	30
1634258742.5	300	59.592515	0.0	234846	36	0.3	21.291	0	539	29.992501874531357
1634258746.2	300	59.890337	0.0	245620	43	0.3	25.291	0	659	30
1634258750.36	300	59.680199	0.0	238459	41	0.3	29.291	0	779	30
1634258754.02	300	59.988006	0.0	234371	43	0.3	33.294	0	899	29.977516862353262
1634258758.69	300	59.436413	0.0	238479	39	0.3	37.294	0	1019	30
1634258762.41	300	59.779319	0.0	235849	29	0.3	41.294	0	1139	30
1634258766.62	300	59.545819	0.0	227048	54	0.3	45.295	0	1259	29.99250187453133
1634258770.33	300	59.851543	0.0	241747	31	0.3	49.296	0	1379	29.992501874531385
1634258774.51	300	59.581095	0.0	226846	37	0.3	53.295	0	1499	30.00750187546885
1634258778.2	300	59.941733	0.0	240073	65	0.3	57.297	0	1619	29.98500749625191
1634258782.34	300	59.681282	0.0	224865	35	0.3	61.296	0	1739	30.00750187546885
1634258786.57	300	59.461151	0.0	223555	33	0.3	65.297	0	1859	29.992501874531385
1634258790.31	300	59.750589	0.0	236661	48	0.3	69.297	0	1979	30
1634258794.52	300	59.486646	0.0	224869	41	0.3	73.308	0	2099	29.917726252804712
1634258798.23	300	59.777891	0.0	220416	32	0.3	77.309	0	2219	29.99250187453144
1634258802.42	300	59.801452	0.0	232283	32	0.3	81.309	0	2339	30
1634258806.65	300	59.522336	0.0	216316	51	0.3	85.309	0	2459	30
1634258810.34	300	59.822537	0.0	221305	34	0.3	89.309	0	2579	30
1634258814.55	300	59.550521	0.0	225701	35	0.3	93.309	0	2699	30
1634258818.28	300	59.854139	0.0	232001	51	0.3	97.31	0	2819	29.99250187453133
1634258822.45	300	59.577465	0.0	225146	36	0.3	101.31	0	2939	30
1634258826.25	300	59.885122	0.0	234577	80	0.3	105.311	0	3059	29.99250187453133
1634258830.45	300	59.688471	0.0	231377	34	0.3	109.311	0	3179	30
1634258834.17	300	59.998685	0.0	236166	42	0.3	113.313	0	3299	29.98500749625191
1634258838.34	300	59.741616	0.0	218149	50	0.3	117.332	0	3420	30.106991789002304
1634258842.51	300	59.471648	0.0	228342	36	0.3	121.332	0	3540	30
