1634277042.15	750	4	0.188	428437	79	-0.8034	0	0	0	0
1634277042.51	1200	8	0.0	1070596	204	0.75	0	0	0	0
1634277042.88	1200	12	0.0	1102185	181	1.2	0	0	0	0
1634277043.18	1200	16	0.0	1050918	178	1.2	0	0	0	0
1634277043.51	1200	20	0.0	1076009	181	1.2	0	0	0	0
1634277043.85	1200	24	0.0	1074962	185	1.2	0	0	0	0
1634277044.16	1200	28	0.0	1089013	170	1.2	0	0	0	0
1634277044.52	1200	31.713143	0.0	1085191	183	1.2	0	0	0	0
1634277044.86	1200	35.34946	0.0	1067569	179	1.2	0	0	0	0
1634277045.41	1200	38.822213	0.0	1068135	405	1.2	5.548	0	32	0
1634277045.73	1200	42.497759	0.0	1112498	179	1.2	5.548	0	32	0
1634277046.04	1200	46.171159	0.0	1102305	162	1.2	5.548	0	32	0
1634277046.35	1200	49.888573	0.0	1058097	168	1.2	5.548	0	32	0
1634277046.66	1200	53.565013	0.0	1067149	176	1.2	5.548	0	32	0
1634277047.0	1200	57.241752	0.0	1065119	183	1.2	5.548	0	32	0
1634277048.82	1200	59.577449	0.0	1079756	170	1.2	5.548	0	32	0
1634277052.72	1200	59.591946	0.0	1099272	133	1.2	9.548	1	152	29.75
1634277056.6	1200	59.65183	0.0	1076487	180	1.2	13.551	1	273	30.227329502872845
1634277060.53	1200	59.956725	0.0	1074867	177	1.2	17.552	1	393	29.99250187453137
1634277064.39	1200	59.973747	0.0	1047892	179	1.2	21.552	1	513	30
1634277068.78	1200	59.459819	0.0	1079491	195	1.2	25.553	1	633	29.992501874531357
1634277072.68	1200	59.767779	0.0	1168595	194	1.2	29.553	1	753	30
1634277076.57	1200	59.822177	0.0	1155651	188	1.2	33.578	1	873	29.813664596273277
1634277080.43	1200	59.871266	0.0	1068823	159	1.2	37.578	1	993	30
1634277084.53	1200	59.931145	0.0	1083472	29	1.2	41.578	1	1113	30
1634277088.39	1200	59.949814	0.0	1069893	178	1.2	45.579	1	1233	29.992501874531385
1634277092.27	1200	59.969248	0.0	1072481	167	1.2	49.579	1	1353	30
1634277096.62	1200	59.709181	0.0	1056021	171	1.2	53.578	1	1473	30.00750187546885
1634277100.47	1200	59.746239	0.0	1088699	193	1.2	57.579	1	1593	29.992501874531385
1634277104.85	1200	59.483878	0.0	1069675	209	1.2	61.579	1	1713	30
1634277108.77	1200	59.54361	0.0	1102469	190	1.2	65.579	1	1833	30.000000000000053
1634277112.71	1200	59.566743	0.0	1136712	200	1.2	69.579	1	1953	30
1634277116.64	1200	59.592065	0.0	1076114	201	1.2	73.58	1	2073	29.99250187453133
1634277120.54	1200	59.9	0.0	1045544	178	1.2	77.58	1	2193	30
1634277124.41	1200	59.916517	0.0	1122544	179	1.2	81.58	1	2313	30
1634277128.29	1200	59.939112	0.0	1061011	173	1.2	85.583	1	2433	29.977516862353234
1634277132.69	1200	59.687575	0.0	1059811	149	1.2	89.582	1	2553	30.007501875468904
1634277136.53	1200	59.7	0.0	1073475	128	1.2	93.583	1	2674	30.242439390152427
1634277140.37	1200	59.99393	0.0	1094517	182	1.2	97.584	1	2794	29.99250187453133
1634277144.85	1200	59.447238	0.0	1082819	234	1.2	101.584	1	2914	30
1634277148.76	1200	59.743077	0.0	1068766	176	1.2	105.605	1	3034	29.84332255657796
1634277152.63	1200	59.781541	0.0	1111544	197	1.2	109.606	1	3154	29.99250187453144
1634277156.5	1200	59.787911	0.0	1172967	172	1.2	113.605	1	3274	30.007501875468797
1634277160.92	1200	59.521226	0.0	1102175	197	1.2	117.606	1	3394	29.99250187453144
1634277164.74	1200	59.549927	0.0	1099116	174	1.2	121.606	1	3514	30
