1634565553.6	750	4	0.739	3036909	584	-3.1727	0	0	0	0
1634565554.48	2850	8	0.0	3386615	664	0.75	0	0	0	0
1634565555.46	2850	11.549679	0.0	3586104	773	2.85	0	0	0	0
1634565556.25	2850	14.738507	0.0	3501908	584	2.85	0	0	0	0
1634565557.02	2850	17.97221	0.0	3531955	573	2.85	5.195	0	41	0
1634565557.82	2850	21.162302	0.0	3444309	577	2.85	5.195	0	41	0
1634565558.65	2850	24.366667	0.0	3205998	574	2.85	5.195	0	41	0
1634565559.5	2850	27.506263	0.0	3248360	612	2.85	5.195	0	41	0
1634565560.34	2850	30.65969	0.0	3555680	638	2.85	5.195	0	41	0
1634565561.16	2850	33.829817	0.0	3546563	578	2.85	9.261	0	163	30.004918839153966
1634565562.4	2850	36.6	0.0	3539598	986	2.85	9.261	0	163	30.004918839153966
1634565563.31	2850	39.690538	0.0	3476933	693	2.85	9.261	0	163	30.004918839153966
1634565564.17	2850	42.839777	0.0	3620433	634	2.85	9.261	0	163	30.004918839153966
1634565564.94	2850	46.073373	0.0	3190654	573	2.85	13.262	0	283	29.992501874531357
1634565565.76	2850	49.226175	0.0	3399357	608	2.85	13.262	0	283	29.992501874531357
1634565566.63	2850	52.338679	0.0	3569058	694	2.85	13.262	0	283	29.992501874531357
1634565567.43	2850	55.572228	0.0	3287978	597	2.85	13.262	0	283	29.992501874531357
1634565568.36	2850	58.666667	0.0	3475297	623	2.85	13.262	0	283	29.992501874531357
1634565571.3	2850	59.686892	0.0	3296099	699	2.85	17.277	1	403	29.638854296388537
1634565575.6	2850	59.442262	0.0	3293432	512	2.85	21.278	1	523	29.992501874531385
1634565579.79	2850	59.481691	0.0	3414567	599	2.85	25.309	1	644	30.017365418010403
1634565583.58	2850	59.840997	0.0	3553990	624	2.85	29.315	1	764	29.955067398901647
1634565587.7	2850	59.757877	0.0	3427270	660	2.85	33.31	3	884	29.53692115143929
