1634245544.9	750	4	0.149	428437	75	-0.6356999999999999	0	0	0	0
1634245545.1	750	8	0.0	427397	69	0.75	0	0	0	0
1634245545.26	750	12	0.0	435939	68	0.75	0	0	0	0
1634245545.5	750	15.957857	0.0	420508	82	0.75	0	0	0	0
1634245545.66	750	19.79686	0.0	431392	68	0.75	0	0	0	0
1634245545.82	750	23.635808	0.0	442512	67	0.75	0	0	0	0
1634245546.03	750	27.392763	0.0	450465	74	0.75	0	0	0	0
1634245546.24	750	31.191315	0.0	454724	68	0.75	0	0	0	0
1634245546.54	750	34.988954	0.0	440962	82	0.75	0	0	0	0
1634245546.74	750	38.706352	0.0	433775	64	0.75	0	0	0	0
1634245547.06	750	42.381716	0.0	445796	181	0.75	0	0	0	0
1634245547.29	750	46.138332	0.0	436832	94	0.75	0	0	0	0
1634245547.48	750	49.975469	0.0	432476	74	0.75	0	0	0	0
1634245547.65	750	53.773501	0.0	422635	60	0.75	0	0	0	0
1634245547.82	750	57.611002	0.0	433467	73	0.75	0	0	0	0
1634245550.03	750	59.5	0.0	430697	71	0.75	4.571	0	90	0
1634245553.79	750	59.845982	0.0	440079	59	0.75	8.57	0	210	30.00750187546886
1634245558.05	750	59.576502	0.0	448764	68	0.75	12.597	0	330	29.79885771045444
1634245561.79	750	59.917282	0.0	451052	63	0.75	16.597	0	450	29.999999999999986
1634245565.56	750	59.927603	0.0	434071	68	0.75	20.598	0	570	29.992501874531385
1634245569.79	750	59.7	0.0	440125	85	0.75	24.598	0	690	30
1634245574.04	750	59.46753	0.0	467521	75	0.75	28.598	0	810	30
1634245577.79	750	59.766966	0.0	453405	71	0.75	32.598	0	930	30
1634245582.02	750	59.538392	0.0	437659	83	0.75	36.598	0	1050	30
1634245585.77	750	59.886322	0.0	426987	61	0.75	40.598	0	1170	30
1634245590.03	750	59.619237	0.0	432295	44	0.75	44.599	0	1290	29.992501874531385
1634245593.79	750	59.9285	0.0	432130	70	0.75	48.599	0	1410	30
1634245597.52	750	59.955034	0.0	425788	82	0.75	52.599	0	1530	30
1634245601.72	750	59.975167	0.0	435574	64	0.75	56.599	0	1651	30.25
1634245605.94	750	59.713995	0.0	420051	71	0.75	60.599	0	1771	30
1634245609.7	750	59.781509	0.0	438225	66	0.75	64.6	0	1891	29.992501874531385
1634245613.92	750	59.560786	0.0	445487	68	0.75	68.599	0	2011	30.007501875468797
1634245617.67	750	59.8618	0.0	431544	88	0.75	72.601	0	2131	29.98500749625191
1634245621.87	750	59.601698	0.0	413330	70	0.75	76.601	0	2251	30
1634245625.6	750	59.905878	0.0	443416	68	0.75	80.6	0	2371	30.007501875468904
1634245629.83	750	59.637763	0.0	427034	78	0.75	84.603	0	2491	29.977516862353234
1634245633.53	750	59.943257	0.0	420805	58	0.75	88.601	0	2611	30.015007503751843
1634245637.76	750	59.715799	0.0	432340	71	0.75	92.602	0	2731	29.99250187453133
1634245641.99	750	59.733702	0.0	445203	60	0.75	96.602	0	2851	30
1634245645.74	750	59.795215	0.0	428535	69	0.75	100.603	0	2971	29.99250187453144
1634245649.99	750	59.535272	0.0	432915	76	0.75	104.604	0	3091	29.99250187453133
1634245653.7	750	59.840209	0.0	440705	71	0.75	108.611	0	3211	29.947591714499588
1634245658.03	750	59.606363	0.0	464681	64	0.75	112.61	0	3331	30.007501875468904
1634245661.74	750	59.91875	0.0	432462	75	0.75	116.61	0	3451	30
1634245665.92	750	59.649632	0.0	443948	44	0.75	120.611	0	3571	29.99250187453133
