1634281081.15	750	4	0.179	486588	102	-0.7646999999999999	0	0	0	0
1634281081.42	750	8	0.0	731620	120	0.75	0	0	0	0
1634281081.69	750	12	0.0	760090	156	0.75	0	0	0	0
1634281081.95	750	15.838499	0.0	714177	89	0.75	0	0	0	0
1634281082.18	750	19.59659	0.0	733262	126	0.75	0	0	0	0
1634281082.43	750	23.35498	0.0	751224	132	0.75	0	0	0	0
1634281082.69	750	27.112925	0.0	740489	130	0.75	0	0	0	0
1634281082.99	750	30.829478	0.0	729701	124	0.75	0	0	0	0
1634281083.27	750	34.506747	0.0	759037	136	0.75	0	0	0	0
1634281083.51	750	38.304653	0.0	703222	116	0.75	0	0	0	0
1634281083.8	750	41.983334	0.0	743449	142	0.75	0	0	0	0
1634281084.03	750	45.738104	0.0	705495	125	0.75	0	0	0	0
1634281084.27	750	49.536928	0.0	692056	126	0.75	0	0	0	0
1634281084.52	750	53.253559	0.0	733216	104	0.75	0	0	0	0
1634281084.79	750	57.01033	0.0	754497	99	0.75	4.675	0	169	0
1634281086.16	750	59.757471	0.0	733656	216	0.75	4.675	0	169	0
1634281090.43	750	59.503323	0.0	719773	121	0.75	8.675	1	409	59.749999999999986
1634281094.24	750	59.811699	0.0	765634	128	0.75	12.676	1	649	59.98500374906274
1634281098.05	750	59.82975	0.0	724551	134	0.75	16.676	1	889	60.00000000000003
1634281102.34	750	59.567395	0.0	741256	117	0.75	20.676	1	1129	60
1634281106.17	750	59.878458	0.0	740368	197	0.75	24.677	1	1369	59.98500374906271
1634281109.98	750	59.903795	0.0	734192	122	0.75	28.677	1	1609	60
1634281114.29	750	59.672558	0.0	736650	125	0.75	32.677	1	1849	60
1634281118.06	750	59.979636	0.0	765755	116	0.75	36.678	1	2089	59.98500374906277
1634281122.38	750	59.436383	0.0	741305	115	0.75	40.677	1	2329	60.0150037509377
1634281126.15	750	59.751474	0.0	732007	119	0.75	44.678	1	2569	59.98500374906277
1634281130.44	750	59.519189	0.0	730771	126	0.75	48.678	1	2809	60
1634281134.22	750	59.830646	0.0	730130	119	0.75	52.678	1	3049	60
1634281137.98	750	59.858275	0.0	719311	108	0.75	56.679	1	3289	59.98500374906266
1634281142.23	750	59.593824	0.0	719647	120	0.75	60.679	1	3529	60
1634281145.98	750	59.905304	0.0	722872	114	0.75	64.679	1	3769	60
1634281150.29	750	59.645623	0.0	740779	113	0.75	68.68	1	4009	59.98500374906266
1634281154.12	750	59.667656	0.0	735421	100	0.75	72.68	1	4249	60
1634281157.89	750	59.972623	0.0	693798	100	0.75	76.68	1	4489	60
1634281162.16	750	59.739396	0.0	727502	119	0.75	80.68	1	4729	60
1634281166.46	750	59.485202	0.0	675507	115	0.75	84.681	1	4969	59.98500374906288
1634281170.21	750	59.793234	0.0	700902	96	0.75	88.68	1	5209	60.015003750937595
1634281173.99	750	59.813	0.0	701249	117	0.75	92.681	1	5449	59.98500374906288
1634281178.28	750	59.560962	0.0	730132	113	0.75	96.681	1	5689	60
1634281182.07	750	59.873648	0.0	711025	120	0.75	100.681	1	5929	60
1634281186.34	750	59.644948	0.0	727719	106	0.75	104.682	1	6169	59.98500374906266
1634281190.11	750	59.701381	0.0	737895	116	0.75	108.681	1	6409	60.01500375093781
1634281194.39	750	59.445328	0.0	715541	118	0.75	112.681	1	6649	60
1634281198.16	750	59.757369	0.0	673063	106	0.75	116.713	1	6891	60.01984126984132
1634281202.44	750	59.49267	0.0	734241	118	0.75	120.713	1	7131	60
