1634245075.87	750	4	0.192	428437	82	-0.8205999999999999	0	0	0	0
1634245076.04	750	8	0.0	427397	77	0.75	0	0	0	0
1634245076.22	750	12	0.0	435939	78	0.75	0	0	0	0
1634245076.38	750	16	0.0	420508	65	0.75	0	0	0	0
1634245076.55	750	20	0.0	431392	67	0.75	0	0	0	0
1634245076.7	750	24	0.0	442512	63	0.75	0	0	0	0
1634245076.87	750	28	0.0	450465	71	0.75	0	0	0	0
1634245077.03	750	32	0.0	454724	70	0.75	0	0	0	0
1634245077.18	750	36	0.0	440962	64	0.75	0	0	0	0
1634245077.37	750	40	0.0	433775	84	0.75	0	0	0	0
1634245077.58	750	44	0.0	445796	78	0.75	0	0	0	0
1634245077.74	750	47.875709	0.0	436832	37	0.75	0	0	0	0
1634245077.9	750	51.714368	0.0	432476	69	0.75	0	0	0	0
1634245078.09	750	55.553259	0.0	422635	64	0.75	0	0	0	0
1634245078.29	750	59.350606	0.0	433467	61	0.75	0	0	0	0
1634245081.99	750	59.742291	0.0	430697	66	0.75	5.405	0	45	0
1634245086.19	750	59.485152	0.0	440079	72	0.75	9.404	0	165	30.00750187546887
1634245089.91	750	59.785926	0.0	448764	60	0.75	13.404	0	285	30
1634245094.16	750	59.513446	0.0	451052	64	0.75	17.404	0	405	30
1634245097.87	750	59.817766	0.0	434071	65	0.75	21.405	0	525	29.992501874531357
1634245102.11	750	59.556425	0.0	440125	69	0.75	25.404	0	645	30.007501875468876
1634245105.85	750	59.905987	0.0	467521	64	0.75	29.406	0	765	29.98500749625188
1634245110.06	750	59.687953	0.0	453405	73	0.75	33.406	0	885	30
1634245113.77	750	59.993562	0.0	437659	73	0.75	37.406	0	1005	30
1634245117.99	750	59.729546	0.0	426987	65	0.75	41.406	0	1125	30
1634245122.19	750	59.45641	0.0	432295	66	0.75	45.412	0	1245	29.955067398901647
1634245125.9	750	59.802992	0.0	432130	59	0.75	49.407	0	1365	30.0375469336671
1634245130.16	750	59.542691	0.0	425788	50	0.75	53.407	0	1485	30
1634245133.88	750	59.885931	0.0	435574	84	0.75	57.407	0	1605	30
1634245138.07	750	59.626622	0.0	420051	71	0.75	61.408	0	1725	29.99250187453133
1634245141.81	750	59.927129	0.0	438225	92	0.75	65.408	0	1845	30
1634245146.02	750	59.671483	0.0	445487	79	0.75	69.408	0	1965	30
1634245149.71	750	59.973073	0.0	431544	64	0.75	73.408	0	2085	30
1634245153.96	750	59.744006	0.0	413330	72	0.75	77.41	0	2205	29.98500749625191
1634245158.21	750	59.4614	0.0	443416	76	0.75	81.41	0	2325	30
1634245161.94	750	59.800924	0.0	427034	78	0.75	85.411	0	2445	29.99250187453133
1634245166.14	750	59.542233	0.0	420805	80	0.75	89.411	0	2565	30
1634245169.85	750	59.858331	0.0	432340	77	0.75	93.411	0	2685	30
1634245174.06	750	59.596255	0.0	445203	71	0.75	97.411	0	2805	30
1634245177.78	750	59.897977	0.0	428535	72	0.75	101.412	0	2925	29.99250187453133
1634245182.01	750	59.633334	0.0	432915	65	0.75	105.448	0	3046	29.980178394450046
1634245185.7	750	59.93644	0.0	440705	71	0.75	109.448	0	3166	30
1634245189.92	750	59.9448	0.0	464681	80	0.75	113.449	0	3286	29.99250187453133
1634245194.12	750	59.716519	0.0	432462	70	0.75	117.449	0	3406	30
1634245198.31	750	59.460265	0.0	443948	34	0.75	121.449	0	3526	30
