1634273316.83	750	4	0.212	486588	98	-0.9065999999999999	0	0	0	0
1634273317.72	1850	7.85	0.0	3749264	611	0.75	0	0	0	0
1634273318.56	1850	11	0.0	3665907	590	1.85	0	0	0	0
1634273319.44	1850	14.133334	0.0	3661478	610	1.85	0	0	0	0
1634273320.33	1850	17.25	0.0	3718934	636	1.85	4.749	15	160	0
1634273321.2	1850	20.383334	0.0	3718871	590	1.85	4.749	15	160	0
1634273322.1	1850	23.483334	0.0	3785083	632	1.85	4.749	15	160	0
1634273323.02	1850	26.616667	0.0	3649314	605	1.85	4.749	15	160	0
1634273323.91	1850	29.666667	0.0	3723484	621	1.85	4.749	15	160	0
1634273324.86	1850	32.766667	0.0	3624861	635	1.85	8.75	103	399	37.7405648587853
1634273325.77	1850	35.816667	0.0	3684892	626	1.85	8.75	103	399	37.7405648587853
1634273326.69	1850	38.883334	0.0	3660565	644	1.85	8.75	103	399	37.7405648587853
1634273327.66	1850	41.95	0.0	3609338	693	1.85	8.75	103	399	37.7405648587853
1634273328.53	1850	45.116667	0.0	3624575	595	1.85	12.749	227	637	28.50712678169542
1634273329.43	1850	48.283334	0.0	3773536	613	1.85	12.749	227	637	28.50712678169542
1634273330.32	1850	51.466667	0.0	3710640	602	1.85	12.749	227	637	28.50712678169542
1634273331.23	1850	54.55	0.0	3766415	628	1.85	12.749	227	637	28.50712678169542
1634273332.17	1850	57.65	0.0	3798226	681	1.85	16.75	451	861	0
1634273334.07	1850	59.866667	0.0	3583866	600	1.85	16.75	451	861	0
1634273337.98	1850	59.85	0.0	3703917	606	1.85	20.767	695	1105	0
1634273341.89	1850	59.73378	0.0	3680696	587	1.85	24.768	951	1361	0
1634273345.91	1850	59.781836	0.0	3907331	658	1.85	28.768	990	1601	50.25
1634273349.77	1850	59.805222	0.0	3502965	558	1.85	32.768	1001	1841	57.25
1634273353.69	1850	59.857921	0.0	3698872	600	1.85	36.769	1023	2081	54.48637840539868
1634273357.73	1850	59.872137	0.0	3640135	713	1.85	40.769	1066	2321	49.25
1634273361.72	1850	59.891752	0.0	3664801	697	1.85	44.771	1085	2561	55.22238880559717
1634273365.66	1850	59.906346	0.0	3653246	604	1.85	48.77	1139	2801	46.51162790697672
1634273369.63	1850	59.930397	0.0	3705829	621	1.85	52.771	1163	3041	53.98650337415649
1634273373.6	1850	59.942814	0.0	3774173	612	1.85	56.772	1225	3281	44.48887778055489
1634273378.04	1850	59.716667	0.0	3790546	633	1.85	60.772	1259	3521	51.5
1634273381.97	1850	59.652086	0.0	3679836	617	1.85	64.772	1271	3762	57.2499999999999
1634273385.93	1850	59.675594	0.0	3804668	633	1.85	68.773	1294	4002	54.23644088977768
1634273389.79	1850	59.97391	0.0	3460324	565	1.85	72.773	1307	4242	56.75
1634273393.74	1850	59.914276	0.0	3649342	610	1.85	76.774	1333	4482	53.48662834291421
1634273397.78	1850	59.97771	0.0	3720289	731	1.85	80.774	1348	4722	56.25
1634273401.72	1850	59.947411	0.0	3624529	600	1.85	84.775	1375	4962	53.23669082729311
1634273405.67	1850	59.966667	0.0	3640718	612	1.85	88.775	1395	5202	55
1634273409.6	1850	59.990509	0.0	3567148	609	1.85	92.776	1410	5442	56.235941014746444
1634273414.03	1850	59.480189	0.0	3705243	631	1.85	96.776	1428	5682	55.5
1634273417.86	1850	59.788959	0.0	3528039	564	1.85	100.776	1445	5922	55.75
1634273421.78	1850	59.846859	0.0	3631199	588	1.85	104.777	1479	6162	51.487128217945454
1634273425.68	1850	59.91132	0.0	3771179	602	1.85	108.777	1504	6402	53.75
1634273430.1	1850	59.438051	0.0	3703234	590	1.85	112.777	1560	6642	46
1634273434.1	1850	59.459818	0.0	3570889	627	1.85	116.778	1618	6882	45.48862784303918
1634273438.09	1850	59.484888	0.0	3758102	684	1.85	120.778	1659	7122	49.75
