1634283697.52	750	4	0.174	428437	84	-0.7432	0	0	0	0
1634283697.94	1200	8	0.0	1070596	237	0.75	0	0	0	0
1634283698.27	1200	11.953632	0.0	1102185	199	1.2	0	0	0	0
1634283698.56	1200	15.630744	0.0	1050918	158	1.2	0	0	0	0
1634283698.9	1200	19.305673	0.0	1076009	178	1.2	0	0	0	0
1634283699.2	1200	23.021614	0.0	1074962	167	1.2	0	0	0	0
1634283699.51	1200	26.7	0.0	1089013	173	1.2	0	0	0	0
1634283699.84	1200	30.374577	0.0	1085191	170	1.2	0	0	0	0
1634283700.15	1200	34.051033	0.0	1067569	163	1.2	0	0	0	0
1634283700.47	1200	37.769167	0.0	1068135	162	1.2	0	0	0	0
1634283700.81	1200	41.40474	0.0	1112498	175	1.2	0	0	0	0
1634283701.18	1200	45.042001	0.0	1102305	171	1.2	4.743	0	81	0
1634283701.59	1200	48.638912	0.0	1058097	167	1.2	4.743	0	81	0
1634283701.91	1200	52.313613	0.0	1067149	163	1.2	4.743	0	81	0
1634283702.23	1200	56	0.0	1065119	184	1.2	4.743	0	81	0
1634283702.55	1200	59.668386	0.0	1079756	173	1.2	4.743	0	81	0
1634283706.88	1200	59.531668	0.0	1099272	172	1.2	8.742	0	201	30.00750187546886
1634283710.77	1200	59.548361	0.0	1076487	117	1.2	12.742	0	321	30
1634283714.69	1200	59.569213	0.0	1074867	174	1.2	16.79	0	443	30.138339920948628
1634283718.53	1200	59.873326	0.0	1047892	171	1.2	20.79	0	563	30
1634283722.36	1200	59.884879	0.0	1079491	163	1.2	24.79	0	683	30
1634283726.31	1200	59.912782	0.0	1168595	204	1.2	28.791	0	803	29.992501874531357
1634283730.77	1200	59.648824	0.0	1155651	195	1.2	32.791	0	923	30.00000000000003
1634283734.62	1200	59.666667	0.0	1068823	177	1.2	36.791	0	1043	30
1634283738.64	1200	59.734709	0.0	1083472	20	1.2	40.792	0	1163	29.99250187453133
1634283742.5	1200	59.755139	0.0	1069893	169	1.2	44.795	0	1283	29.977516862353234
1634283746.85	1200	59.492066	0.0	1072481	171	1.2	48.794	0	1403	30.007501875468904
1634283750.7	1200	59.555587	0.0	1056021	162	1.2	52.794	0	1523	30
1634283754.63	1200	59.606746	0.0	1088699	190	1.2	56.794	0	1643	30
1634283758.49	1200	59.905362	0.0	1069675	176	1.2	60.794	0	1763	30
1634283762.95	1200	59.477061	0.0	1102469	223	1.2	64.795	0	1883	29.99250187453133
1634283766.82	1200	59.48932	0.0	1136712	185	1.2	68.795	0	2003	30
1634283770.71	1200	59.790086	0.0	1076114	177	1.2	72.796	0	2123	29.99250187453133
1634283774.6	1200	59.841823	0.0	1045544	170	1.2	76.799	0	2243	29.977516862353234
1634283778.46	1200	59.866667	0.0	1122544	178	1.2	80.799	0	2363	30
1634283782.33	1200	59.924906	0.0	1061011	168	1.2	84.799	0	2483	30
1634283786.76	1200	59.65988	0.0	1059811	206	1.2	88.801	0	2603	29.98500749625191
1634283790.62	1200	59.675031	0.0	1073475	183	1.2	92.8	0	2723	30.007501875468904
1634283794.49	1200	59.982458	0.0	1094517	167	1.2	96.8	0	2843	30
1634283798.97	1200	59.475886	0.0	1082819	174	1.2	100.801	0	2963	29.99250187453133
1634283802.88	1200	59.535311	0.0	1068766	181	1.2	104.801	0	3083	30
1634283806.74	1200	59.54093	0.0	1111544	186	1.2	108.802	0	3203	29.99250187453133
1634283810.64	1200	59.838087	0.0	1172967	195	1.2	112.802	0	3323	30
1634283814.56	1200	59.855634	0.0	1102175	198	1.2	116.802	0	3443	30
1634283818.38	1200	59.868769	0.0	1099116	136	1.2	120.803	0	3563	29.99250187453144
