1634228523.78	750	4	0.219	486588	114	-0.9367	0	0	0	0
1634228524.36	1200	8	0.0	1897149	410	0.75	0	0	0	0
1634228524.9	1200	11.516667	0.0	2016742	378	1.2	0	0	0	0
1634228525.44	1200	14.990817	0.0	1875307	370	1.2	0	0	0	0
1634228525.97	1200	18.466667	0.0	1939196	363	1.2	0	0	0	0
1634228526.48	1200	21.943132	0.0	1957925	355	1.2	0	0	0	0
1634228527.01	1200	25.41768	0.0	2010152	362	1.2	0	0	0	0
1634228527.59	1200	28.833334	0.0	1961069	386	1.2	4.581	0	164	0
1634228528.36	1200	32.085748	0.0	2006297	459	1.2	4.581	0	164	0
1634228528.87	1200	35.566667	0.0	1835501	324	1.2	4.581	0	164	0
1634228529.46	1200	39	0.0	1999882	363	1.2	4.581	0	164	0
1634228529.99	1200	42.45	0.0	1904004	338	1.2	4.581	0	164	0
1634228530.55	1200	45.9	0.0	1807550	339	1.2	4.581	0	164	0
1634228531.04	1200	49.375873	0.0	1917549	315	1.2	4.581	0	164	0
1634228531.56	1200	52.85151	0.0	1985515	347	1.2	8.584	10	404	57.45690731951038
1634228532.16	1200	56.286525	0.0	1935615	401	1.2	8.584	10	404	57.45690731951038
1634228532.73	1200	59.716667	0.0	2005418	333	1.2	8.584	10	404	57.45690731951038
1634228536.84	1200	59.623251	0.0	2047855	406	1.2	12.585	14	644	58.98525368657834
1634228540.47	1200	59.931041	0.0	1914857	429	1.2	16.585	14	884	60
1634228544.63	1200	59.987708	0.0	1992793	424	1.2	20.585	16	1124	59.5
1634228548.72	1200	59.720917	0.0	1930629	361	1.2	24.585	16	1364	60
1634228552.83	1200	59.784348	0.0	1998676	371	1.2	28.586	17	1604	59.73506623344167
1634228556.98	1200	59.524019	0.0	1905916	408	1.2	32.586	17	1844	60
1634228561.04	1200	59.545299	0.0	1979510	361	1.2	36.587	17	2084	59.98500374906266
1634228564.59	1200	59.856104	0.0	1948438	371	1.2	40.595	17	2325	60.129740518962144
1634228568.68	1200	59.876591	0.0	1944346	375	1.2	44.596	18	2565	59.73506623344167
1634228572.75	1200	59.895523	0.0	1962959	355	1.2	48.595	18	2805	60.0150037509377
1634228576.92	1200	59.679087	0.0	1917405	1433	1.2	52.596	19	3045	59.73506623344167
1634228580.51	1200	59.987037	0.0	1913569	344	1.2	56.596	22	3285	59.25
1634228585.01	1200	59.437758	0.0	1937554	312	1.2	60.597	22	3525	59.98500374906266
1634228589.08	1200	59.458268	0.0	1930915	340	1.2	64.597	22	3765	60.00000000000011
1634228592.64	1200	59.813191	0.0	1953420	335	1.2	68.598	22	4005	59.98500374906266
1634228596.66	1200	59.8391	0.0	1957352	340	1.2	72.597	22	4245	60.01500375093781
1634228600.77	1200	59.858961	0.0	1903803	303	1.2	76.598	25	4485	59.23519120219938
1634228604.9	1200	59.59375	0.0	1953737	355	1.2	80.598	29	4725	59
1634228608.92	1200	59.617947	0.0	1836534	315	1.2	84.599	29	4965	59.98500374906266
1634228612.97	1200	59.643777	0.0	1850984	333	1.2	88.598	30	5205	59.764941235308896
1634228616.58	1200	59.951488	0.0	1870734	354	1.2	92.599	34	5445	58.98525368657828
1634228620.7	1200	59.733334	0.0	1939450	384	1.2	96.599	36	5685	59.5
1634228624.75	1200	59.762347	0.0	1891175	369	1.2	100.599	36	5925	60
1634228628.82	1200	59.789196	0.0	1976624	350	1.2	104.599	38	6165	59.5
1634228633.04	1200	59.530388	0.0	1959927	429	1.2	108.6	42	6405	58.985253686578496
1634228636.66	1200	59.837741	0.0	1936346	349	1.2	112.6	44	6645	59.5
1634228640.7	1200	59.861983	0.0	1823593	351	1.2	116.6	44	6885	60
1634228644.75	1200	59.888045	0.0	1951549	347	1.2	120.6	44	7125	60
