1634566077.65	750	4	0.756	3036909	592	-3.2458	0	0	0	0
1634566078.49	2850	8	0.0	3386615	602	0.75	0	0	0	0
1634566079.33	2850	12	0.0	3586104	659	2.85	0	0	0	0
1634566080.19	2850	15.187639	0.0	3501908	602	2.85	0	0	0	0
1634566081.1	2850	18.259238	0.0	3531955	705	2.85	5.397	0	31	0
1634566081.97	2850	21.410728	0.0	3444309	632	2.85	5.397	0	31	0
1634566082.76	2850	24.601036	0.0	3205998	559	2.85	5.397	0	31	0
1634566083.56	2850	27.794338	0.0	3248360	590	2.85	5.397	0	31	0
1634566084.41	2850	30.948973	0.0	3555680	618	2.85	9.402	0	151	29.962546816479406
1634566085.25	2850	34.101686	0.0	3546563	603	2.85	9.402	0	151	29.962546816479406
1634566086.12	2850	37.254293	0.0	3539598	611	2.85	9.402	0	151	29.962546816479406
1634566086.93	2850	40.447265	0.0	3476933	575	2.85	9.402	0	151	29.962546816479406
1634566087.82	2850	43.566667	0.0	3620433	610	2.85	9.402	0	151	29.962546816479406
1634566088.57	2850	46.792063	0.0	3190654	548	2.85	13.403	0	271	29.992501874531357
1634566089.37	2850	49.986336	0.0	3399357	591	2.85	13.403	0	271	29.992501874531357
1634566090.21	2850	53.170896	0.0	3569058	570	2.85	13.403	0	271	29.992501874531357
1634566090.99	2850	56.362567	0.0	3287978	554	2.85	13.403	0	271	29.992501874531357
1634566091.79	2850	59.595158	0.0	3475297	594	2.85	13.403	0	271	29.992501874531357
1634566095.63	2850	59.960059	0.0	3296099	584	2.85	17.403	0	391	30.000000000000014
1634566099.85	2850	59.998191	0.0	3293432	542	2.85	21.403	0	511	30
