1634222739.4	750	4	0.279	486588	114	-1.1947	0	0	0	0
1634222739.73	300	8	0.0	518070	57	-0.15000000000000002	0	0	0	0
1634222740.09	300	12	0.0	488296	7	0.3	0	0	0	0
1634222740.35	300	16	0.0	505467	9	0.3	0	0	0	0
1634222740.58	300	20	0.0	474784	84	0.3	0	0	0	0
1634222740.79	300	24	0.0	523060	75	0.3	0	0	0	0
1634222741.03	300	28	0.0	475799	90	0.3	0	0	0	0
1634222741.27	300	32	0.0	494810	83	0.3	0	0	0	0
1634222741.56	300	35.95	0.0	509476	106	0.3	0	0	0	0
1634222741.83	300	39.652957	0.0	459558	99	0.3	0	0	0	0
1634222742.24	300	43.242409	0.0	502767	252	0.3	0	0	0	0
1634222742.49	300	46.996755	0.0	488586	56	0.3	5.783	0	57	0
1634222742.77	300	50.712305	0.0	481440	103	0.3	5.783	0	57	0
1634222743.03	300	54.428973	0.0	508546	95	0.3	5.783	0	57	0
1634222743.29	300	58.18636	0.0	510083	103	0.3	5.783	0	57	0
1634222746.08	300	59.433602	0.0	488713	91	0.3	5.783	0	57	0
1634222749.87	300	59.738068	0.0	468254	87	0.3	9.784	0	297	59.98500374906273
1634222754.18	300	59.465223	0.0	516536	92	0.3	13.783	0	537	60.01500375093775
1634222757.94	300	59.76191	0.0	479697	70	0.3	17.784	0	777	59.98500374906274
1634222761.73	300	59.773035	0.0	500854	83	0.3	21.785	0	1018	60.23494126468381
1634222766.01	300	59.492015	0.0	496587	92	0.3	25.785	0	1257	59.75
1634222769.82	300	59.777449	0.0	479350	93	0.3	29.787	0	1498	60.21989005497253
1634222774.11	300	59.545628	0.0	520120	96	0.3	33.788	0	1738	59.98500374906277
1634222777.89	300	59.828288	0.0	515394	80	0.3	37.788	0	1978	60
1634222781.67	300	59.84667	0.0	480696	96	0.3	41.788	0	2218	60
1634222785.96	300	59.605918	0.0	481433	85	0.3	45.789	0	2458	59.98500374906266
1634222789.73	300	59.904641	0.0	494650	88	0.3	49.817	0	2699	59.831181727904685
1634222794.04	300	59.637321	0.0	499761	102	0.3	53.818	0	2940	60.23494126468386
1634222797.85	300	59.657565	0.0	501070	99	0.3	57.817	0	3180	60.0150037509377
1634222801.61	300	59.95017	0.0	489874	79	0.3	61.819	0	3419	59.72013993003495
1634222805.9	300	59.685056	0.0	488718	100	0.3	65.818	0	3660	60.26506626656671
1634222809.72	300	59.987307	0.0	509088	108	0.3	69.818	0	3899	59.75
1634222814.0	300	59.485526	0.0	494764	75	0.3	73.819	0	4139	59.98500374906266
1634222817.8	300	59.779145	0.0	488570	84	0.3	77.819	0	4380	60.25
1634222822.05	300	59.503587	0.0	474638	83	0.3	81.82	0	4620	59.98500374906288
1634222825.83	300	59.844924	0.0	473808	95	0.3	85.82	0	4860	60
1634222829.61	300	59.861792	0.0	484371	82	0.3	89.82	0	5100	60
1634222833.87	300	59.628721	0.0	496055	71	0.3	93.822	0	5340	59.97001499250361
1634222837.62	300	59.956624	0.0	490794	90	0.3	97.822	0	5580	60
1634222841.9	300	59.681283	0.0	488697	81	0.3	101.822	0	5820	60
1634222845.67	300	59.984416	0.0	490627	88	0.3	105.821	0	6060	60.01500375093781
1634222849.99	300	59.72196	0.0	493233	88	0.3	109.822	0	6300	59.98500374906266
1634222853.78	300	59.783523	0.0	491640	112	0.3	113.822	0	6540	60
1634222858.06	300	59.539537	0.0	477722	98	0.3	117.822	0	6780	60
1634222861.81	300	59.839911	0.0	498333	91	0.3	121.823	0	7020	59.98500374906288
