1634279073.27	750	4	0.225	486588	111	-0.9625	0	0	0	0
1634279074.63	2850	8	0.0	5862628	914	0.75	0	0	0	0
1634279076.01	2850	11.283334	0.0	5992376	869	2.85	0	0	0	0
1634279077.37	2850	13.883334	0.0	5878425	977	2.85	5.694	25	87	0
1634279078.82	2850	16.55	0.0	5829325	925	2.85	5.694	25	87	0
1634279080.08	2850	19.116667	0.0	5866019	934	2.85	5.694	25	87	0
1634279081.33	2850	21.883334	0.0	5788613	900	2.85	9.692	123	327	35.51775887943972
1634279082.69	2850	24.55	0.0	5923161	911	2.85	9.692	123	327	35.51775887943972
1634279084.09	2850	27.2	0.0	5919519	922	2.85	9.692	123	327	35.51775887943972
1634279085.44	2850	29.8	0.0	5874891	961	2.85	13.692	206	567	39.25
1634279086.76	2850	32.466667	0.0	5870140	849	2.85	13.692	206	567	39.25
1634279088.11	2850	35.1	0.0	5824696	983	2.85	13.692	206	567	39.25
