1634274216.3	750	4	0.217	486588	104	-0.9280999999999999	0	0	0	0
1634274216.64	750	8	0.0	731620	148	0.75	0	0	0	0
1634274216.89	750	12	0.0	760090	120	0.75	0	0	0	0
1634274217.12	750	16	0.0	714177	115	0.75	0	0	0	0
1634274217.38	750	20	0.0	733262	128	0.75	0	0	0	0
1634274217.64	750	24	0.0	751224	113	0.75	0	0	0	0
1634274217.89	750	28	0.0	740489	50	0.75	0	0	0	0
1634274218.15	750	32	0.0	729701	123	0.75	0	0	0	0
1634274218.42	750	35.793878	0.0	759037	119	0.75	0	0	0	0
1634274218.67	750	39.552003	0.0	703222	120	0.75	0	0	0	0
1634274218.95	750	43.269344	0.0	743449	127	0.75	0	0	0	0
1634274219.18	750	47.019503	0.0	705495	114	0.75	0	0	0	0
1634274219.54	750	50.777319	0.0	692056	114	0.75	0	0	0	0
1634274219.82	750	54.41362	0.0	733216	94	0.75	5.509	0	86	0
1634274220.07	750	58.170397	0.0	754497	108	0.75	5.509	0	86	0
1634274222.88	750	59.453091	0.0	733656	124	0.75	5.509	0	86	0
1634274226.68	750	59.763687	0.0	719773	112	0.75	9.509	1	326	59.75
1634274230.53	750	59.788737	0.0	765634	119	0.75	13.51	1	566	59.98500374906274
1634274234.83	750	59.528886	0.0	724551	121	0.75	17.511	1	806	59.98500374906274
1634274238.63	750	59.594873	0.0	741256	111	0.75	21.511	1	1046	60
1634274242.42	750	59.904413	0.0	740368	114	0.75	25.511	1	1286	60
1634274246.31	750	59.942618	0.0	734192	126	0.75	29.512	1	1526	59.98500374906271
1634274250.61	750	59.684081	0.0	736650	118	0.75	33.512	1	1766	60
1634274254.9	750	59.434817	0.0	765755	137	0.75	37.512	1	2006	60
1634274258.69	750	59.75	0.0	741305	124	0.75	41.512	1	2246	60
1634274262.5	750	59.811772	0.0	732007	119	0.75	45.512	1	2486	60
1634274266.84	750	59.54474	0.0	730771	137	0.75	49.512	1	2726	60
1634274270.65	750	59.570859	0.0	730130	113	0.75	53.513	1	2966	59.98500374906277
1634274274.44	750	59.878502	0.0	719311	116	0.75	57.513	1	3206	60
1634274278.75	750	59.61939	0.0	719647	123	0.75	61.514	1	3446	59.98500374906266
1634274282.57	750	59.922314	0.0	722872	122	0.75	65.513	1	3686	60.0150037509377
1634274286.37	750	59.95	0.0	740779	115	0.75	69.514	1	3926	59.98500374906288
1634274290.68	750	59.685559	0.0	735421	128	0.75	73.514	1	4166	60
1634274294.48	750	59.746919	0.0	693798	105	0.75	77.515	1	4406	59.98500374906266
1634274298.76	750	59.481778	0.0	727502	119	0.75	81.514	1	4646	60.01500375093781
1634274302.58	750	59.785656	0.0	675507	115	0.75	85.514	1	4886	60
1634274306.9	750	59.523704	0.0	700902	105	0.75	89.515	1	5126	59.98500374906266
1634274310.69	750	59.536896	0.0	701249	104	0.75	93.515	1	5366	60
1634274314.51	750	59.839158	0.0	730132	111	0.75	97.518	1	5606	59.95503372470647
1634274318.81	750	59.609549	0.0	711025	75	0.75	101.518	1	5846	60
1634274322.62	750	59.629398	0.0	727719	109	0.75	105.518	1	6086	60
1634274326.41	750	59.938029	0.0	737895	129	0.75	109.518	1	6326	60
1634274330.7	750	59.675778	0.0	715541	111	0.75	113.519	1	6566	59.98500374906266
1634274334.47	750	59.96909	0.0	673063	109	0.75	117.519	1	6806	60
1634274338.29	750	59.996603	0.0	734241	115	0.75	121.527	1	7047	60.129740518962144
