1634263460.15	750	4	0.181	428437	79	-0.7733	0	0	0	0
1634263460.48	1200	8	0.0	1070596	166	0.75	0	0	0	0
1634263460.78	1200	12	0.0	1102185	152	1.2	0	0	0	0
1634263461.07	1200	16	0.0	1050918	179	1.2	0	0	0	0
1634263461.38	1200	20	0.0	1076009	187	1.2	0	0	0	0
1634263461.65	1200	24	0.0	1074962	168	1.2	0	0	0	0
1634263461.95	1200	27.791712	0.0	1089013	153	1.2	0	0	0	0
1634263462.26	1200	31.509607	0.0	1085191	164	1.2	0	0	0	0
1634263462.53	1200	35.227329	0.0	1067569	166	1.2	0	0	0	0
1634263462.85	1200	38.905191	0.0	1068135	187	1.2	0	0	0	0
1634263463.17	1200	42.582324	0.0	1112498	180	1.2	0	0	0	0
1634263463.59	1200	46.300523	0.0	1102305	162	1.2	0	0	0	0
1634263463.91	1200	49.856402	0.0	1058097	159	1.2	5.481	0	57	0
1634263464.21	1200	53.533652	0.0	1067149	164	1.2	5.481	0	57	0
1634263464.55	1200	57.210621	0.0	1065119	212	1.2	5.481	0	57	0
1634263466.38	1200	59.469456	0.0	1079756	201	1.2	5.481	0	57	0
1634263470.25	1200	59.776138	0.0	1099272	207	1.2	9.481	1	177	29.75
1634263474.1	1200	59.833672	0.0	1076487	172	1.2	13.484	1	298	30.227329502872845
1634263477.91	1200	59.873574	0.0	1074867	179	1.2	17.485	1	418	29.99250187453137
1634263482.24	1200	59.61441	0.0	1047892	160	1.2	21.49	1	538	29.962546816479406
1634263486.07	1200	59.674105	0.0	1079491	165	1.2	25.487	1	658	30.02251688766575
1634263490.44	1200	59.446541	0.0	1168595	188	1.2	29.487	1	778	30
1634263494.34	1200	59.467703	0.0	1155651	215	1.2	33.488	1	898	29.992501874531357
1634263498.17	1200	59.79333	0.0	1068823	163	1.2	37.488	1	1018	30
1634263502.21	1200	59.535497	0.0	1083472	15	1.2	41.488	1	1138	30
1634263506.09	1200	59.852833	0.0	1069893	179	1.2	45.489	1	1258	29.992501874531385
1634263509.95	1200	59.888814	0.0	1072481	169	1.2	49.488	1	1378	30.00750187546885
1634263514.25	1200	59.623819	0.0	1056021	159	1.2	53.489	1	1498	29.992501874531385
1634263518.07	1200	59.929064	0.0	1088699	140	1.2	57.49	1	1618	29.99250187453133
1634263521.91	1200	59.95063	0.0	1069675	166	1.2	61.489	1	1738	30.007501875468904
1634263526.32	1200	59.477254	0.0	1102469	182	1.2	65.49	1	1858	29.992501874531385
1634263530.22	1200	59.557258	0.0	1136712	200	1.2	69.491	1	1978	29.99250187453133
1634263534.13	1200	59.863835	0.0	1076114	185	1.2	73.491	1	2098	30
1634263537.97	1200	59.878448	0.0	1045544	175	1.2	77.491	1	2218	30
1634263541.86	1200	59.935075	0.0	1122544	169	1.2	81.492	1	2338	29.99250187453133
1634263546.29	1200	59.663961	0.0	1061011	232	1.2	85.492	1	2458	30
1634263550.13	1200	59.675044	0.0	1059811	157	1.2	89.494	1	2578	29.98500749625191
1634263554.06	1200	59.98326	0.0	1073475	208	1.2	93.494	1	2698	30
1634263558.44	1200	59.46145	0.0	1094517	175	1.2	97.494	1	2818	30
1634263562.36	1200	59.487134	0.0	1082819	228	1.2	101.496	1	2938	29.98500749625191
1634263566.26	1200	59.519304	0.0	1068766	174	1.2	105.52	1	3059	30.06958250497017
1634263570.11	1200	59.837235	0.0	1111544	190	1.2	109.515	1	3179	30.03754693366705
1634263573.96	1200	59.882777	0.0	1172967	222	1.2	113.515	1	3299	30
1634263578.3	1200	59.644665	0.0	1102175	188	1.2	117.516	1	3419	29.99250187453133
1634263582.12	1200	59.682732	0.0	1099116	179	1.2	121.517	1	3539	29.99250187453144
