1634251199.74	750	4	0.154	428437	74	-0.6571999999999999	0	0	0	0
1634251200.07	1200	8	0.0	1070596	118	0.75	0	0	0	0
1634251200.37	1200	11.951393	0.0	1102185	173	1.2	0	0	0	0
1634251200.72	1200	15.627944	0.0	1050918	214	1.2	0	0	0	0
1634251201.04	1200	19.305524	0.0	1076009	176	1.2	0	0	0	0
1634251201.4	1200	22.942687	0.0	1074962	160	1.2	0	0	0	0
1634251201.74	1200	26.619371	0.0	1089013	165	1.2	0	0	0	0
1634251202.04	1200	30.294185	0.0	1085191	162	1.2	0	0	0	0
1634251202.32	1200	34.011616	0.0	1067569	175	1.2	0	0	0	0
1634251202.6	1200	37.729382	0.0	1068135	169	1.2	0	0	0	0
1634251202.96	1200	41.366667	0.0	1112498	178	1.2	0	0	0	0
1634251203.28	1200	45.042128	0.0	1102305	185	1.2	4.598	0	86	0
1634251203.62	1200	48.719893	0.0	1058097	177	1.2	4.598	0	86	0
1634251203.94	1200	52.395956	0.0	1067149	168	1.2	4.598	0	86	0
1634251204.25	1200	56.073905	0.0	1065119	177	1.2	4.598	0	86	0
1634251204.53	1200	59.79039	0.0	1079756	166	1.2	4.598	0	86	0
1634251208.86	1200	59.513324	0.0	1099272	182	1.2	8.598	0	206	29.999999999999993
1634251212.69	1200	59.819887	0.0	1076487	174	1.2	12.598	0	326	30
1634251216.55	1200	59.833334	0.0	1074867	159	1.2	16.598	0	446	30.000000000000014
1634251220.92	1200	59.602261	0.0	1047892	162	1.2	20.598	0	566	30
1634251224.72	1200	59.616326	0.0	1079491	170	1.2	24.598	0	686	30
1634251228.57	1200	59.918801	0.0	1168595	182	1.2	28.599	0	806	29.992501874531357
1634251232.43	1200	59.943009	0.0	1155651	175	1.2	32.599	0	926	30.00000000000003
1634251236.8	1200	59.682941	0.0	1068823	159	1.2	36.611	0	1047	30.159521435692916
1634251240.62	1200	59.745752	0.0	1083472	10	1.2	40.611	0	1167	30
1634251244.94	1200	59.508345	0.0	1069893	167	1.2	44.612	0	1287	29.99250187453133
1634251248.83	1200	59.818986	0.0	1072481	171	1.2	48.612	0	1407	30
1634251252.7	1200	59.800894	0.0	1056021	165	1.2	52.612	0	1527	30
1634251256.52	1200	59.816639	0.0	1088699	130	1.2	56.612	0	1647	30
1634251260.86	1200	59.555073	0.0	1069675	200	1.2	60.613	0	1767	29.992501874531385
1634251264.75	1200	59.857402	0.0	1102469	198	1.2	64.613	0	1887	30
1634251268.66	1200	59.889037	0.0	1136712	193	1.2	68.614	0	2007	29.99250187453133
1634251272.53	1200	59.911893	0.0	1076114	163	1.2	72.615	0	2127	29.99250187453144
1634251276.83	1200	59.630473	0.0	1045544	160	1.2	76.615	0	2247	30
1634251280.71	1200	59.660815	0.0	1122544	195	1.2	80.615	0	2367	30
1634251284.57	1200	59.970902	0.0	1061011	165	1.2	84.615	0	2487	30
1634251288.95	1200	59.466667	0.0	1059811	182	1.2	88.615	0	2607	30
1634251292.83	1200	59.763254	0.0	1073475	164	1.2	92.616	0	2727	29.99250187453133
1634251296.68	1200	59.806018	0.0	1094517	171	1.2	96.615	0	2847	30.007501875468904
1634251300.53	1200	59.820175	0.0	1082819	168	1.2	100.616	0	2967	29.99250187453133
1634251304.89	1200	59.545258	0.0	1068766	156	1.2	104.616	0	3087	30
1634251308.72	1200	59.853491	0.0	1111544	172	1.2	108.616	0	3207	30
1634251312.57	1200	59.864062	0.0	1172967	178	1.2	112.617	0	3327	29.99250187453133
1634251316.49	1200	59.889783	0.0	1102175	94	1.2	116.617	0	3447	30
1634251320.84	1200	59.624116	0.0	1099116	164	1.2	120.619	0	3567	29.98500749625191
