1634247529.97	750	4	0.19	486588	86	-0.8119999999999999	0	0	0	0
1634247530.49	1200	8	0.0	1897149	303	0.75	0	0	0	0
1634247530.96	1200	12	0.0	2016742	320	1.2	0	0	0	0
1634247531.4	1200	16	0.0	1875307	279	1.2	0	0	0	0
1634247531.87	1200	20	0.0	1939196	318	1.2	0	0	0	0
1634247532.35	1200	23.593569	0.0	1957925	322	1.2	0	0	0	0
1634247532.85	1200	27.083334	0.0	2010152	307	1.2	0	0	0	0
1634247533.36	1200	30.582525	0.0	1961069	320	1.2	5.167	1	81	0
1634247533.84	1200	34.098637	0.0	2006297	303	1.2	5.167	1	81	0
1634247534.31	1200	37.65342	0.0	1835501	280	1.2	5.167	1	81	0
1634247534.78	1200	41.165358	0.0	1999882	297	1.2	5.167	1	81	0
1634247535.26	1200	44.680898	0.0	1904004	295	1.2	5.167	1	81	0
1634247535.74	1200	48.2	0.0	1807550	288	1.2	5.167	1	81	0
1634247536.22	1200	51.710552	0.0	1917549	291	1.2	5.167	1	81	0
1634247536.69	1200	55.233334	0.0	1985515	312	1.2	5.167	1	81	0
1634247537.17	1200	58.782011	0.0	1935615	299	1.2	5.167	1	81	0
1634247540.19	1200	59.823568	0.0	2005418	312	1.2	9.179	5	321	58.823529411764696
1634247544.27	1200	59.888508	0.0	2047855	316	1.2	13.178	9	561	59.0147536884221
1634247548.25	1200	59.923382	0.0	1914857	299	1.2	17.179	9	801	59.98500374906277
1634247552.26	1200	59.659707	0.0	1992793	332	1.2	21.179	9	1041	60
1634247556.3	1200	59.707214	0.0	1930629	316	1.2	25.182	9	1281	59.95503372470647
1634247560.3	1200	59.743615	0.0	1998676	310	1.2	29.182	13	1522	59.25
1634247564.36	1200	59.803884	0.0	1905916	271	1.2	33.185	16	1762	59.20559580314759
1634247568.44	1200	59.550379	0.0	1979510	336	1.2	37.184	18	2002	59.51487871967999
1634247572.49	1200	59.58438	0.0	1948438	311	1.2	41.185	21	2242	59.23519120219938
1634247576.49	1200	59.615285	0.0	1944346	301	1.2	45.197	21	2483	60.06979062811565
1634247580.0	1200	59.956696	0.0	1962959	309	1.2	49.185	21	2722	59.929789368104316
1634247584.0	1200	59.991632	0.0	1917405	306	1.2	53.185	21	2962	60
1634247588.77	1200	59.482152	0.0	1913569	301	1.2	57.188	22	3202	59.70522108418686
1634247592.8	1200	59.516812	0.0	1937554	306	1.2	61.196	22	3443	60.129740518962144
1634247596.32	1200	59.994621	0.0	1930915	281	1.2	65.235	27	3685	58.677890566972
1634247600.38	1200	59.787954	0.0	1953420	313	1.2	69.216	42	3924	56.267269530268855
1634247604.46	1200	59.531046	0.0	1957352	333	1.2	73.213	43	4164	59.79484613460095
1634247608.68	1200	59.54455	0.0	1903803	339	1.2	77.444	49	4417	58.37863389269664
1634247612.3	1200	59.867072	0.0	1953737	311	1.2	81.426	51	4656	59.51783023606229
1634247616.97	1200	59.616881	0.0	1836534	295	1.2	85.426	52	4896	59.75
