1634235876.66	750	4	0.202	486588	98	-0.8635999999999999	0	0	0	0
1634235876.97	750	8	0.0	731620	142	0.75	0	0	0	0
1634235877.25	750	12	0.0	760090	146	0.75	0	0	0	0
1634235877.48	750	15.871604	0.0	714177	127	0.75	0	0	0	0
1634235877.76	750	19.589863	0.0	733262	151	0.75	0	0	0	0
1634235878.01	750	23.34748	0.0	751224	128	0.75	0	0	0	0
1634235878.27	750	27.105299	0.0	740489	119	0.75	0	0	0	0
1634235878.6	750	30.781521	0.0	729701	171	0.75	0	0	0	0
1634235878.88	750	34.497154	0.0	759037	118	0.75	0	0	0	0
1634235879.13	750	38.21448	0.0	703222	114	0.75	0	0	0	0
1634235879.41	750	41.931073	0.0	743449	152	0.75	0	0	0	0
1634235879.64	750	45.729172	0.0	705495	120	0.75	0	0	0	0
1634235879.87	750	49.4872	0.0	692056	128	0.75	0	0	0	0
1634235880.12	750	53.245469	0.0	733216	130	0.75	4.59	0	166	0
1634235880.4	750	56.963642	0.0	754497	144	0.75	4.59	0	166	0
1634235881.76	750	59.746074	0.0	733656	193	0.75	4.59	0	166	0
1634235886.06	750	59.490294	0.0	719773	133	0.75	8.589	2	406	59.51487871967991
1634235889.85	750	59.8	0.0	765634	68	0.75	12.59	2	646	59.98500374906274
1634235893.62	750	59.818532	0.0	724551	134	0.75	16.601	2	886	59.83545250560959
1634235897.88	750	59.551476	0.0	741256	124	0.75	20.601	2	1126	60
1634235901.69	750	59.869018	0.0	740368	133	0.75	24.601	2	1366	60
1634235905.5	750	59.881709	0.0	734192	134	0.75	28.601	2	1606	60
1634235909.82	750	59.608775	0.0	736650	134	0.75	32.601	2	1846	60
1634235913.61	750	59.911614	0.0	765755	134	0.75	36.604	2	2086	59.95503372470647
1634235917.42	750	59.939746	0.0	741305	101	0.75	40.605	2	2327	60.23494126468386
1634235921.74	750	59.674842	0.0	732007	123	0.75	44.606	2	2567	59.98500374906266
1634235925.58	750	59.985892	0.0	730771	136	0.75	48.606	2	2807	60
1634235929.92	750	59.719868	0.0	730130	113	0.75	52.606	2	3047	60
1634235933.7	750	59.750326	0.0	719311	125	0.75	56.606	2	3287	60
1634235938.0	750	59.47768	0.0	719647	127	0.75	60.607	2	3527	59.98500374906277
1634235941.81	750	59.786101	0.0	722872	122	0.75	64.606	2	3767	60.01500375093781
1634235945.63	750	59.88056	0.0	740779	124	0.75	68.607	2	4007	59.98500374906266
1634235949.44	750	59.95	0.0	735421	126	0.75	72.607	2	4247	60
1634235953.72	750	59.71318	0.0	693798	122	0.75	76.608	2	4487	59.98500374906266
1634235958.03	750	59.452448	0.0	727502	147	0.75	80.608	2	4727	60
1634235961.81	750	59.767635	0.0	675507	114	0.75	84.609	2	4967	59.98500374906288
1634235965.58	750	59.78554	0.0	700902	114	0.75	88.609	2	5207	60
1634235969.84	750	59.522302	0.0	701249	108	0.75	92.61	2	5447	59.98500374906266
1634235973.6	750	59.824404	0.0	730132	117	0.75	96.618	2	5687	59.88023952095815
1634235977.94	750	59.57239	0.0	711025	135	0.75	100.618	2	5927	60
1634235981.75	750	59.633722	0.0	727719	135	0.75	104.619	2	6167	59.98500374906266
1634235985.52	750	59.937701	0.0	737895	124	0.75	108.619	2	6407	60
1634235989.81	750	59.69032	0.0	715541	105	0.75	112.619	2	6647	60
1634235994.1	750	59.435307	0.0	673063	132	0.75	116.62	2	6887	59.98500374906266
1634235997.86	750	59.496771	0.0	734241	122	0.75	120.629	2	7128	60.11474183088051
