1634268470.63	750	4	0.191	486588	78	-0.8162999999999999	0	0	0	0
1634268470.87	300	8	0.0	518070	86	-0.15000000000000002	0	0	0	0
1634268471.04	300	12	0.0	488296	79	0.3	0	0	0	0
1634268471.25	300	16	0.0	505467	81	0.3	0	0	0	0
1634268471.46	300	20	0.0	474784	83	0.3	0	0	0	0
1634268471.7	300	24	0.0	523060	112	0.3	0	0	0	0
1634268471.9	300	28	0.0	475799	77	0.3	0	0	0	0
1634268472.1	300	31.953263	0.0	494810	87	0.3	0	0	0	0
1634268472.27	300	35.786273	0.0	509476	84	0.3	0	0	0	0
1634268472.46	300	39.624651	0.0	459558	72	0.3	0	0	0	0
1634268472.65	300	43.42334	0.0	502767	81	0.3	0	0	0	0
1634268472.86	300	47.221472	0.0	488586	83	0.3	0	0	0	0
1634268473.05	300	51.019688	0.0	481440	76	0.3	0	0	0	0
1634268473.27	300	54.817788	0.0	508546	78	0.3	0	0	0	0
1634268473.5	300	58.57389	0.0	510083	89	0.3	0	0	0	0
1634268476.72	300	59.447694	0.0	488713	80	0.3	5.319	0	115	0
1634268480.45	300	59.8	0.0	468254	85	0.3	9.323	0	355	59.94005994005993
1634268484.72	300	59.541207	0.0	516536	66	0.3	13.323	0	595	60
1634268488.47	300	59.854233	0.0	479697	72	0.3	17.323	0	835	60
1634268492.22	300	59.883334	0.0	500854	83	0.3	21.323	0	1075	60
1634268496.48	300	59.625489	0.0	496587	86	0.3	25.324	0	1315	59.98500374906271
1634268500.23	300	59.923685	0.0	479350	94	0.3	29.325	0	1555	59.98500374906277
1634268504.48	300	59.666667	0.0	520120	88	0.3	33.325	0	1795	59.99999999999995
1634268508.26	300	59.978962	0.0	515394	91	0.3	37.325	0	2035	60
1634268512.47	300	59.707028	0.0	480696	81	0.3	41.325	0	2275	60
1634268516.7	300	59.455858	0.0	481433	82	0.3	45.326	0	2515	59.98500374906277
1634268520.45	300	59.774394	0.0	494650	90	0.3	49.326	0	2755	60
1634268524.68	300	59.508336	0.0	499761	75	0.3	53.327	0	2995	59.98500374906277
1634268528.41	300	59.828057	0.0	501070	91	0.3	57.326	0	3235	60.0150037509377
1634268532.67	300	59.568587	0.0	489874	81	0.3	61.327	0	3475	59.98500374906277
1634268536.43	300	59.874248	0.0	488718	71	0.3	65.327	0	3715	60
1634268540.66	300	59.616667	0.0	509088	91	0.3	69.327	0	3955	60
1634268544.39	300	59.674905	0.0	494764	72	0.3	73.33	0	4195	59.95503372470647
1634268548.1	300	59.985408	0.0	488570	80	0.3	77.33	0	4435	60
1634268552.83	300	59.439992	0.0	474638	92	0.3	81.331	0	4675	59.98500374906266
1634268556.63	300	59.467766	0.0	473808	113	0.3	85.331	0	4915	60
1634268560.34	300	59.792942	0.0	484371	84	0.3	89.331	0	5155	60
1634268564.59	300	59.536612	0.0	496055	108	0.3	93.336	0	5396	60.1747815230962
1634268568.32	300	59.84673	0.0	490794	89	0.3	97.334	0	5636	60.030015007503685
1634268572.58	300	59.586363	0.0	488697	102	0.3	101.336	0	5876	59.97001499250382
1634268576.34	300	59.897932	0.0	490627	103	0.3	105.337	0	6116	59.98500374906266
1634268580.56	300	59.677295	0.0	493233	91	0.3	109.338	0	6356	59.98500374906288
1634268584.28	300	59.98966	0.0	491640	94	0.3	113.337	0	6596	60.015003750937595
1634268588.51	300	59.731298	0.0	477722	64	0.3	117.339	0	6836	59.97001499250382
1634268592.73	300	59.522587	0.0	498333	82	0.3	121.341	0	7076	59.97001499250382
