1634258248.55	750	4	0.183	428437	89	-0.7818999999999999	0	0	0	0
1634258248.74	750	8	0.0	427397	63	0.75	0	0	0	0
1634258248.92	750	12	0.0	435939	77	0.75	0	0	0	0
1634258249.08	750	16	0.0	420508	68	0.75	0	0	0	0
1634258249.24	750	19.91702	0.0	431392	42	0.75	0	0	0	0
1634258249.4	750	23.7562	0.0	442512	74	0.75	0	0	0	0
1634258249.57	750	27.595067	0.0	450465	80	0.75	0	0	0	0
1634258249.76	750	31.433939	0.0	454724	75	0.75	0	0	0	0
1634258249.94	750	35.233334	0.0	440962	71	0.75	0	0	0	0
1634258250.11	750	39.070458	0.0	433775	73	0.75	0	0	0	0
1634258250.3	750	42.868879	0.0	445796	84	0.75	0	0	0	0
1634258250.51	750	46.667087	0.0	436832	85	0.75	0	0	0	0
1634258250.7	750	50.464404	0.0	432476	73	0.75	0	0	0	0
1634258250.92	750	54.262694	0.0	422635	87	0.75	0	0	0	0
1634258251.08	750	58.101561	0.0	433467	65	0.75	0	0	0	0
1634258253.29	750	59.999111	0.0	430697	67	0.75	4.636	0	84	0
1634258257.52	750	59.745418	0.0	440079	92	0.75	8.636	0	204	30.000000000000007
1634258261.75	750	59.476279	0.0	448764	73	0.75	12.636	0	324	30
1634258265.54	750	59.785197	0.0	451052	84	0.75	16.653	0	444	29.87303958177745
1634258270.07	750	59.528472	0.0	434071	93	0.75	20.654	0	564	29.992501874531357
1634258273.81	750	59.551765	0.0	440125	60	0.75	24.654	0	684	30
1634258277.56	750	59.852592	0.0	467521	62	0.75	28.654	0	804	30
1634258281.31	750	59.873178	0.0	453405	64	0.75	32.655	0	924	29.992501874531357
1634258285.54	750	59.923234	0.0	437659	77	0.75	36.655	0	1044	30
1634258289.29	750	59.893718	0.0	426987	69	0.75	40.655	0	1164	30
1634258293.51	750	59.902853	0.0	432295	65	0.75	44.655	0	1284	30
1634258297.2	750	59.992471	0.0	432130	70	0.75	48.655	0	1404	30
1634258301.49	750	59.733941	0.0	425788	75	0.75	52.655	0	1524	30
1634258305.78	750	59.459979	0.0	435574	68	0.75	56.656	0	1644	29.992501874531385
1634258309.5	750	59.748625	0.0	420051	78	0.75	60.656	0	1764	30
1634258313.74	750	59.481156	0.0	438225	90	0.75	64.656	0	1884	29.999999999999947
1634258317.46	750	59.783353	0.0	445487	60	0.75	68.656	0	2004	30
1634258321.79	750	59.517887	0.0	431544	111	0.75	72.656	0	2124	30
1634258325.54	750	59.813594	0.0	413330	61	0.75	76.656	0	2244	30
1634258329.74	750	59.545243	0.0	443416	80	0.75	80.657	0	2364	29.99250187453144
1634258333.51	750	59.843377	0.0	427034	72	0.75	84.657	0	2484	30
1634258337.73	750	59.587294	0.0	420805	67	0.75	88.658	0	2604	29.99250187453133
1634258341.47	750	59.887087	0.0	432340	68	0.75	92.657	0	2724	30.007501875468904
1634258345.7	750	59.612622	0.0	445203	91	0.75	96.657	0	2844	30
1634258349.41	750	59.914668	0.0	428535	65	0.75	100.658	0	2965	30.242439390152427
1634258353.62	750	59.692616	0.0	432915	64	0.75	104.658	0	3085	30
1634258357.86	750	59.469001	0.0	440705	60	0.75	108.689	0	3205	29.769288017861633
1634258361.58	750	59.852515	0.0	464681	46	0.75	112.69	0	3325	29.99250187453133
1634258365.79	750	59.588103	0.0	432462	77	0.75	116.69	0	3445	30
1634258369.54	750	59.91909	0.0	443948	62	0.75	120.692	0	3565	29.98500749625191
