1634263695.42	750	4	0.253	428437	92	-1.0829	0	0	0	0
1634263695.81	1200	8	0.0	1070596	201	0.75	0	0	0	0
1634263696.12	1200	12	0.0	1102185	186	1.2	0	0	0	0
1634263696.52	1200	16	0.0	1050918	184	1.2	0	0	0	0
1634263696.8	1200	20	0.0	1076009	142	1.2	0	0	0	0
1634263697.08	1200	24	0.0	1074962	167	1.2	0	0	0	0
1634263697.36	1200	28	0.0	1089013	162	1.2	0	0	0	0
1634263697.72	1200	31.914046	0.0	1085191	240	1.2	0	0	0	0
1634263698.02	1200	35.63138	0.0	1067569	191	1.2	0	0	0	0
1634263698.34	1200	39.308766	0.0	1068135	204	1.2	0	0	0	0
1634263698.82	1200	42.824966	0.0	1112498	222	1.2	5.488	0	27	0
1634263699.15	1200	46.502716	0.0	1102305	207	1.2	5.488	0	27	0
1634263699.45	1200	50.180714	0.0	1058097	182	1.2	5.488	0	27	0
1634263699.78	1200	53.858485	0.0	1067149	206	1.2	5.488	0	27	0
1634263700.11	1200	57.536206	0.0	1065119	221	1.2	5.488	0	27	0
1634263701.94	1200	59.782438	0.0	1079756	173	1.2	5.488	0	27	0
1634263706.33	1200	59.525958	0.0	1099272	183	1.2	9.488	1	147	29.750000000000007
1634263710.27	1200	59.58667	0.0	1076487	229	1.2	13.488	1	267	30
1634263714.15	1200	59.588146	0.0	1074867	157	1.2	17.488	1	387	30
1634263718.01	1200	59.64358	0.0	1047892	190	1.2	21.489	1	507	29.992501874531357
1634263721.93	1200	59.957168	0.0	1079491	189	1.2	25.489	1	627	30
1634263726.34	1200	59.44417	0.0	1168595	236	1.2	29.49	1	747	29.992501874531385
1634263730.21	1200	59.466667	0.0	1155651	201	1.2	33.489	1	867	30.007501875468876
1634263734.04	1200	59.806686	0.0	1068823	189	1.2	37.49	1	987	29.99250187453133
1634263738.02	1200	59.866726	0.0	1083472	5	1.2	41.49	1	1107	30
1634263741.87	1200	59.956685	0.0	1069893	183	1.2	45.491	1	1227	29.992501874531385
1634263745.78	1200	59.979498	0.0	1072481	127	1.2	49.49	1	1347	30.00750187546885
1634263750.12	1200	59.757338	0.0	1056021	152	1.2	53.491	1	1467	29.992501874531385
1634263753.98	1200	59.77441	0.0	1088699	167	1.2	57.491	1	1587	30
1634263758.31	1200	59.521328	0.0	1069675	199	1.2	61.491	1	1707	30
1634263762.2	1200	59.547842	0.0	1102469	208	1.2	65.492	1	1827	29.99250187453133
1634263766.06	1200	59.847512	0.0	1136712	166	1.2	69.492	1	1947	30
1634263769.9	1200	59.908629	0.0	1076114	169	1.2	73.492	1	2067	30
1634263773.75	1200	59.922258	0.0	1045544	120	1.2	77.493	1	2187	29.99250187453144
1634263778.09	1200	59.654237	0.0	1122544	172	1.2	81.492	1	2307	30.007501875468797
1634263781.95	1200	59.955263	0.0	1061011	172	1.2	85.493	1	2427	29.99250187453144
1634263786.33	1200	59.439035	0.0	1059811	162	1.2	89.493	1	2547	30
1634263790.17	1200	59.467124	0.0	1073475	184	1.2	93.494	1	2667	29.99250187453133
1634263794.05	1200	59.764767	0.0	1094517	181	1.2	97.493	1	2787	30.007501875468904
1634263797.97	1200	59.81521	0.0	1082819	196	1.2	101.494	1	2907	29.99250187453133
1634263801.83	1200	59.842588	0.0	1068766	186	1.2	105.494	1	3027	30
1634263806.19	1200	59.576355	0.0	1111544	178	1.2	109.495	1	3147	29.99250187453133
1634263810.02	1200	59.612927	0.0	1172967	209	1.2	113.495	1	3267	30
1634263813.87	1200	59.92937	0.0	1102175	185	1.2	117.495	1	3387	30
1634263818.17	1200	59.676239	0.0	1099116	166	1.2	121.504	1	3507	29.93265153404839
