1634270845.04	750	4	0.181	428437	83	-0.7733	0	0	0	0
1634270845.41	1200	8	0.0	1070596	184	0.75	0	0	0	0
1634270845.75	1200	12	0.0	1102185	203	1.2	0	0	0	0
1634270846.05	1200	15.797595	0.0	1050918	107	1.2	0	0	0	0
1634270846.36	1200	19.475418	0.0	1076009	183	1.2	0	0	0	0
1634270846.67	1200	23.19186	0.0	1074962	161	1.2	0	0	0	0
1634270846.99	1200	26.868213	0.0	1089013	170	1.2	0	0	0	0
1634270847.31	1200	30.543019	0.0	1085191	172	1.2	0	0	0	0
1634270847.65	1200	34.220507	0.0	1067569	182	1.2	0	0	0	0
1634270847.97	1200	37.897793	0.0	1068135	162	1.2	0	0	0	0
1634270848.28	1200	41.575075	0.0	1112498	175	1.2	0	0	0	0
1634270848.6	1200	45.253299	0.0	1102305	175	1.2	4.732	0	77	0
1634270849.0	1200	48.85039	0.0	1058097	270	1.2	4.732	0	77	0
1634270849.31	1200	52.527036	0.0	1067149	188	1.2	4.732	0	77	0
1634270849.62	1200	56.204615	0.0	1065119	167	1.2	4.732	0	77	0
1634270849.95	1200	59.880484	0.0	1079756	192	1.2	4.732	0	77	0
1634270854.27	1200	59.75026	0.0	1099272	175	1.2	8.732	0	197	30.000000000000007
1634270858.13	1200	59.771046	0.0	1076487	190	1.2	12.731	0	317	30.00750187546886
1634270862.49	1200	59.508514	0.0	1074867	157	1.2	16.732	0	437	29.99250187453137
1634270866.33	1200	59.513524	0.0	1047892	167	1.2	20.732	0	557	30
1634270870.18	1200	59.805916	0.0	1079491	183	1.2	24.732	0	677	30
1634270874.12	1200	59.828761	0.0	1168595	205	1.2	28.732	0	797	30
1634270878.01	1200	59.8519	0.0	1155651	205	1.2	32.733	0	917	29.992501874531385
1634270882.39	1200	59.586557	0.0	1068823	164	1.2	36.734	0	1037	29.99250187453133
1634270886.36	1200	59.60206	0.0	1083472	25	1.2	40.734	0	1157	30
1634270890.2	1200	59.905039	0.0	1069893	181	1.2	44.734	0	1277	30
1634270894.1	1200	59.971307	0.0	1072481	205	1.2	48.735	0	1397	29.992501874531385
1634270897.98	1200	59.993621	0.0	1056021	168	1.2	52.766	0	1518	30.017365418010428
1634270902.38	1200	59.48213	0.0	1088699	165	1.2	56.767	0	1638	29.99250187453133
1634270906.26	1200	59.797731	0.0	1069675	182	1.2	60.767	0	1758	30
1634270910.1	1200	59.814474	0.0	1102469	175	1.2	64.767	0	1878	30.000000000000053
1634270914.45	1200	59.550043	0.0	1136712	185	1.2	68.767	0	1998	30
1634270918.34	1200	59.573915	0.0	1076114	187	1.2	72.767	0	2118	30
1634270922.22	1200	59.870391	0.0	1045544	161	1.2	76.768	0	2238	29.99250187453133
1634270926.1	1200	59.92959	0.0	1122544	182	1.2	80.768	0	2358	30
1634270929.93	1200	59.945003	0.0	1061011	149	1.2	84.769	0	2478	29.99250187453133
1634270934.26	1200	59.677199	0.0	1059811	167	1.2	88.77	0	2598	29.99250187453144
1634270938.11	1200	59.971064	0.0	1073475	180	1.2	92.769	0	2718	30.007501875468797
1634270942.01	1200	59.988532	0.0	1094517	191	1.2	96.77	0	2838	29.99250187453144
1634270946.38	1200	59.716739	0.0	1082819	211	1.2	100.77	0	2958	30
1634270950.23	1200	59.734406	0.0	1068766	175	1.2	104.771	0	3078	29.99250187453133
1634270954.1	1200	59.788929	0.0	1111544	168	1.2	108.771	0	3198	30
1634270958.49	1200	59.527644	0.0	1172967	216	1.2	112.771	0	3318	30
1634270962.39	1200	59.593018	0.0	1102175	181	1.2	116.771	0	3438	30
1634270966.23	1200	59.892909	0.0	1099116	164	1.2	120.772	0	3558	29.99250187453133
