1634220981.85	750	4	0.19	486588	67	-0.8119999999999999	0	0	0	0
1634220982.94	1850	7.633334	0.0	3749264	802	0.75	0	0	0	0
1634220984.07	1850	10.533334	0.0	3665907	845	1.85	0	0	0	0
1634220985.21	1850	13.366667	0.0	3661478	872	1.85	0	0	0	0
1634220986.2	1850	16.383334	0.0	3718934	688	1.85	4.846	22	169	0
1634220987.17	1850	19.416667	0.0	3718871	685	1.85	4.846	22	169	0
1634220988.14	1850	22.433334	0.0	3785083	703	1.85	4.846	22	169	0
1634220989.05	1850	25.55	0.0	3649314	643	1.85	4.846	22	169	0
1634220990.07	1850	28.65	0.0	3723484	670	1.85	8.847	120	408	35.24118970257436
1634220991.0	1850	31.716667	0.0	3624861	666	1.85	8.847	120	408	35.24118970257436
1634220992.02	1850	34.816667	0.0	3684892	660	1.85	8.847	120	408	35.24118970257436
1634220992.97	1850	37.833334	0.0	3660565	639	1.85	8.847	120	408	35.24118970257436
1634220993.94	1850	40.9	0.0	3609338	681	1.85	12.847	347	635	0
1634220994.83	1850	44.033334	0.0	3624575	605	1.85	12.847	347	635	0
1634220995.72	1850	47.15	0.0	3773536	644	1.85	12.847	347	635	0
1634220996.65	1850	50.25	0.0	3710640	660	1.85	12.847	347	635	0
1634220997.65	1850	53.366667	0.0	3766415	691	1.85	16.848	581	869	0
1634220998.57	1850	56.416667	0.0	3798226	663	1.85	16.848	581	869	0
1634220999.51	1850	59.55	0.0	3583866	643	1.85	16.848	581	869	0
1634221003.53	1850	59.55	0.0	3703917	661	1.85	20.854	809	1097	0
1634221007.17	1850	59.65	0.0	3680696	809	1.85	24.855	1062	1350	0
1634221010.88	1850	59.763306	0.0	3907331	865	1.85	28.894	1323	1611	0
1634221014.87	1850	59.747824	0.0	3502965	643	1.85	32.894	1373	1852	47.75
1634221018.85	1850	59.781453	0.0	3698872	693	1.85	36.895	1390	2092	55.736065983504055
1634221022.89	1850	59.769569	0.0	3640135	727	1.85	40.896	1415	2332	53.7365658585354
1634221026.96	1850	59.801629	0.0	3664801	722	1.85	44.895	1472	2572	45.76144036009
1634221030.92	1850	59.833334	0.0	3653246	663	1.85	48.896	1500	2812	52.98675331167211
1634221034.98	1850	59.612504	0.0	3705829	739	1.85	52.896	1534	3052	51.5
1634221038.98	1850	59.666667	0.0	3774173	658	1.85	56.897	1586	3292	46.98825293676584
1634221042.98	1850	59.652169	0.0	3790546	687	1.85	60.897	1622	3532	51
1634221047.0	1850	59.677694	0.0	3679836	661	1.85	64.896	1677	3772	46.26156539134781
1634221050.75	1850	59.984039	0.0	3804668	909	1.85	68.897	1701	4012	53.9865033741564
1634221054.83	1850	59.754875	0.0	3460324	760	1.85	72.897	1728	4252	53.25
1634221058.81	1850	59.783479	0.0	3649342	676	1.85	76.899	1744	4493	56.22188905547233
1634221062.98	1850	59.565258	0.0	3720289	843	1.85	80.9	1764	4733	54.98625343664077
1634221066.97	1850	59.590686	0.0	3624529	695	1.85	84.901	1792	4973	52.98675331167221
1634221070.77	1850	59.891708	0.0	3640718	972	1.85	88.902	1811	5213	55.23619095226187
1634221074.71	1850	59.91129	0.0	3567148	631	1.85	92.901	1826	5453	56.264066016504195
1634221078.8	1850	59.97894	0.0	3705243	766	1.85	96.901	1864	5693	50.5
1634221083.26	1850	59.440081	0.0	3528039	637	1.85	100.902	1902	5933	50.48737815546107
1634221086.95	1850	59.816667	0.0	3631199	858	1.85	104.902	1948	6173	48.5
1634221091.12	1850	59.509574	0.0	3771179	851	1.85	108.902	1992	6413	49
1634221095.15	1850	59.497575	0.0	3703234	712	1.85	112.902	2016	6653	54
1634221099.14	1850	59.485286	0.0	3570889	730	1.85	116.903	2043	6893	53.23669082729311
1634221103.14	1850	59.503732	0.0	3758102	696	1.85	120.902	2087	7133	49.012253063265874
