1634269896.46	750	4	0.179	428437	81	-0.7646999999999999	0	0	0	0
1634269897.08	1850	8	0.0	2194849	352	0.75	0	0	0	0
1634269897.63	1850	12	0.0	2241724	352	1.85	0	0	0	0
1634269898.22	1850	16	0.0	2191337	373	1.85	0	0	0	0
1634269898.74	1850	19.508997	0.0	2191196	332	1.85	0	0	0	0
1634269899.3	1850	22.942899	0.0	2214251	337	1.85	0	0	0	0
1634269899.85	1850	26.415944	0.0	2177842	350	1.85	5.34	0	43	0
1634269900.46	1850	29.810571	0.0	2228366	388	1.85	5.34	0	43	0
1634269900.99	1850	33.246108	0.0	2144748	338	1.85	5.34	0	43	0
1634269901.6	1850	36.640609	0.0	2196481	395	1.85	5.34	0	43	0
1634269902.16	1850	40.115152	0.0	2179785	351	1.85	5.34	0	43	0
1634269902.76	1850	43.506937	0.0	2232134	356	1.85	5.34	0	43	0
1634269903.36	1850	46.9	0.0	2239109	354	1.85	5.34	0	43	0
1634269903.93	1850	50.333366	0.0	2148555	364	1.85	9.339	1	163	29.757439359839957
1634269904.48	1850	53.764407	0.0	2164111	349	1.85	9.339	1	163	29.757439359839957
1634269905.05	1850	57.198231	0.0	2229209	362	1.85	9.339	1	163	29.757439359839957
1634269906.61	1850	59.859566	0.0	2163625	372	1.85	9.339	1	163	29.757439359839957
1634269910.69	1850	59.647661	0.0	2211517	367	1.85	13.339	1	283	30
1634269914.81	1850	59.666667	0.0	2153910	365	1.85	17.341	1	403	29.985007496251868
1634269918.38	1850	59.973699	0.0	2138318	346	1.85	21.34	1	523	30.007501875468876
1634269922.48	1850	59.991677	0.0	2275149	369	1.85	25.341	1	643	29.992501874531357
1634269926.66	1850	59.731996	0.0	2272623	376	1.85	29.342	1	763	29.992501874531385
1634269930.76	1850	59.550637	0.0	2270492	315	1.85	33.342	1	883	30
1634269934.87	1850	59.572585	0.0	2179932	355	1.85	37.343	1	1003	29.99250187453133
1634269938.47	1850	59.875056	0.0	2161125	344	1.85	41.342	1	1123	30.007501875468904
1634269942.54	1850	59.900457	0.0	2116735	362	1.85	45.35	1	1243	29.94011976047902
1634269946.75	1850	59.642555	0.0	2166791	439	1.85	49.343	1	1363	30.052592036063096
1634269950.38	1850	59.991517	0.0	2121825	375	1.85	53.344	1	1483	29.992501874531385
1634269954.51	1850	59.772214	0.0	2230670	426	1.85	57.343	1	1603	30.00750187546885
1634269958.63	1850	59.805738	0.0	2208872	362	1.85	61.343	1	1723	30
1634269962.79	1850	59.510113	0.0	2283966	359	1.85	65.344	1	1843	29.99250187453144
1634269966.91	1850	59.533334	0.0	2257313	354	1.85	69.344	1	1963	30
1634269970.51	1850	59.841799	0.0	2165733	352	1.85	73.344	1	2083	30
1634269974.57	1850	59.865193	0.0	2085175	344	1.85	77.345	1	2203	29.99250187453133
1634269978.73	1850	59.608861	0.0	2307215	406	1.85	81.345	1	2323	30
1634269982.35	1850	59.920445	0.0	2229829	373	1.85	85.345	1	2443	30
1634269986.48	1850	59.946741	0.0	2148822	421	1.85	89.345	1	2563	30
1634269990.67	1850	59.678261	0.0	2199496	360	1.85	93.346	1	2683	29.99250187453133
1634269994.33	1850	59.989412	0.0	2249490	450	1.85	97.348	1	2803	29.98500749625191
1634269998.95	1850	59.474446	0.0	2138617	401	1.85	101.347	1	2923	30.007501875468904
1634270002.61	1850	59.778045	0.0	2164190	356	1.85	105.348	1	3043	29.99250187453133
1634270006.73	1850	59.552638	0.0	2272961	360	1.85	109.348	1	3163	30
1634270010.83	1850	59.568602	0.0	2276641	353	1.85	113.348	1	3283	30
1634270014.37	1850	59.886061	0.0	2257099	352	1.85	117.348	1	3403	30
1634270018.68	1850	59.959613	0.0	2268884	356	1.85	121.349	1	3523	29.99250187453133
