1634240927.79	750	4	0.221	486588	139	-0.9452999999999999	0	0	0	0
1634240928.68	1850	7.8	0.0	3749264	664	0.75	0	0	0	0
1634240929.57	1850	10.966667	0.0	3665907	636	1.85	0	0	0	0
1634240930.43	1850	14.066667	0.0	3661478	639	1.85	0	0	0	0
1634240931.3	1850	17.2	0.0	3718934	651	1.85	4.598	12	162	0
1634240932.22	1850	20.283334	0.0	3718871	683	1.85	4.598	12	162	0
1634240933.08	1850	23.4	0.0	3785083	655	1.85	4.598	12	162	0
1634240933.95	1850	26.55	0.0	3649314	613	1.85	4.598	12	162	0
1634240934.96	1850	29.533334	0.0	3723484	783	1.85	4.598	12	162	0
1634240935.96	1850	32.55	0.0	3624861	769	1.85	8.597	34	402	54.51362840710178
1634240937.02	1850	35.516667	0.0	3684892	785	1.85	8.597	34	402	54.51362840710178
1634240937.98	1850	38.533334	0.0	3660565	714	1.85	8.597	34	402	54.51362840710178
1634240938.86	1850	41.666667	0.0	3609338	645	1.85	8.597	34	402	54.51362840710178
1634240939.76	1850	44.75	0.0	3624575	663	1.85	12.598	92	641	45.238690327418134
1634240940.63	1850	47.883334	0.0	3773536	609	1.85	12.598	92	641	45.238690327418134
1634240941.46	1850	51.033334	0.0	3710640	608	1.85	12.598	92	641	45.238690327418134
1634240942.33	1850	54.166667	0.0	3766415	639	1.85	12.598	92	641	45.238690327418134
1634240943.22	1850	57.3	0.0	3798226	642	1.85	16.598	127	881	51.25000000000002
1634240945.07	1850	59.497734	0.0	3583866	622	1.85	16.598	127	881	51.25000000000002
1634240948.95	1850	59.568741	0.0	3703917	605	1.85	20.598	225	1122	35.75
1634240952.8	1850	59.876988	0.0	3680696	569	1.85	24.598	229	1362	59
1634240956.72	1850	59.868034	0.0	3907331	638	1.85	28.599	244	1602	56.235941014746295
1634240960.54	1850	59.934557	0.0	3502965	573	1.85	32.599	248	1842	59.00000000000005
1634240964.9	1850	59.666814	0.0	3698872	598	1.85	36.599	255	2082	58.25
1634240968.77	1850	59.735078	0.0	3640135	579	1.85	40.6	259	2322	58.98525368657828
1634240973.18	1850	59.469662	0.0	3664801	585	1.85	44.601	265	2562	58.4853786553362
1634240977.03	1850	59.496461	0.0	3653246	606	1.85	48.601	267	2802	59.5
1634240980.89	1850	59.813355	0.0	3705829	590	1.85	52.602	273	3042	58.4853786553362
1634240984.79	1850	59.835061	0.0	3774173	607	1.85	56.602	276	3282	59.25
1634240988.71	1850	59.868086	0.0	3790546	655	1.85	60.602	287	3522	57.25
1634240992.58	1850	59.925659	0.0	3679836	593	1.85	64.602	291	3762	58.99999999999989
1634240996.54	1850	59.952313	0.0	3804668	658	1.85	68.602	307	4002	56
1634241000.91	1850	59.659787	0.0	3460324	563	1.85	72.603	317	4242	57.485628592851924
1634241004.88	1850	59.728684	0.0	3649342	663	1.85	76.604	324	4482	58.235441139715
1634241008.78	1850	59.752171	0.0	3720289	659	1.85	80.603	327	4722	59.26481620405109
1634241012.79	1850	59.778204	0.0	3624529	746	1.85	84.604	335	4962	57.98550362409391
1634241016.75	1850	59.8	0.0	3640718	705	1.85	88.604	339	5202	59
1634241020.67	1850	59.827345	0.0	3567148	648	1.85	92.605	343	5442	58.98525368657828
1634241025.09	1850	59.578276	0.0	3705243	663	1.85	96.604	345	5682	59.51487871967999
1634241029.02	1850	59.610567	0.0	3528039	699	1.85	100.616	347	5923	59.571286141575264
1634241032.89	1850	59.626424	0.0	3631199	633	1.85	104.617	354	6163	58.235441139715
1634241036.76	1850	59.930904	0.0	3771179	620	1.85	108.617	358	6403	59
1634241040.63	1850	59.950816	0.0	3703234	596	1.85	112.617	382	6643	54
1634241044.52	1850	59.971953	0.0	3570889	564	1.85	116.617	424	6883	49.5
1634241048.9	1850	59.707909	0.0	3758102	599	1.85	120.617	439	7123	56.25
