1634562526.87	750	4	0.695	3036909	477	-2.9835000000000003	0	0	0	0
1634562527.74	2850	8	0.0	3386615	559	0.75	0	0	0	0
1634562528.57	2850	12	0.0	3586104	593	2.85	0	0	0	0
1634562529.36	2850	15.471907	0.0	3501908	568	2.85	0	0	0	0
1634562530.17	2850	18.625094	0.0	3531955	597	2.85	5.365	0	26	0
1634562530.95	2850	21.859255	0.0	3444309	552	2.85	5.365	0	26	0
1634562531.79	2850	25.052227	0.0	3205998	581	2.85	5.365	0	26	0
1634562532.5	2850	28.324691	0.0	3248360	503	2.85	5.365	0	26	0
1634562533.34	2850	31.473511	0.0	3555680	556	2.85	5.365	0	26	0
1634562534.19	2850	34.626513	0.0	3546563	595	2.85	9.366	0	146	29.99250187453137
1634562535.02	2850	37.776517	0.0	3539598	582	2.85	9.366	0	146	29.99250187453137
1634562535.86	2850	40.933334	0.0	3476933	589	2.85	9.366	0	146	29.99250187453137
1634562536.74	2850	44.08175	0.0	3620433	669	2.85	9.366	0	146	29.99250187453137
1634562537.53	2850	47.274581	0.0	3190654	564	2.85	9.366	0	146	29.99250187453137
1634562538.37	2850	50.433334	0.0	3399357	566	2.85	13.368	0	266	29.985007496251868
