1634255460.14	750	4	0.177	486588	71	-0.7561	0	0	0	0
1634255460.38	300	8	0.0	518070	96	-0.15000000000000002	0	0	0	0
1634255460.56	300	12	0.0	488296	74	0.3	0	0	0	0
1634255460.77	300	16	0.0	505467	83	0.3	0	0	0	0
1634255460.96	300	20	0.0	474784	97	0.3	0	0	0	0
1634255461.16	300	24	0.0	523060	99	0.3	0	0	0	0
1634255461.36	300	28	0.0	475799	91	0.3	0	0	0	0
1634255461.59	300	32	0.0	494810	98	0.3	0	0	0	0
1634255461.78	300	35.914281	0.0	509476	85	0.3	0	0	0	0
1634255461.99	300	39.712911	0.0	459558	76	0.3	0	0	0	0
1634255462.18	300	43.511385	0.0	502767	86	0.3	0	0	0	0
1634255462.37	300	47.350341	0.0	488586	77	0.3	0	0	0	0
1634255462.58	300	51.107307	0.0	481440	81	0.3	0	0	0	0
1634255462.79	300	54.90569	0.0	508546	95	0.3	0	0	0	0
1634255463.0	300	58.703397	0.0	510083	102	0.3	0	0	0	0
1634255466.3	300	59.468333	0.0	488713	115	0.3	5.222	0	108	0
1634255470.09	300	59.772676	0.0	468254	120	0.3	9.222	0	348	60.000000000000014
1634255474.39	300	59.53108	0.0	516536	128	0.3	13.222	0	588	60
1634255478.19	300	59.555394	0.0	479697	132	0.3	17.222	0	828	59.99999999999997
1634255481.95	300	59.868404	0.0	500854	113	0.3	21.223	0	1068	59.98500374906277
1634255486.23	300	59.611071	0.0	496587	119	0.3	25.223	0	1308	60
1634255489.99	300	59.906285	0.0	479350	108	0.3	29.224	0	1548	59.98500374906271
1634255494.24	300	59.647751	0.0	520120	84	0.3	33.231	0	1788	59.89518342899923
1634255498.04	300	59.678194	0.0	515394	127	0.3	37.231	0	2028	60
1634255501.76	300	59.983669	0.0	480696	74	0.3	41.231	0	2268	60
1634255505.99	300	59.730523	0.0	481433	85	0.3	45.232	0	2508	59.98500374906277
1634255510.24	300	59.471415	0.0	494650	110	0.3	49.232	0	2748	60
1634255513.98	300	59.783334	0.0	499761	91	0.3	53.232	0	2989	60.25
1634255518.24	300	59.526797	0.0	501070	109	0.3	57.232	0	3229	60
1634255521.98	300	59.908775	0.0	489874	93	0.3	61.233	0	3469	59.98500374906277
1634255525.75	300	59.969369	0.0	488718	98	0.3	65.234	0	3709	59.98500374906277
1634255530.03	300	59.718754	0.0	509088	88	0.3	69.234	0	3949	60
1634255534.3	300	59.460501	0.0	494764	89	0.3	73.234	0	4189	60
1634255538.03	300	59.772214	0.0	488570	98	0.3	77.234	0	4429	60
1634255542.28	300	59.51023	0.0	474638	95	0.3	81.236	0	4669	59.97001499250361
1634255546.03	300	59.829843	0.0	473808	97	0.3	85.235	0	4909	60.01500375093781
1634255550.29	300	59.579337	0.0	484371	77	0.3	89.236	0	5149	59.98500374906266
1634255554.07	300	59.894197	0.0	496055	131	0.3	93.236	0	5389	60
1634255557.82	300	59.926963	0.0	490794	101	0.3	97.254	0	5630	59.980089596814324
1634255562.08	300	59.668175	0.0	488697	110	0.3	101.249	0	5870	60.07509386733431
1634255565.84	300	59.976048	0.0	490627	99	0.3	105.25	0	6110	59.98500374906266
1634255570.12	300	59.725941	0.0	493233	115	0.3	109.251	0	6350	59.98500374906266
1634255574.36	300	59.510408	0.0	491640	105	0.3	113.251	0	6590	60
1634255578.15	300	59.567708	0.0	477722	126	0.3	117.252	0	6830	59.98500374906288
1634255581.88	300	59.885903	0.0	498333	94	0.3	121.253	0	7070	59.98500374906266
