1634253627.72	750	4	0.176	486588	82	-0.7517999999999999	0	0	0	0
1634253628.62	1850	7.7	0.0	3749264	620	0.75	0	0	0	0
1634253629.44	1850	10.916667	0.0	3665907	569	1.85	0	0	0	0
1634253630.21	1850	14.1	0.0	3661478	579	1.85	0	0	0	0
1634253631.05	1850	17.266667	0.0	3718934	622	1.85	0	0	0	0
1634253632.0	1850	20.466667	0.0	3718871	577	1.85	4.592	12	174	0
1634253632.95	1850	23.433334	0.0	3785083	593	1.85	4.592	12	174	0
1634253633.77	1850	26.55	0.0	3649314	612	1.85	4.592	12	174	0
1634253634.6	1850	29.75	0.0	3723484	570	1.85	4.592	12	174	0
1634253635.39	1850	32.916667	0.0	3624861	590	1.85	8.59	82	414	42.521260630315155
1634253636.29	1850	36.133334	0.0	3684892	574	1.85	8.59	82	414	42.521260630315155
1634253637.1	1850	39.233334	0.0	3660565	582	1.85	8.59	82	414	42.521260630315155
1634253637.85	1850	42.45	0.0	3609338	546	1.85	8.59	82	414	42.521260630315155
1634253638.68	1850	45.666667	0.0	3624575	581	1.85	8.59	82	414	42.521260630315155
1634253639.5	1850	48.833334	0.0	3773536	594	1.85	12.59	148	654	43.5
1634253640.33	1850	52	0.0	3710640	606	1.85	12.59	148	654	43.5
1634253641.16	1850	55.183334	0.0	3766415	580	1.85	12.59	148	654	43.5
1634253641.98	1850	58.333334	0.0	3798226	611	1.85	12.59	148	654	43.5
1634253644.84	1850	59.590746	0.0	3583866	611	1.85	16.591	195	892	47.73806548362908
1634253648.71	1850	59.621909	0.0	3703917	584	1.85	20.59	217	1134	55.01375343835961
1634253652.62	1850	59.684656	0.0	3680696	622	1.85	24.594	221	1374	58.94105894105892
1634253656.51	1850	59.996212	0.0	3907331	627	1.85	28.593	227	1614	58.51462865716431
1634253660.8	1850	59.736602	0.0	3502965	544	1.85	32.595	230	1854	59.22038980509747
1634253664.59	1850	59.788265	0.0	3698872	581	1.85	36.596	232	2094	59.48512871782058
1634253668.47	1850	59.855121	0.0	3640135	568	1.85	40.596	240	2334	58
1634253672.83	1850	59.51696	0.0	3664801	576	1.85	44.597	263	2574	54.23644088977749
1634253676.71	1850	59.827325	0.0	3653246	564	1.85	48.596	285	2814	54.51362840710184
1634253680.58	1850	59.851818	0.0	3705829	579	1.85	52.598	289	3054	58.97051474262865
1634253684.45	1850	59.884354	0.0	3774173	597	1.85	56.598	293	3294	59
1634253688.35	1850	59.957123	0.0	3790546	656	1.85	60.598	297	3534	59
1634253692.7	1850	59.663332	0.0	3679836	585	1.85	64.598	300	3774	59.25
1634253696.58	1850	59.971281	0.0	3804668	608	1.85	68.611	304	4015	59.058061300772415
1634253700.93	1850	59.441086	0.0	3460324	579	1.85	72.611	309	4255	58.75
1634253704.8	1850	59.745017	0.0	3649342	574	1.85	76.611	322	4495	56.75
1634253708.61	1850	59.76908	0.0	3720289	562	1.85	80.612	324	4735	59.485128717820686
1634253712.5	1850	59.798633	0.0	3624529	612	1.85	84.612	328	4975	59
1634253716.85	1850	59.49585	0.0	3640718	603	1.85	88.612	331	5215	59.25
1634253720.7	1850	59.804262	0.0	3567148	581	1.85	92.612	336	5455	58.75
1634253724.59	1850	59.82839	0.0	3705243	605	1.85	96.612	353	5695	55.75
1634253728.48	1850	59.850404	0.0	3528039	612	1.85	100.613	359	5935	58.4853786553361
1634253732.57	1850	59.826082	0.0	3631199	740	1.85	104.613	437	6175	40.5
1634253736.55	1850	59.850431	0.0	3771179	679	1.85	108.613	488	6415	47.25
1634253740.48	1850	59.872229	0.0	3703234	637	1.85	112.614	537	6655	47.738065483629036
1634253744.81	1850	59.614098	0.0	3570889	555	1.85	116.614	540	6895	59.25
1634253748.63	1850	59.922467	0.0	3758102	587	1.85	120.614	542	7135	59.5
