1634256445.72	750	4	0.17	428437	80	-0.726	0	0	0	0
1634256446.32	1850	8	0.0	2194849	366	0.75	0	0	0	0
1634256446.86	1850	12	0.0	2241724	332	1.85	0	0	0	0
1634256447.35	1850	16	0.0	2191337	319	1.85	0	0	0	0
1634256447.82	1850	19.743792	0.0	2191196	329	1.85	0	0	0	0
1634256448.4	1850	23.179673	0.0	2214251	360	1.85	0	0	0	0
1634256448.93	1850	26.652362	0.0	2177842	336	1.85	0	0	0	0
1634256449.45	1850	30.127614	0.0	2228366	355	1.85	5.151	0	43	0
1634256449.94	1850	33.643664	0.0	2144748	340	1.85	5.151	0	43	0
1634256450.45	1850	37.159459	0.0	2196481	340	1.85	5.151	0	43	0
1634256450.98	1850	40.635426	0.0	2179785	310	1.85	5.151	0	43	0
1634256451.47	1850	44.110801	0.0	2232134	345	1.85	5.151	0	43	0
1634256452.0	1850	47.586137	0.0	2239109	348	1.85	5.151	0	43	0
1634256452.54	1850	51.061001	0.0	2148555	333	1.85	5.151	0	43	0
1634256453.06	1850	54.533671	0.0	2164111	332	1.85	9.151	1	163	29.75
1634256453.6	1850	58.009358	0.0	2229209	356	1.85	9.151	1	163	29.75
1634256456.12	1850	59.496853	0.0	2163625	342	1.85	9.151	1	163	29.75
1634256460.15	1850	59.511414	0.0	2211517	330	1.85	13.151	1	283	30
1634256464.18	1850	59.551634	0.0	2153910	332	1.85	17.151	1	403	30
1634256468.18	1850	59.579833	0.0	2138318	329	1.85	21.151	1	523	30
1634256471.8	1850	59.9	0.0	2275149	346	1.85	25.152	1	643	29.992501874531357
1634256476.18	1850	59.928664	0.0	2272623	365	1.85	29.152	1	763	30
1634256479.89	1850	59.803933	0.0	2270492	351	1.85	33.158	1	884	30.20469296055916
1634256484.7	1850	59.885526	0.0	2179932	334	1.85	37.157	1	1004	30.007501875468904
1634256487.88	1850	59.840437	0.0	2161125	332	1.85	41.159	1	1124	29.985007496251857
