1634226083.09	750	4	0.181	428437	87	-0.7733	0	0	0	0
1634226083.32	750	8	0.0	427397	92	0.75	0	0	0	0
1634226083.53	750	12	0.0	435939	105	0.75	0	0	0	0
1634226083.75	750	15.957674	0.0	420508	107	0.75	0	0	0	0
1634226083.92	750	19.796297	0.0	431392	73	0.75	0	0	0	0
1634226084.13	750	23.594705	0.0	442512	87	0.75	0	0	0	0
1634226084.33	750	27.351784	0.0	450465	88	0.75	0	0	0	0
1634226084.53	750	31.150317	0.0	454724	92	0.75	0	0	0	0
1634226084.73	750	34.948336	0.0	440962	80	0.75	0	0	0	0
1634226084.92	750	38.786067	0.0	433775	69	0.75	0	0	0	0
1634226085.11	750	42.584146	0.0	445796	75	0.75	0	0	0	0
1634226085.3	750	46.42294	0.0	436832	77	0.75	0	0	0	0
1634226085.47	750	50.221388	0.0	432476	69	0.75	0	0	0	0
1634226085.65	750	54.060187	0.0	422635	82	0.75	0	0	0	0
1634226085.88	750	57.817825	0.0	433467	81	0.75	0	0	0	0
1634226088.1	750	59.749012	0.0	430697	66	0.75	4.689	0	83	0
1634226092.36	750	59.486713	0.0	440079	78	0.75	8.689	0	203	30
1634226096.12	750	59.785478	0.0	448764	80	0.75	12.689	0	323	30
1634226099.88	750	59.838489	0.0	451052	83	0.75	16.69	0	443	29.992501874531357
1634226104.16	750	59.612226	0.0	434071	103	0.75	20.69	0	563	30
1634226107.9	750	59.919745	0.0	440125	108	0.75	24.69	0	683	30
1634226112.19	750	59.656006	0.0	467521	86	0.75	28.691	0	803	29.992501874531385
1634226115.99	750	59.993558	0.0	453405	81	0.75	32.69	0	923	30.007501875468876
1634226120.19	750	59.733334	0.0	437659	77	0.75	36.691	0	1043	29.99250187453133
1634226123.94	750	59.775794	0.0	426987	80	0.75	40.691	0	1163	30
1634226128.19	750	59.78719	0.0	432295	77	0.75	44.692	0	1283	29.992501874531385
1634226131.94	750	59.815863	0.0	432130	64	0.75	48.701	0	1403	29.93265153404839
1634226136.17	750	59.578476	0.0	425788	80	0.75	52.701	0	1523	30
1634226139.95	750	59.883429	0.0	435574	52	0.75	56.701	0	1643	30
1634226144.21	750	59.643968	0.0	420051	66	0.75	60.702	0	1763	29.992501874531385
1634226147.97	750	59.946444	0.0	438225	75	0.75	64.702	0	1883	30
1634226152.21	750	59.70166	0.0	445487	68	0.75	68.702	0	2003	30
1634226156.46	750	59.445796	0.0	431544	76	0.75	72.702	0	2123	30
1634226160.22	750	59.751156	0.0	413330	79	0.75	76.703	0	2243	29.99250187453133
1634226163.98	750	59.772473	0.0	443416	85	0.75	80.702	0	2363	30.007501875468904
1634226168.22	750	59.503741	0.0	427034	88	0.75	84.705	0	2483	29.977516862353234
1634226172.03	750	59.804416	0.0	420805	130	0.75	88.711	0	2604	30.20469296055916
1634226176.28	750	59.540104	0.0	432340	105	0.75	92.712	0	2724	29.99250187453133
1634226180.01	750	59.875841	0.0	445203	80	0.75	96.712	0	2844	30
1634226184.25	750	59.606429	0.0	428535	73	0.75	100.712	0	2964	30
1634226188.01	750	59.912611	0.0	432915	96	0.75	104.712	0	3084	30
1634226191.78	750	59.94072	0.0	440705	94	0.75	108.713	0	3204	29.99250187453144
1634226196.07	750	59.670829	0.0	464681	80	0.75	112.713	0	3324	30
1634226199.78	750	59.977672	0.0	432462	90	0.75	116.713	0	3444	30
1634226204.04	750	59.750027	0.0	443948	73	0.75	120.715	0	3564	29.985007496251804
