1634272034.88	750	4	0.181	428437	49	-0.7733	0	0	0	0
1634272035.2	300	8	0.0	230725	103	-0.15000000000000002	0	0	0	0
1634272035.38	300	12	0.0	243865	35	0.3	0	0	0	0
1634272035.52	300	16	0.0	220386	37	0.3	0	0	0	0
1634272035.66	300	20	0.0	223780	48	0.3	0	0	0	0
1634272035.79	300	24	0.0	230908	36	0.3	0	0	0	0
1634272035.95	300	28	0.0	243834	44	0.3	0	0	0	0
1634272036.09	300	32	0.0	227454	36	0.3	0	0	0	0
1634272036.23	300	36	0.0	244114	39	0.3	0	0	0	0
1634272036.37	300	40	0.0	227021	42	0.3	0	0	0	0
1634272036.57	300	43.953398	0.0	237387	70	0.3	0	0	0	0
1634272036.7	300	47.791091	0.0	226538	37	0.3	0	0	0	0
1634272036.84	300	51.669868	0.0	219929	46	0.3	0	0	0	0
1634272036.98	300	55.508721	0.0	225981	40	0.3	0	0	0	0
1634272037.13	300	59.387857	0.0	235362	43	0.3	0	0	0	0
1634272040.81	300	59.73816	0.0	228066	40	0.3	5.407	0	48	0
1634272045.01	300	59.519206	0.0	233092	34	0.3	9.407	0	168	30
1634272048.75	300	59.897272	0.0	250342	57	0.3	13.408	0	288	29.99250187453137
1634272052.94	300	59.677274	0.0	234538	50	0.3	17.407	0	408	30.00750187546886
1634272056.68	300	59.973203	0.0	234846	62	0.3	21.407	0	529	30.25
1634272060.85	300	59.714347	0.0	245620	51	0.3	25.408	0	649	29.992501874531357
1634272065.08	300	59.455396	0.0	238459	49	0.3	29.409	0	769	29.992501874531385
1634272068.76	300	59.814513	0.0	234371	35	0.3	33.409	0	889	30
1634272072.95	300	59.828318	0.0	238479	43	0.3	37.412	0	1009	29.977516862353234
1634272077.1	300	59.592457	0.0	235849	34	0.3	41.41	0	1129	30.015007503751896
1634272080.8	300	59.892498	0.0	227048	16	0.3	45.41	0	1249	30
1634272085.0	300	59.621905	0.0	241747	19	0.3	49.411	0	1369	29.99250187453133
1634272088.73	300	59.970757	0.0	226846	53	0.3	53.411	0	1489	30
1634272092.9	300	59.709089	0.0	240073	48	0.3	57.416	0	1609	29.962546816479435
1634272097.07	300	59.454817	0.0	224865	41	0.3	61.415	0	1729	30.00750187546885
1634272100.78	300	59.764165	0.0	223555	34	0.3	65.416	0	1849	29.992501874531385
1634272105.03	300	59.547699	0.0	236661	51	0.3	69.416	0	1969	30
1634272108.78	300	59.846245	0.0	224869	57	0.3	73.416	0	2089	30
1634272112.96	300	59.588098	0.0	220416	39	0.3	77.419	0	2209	29.977516862353234
1634272116.66	300	59.88699	0.0	232283	38	0.3	81.419	0	2329	30
1634272120.87	300	59.901178	0.0	216316	37	0.3	85.419	0	2449	30
1634272125.08	300	59.640905	0.0	221305	37	0.3	89.419	0	2569	30
1634272128.76	300	59.98981	0.0	225701	39	0.3	93.42	0	2689	29.99250187453133
1634272132.97	300	59.770726	0.0	232001	39	0.3	97.42	0	2809	30
1634272137.15	300	59.541735	0.0	225146	35	0.3	101.421	0	2929	29.99250187453133
1634272140.87	300	59.844548	0.0	234577	61	0.3	105.421	0	3049	30
1634272145.09	300	59.582733	0.0	231377	47	0.3	109.422	0	3169	29.99250187453144
1634272148.77	300	59.882338	0.0	236166	49	0.3	113.422	0	3289	30
1634272152.93	300	59.605508	0.0	218149	37	0.3	117.422	0	3409	30
1634272156.61	300	59.953411	0.0	228342	32	0.3	121.422	0	3529	30
