1634260438.19	750	4	0.193	486588	83	-0.8249	0	0	0	0
1634260438.74	1200	8	0.0	1897149	343	0.75	0	0	0	0
1634260439.21	1200	12	0.0	2016742	324	1.2	0	0	0	0
1634260439.65	1200	16	0.0	1875307	291	1.2	0	0	0	0
1634260440.11	1200	19.713279	0.0	1939196	300	1.2	0	0	0	0
1634260440.61	1200	23.229023	0.0	1957925	308	1.2	0	0	0	0
1634260441.13	1200	26.716667	0.0	2010152	318	1.2	0	0	0	0
1634260441.61	1200	30.217502	0.0	1961069	278	1.2	5.252	2	102	0
1634260442.2	1200	33.612751	0.0	2006297	299	1.2	5.252	2	102	0
1634260442.71	1200	37.127339	0.0	1835501	332	1.2	5.252	2	102	0
1634260443.27	1200	40.583334	0.0	1999882	345	1.2	5.252	2	102	0
1634260443.81	1200	44.05	0.0	1904004	307	1.2	5.252	2	102	0
1634260444.25	1200	47.5509	0.0	1807550	290	1.2	5.252	2	102	0
1634260444.7	1200	51.106537	0.0	1917549	296	1.2	5.252	2	102	0
1634260445.22	1200	54.633334	0.0	1985515	321	1.2	5.252	2	102	0
1634260445.74	1200	58.116667	0.0	1935615	312	1.2	9.251	8	343	58.764691172793206
1634260448.3	1200	59.545988	0.0	2005418	320	1.2	9.251	8	343	58.764691172793206
1634260452.31	1200	59.576384	0.0	2047855	316	1.2	13.252	13	583	58.73531617095724
1634260456.37	1200	59.597385	0.0	1914857	294	1.2	17.251	15	823	59.51487871967991
1634260460.4	1200	59.622871	0.0	1992793	314	1.2	21.252	16	1063	59.73506623344167
1634260463.96	1200	59.933334	0.0	1930629	298	1.2	25.252	17	1303	59.75
1634260467.99	1200	59.957488	0.0	1998676	311	1.2	29.252	19	1543	59.5
1634260472.48	1200	59.460244	0.0	1905916	299	1.2	33.273	19	1784	59.935339467794016
1634260476.52	1200	59.488201	0.0	1979510	309	1.2	37.273	19	2024	60
1634260480.13	1200	59.790461	0.0	1948438	388	1.2	41.274	21	2264	59.48512871782058
1634260484.14	1200	59.825512	0.0	1944346	323	1.2	45.274	21	2504	60
1634260488.18	1200	59.89807	0.0	1962959	279	1.2	49.273	22	2744	59.76494123530879
1634260492.19	1200	59.643099	0.0	1917405	294	1.2	53.274	22	2984	59.98500374906277
1634260496.22	1200	59.676241	0.0	1913569	332	1.2	57.274	22	3224	60
1634260500.25	1200	59.703291	0.0	1937554	317	1.2	61.276	22	3464	59.970014992503714
1634260504.31	1200	59.735405	0.0	1930915	304	1.2	65.275	23	3704	59.76494123530879
1634260508.4	1200	59.479369	0.0	1953420	359	1.2	69.276	23	3944	59.98500374906288
1634260512.43	1200	59.503675	0.0	1957352	340	1.2	73.276	24	4184	59.75
1634260516.46	1200	59.525478	0.0	1903803	327	1.2	77.277	25	4424	59.73506623344157
1634260520.06	1200	59.85218	0.0	1953737	367	1.2	81.277	25	4664	60
1634260524.05	1200	59.881078	0.0	1836534	297	1.2	85.277	25	4904	60
1634260528.03	1200	59.91822	0.0	1850984	301	1.2	89.277	25	5144	60
1634260532.09	1200	59.935266	0.0	1870734	316	1.2	93.278	25	5384	59.98500374906266
1634260536.13	1200	59.681318	0.0	1939450	326	1.2	97.277	25	5624	60.01500375093781
1634260540.2	1200	59.738603	0.0	1891175	380	1.2	101.294	25	5865	59.99502116006976
1634260544.26	1200	59.797797	0.0	1976624	351	1.2	105.295	25	6105	59.98500374906266
1634260548.31	1200	59.535577	0.0	1959927	328	1.2	109.303	25	6346	60.129740518962144
1634260552.34	1200	59.564482	0.0	1936346	336	1.2	113.295	25	6585	59.86973947895785
1634260556.36	1200	59.598654	0.0	1823593	360	1.2	117.295	25	6825	60
1634260560.33	1200	59.666667	0.0	1951549	308	1.2	121.296	25	7065	59.98500374906266
