1634261375.48	750	4	0.181	486588	90	-0.7733	0	0	0	0
1634261375.8	750	8	0.0	731620	121	0.75	0	0	0	0
1634261376.03	750	12	0.0	760090	121	0.75	0	0	0	0
1634261376.25	750	15.918036	0.0	714177	111	0.75	0	0	0	0
1634261376.48	750	19.676199	0.0	733262	128	0.75	0	0	0	0
1634261376.71	750	23.474067	0.0	751224	126	0.75	0	0	0	0
1634261376.97	750	27.191159	0.0	740489	120	0.75	0	0	0	0
1634261377.2	750	30.989503	0.0	729701	112	0.75	0	0	0	0
1634261377.48	750	34.706872	0.0	759037	120	0.75	0	0	0	0
1634261377.75	750	38.423283	0.0	703222	116	0.75	0	0	0	0
1634261378.0	750	42.18103	0.0	743449	99	0.75	0	0	0	0
1634261378.24	750	45.938739	0.0	705495	117	0.75	0	0	0	0
1634261378.49	750	49.695813	0.0	692056	110	0.75	0	0	0	0
1634261378.71	750	53.453899	0.0	733216	112	0.75	0	0	0	0
1634261378.97	750	57.210669	0.0	754497	123	0.75	4.605	0	164	0
1634261380.71	750	59.551894	0.0	733656	112	0.75	4.605	0	164	0
1634261384.49	750	59.862037	0.0	719773	117	0.75	8.621	1	405	59.7609561752988
1634261388.32	750	59.877876	0.0	765634	124	0.75	12.621	1	645	60
1634261392.63	750	59.613768	0.0	724551	132	0.75	16.621	1	885	60.00000000000003
1634261396.46	750	59.913503	0.0	741256	127	0.75	20.621	1	1125	60
1634261400.76	750	59.645163	0.0	740368	109	0.75	24.621	1	1365	60
1634261404.53	750	59.668746	0.0	734192	121	0.75	28.622	1	1606	60.23494126468381
1634261408.31	750	59.981158	0.0	736650	122	0.75	32.623	1	1846	59.98500374906277
1634261412.65	750	59.714209	0.0	765755	120	0.75	36.623	1	2086	60
1634261416.91	750	59.457357	0.0	741305	110	0.75	40.623	1	2326	60
1634261420.71	750	59.485925	0.0	732007	128	0.75	44.623	1	2566	60
1634261424.52	750	59.79243	0.0	730771	114	0.75	48.623	1	2806	60
1634261428.85	750	59.540812	0.0	730130	135	0.75	52.624	1	3046	59.98500374906266
1634261432.61	750	59.834105	0.0	719311	120	0.75	56.625	1	3286	59.98500374906277
1634261436.37	750	59.854394	0.0	719647	118	0.75	60.626	1	3526	59.98500374906277
1634261440.65	750	59.627234	0.0	722872	112	0.75	64.627	1	3766	59.98500374906277
1634261444.47	750	59.938465	0.0	740779	122	0.75	68.627	1	4006	60
1634261448.28	750	59.96513	0.0	735421	133	0.75	72.629	1	4246	59.97001499250361
1634261452.59	750	59.70276	0.0	693798	110	0.75	76.629	1	4486	60
1634261456.87	750	59.430937	0.0	727502	127	0.75	80.631	1	4726	59.97001499250382
1634261460.64	750	59.743332	0.0	675507	120	0.75	84.631	1	4966	60
1634261464.43	750	59.761897	0.0	700902	110	0.75	88.632	1	5206	59.98500374906266
1634261468.7	750	59.507501	0.0	701249	118	0.75	92.631	1	5446	60.01500375093781
1634261472.48	750	59.822647	0.0	730132	126	0.75	96.633	1	5686	59.97001499250382
1634261476.76	750	59.570379	0.0	711025	119	0.75	100.633	1	5926	60
1634261480.58	750	59.633334	0.0	727719	107	0.75	104.633	1	6166	60
1634261484.37	750	59.948003	0.0	737895	123	0.75	108.634	1	6406	59.98500374906266
1634261488.62	750	59.678994	0.0	715541	84	0.75	112.634	1	6646	60
1634261492.36	750	59.989435	0.0	673063	107	0.75	116.634	1	6886	60
1634261496.64	750	59.766667	0.0	734241	105	0.75	120.635	1	7126	59.98500374906266
