1634261142.77	750	4	0.16	486588	74	-0.6829999999999999	0	0	0	0
1634261143.05	750	8	0.0	731620	117	0.75	0	0	0	0
1634261143.28	750	12	0.0	760090	134	0.75	0	0	0	0
1634261143.5	750	16	0.0	714177	110	0.75	0	0	0	0
1634261143.76	750	20	0.0	733262	121	0.75	0	0	0	0
1634261144.0	750	24	0.0	751224	127	0.75	0	0	0	0
1634261144.23	750	28	0.0	740489	118	0.75	0	0	0	0
1634261144.45	750	31.912503	0.0	729701	116	0.75	0	0	0	0
1634261144.7	750	35.67079	0.0	759037	116	0.75	0	0	0	0
1634261144.96	750	39.428033	0.0	703222	111	0.75	0	0	0	0
1634261145.22	750	43.1455	0.0	743449	119	0.75	0	0	0	0
1634261145.49	750	46.903295	0.0	705495	125	0.75	0	0	0	0
1634261145.73	750	50.619633	0.0	692056	115	0.75	0	0	0	0
1634261145.99	750	54.37715	0.0	733216	117	0.75	0	0	0	0
1634261146.36	750	58.012202	0.0	754497	123	0.75	5.25	0	103	0
1634261149.11	750	59.456451	0.0	733656	117	0.75	5.25	0	103	0
1634261152.92	750	59.486103	0.0	719773	117	0.75	9.251	1	343	59.73506623344165
1634261156.71	750	59.797829	0.0	765634	129	0.75	13.25	1	583	60.01500375093772
1634261160.99	750	59.541151	0.0	724551	117	0.75	17.251	1	823	59.98500374906271
1634261164.76	750	59.878269	0.0	741256	101	0.75	21.251	1	1063	60
1634261168.58	750	59.9	0.0	740368	129	0.75	25.252	1	1303	59.98500374906277
1634261172.86	750	59.642919	0.0	734192	117	0.75	29.251	1	1543	60.0150037509377
1634261176.67	750	59.941702	0.0	736650	111	0.75	33.252	1	1783	59.98500374906271
1634261180.96	750	59.430274	0.0	765755	124	0.75	37.252	1	2023	60
1634261184.75	750	59.731458	0.0	741305	130	0.75	41.252	1	2263	60
1634261189.07	750	59.460149	0.0	732007	142	0.75	45.253	1	2503	59.98500374906277
1634261192.86	750	59.801326	0.0	730771	119	0.75	49.252	1	2743	60.0150037509377
1634261196.62	750	59.820368	0.0	730130	98	0.75	53.252	1	2983	60
1634261200.9	750	59.579366	0.0	719311	113	0.75	57.253	1	3223	59.98500374906277
1634261204.67	750	59.880688	0.0	719647	122	0.75	61.254	1	3463	59.98500374906277
1634261208.45	750	59.905674	0.0	722872	95	0.75	65.254	1	3703	59.99999999999989
1634261212.78	750	59.645096	0.0	740779	124	0.75	69.254	1	3943	60
1634261216.57	750	59.993687	0.0	735421	123	0.75	73.255	1	4183	59.98500374906288
1634261220.85	750	59.722654	0.0	693798	92	0.75	77.257	1	4423	59.97001499250361
1634261224.63	750	59.744485	0.0	727502	114	0.75	81.26	1	4663	59.95503372470647
1634261228.95	750	59.518937	0.0	675507	123	0.75	85.259	1	4903	60.01500375093781
1634261232.71	750	59.857352	0.0	700902	122	0.75	89.26	1	5143	59.98500374906266
1634261236.51	750	59.879355	0.0	701249	109	0.75	93.26	1	5383	60
1634261240.81	750	59.619109	0.0	730132	114	0.75	97.262	1	5623	59.97001499250382
1634261244.59	750	59.928108	0.0	711025	119	0.75	101.261	1	5863	60.01500375093781
1634261248.44	750	59.983334	0.0	727719	126	0.75	105.261	1	6103	60
1634261252.72	750	59.71804	0.0	737895	113	0.75	109.262	1	6343	59.98500374906266
1634261256.98	750	59.450313	0.0	715541	108	0.75	113.279	1	6584	59.99502116006976
1634261260.77	750	59.752449	0.0	673063	112	0.75	117.279	1	6824	60
1634261265.03	750	59.52962	0.0	734241	95	0.75	121.28	1	7064	59.98500374906266
