1634270609.36	750	4	0.189	428437	40	-0.8077	0	0	0	0
1634270609.69	1200	8	0.0	1070596	167	0.75	0	0	0	0
1634270610.02	1200	12	0.0	1102185	103	1.2	0	0	0	0
1634270610.31	1200	16	0.0	1050918	169	1.2	0	0	0	0
1634270610.64	1200	20	0.0	1076009	180	1.2	0	0	0	0
1634270610.98	1200	24	0.0	1074962	161	1.2	0	0	0	0
1634270611.31	1200	28	0.0	1089013	182	1.2	0	0	0	0
1634270611.65	1200	31.71318	0.0	1085191	188	1.2	0	0	0	0
1634270611.98	1200	35.348367	0.0	1067569	191	1.2	0	0	0	0
1634270612.29	1200	39.066667	0.0	1068135	173	1.2	0	0	0	0
1634270612.71	1200	42.621272	0.0	1112498	271	1.2	5.369	0	37	0
1634270613.04	1200	46.298936	0.0	1102305	178	1.2	5.369	0	37	0
1634270613.37	1200	49.976355	0.0	1058097	174	1.2	5.369	0	37	0
1634270613.7	1200	53.653523	0.0	1067149	168	1.2	5.369	0	37	0
1634270614.04	1200	57.331075	0.0	1065119	166	1.2	5.369	0	37	0
1634270615.92	1200	59.467835	0.0	1079756	173	1.2	5.369	0	37	0
1634270619.83	1200	59.756691	0.0	1099272	180	1.2	9.369	0	157	30
1634270623.73	1200	59.820434	0.0	1076487	178	1.2	13.369	0	277	30
1634270627.57	1200	59.880135	0.0	1074867	162	1.2	17.37	0	397	29.992501874531357
1634270631.94	1200	59.607854	0.0	1047892	173	1.2	21.37	0	517	30
1634270635.79	1200	59.622266	0.0	1079491	170	1.2	25.37	0	637	30
1634270639.68	1200	59.673489	0.0	1168595	206	1.2	29.391	0	757	29.843322556577988
1634270643.59	1200	59.982682	0.0	1155651	184	1.2	33.39	0	877	30.00750187546885
1634270647.99	1200	59.4694	0.0	1068823	178	1.2	37.391	0	997	29.992501874531385
1634270651.67	1200	59.766667	0.0	1083472	23	1.2	41.391	0	1117	30
1634270655.6	1200	59.774351	0.0	1069893	214	1.2	45.392	0	1237	29.99250187453133
1634270659.94	1200	59.509511	0.0	1072481	173	1.2	49.392	0	1357	30
1634270663.79	1200	59.826263	0.0	1056021	194	1.2	53.392	0	1477	30
1634270667.69	1200	59.88869	0.0	1088699	173	1.2	57.393	0	1597	29.992501874531385
1634270671.54	1200	59.914433	0.0	1069675	163	1.2	61.394	0	1717	29.992501874531385
1634270675.94	1200	59.4521	0.0	1102469	190	1.2	65.394	0	1837	29.999999999999947
1634270679.85	1200	59.512505	0.0	1136712	175	1.2	69.397	0	1957	29.977516862353234
1634270683.77	1200	59.856187	0.0	1076114	191	1.2	73.397	0	2077	30
1634270687.67	1200	59.9093	0.0	1045544	154	1.2	77.397	0	2197	30
1634270691.65	1200	59.96348	0.0	1122544	184	1.2	81.397	0	2317	30
1634270695.53	1200	59.99322	0.0	1061011	167	1.2	85.397	0	2437	30
1634270699.9	1200	59.734348	0.0	1059811	176	1.2	89.398	0	2557	29.99250187453144
1634270703.79	1200	59.75855	0.0	1073475	190	1.2	93.4	0	2678	30.234882558720567
1634270707.64	1200	59.775242	0.0	1094517	155	1.2	97.399	0	2797	29.757439359839996
1634270711.57	1200	59.805158	0.0	1082819	243	1.2	101.4	0	2918	30.242439390152427
1634270715.42	1200	59.927824	0.0	1068766	168	1.2	105.401	0	3037	29.742564358910343
1634270719.82	1200	59.663645	0.0	1111544	188	1.2	109.401	0	3158	30.25
1634270723.71	1200	59.681362	0.0	1172967	193	1.2	113.402	0	3278	29.99250187453133
1634270727.56	1200	59.973259	0.0	1102175	175	1.2	117.401	0	3398	30.007501875468904
1634270731.92	1200	59.436525	0.0	1099116	193	1.2	121.401	0	3518	30
