1634565421.09	750	4	0.754	3036909	488	-3.2372	0	0	0	0
1634565421.95	2850	8	0.0	3386615	599	0.75	0	0	0	0
1634565422.78	2850	12	0.0	3586104	608	2.85	0	0	0	0
1634565423.85	2850	15.871206	0.0	3501908	586	2.85	5.914	0	1	0
1634565424.66	2850	18.777733	0.0	3531955	579	2.85	5.914	0	1	0
1634565425.46	2850	22.002926	0.0	3444309	484	2.85	5.914	0	1	0
1634565426.23	2850	25.235862	0.0	3205998	550	2.85	5.914	0	1	0
1634565427.03	2850	28.433334	0.0	3248360	543	2.85	5.914	0	1	0
1634565427.88	2850	31.6	0.0	3555680	595	2.85	9.914	0	121	30
1634565428.68	2850	34.76932	0.0	3546563	593	2.85	9.914	0	121	30
1634565429.53	2850	37.933334	0.0	3539598	592	2.85	9.914	0	121	30
1634565430.35	2850	41.112149	0.0	3476933	576	2.85	9.914	0	121	30
1634565431.15	2850	44.302625	0.0	3620433	606	2.85	9.914	0	121	30
1634565431.94	2850	47.533767	0.0	3190654	538	2.85	13.914	1	241	29.75
1634565432.71	2850	50.726562	0.0	3399357	551	2.85	13.914	1	241	29.75
1634565433.53	2850	53.933334	0.0	3569058	553	2.85	13.914	1	241	29.75
