1634231803.95	750	4	0.204	428437	110	-0.8722	0	0	0	0
1634231804.3	1200	8	0.0	1070596	158	0.75	0	0	0	0
1634231804.64	1200	11.869711	0.0	1102185	234	1.2	0	0	0	0
1634231804.95	1200	15.588222	0.0	1050918	175	1.2	0	0	0	0
1634231807.18	1200	17.357682	0.0	1076009	525	1.2	0	0	0	0
1634231810.61	1200	17.908315	0.0	1074962	3260	1.2	4.628	0	86	0
1634231812.04	1200	21.505212	0.0	1089013	244	1.2	4.628	0	86	0
1634231812.51	1200	24.046767	0.0	1085191	242	1.2	9.352	0	228	30.059271803556307
1634231812.91	1200	27.641082	0.0	1067569	223	1.2	9.352	0	228	30.059271803556307
1634231813.32	1200	31.238102	0.0	1068135	215	1.2	9.352	0	228	30.059271803556307
1634231813.67	1200	34.874608	0.0	1112498	205	1.2	9.352	0	228	30.059271803556307
1634231814.06	1200	38.471019	0.0	1102305	254	1.2	9.352	0	228	30.059271803556307
1634231815.49	1200	41.049007	0.0	1058097	1246	1.2	9.352	0	228	30.059271803556307
1634231815.93	1200	44.605807	0.0	1067149	299	1.2	9.352	0	228	30.059271803556307
1634231816.27	1200	48.241639	0.0	1065119	189	1.2	13.357	0	348	29.962546816479406
1634231816.68	1200	51.878957	0.0	1079756	261	1.2	13.357	0	348	29.962546816479406
1634231817.08	1200	55.435044	0.0	1099272	248	1.2	13.357	0	348	29.962546816479406
1634231817.48	1200	59.071968	0.0	1076487	239	1.2	13.357	0	348	29.962546816479406
1634231820.89	1200	59.900572	0.0	1074867	206	1.2	17.357	0	468	30
1634231824.81	1200	59.920212	0.0	1047892	235	1.2	21.358	0	588	29.992501874531357
1634231828.8	1200	59.949424	0.0	1079491	298	1.2	25.357	0	708	30.007501875468876
1634231832.8	1200	59.980128	0.0	1168595	239	1.2	29.358	0	828	29.992501874531357
1634231837.24	1200	59.463608	0.0	1155651	234	1.2	33.358	0	948	30.00000000000003
1634231840.74	1200	59.796341	0.0	1068823	287	1.2	37.358	0	1068	30
1634231845.05	1200	59.526172	0.0	1083472	13	1.2	41.368	0	1189	30.174563591022405
1634231848.94	1200	59.838549	0.0	1069893	236	1.2	45.369	0	1309	29.992501874531385
1634231852.9	1200	59.858742	0.0	1072481	248	1.2	49.368	0	1429	30.00750187546885
1634231856.86	1200	59.883271	0.0	1056021	245	1.2	53.369	0	1549	29.992501874531385
1634231860.73	1200	59.902214	0.0	1088699	215	1.2	57.37	0	1669	29.992501874531385
1634231865.05	1200	59.629477	0.0	1069675	174	1.2	61.37	0	1789	30
1634231868.93	1200	59.652356	0.0	1102469	192	1.2	65.37	0	1909	29.999999999999947
1634231872.84	1200	59.96038	0.0	1136712	225	1.2	69.371	0	2029	29.99250187453144
1634231876.7	1200	59.981588	0.0	1076114	167	1.2	73.372	0	2149	29.99250187453133
1634231881.08	1200	59.474047	0.0	1045544	185	1.2	77.372	0	2269	30
1634231885.0	1200	59.808501	0.0	1122544	263	1.2	81.371	0	2389	30.007501875468904
1634231888.94	1200	59.834234	0.0	1061011	225	1.2	85.372	0	2509	29.99250187453133
1634231892.83	1200	59.891835	0.0	1059811	185	1.2	89.372	0	2629	30
1634231896.83	1200	59.911691	0.0	1073475	290	1.2	93.373	0	2749	29.99250187453133
1634231900.78	1200	59.933334	0.0	1094517	249	1.2	97.372	0	2869	30.007501875468904
1634231904.63	1200	59.939533	0.0	1082819	179	1.2	101.374	0	2989	29.98500749625191
1634231908.98	1200	59.664558	0.0	1068766	181	1.2	105.375	0	3109	29.99250187453133
1634231912.88	1200	59.677947	0.0	1111544	183	1.2	109.374	0	3229	30.007501875468904
1634231916.77	1200	59.985361	0.0	1172967	192	1.2	113.374	0	3349	30
1634231921.14	1200	59.459572	0.0	1102175	213	1.2	117.374	0	3469	30
1634231925.0	1200	59.767738	0.0	1099116	201	1.2	121.375	0	3589	29.99250187453133
