1634273741.23	750	4	0.211	486588	79	-0.9023	0	0	0	0
1634273741.82	1200	8	0.0	1897149	314	0.75	0	0	0	0
1634273742.33	1200	12	0.0	2016742	318	1.2	0	0	0	0
1634273742.8	1200	15.8	0.0	1875307	284	1.2	0	0	0	0
1634273743.3	1200	19.303803	0.0	1939196	313	1.2	0	0	0	0
1634273743.85	1200	22.766667	0.0	1957925	322	1.2	0	0	0	0
1634273744.53	1200	26.233334	0.0	2010152	327	1.2	0	0	0	0
1634273745.07	1200	29.533334	0.0	1961069	328	1.2	5.475	4	123	0
1634273745.62	1200	33	0.0	2006297	346	1.2	5.475	4	123	0
1634273746.21	1200	36.466667	0.0	1835501	286	1.2	5.475	4	123	0
1634273746.81	1200	39.833334	0.0	1999882	353	1.2	5.475	4	123	0
1634273747.36	1200	43.283334	0.0	1904004	320	1.2	5.475	4	123	0
1634273747.84	1200	46.777171	0.0	1807550	248	1.2	5.475	4	123	0
1634273748.33	1200	50.266667	0.0	1917549	303	1.2	5.475	4	123	0
1634273748.83	1200	53.783334	0.0	1985515	312	1.2	9.475	18	363	56.5
1634273749.34	1200	57.283334	0.0	1935615	311	1.2	9.475	18	363	56.5
1634273750.9	1200	59.783762	0.0	2005418	311	1.2	9.475	18	363	56.5
1634273755.0	1200	59.809303	0.0	2047855	347	1.2	13.475	28	603	57.5
1634273759.06	1200	59.536093	0.0	1914857	298	1.2	17.476	32	843	58.98525368657836
1634273763.11	1200	59.568054	0.0	1992793	324	1.2	21.476	34	1083	59.5
1634273767.17	1200	59.584819	0.0	1930629	310	1.2	25.476	35	1323	59.75
1634273770.74	1200	59.927557	0.0	1998676	296	1.2	29.476	36	1563	59.75
1634273774.78	1200	59.946014	0.0	1905916	293	1.2	33.478	37	1803	59.72013993003495
1634273778.86	1200	59.965355	0.0	1979510	328	1.2	37.481	38	2043	59.70522108418686
1634273782.89	1200	59.745366	0.0	1948438	295	1.2	41.481	39	2283	59.75
1634273786.92	1200	59.770698	0.0	1944346	314	1.2	45.482	41	2523	59.48512871782058
1634273791.0	1200	59.826016	0.0	1962959	309	1.2	49.481	43	2763	59.514878719679885
1634273795.06	1200	59.561964	0.0	1917405	306	1.2	53.482	46	3003	59.23519120219949
1634273799.17	1200	59.583451	0.0	1913569	345	1.2	57.482	48	3243	59.5
1634273802.72	1200	59.881355	0.0	1937554	325	1.2	61.482	50	3483	59.5
1634273806.82	1200	59.904381	0.0	1930915	326	1.2	65.483	53	3723	59.23519120219938
1634273811.03	1200	59.679014	0.0	1953420	379	1.2	69.483	59	3963	58.5
1634273815.16	1200	59.444261	0.0	1957352	350	1.2	73.483	62	4203	59.25
1634273819.33	1200	59.456872	0.0	1903803	395	1.2	77.483	65	4443	59.25
1634273822.99	1200	59.764147	0.0	1953737	394	1.2	81.483	68	4683	59.25
1634273827.06	1200	59.771524	0.0	1836534	321	1.2	85.484	71	4923	59.23519120219959
1634273831.1	1200	59.538857	0.0	1850984	294	1.2	89.484	74	5163	59.25
1634273835.22	1200	59.55	0.0	1870734	327	1.2	93.484	78	5403	59
1634273838.92	1200	59.816667	0.0	1939450	408	1.2	97.484	81	5643	59.25
1634273843.03	1200	59.829498	0.0	1891175	344	1.2	101.485	85	5884	59.23519120219938
1634273847.14	1200	59.562318	0.0	1976624	329	1.2	105.485	88	6124	59.25
1634273850.77	1200	59.904602	0.0	1959927	318	1.2	109.489	93	6364	58.69130869130862
1634273854.95	1200	59.910862	0.0	1936346	401	1.2	113.486	97	6604	59.04428321240931
1634273859.07	1200	59.638338	0.0	1823593	345	1.2	117.487	99	6844	59.485128717820686
1634273862.69	1200	59.945602	0.0	1951549	387	1.2	121.504	102	7085	59.248195170525115
