1634277989.35	750	4	0.186	428437	97	-0.7948	0	0	0	0
1634277989.52	750	8	0.0	427397	45	0.75	0	0	0	0
1634277989.69	750	12	0.0	435939	78	0.75	0	0	0	0
1634277989.86	750	16	0.0	420508	69	0.75	0	0	0	0
1634277990.03	750	19.947582	0.0	431392	75	0.75	0	0	0	0
1634277990.2	750	23.786542	0.0	442512	72	0.75	0	0	0	0
1634277990.38	750	27.585051	0.0	450465	75	0.75	0	0	0	0
1634277990.58	750	31.383589	0.0	454724	74	0.75	0	0	0	0
1634277990.78	750	35.181962	0.0	440962	76	0.75	0	0	0	0
1634277990.99	750	38.979332	0.0	433775	72	0.75	0	0	0	0
1634277991.19	750	42.777708	0.0	445796	77	0.75	0	0	0	0
1634277991.41	750	46.576336	0.0	436832	83	0.75	0	0	0	0
1634277991.59	750	50.374973	0.0	432476	83	0.75	0	0	0	0
1634277991.78	750	54.173234	0.0	422635	74	0.75	0	0	0	0
1634277991.97	750	58.011198	0.0	433467	82	0.75	0	0	0	0
1634277994.69	750	59.449841	0.0	430697	74	0.75	4.73	0	87	0
1634277998.41	750	59.794747	0.0	440079	65	0.75	8.73	0	207	30
1634278002.63	750	59.522243	0.0	448764	79	0.75	12.73	0	327	30
1634278006.38	750	59.859262	0.0	451052	87	0.75	16.73	0	447	30
1634278010.1	750	59.876438	0.0	434071	73	0.75	20.73	0	567	30
1634278014.34	750	59.643179	0.0	440125	81	0.75	24.731	0	687	29.992501874531357
1634278018.08	750	59.948549	0.0	467521	79	0.75	28.731	0	807	30
1634278022.3	750	59.682898	0.0	453405	81	0.75	32.732	0	927	29.992501874531385
1634278026.07	750	59.978012	0.0	437659	101	0.75	36.732	0	1047	30
1634278030.29	750	59.714423	0.0	426987	63	0.75	40.732	0	1167	30
1634278034.53	750	59.446721	0.0	432295	93	0.75	44.732	0	1287	30
1634278038.23	750	59.748097	0.0	432130	75	0.75	48.732	0	1407	30
1634278042.52	750	59.480441	0.0	425788	75	0.75	52.733	0	1527	29.992501874531385
1634278046.23	750	59.786125	0.0	435574	56	0.75	56.733	0	1647	30
1634278050.44	750	59.524821	0.0	420051	64	0.75	60.734	0	1767	29.99250187453133
1634278054.18	750	59.826149	0.0	438225	62	0.75	64.734	0	1887	30.000000000000053
1634278058.4	750	59.845034	0.0	445487	73	0.75	68.734	0	2007	30
1634278062.18	750	59.868098	0.0	431544	77	0.75	72.734	0	2127	30
1634278066.41	750	59.644208	0.0	413330	74	0.75	76.735	0	2247	29.99250187453133
1634278070.13	750	59.966667	0.0	443416	74	0.75	80.734	0	2367	30.007501875468904
1634278074.35	750	59.719531	0.0	427034	96	0.75	84.734	0	2487	30
1634278078.6	750	59.457067	0.0	420805	51	0.75	88.736	0	2607	29.985007496251804
1634278082.31	750	59.761065	0.0	432340	78	0.75	92.736	0	2727	30
1634278086.55	750	59.492347	0.0	445203	67	0.75	96.737	0	2847	29.99250187453144
1634278090.3	750	59.794812	0.0	428535	76	0.75	100.737	0	2967	30
1634278094.53	750	59.526728	0.0	432915	71	0.75	104.737	0	3087	30
1634278098.27	750	59.833841	0.0	440705	74	0.75	108.738	0	3207	29.99250187453133
1634278102.52	750	59.567604	0.0	464681	87	0.75	112.738	0	3327	30
1634278106.22	750	59.869571	0.0	432462	67	0.75	116.738	0	3447	30
1634278110.46	750	59.590304	0.0	443948	80	0.75	120.739	0	3567	29.99250187453133
