1634266106.97	750	4	0.173	486588	77	-0.7389	0	0	0	0
1634266108.19	2850	7.416667	0.0	5862628	921	0.75	0	0	0	0
1634266109.45	2850	10.183334	0.0	5992376	978	2.85	0	0	0	0
1634266110.72	2850	12.9	0.0	5878425	923	2.85	4.569	16	178	0
1634266111.98	2850	15.633334	0.0	5829325	967	2.85	4.569	16	178	0
1634266113.24	2850	18.366667	0.0	5866019	975	2.85	4.569	16	178	0
1634266114.5	2850	21.116667	0.0	5788613	972	2.85	8.576	57	416	49.16396306463688
1634266115.82	2850	23.85	0.0	5923161	967	2.85	8.576	57	416	49.16396306463688
1634266117.18	2850	26.466667	0.0	5919519	999	2.85	8.576	57	416	49.16396306463688
1634266118.41	2850	29.216667	0.0	5874891	944	2.85	8.576	57	416	49.16396306463688
1634266119.66	2850	31.983334	0.0	5870140	918	2.85	12.576	109	657	47.25
1634266121.19	2850	34.483334	0.0	5824696	1186	2.85	12.576	109	657	47.25
1634266122.41	2850	37.2	0.0	5848658	940	2.85	12.576	109	657	47.25
1634266123.61	2850	40	0.0	5692580	911	2.85	16.577	161	898	47.23819045238689
1634266124.83	2850	42.766667	0.0	5914474	938	2.85	16.577	161	898	47.23819045238689
1634266126.06	2850	45.566667	0.0	5868708	950	2.85	16.577	161	898	47.23819045238689
1634266127.26	2850	48.35	0.0	5919318	940	2.85	20.576	199	1138	50.51262815703927
1634266128.5	2850	51.133334	0.0	5962265	962	2.85	20.576	199	1138	50.51262815703927
1634266129.74	2850	53.916667	0.0	5896498	932	2.85	20.576	199	1138	50.51262815703927
1634266130.93	2850	56.683334	0.0	5766523	920	2.85	24.577	240	1378	49.73756560859783
1634266132.95	2850	58.666667	0.0	5865643	1686	2.85	24.577	240	1378	49.73756560859783
1634266135.85	2850	59.72132	0.0	6132065	1055	2.85	28.578	284	1618	48.987753061734594
1634266140.09	2850	59.464892	0.0	5773166	924	2.85	32.578	294	1858	57.49999999999995
1634266143.82	2850	59.781372	0.0	5854602	959	2.85	36.58	304	2099	57.72113943028492
1634266148.08	2850	59.51331	0.0	5829201	961	2.85	40.579	316	2339	57.01425356339082
1634266151.88	2850	59.862393	0.0	5605227	973	2.85	44.58	327	2579	57.235691077230726
1634266155.76	2850	59.933334	0.0	5796172	972	2.85	48.58	345	2819	55.5
1634266160.08	2850	59.591246	0.0	5691022	1012	2.85	52.587	355	3059	57.39955078612421
1634266163.88	2850	59.861602	0.0	5820294	967	2.85	56.587	371	3299	56
1634266167.72	2850	59.921523	0.0	5894902	1031	2.85	60.6	385	3540	56.56615998006482
1634266171.59	2850	59.988472	0.0	6009258	1057	2.85	64.601	395	3780	57.48562859285182
1634266175.95	2850	59.737998	0.0	5894492	1035	2.85	68.601	406	4020	57.25
1634266180.18	2850	59.483334	0.0	5389605	909	2.85	72.601	414	4260	58
1634266183.92	2850	59.787959	0.0	5561198	933	2.85	76.601	424	4500	57.5
1634266187.76	2850	59.823124	0.0	5973981	1000	2.85	80.602	434	4740	57.48562859285172
1634266192.13	2850	59.569816	0.0	5807342	1009	2.85	84.602	450	4980	56
1634266196.04	2850	59.60403	0.0	5705281	1116	2.85	88.602	456	5220	58.5
1634266199.76	2850	59.916851	0.0	5574779	923	2.85	92.602	465	5460	57.75
1634266203.55	2850	59.981477	0.0	5738555	956	2.85	96.602	479	5700	56.5
1634266207.85	2850	59.729004	0.0	5689582	948	2.85	100.602	492	5940	56.75
1634266212.11	2850	59.470248	0.0	5554537	964	2.85	104.603	502	6180	57.485628592851924
1634266215.92	2850	59.780833	0.0	5878688	1014	2.85	108.603	512	6420	57.5
1634266220.2	2850	59.442233	0.0	5895798	1001	2.85	112.603	525	6660	56.75
1634266223.98	2850	59.75344	0.0	5563862	981	2.85	116.604	535	6900	57.48562859285172
1634266227.86	2850	59.780971	0.0	5839216	1078	2.85	120.604	546	7140	57.25
