1634222257.33	750	4	0.299	486588	113	-1.2807	0	0	0	0
1634222257.68	750	8	0.0	731620	139	0.75	0	0	0	0
1634222258.0	750	12	0.0	760090	143	0.75	0	0	0	0
1634222258.3	750	16	0.0	714177	142	0.75	0	0	0	0
1634222258.62	750	20	0.0	733262	132	0.75	0	0	0	0
1634222258.97	750	24	0.0	751224	124	0.75	0	0	0	0
1634222259.36	750	27.866667	0.0	740489	202	0.75	0	0	0	0
1634222259.66	750	31.573216	0.0	729701	130	0.75	0	0	0	0
1634222260.08	750	35.25	0.0	759037	171	0.75	0	0	0	0
1634222260.39	750	38.844149	0.0	703222	143	0.75	5.599	0	64	0
1634222260.71	750	42.519829	0.0	743449	139	0.75	5.599	0	64	0
1634222261.02	750	46.236923	0.0	705495	124	0.75	5.599	0	64	0
1634222261.3	750	49.952491	0.0	692056	114	0.75	5.599	0	64	0
1634222261.71	750	53.547588	0.0	733216	137	0.75	5.599	0	64	0
1634222262.02	750	57.222655	0.0	754497	128	0.75	5.599	0	64	0
1634222263.45	750	59.966667	0.0	733656	177	0.75	5.599	0	64	0
1634222267.32	750	59.979147	0.0	719773	152	0.75	9.598	2	304	59.51487871967991
1634222271.72	750	59.707974	0.0	765634	168	0.75	13.599	2	544	59.98500374906274
1634222275.59	750	59.797524	0.0	724551	104	0.75	17.599	2	784	60
1634222279.44	750	59.818895	0.0	741256	144	0.75	21.6	2	1024	59.98500374906271
1634222283.79	750	59.585967	0.0	740368	146	0.75	25.601	2	1264	59.98500374906277
1634222287.65	750	59.597334	0.0	734192	159	0.75	29.601	2	1504	60
1634222291.52	750	59.896239	0.0	736650	148	0.75	33.601	2	1744	60
1634222295.41	750	59.907431	0.0	765755	130	0.75	37.601	2	1984	60
1634222299.73	750	59.640062	0.0	741305	124	0.75	41.601	2	2224	60
1634222303.57	750	59.686339	0.0	732007	124	0.75	45.603	2	2464	59.970014992503714
1634222307.43	750	59.983362	0.0	730771	148	0.75	49.603	2	2704	60
1634222311.79	750	59.437439	0.0	730130	157	0.75	53.604	2	2944	59.98500374906277
1634222315.65	750	59.766912	0.0	719311	151	0.75	57.604	2	3184	60
1634222319.49	750	59.783334	0.0	719647	146	0.75	61.604	2	3424	60
1634222323.87	750	59.521377	0.0	722872	136	0.75	65.607	2	3665	60.20484636522608
1634222327.74	750	59.547561	0.0	740779	112	0.75	69.608	2	3905	59.98500374906266
1634222331.59	750	59.89083	0.0	735421	133	0.75	73.608	2	4145	60
1634222335.43	750	59.907107	0.0	693798	135	0.75	77.61	2	4385	59.97001499250382
1634222339.8	750	59.635807	0.0	727502	169	0.75	81.61	2	4625	60
1634222343.62	750	59.647243	0.0	675507	133	0.75	85.61	2	4865	60
1634222347.46	750	59.950042	0.0	700902	125	0.75	89.611	2	5105	59.98500374906266
1634222351.29	750	59.960401	0.0	701249	134	0.75	93.611	2	5345	60
1634222355.65	750	59.688621	0.0	730132	151	0.75	97.611	2	5585	60
1634222359.53	750	59.733783	0.0	711025	143	0.75	101.612	2	5825	59.98500374906288
1634222363.86	750	59.469477	0.0	727719	132	0.75	105.612	2	6065	60
1634222367.7	750	59.779833	0.0	737895	144	0.75	109.613	2	6305	59.98500374906266
1634222371.58	750	59.842304	0.0	715541	146	0.75	113.612	3	6545	59.764941235308896
1634222375.37	750	59.867322	0.0	673063	108	0.75	117.612	3	6785	60
1634222379.7	750	59.635936	0.0	734241	141	0.75	121.613	3	7025	59.98500374906266
