1634564794.63	750	4	0.687	3036909	536	-2.9491	0	0	0	0
1634564795.45	2850	8	0.0	3386615	596	0.75	0	0	0	0
1634564796.32	2850	11.166667	0.0	3586104	631	2.85	0	0	0	0
1634564797.3	2850	14.2	0.0	3501908	713	2.85	0	0	0	0
1634564798.18	2850	17.290888	0.0	3531955	652	2.85	4.566	0	62	0
1634564799.03	2850	20.441279	0.0	3444309	613	2.85	4.566	0	62	0
1634564799.85	2850	23.635817	0.0	3205998	574	2.85	4.566	0	62	0
1634564800.68	2850	26.833334	0.0	3248360	553	2.85	4.566	0	62	0
1634564801.54	2850	29.979689	0.0	3555680	586	2.85	8.567	1	182	29.74256435891027
1634564802.41	2850	33.1	0.0	3546563	567	2.85	8.567	1	182	29.74256435891027
1634564803.31	2850	36.2	0.0	3539598	575	2.85	8.567	1	182	29.74256435891027
1634564804.18	2850	39.353452	0.0	3476933	632	2.85	8.567	1	182	29.74256435891027
1634564804.99	2850	42.503468	0.0	3620433	590	2.85	8.567	1	182	29.74256435891027
1634564805.8	2850	45.696416	0.0	3190654	555	2.85	12.567	2	302	29.75
1634564806.63	2850	48.848813	0.0	3399357	591	2.85	12.567	2	302	29.75
1634564807.52	2850	51.966667	0.0	3569058	640	2.85	12.567	2	302	29.75
1634564808.29	2850	55.192833	0.0	3287978	557	2.85	12.567	2	302	29.75
1634564809.13	2850	58.341489	0.0	3475297	607	2.85	12.567	2	302	29.75
1634564811.95	2850	59.655882	0.0	3296099	504	2.85	16.57	2	422	29.977516862353234
1634564815.76	2850	59.714557	0.0	3293432	545	2.85	20.571	2	542	29.992501874531357
1634564820.1	2850	59.439031	0.0	3414567	574	2.85	24.57	2	662	30.007501875468876
1634564824.0	2850	59.503879	0.0	3553990	617	2.85	28.571	2	782	29.992501874531357
1634564828.02	2850	59.56134	0.0	3427270	728	2.85	32.572	2	902	29.992501874531357
1634564831.91	2850	59.644235	0.0	3464546	572	2.85	36.571	2	1022	30.007501875468904
1634564835.74	2850	59.939939	0.0	3459464	571	2.85	40.572	2	1142	29.99250187453133
1634564839.66	2850	59.945516	0.0	3432163	599	2.85	44.573	2	1262	29.992501874531385
1634564844.0	2850	59.680923	0.0	3415309	575	2.85	48.572	2	1382	30.00750187546885
1634564847.88	2850	59.696996	0.0	3418924	577	2.85	52.573	2	1502	29.992501874531385
1634564851.88	2850	59.751611	0.0	3506963	718	2.85	56.573	2	1622	30
1634564855.77	2850	59.805612	0.0	3411457	576	2.85	60.573	2	1742	30
1634564859.72	2850	59.858508	0.0	3568841	670	2.85	64.573	2	1862	30.000000000000053
1634564863.67	2850	59.913439	0.0	3815334	616	2.85	68.574	2	1982	29.99250187453133
1634564867.97	2850	59.685	0.0	3107165	494	2.85	72.574	2	2102	30
1634564871.85	2850	59.7	0.0	3148294	589	2.85	76.575	2	2222	29.99250187453133
1634564875.99	2850	59.717991	0.0	3479484	831	2.85	80.574	2	2342	30.007501875468904
1634564880.12	2850	59.448073	0.0	3598947	1295	2.85	84.575	2	2462	29.99250187453133
1634564883.99	2850	59.492919	0.0	3497759	602	2.85	88.575	2	2582	30
1634564887.84	2850	59.792568	0.0	3344024	565	2.85	92.575	2	2702	30
1634564892.17	2850	59.517883	0.0	3478234	558	2.85	96.575	2	2822	30
1634564896.08	2850	59.526093	0.0	3327377	645	2.85	100.576	2	2942	29.99250187453144
1634564899.89	2850	59.816315	0.0	3297178	541	2.85	104.576	2	3062	30
1634564903.73	2850	59.841314	0.0	3549847	576	2.85	108.578	2	3182	29.985007496251804
1634564907.63	2850	59.905586	0.0	3747189	616	2.85	112.576	2	3302	30.01500750375195
1634564911.67	2850	59.908274	0.0	3482342	781	2.85	116.577	2	3422	29.99250187453133
1634564915.64	2850	59.917495	0.0	3508126	708	2.85	120.614	2	3543	29.972752043596685
