1634229697.69	750	4	0.248	486588	101	-1.0614	0	0	0	0
1634229697.91	300	8	0.0	518070	109	-0.15000000000000002	0	0	0	0
1634229698.1	300	12	0.0	488296	96	0.3	0	0	0	0
1634229698.31	300	16	0.0	505467	96	0.3	0	0	0	0
1634229698.54	300	20	0.0	474784	91	0.3	0	0	0	0
1634229698.72	300	24	0.0	523060	55	0.3	0	0	0	0
1634229698.91	300	28	0.0	475799	73	0.3	0	0	0	0
1634229699.15	300	31.915256	0.0	494810	113	0.3	0	0	0	0
1634229699.36	300	35.712389	0.0	509476	96	0.3	0	0	0	0
1634229699.54	300	39.506832	0.0	459558	84	0.3	0	0	0	0
1634229699.75	300	43.304802	0.0	502767	86	0.3	0	0	0	0
1634229699.96	300	47.102963	0.0	488586	91	0.3	0	0	0	0
1634229700.16	300	50.90022	0.0	481440	81	0.3	0	0	0	0
1634229700.39	300	54.656744	0.0	508546	86	0.3	0	0	0	0
1634229700.59	300	58.455295	0.0	510083	80	0.3	0	0	0	0
1634229703.35	300	59.743037	0.0	488713	84	0.3	5.26	0	109	0
1634229707.67	300	59.522204	0.0	468254	106	0.3	9.26	0	349	60
1634229711.43	300	59.869798	0.0	516536	94	0.3	13.26	0	589	60
1634229715.66	300	59.607658	0.0	479697	84	0.3	17.262	0	829	59.970014992503735
1634229719.44	300	59.910713	0.0	500854	84	0.3	21.271	0	1069	59.86530306809678
1634229723.18	300	59.928263	0.0	496587	80	0.3	25.272	0	1310	60.23494126468386
1634229727.43	300	59.671507	0.0	479350	93	0.3	29.272	0	1550	60
1634229731.72	300	59.435525	0.0	520120	101	0.3	33.272	0	1790	60
1634229735.46	300	59.743425	0.0	515394	83	0.3	37.272	0	2030	60
1634229739.68	300	59.469728	0.0	480696	75	0.3	41.272	0	2269	59.75
1634229743.42	300	59.785312	0.0	481433	81	0.3	45.272	0	2510	60.25
1634229747.67	300	59.526926	0.0	494650	72	0.3	49.273	0	2750	59.98500374906266
1634229751.43	300	59.835136	0.0	499761	90	0.3	53.273	0	2990	60
1634229755.7	300	59.588189	0.0	501070	79	0.3	57.274	0	3230	59.98500374906277
1634229759.41	300	59.898115	0.0	489874	77	0.3	61.277	0	3470	59.95503372470647
1634229763.17	300	59.920646	0.0	488718	92	0.3	65.278	0	3710	59.98500374906266
1634229767.49	300	59.669186	0.0	509088	102	0.3	69.278	0	3950	60
1634229771.24	300	59.977636	0.0	494764	89	0.3	73.279	0	4190	59.98500374906288
1634229775.52	300	59.720162	0.0	488570	81	0.3	77.279	0	4430	60
1634229779.75	300	59.503162	0.0	474638	59	0.3	81.28	0	4670	59.98500374906266
1634229783.5	300	59.819293	0.0	473808	70	0.3	85.279	0	4910	60.01500375093781
1634229787.22	300	59.851842	0.0	484371	79	0.3	89.279	0	5150	60
1634229791.5	300	59.600086	0.0	496055	97	0.3	93.28	0	5390	59.98500374906266
1634229795.26	300	59.914041	0.0	490794	84	0.3	97.279	0	5630	60.01500375093781
1634229799.49	300	59.65511	0.0	488697	75	0.3	101.28	0	5870	59.98500374906266
1634229803.27	300	59.970109	0.0	490627	93	0.3	105.28	0	6110	60
1634229807.51	300	59.717169	0.0	493233	88	0.3	109.281	0	6350	59.98500374906266
1634229811.73	300	59.464424	0.0	491640	82	0.3	113.281	0	6590	60
1634229815.45	300	59.780369	0.0	477722	81	0.3	117.281	0	6830	60
1634229819.66	300	59.528519	0.0	498333	91	0.3	121.281	0	7070	60
