1634257779.57	750	4	0.186	428437	98	-0.7948	0	0	0	0
1634257779.76	750	8	0.0	427397	76	0.75	0	0	0	0
1634257779.94	750	12	0.0	435939	69	0.75	0	0	0	0
1634257780.1	750	16	0.0	420508	44	0.75	0	0	0	0
1634257780.26	750	20	0.0	431392	68	0.75	0	0	0	0
1634257780.44	750	24	0.0	442512	69	0.75	0	0	0	0
1634257780.59	750	28	0.0	450465	71	0.75	0	0	0	0
1634257780.76	750	32	0.0	454724	61	0.75	0	0	0	0
1634257780.95	750	36	0.0	440962	73	0.75	0	0	0	0
1634257781.11	750	40	0.0	433775	65	0.75	0	0	0	0
1634257781.27	750	44	0.0	445796	75	0.75	0	0	0	0
1634257781.42	750	48	0.0	436832	70	0.75	0	0	0	0
1634257781.58	750	52	0.0	432476	66	0.75	0	0	0	0
1634257781.75	750	56	0.0	422635	67	0.75	0	0	0	0
1634257782.41	750	59.7168	0.0	433467	69	0.75	0	0	0	0
1634257786.62	750	59.792437	0.0	430697	64	0.75	5.129	2	23	0
1634257790.34	750	59.813128	0.0	440079	76	0.75	9.128	2	143	30.00750187546886
1634257794.58	750	59.558685	0.0	448764	69	0.75	13.129	2	263	29.99250187453137
1634257798.29	750	59.87647	0.0	451052	92	0.75	17.129	2	383	29.999999999999986
1634257802.5	750	59.893494	0.0	434071	69	0.75	21.129	2	503	30
1634257806.27	750	59.922217	0.0	440125	81	0.75	25.129	2	623	30
1634257810.49	750	59.678212	0.0	467521	77	0.75	29.129	2	743	30
1634257814.21	750	59.977618	0.0	453405	72	0.75	33.13	2	863	29.992501874531357
1634257818.43	750	59.716745	0.0	437659	87	0.75	37.13	2	983	30
1634257822.66	750	59.475408	0.0	426987	75	0.75	41.131	2	1103	29.992501874531385
1634257826.45	750	59.775289	0.0	432295	132	0.75	45.132	2	1223	29.992501874531385
1634257830.64	750	59.510641	0.0	432130	71	0.75	49.132	2	1343	30
1634257834.33	750	59.853777	0.0	425788	73	0.75	53.14	2	1463	29.94011976047902
1634257838.57	750	59.587968	0.0	435574	64	0.75	57.138	2	1583	30.015007503751896
1634257842.35	750	59.886464	0.0	420051	77	0.75	61.138	2	1703	30
1634257846.65	750	59.654893	0.0	438225	91	0.75	65.138	2	1823	29.999999999999947
1634257850.45	750	59.960994	0.0	445487	69	0.75	69.138	2	1943	30
1634257854.21	750	59.975215	0.0	431544	72	0.75	73.138	2	2063	30
1634257858.45	750	59.734769	0.0	413330	75	0.75	77.139	2	2183	29.99250187453144
1634257862.68	750	59.501379	0.0	443416	71	0.75	81.139	2	2303	30
1634257866.43	750	59.843883	0.0	427034	82	0.75	85.148	2	2423	29.93265153404839
1634257870.68	750	59.57903	0.0	420805	34	0.75	89.149	2	2543	29.99250187453133
1634257874.42	750	59.885397	0.0	432340	67	0.75	93.149	2	2663	30
1634257878.69	750	59.624734	0.0	445203	70	0.75	97.149	2	2783	30
1634257882.42	750	59.680907	0.0	428535	66	0.75	101.15	2	2903	29.99250187453133
1634257886.17	750	59.985012	0.0	432915	77	0.75	105.15	2	3023	30
1634257890.38	750	59.997065	0.0	440705	66	0.75	109.15	2	3143	30
1634257894.62	750	59.743793	0.0	464681	77	0.75	113.151	2	3263	29.99250187453144
1634257898.82	750	59.482078	0.0	432462	84	0.75	117.151	2	3383	30
1634257902.53	750	59.784901	0.0	443948	70	0.75	121.152	2	3503	29.99250187453133
