1634272268.71	750	4	0.172	428437	88	-0.7346	0	0	0	0
1634272268.89	300	8	0.0	230725	41	-0.15000000000000002	0	0	0	0
1634272269.06	300	12	0.0	243865	65	0.3	0	0	0	0
1634272269.18	300	16	0.0	220386	34	0.3	0	0	0	0
1634272269.33	300	19.958578	0.0	223780	4	0.3	0	0	0	0
1634272269.47	300	23.795355	0.0	230908	37	0.3	0	0	0	0
1634272269.61	300	27.674654	0.0	243834	45	0.3	0	0	0	0
1634272269.76	300	31.513495	0.0	227454	39	0.3	0	0	0	0
1634272269.89	300	35.392704	0.0	244114	40	0.3	0	0	0	0
1634272270.04	300	39.231425	0.0	227021	39	0.3	0	0	0	0
1634272270.18	300	43.110632	0.0	237387	26	0.3	0	0	0	0
1634272270.31	300	46.949554	0.0	226538	42	0.3	0	0	0	0
1634272270.49	300	50.788513	0.0	219929	80	0.3	0	0	0	0
1634272270.66	300	54.627107	0.0	225981	36	0.3	0	0	0	0
1634272270.79	300	58.465223	0.0	235362	37	0.3	0	0	0	0
1634272273.95	300	59.462344	0.0	228066	45	0.3	4.67	0	86	0
1634272277.67	300	59.811617	0.0	233092	46	0.3	8.67	0	206	30
1634272281.86	300	59.540577	0.0	250342	43	0.3	12.67	0	326	30
1634272285.55	300	59.843051	0.0	234538	40	0.3	16.67	0	446	29.999999999999986
1634272289.75	300	59.580849	0.0	234846	50	0.3	20.67	0	566	30
1634272293.47	300	59.884729	0.0	245620	45	0.3	24.671	0	686	29.992501874531385
1634272297.63	300	59.904777	0.0	238459	39	0.3	28.672	0	806	29.992501874531357
1634272301.34	300	59.961571	0.0	234371	38	0.3	32.671	0	926	30.007501875468876
1634272305.52	300	59.980138	0.0	238479	55	0.3	36.673	0	1046	29.985007496251857
1634272309.69	300	59.708915	0.0	235849	37	0.3	40.675	0	1166	29.98500749625191
1634272313.85	300	59.440079	0.0	227048	38	0.3	44.675	0	1286	30
1634272317.54	300	59.772376	0.0	241747	36	0.3	48.676	0	1406	29.99250187453133
1634272321.77	300	59.796515	0.0	226846	56	0.3	52.676	0	1526	30
1634272325.96	300	59.51785	0.0	240073	41	0.3	56.676	0	1646	30
1634272329.65	300	59.809988	0.0	224865	32	0.3	60.677	0	1766	29.992501874531385
1634272333.81	300	59.545094	0.0	223555	32	0.3	64.678	0	1887	30.24243939015248
1634272337.51	300	59.856294	0.0	236661	46	0.3	68.677	0	2007	30.007501875468797
1634272341.69	300	59.582732	0.0	224869	43	0.3	72.677	0	2127	30
1634272345.89	300	59.60218	0.0	220416	43	0.3	76.678	0	2247	29.99250187453144
1634272349.6	300	59.904938	0.0	232283	45	0.3	80.678	0	2367	30
1634272353.81	300	59.642511	0.0	216316	32	0.3	84.68	0	2487	29.985007496251804
1634272357.5	300	59.939237	0.0	221305	34	0.3	88.682	0	2607	29.98500749625191
1634272361.7	300	59.666725	0.0	225701	46	0.3	92.681	0	2727	30.007501875468904
1634272365.87	300	59.456111	0.0	232001	34	0.3	96.681	0	2847	30
1634272369.55	300	59.762387	0.0	225146	34	0.3	100.681	0	2967	30
1634272373.72	300	59.772794	0.0	234577	41	0.3	104.682	0	3087	29.99250187453133
1634272377.95	300	59.544193	0.0	231377	44	0.3	108.682	0	3207	30
1634272381.66	300	59.849677	0.0	236166	39	0.3	112.682	0	3327	30
1634272385.81	300	59.569676	0.0	218149	45	0.3	116.683	0	3447	29.99250187453133
1634272389.44	300	59.911635	0.0	228342	39	0.3	120.683	0	3567	30
