1634241162.9	750	4	0.18	486588	75	-0.769	0	0	0	0
1634241163.44	1200	8	0.0	1897149	301	0.75	0	0	0	0
1634241163.94	1200	12	0.0	2016742	325	1.2	0	0	0	0
1634241164.38	1200	16	0.0	1875307	300	1.2	0	0	0	0
1634241164.96	1200	19.755805	0.0	1939196	438	1.2	0	0	0	0
1634241165.48	1200	23.25	0.0	1957925	321	1.2	0	0	0	0
1634241165.98	1200	26.733334	0.0	2010152	313	1.2	0	0	0	0
1634241166.48	1200	30.233334	0.0	1961069	303	1.2	5.177	4	92	0
1634241166.99	1200	33.716667	0.0	2006297	327	1.2	5.177	4	92	0
1634241167.45	1200	37.25	0.0	1835501	297	1.2	5.177	4	92	0
1634241168.02	1200	40.75	0.0	1999882	329	1.2	5.177	4	92	0
1634241168.52	1200	44.2	0.0	1904004	291	1.2	5.177	4	92	0
1634241169.0	1200	47.712948	0.0	1807550	303	1.2	5.177	4	92	0
1634241169.48	1200	51.229105	0.0	1917549	298	1.2	5.177	4	92	0
1634241169.97	1200	54.744212	0.0	1985515	328	1.2	5.177	4	92	0
1634241170.54	1200	58.216667	0.0	1935615	304	1.2	9.177	13	332	57.75
1634241173.12	1200	59.823902	0.0	2005418	319	1.2	9.177	13	332	57.75
1634241177.16	1200	59.56805	0.0	2047855	338	1.2	13.177	20	572	58.25
1634241181.22	1200	59.628677	0.0	1914857	322	1.2	17.177	22	812	59.5
1634241184.8	1200	59.952296	0.0	1992793	376	1.2	21.177	22	1052	60
1634241188.81	1200	59.984392	0.0	1930629	296	1.2	25.177	22	1292	60
1634241193.34	1200	59.45	0.0	1998676	335	1.2	29.177	22	1532	60
1634241197.35	1200	59.469821	0.0	1905916	291	1.2	33.178	22	1772	59.98500374906277
1634241201.38	1200	59.500873	0.0	1979510	324	1.2	37.178	24	2013	59.75
1634241204.9	1200	59.814636	0.0	1948438	331	1.2	41.178	24	2252	59.75
1634241208.98	1200	59.839865	0.0	1944346	325	1.2	45.188	24	2493	60.09975062344132
1634241212.97	1200	59.865172	0.0	1962959	318	1.2	49.179	24	2733	60.13530443497871
1634241216.95	1200	59.883334	0.0	1917405	302	1.2	53.18	24	2973	59.98500374906277
1634241220.99	1200	59.906897	0.0	1913569	308	1.2	57.181	26	3213	59.48512871782058
1634241224.97	1200	59.93873	0.0	1937554	250	1.2	61.182	26	3453	59.98500374906266
1634241229.15	1200	59.971803	0.0	1930915	291	1.2	65.183	26	3693	59.98500374906266
