1634267061.98	750	4	0.177	486588	88	-0.7561	0	0	0	0
1634267062.57	1200	8	0.0	1897149	412	0.75	0	0	0	0
1634267063.15	1200	12	0.0	2016742	320	1.2	0	0	0	0
1634267063.61	1200	16	0.0	1875307	307	1.2	0	0	0	0
1634267064.1	1200	19.616943	0.0	1939196	326	1.2	0	0	0	0
1634267064.62	1200	23.133334	0.0	1957925	307	1.2	0	0	0	0
1634267065.16	1200	26.6	0.0	2010152	335	1.2	0	0	0	0
1634267065.64	1200	30.082102	0.0	1961069	321	1.2	5.217	5	96	0
1634267066.13	1200	33.598097	0.0	2006297	314	1.2	5.217	5	96	0
1634267066.57	1200	37.153866	0.0	1835501	289	1.2	5.217	5	96	0
1634267067.1	1200	40.65	0.0	1999882	322	1.2	5.217	5	96	0
1634267067.6	1200	44.145765	0.0	1904004	316	1.2	5.217	5	96	0
1634267068.12	1200	47.620853	0.0	1807550	315	1.2	5.217	5	96	0
1634267068.59	1200	51.136591	0.0	1917549	310	1.2	5.217	5	96	0
1634267069.17	1200	54.616667	0.0	1985515	351	1.2	5.217	5	96	0
1634267069.73	1200	58.007165	0.0	1935615	313	1.2	9.216	15	336	57.51437859464867
1634267072.31	1200	59.61745	0.0	2005418	344	1.2	9.216	15	336	57.51437859464867
1634267075.89	1200	59.928453	0.0	2047855	334	1.2	13.217	18	576	59.23519120219943
1634267079.94	1200	59.953577	0.0	1914857	286	1.2	17.217	20	816	59.50000000000003
1634267084.06	1200	59.696232	0.0	1992793	342	1.2	21.218	23	1056	59.23519120219943
1634267088.11	1200	59.720574	0.0	1930629	299	1.2	25.217	24	1296	59.76494123530885
1634267092.19	1200	59.538671	0.0	1998676	328	1.2	29.218	27	1536	59.23519120219943
1634267096.22	1200	59.563611	0.0	1905916	302	1.2	33.218	27	1776	59.99999999999995
1634267100.26	1200	59.59061	0.0	1979510	328	1.2	37.218	28	2016	59.75
1634267104.27	1200	59.623599	0.0	1948438	330	1.2	41.218	29	2256	59.75
1634267108.26	1200	59.65	0.0	1944346	311	1.2	45.219	29	2496	59.98500374906277
1634267111.8	1200	59.95405	0.0	1962959	308	1.2	49.218	31	2736	59.514878719679885
1634267115.83	1200	59.979761	0.0	1917405	299	1.2	53.219	32	2976	59.73506623344167
1634267120.34	1200	59.439706	0.0	1913569	305	1.2	57.22	32	3216	59.98500374906277
1634267124.37	1200	59.468298	0.0	1937554	291	1.2	61.219	33	3456	59.76494123530879
1634267128.41	1200	59.523833	0.0	1930915	302	1.2	65.219	34	3696	59.75000000000011
1634267132.03	1200	59.832098	0.0	1953420	303	1.2	69.232	35	3937	59.80563169698472
1634267136.1	1200	59.852439	0.0	1957352	321	1.2	73.232	38	4177	59.25
1634267140.13	1200	59.6	0.0	1903803	332	1.2	77.232	38	4417	60
1634267144.19	1200	59.635568	0.0	1953737	354	1.2	81.232	38	4657	60
1634267148.19	1200	59.656726	0.0	1836534	315	1.2	85.233	38	4897	59.98500374906266
1634267151.76	1200	59.962655	0.0	1850984	338	1.2	89.233	39	5137	59.75
1634267155.82	1200	59.990111	0.0	1870734	345	1.2	93.233	39	5377	60
1634267160.35	1200	59.445459	0.0	1939450	318	1.2	97.233	39	5617	60
1634267164.36	1200	59.522064	0.0	1891175	329	1.2	101.234	39	5857	59.98500374906288
1634267167.93	1200	59.833334	0.0	1976624	366	1.2	105.241	39	6098	60.14474669328667
1634267172.0	1200	59.893338	0.0	1959927	371	1.2	109.246	39	6338	59.92509363295887
1634267176.03	1200	59.916799	0.0	1936346	331	1.2	113.242	41	6578	59.55955955955942
1634267180.06	1200	59.687822	0.0	1823593	348	1.2	117.242	41	6818	60
1634267184.11	1200	59.72005	0.0	1951549	352	1.2	121.241	41	7058	60.01500375093781
