1634259328.82	750	4	0.188	486588	78	-0.8034	0	0	0	0
1634259330.17	2850	8	0.0	5862628	797	0.75	0	0	0	0
1634259331.44	2850	10.966667	0.0	5992376	983	2.85	0	0	0	0
1634259332.63	2850	13.783334	0.0	5878425	912	2.85	5.241	7	113	0
1634259333.84	2850	16.566667	0.0	5829325	900	2.85	5.241	7	113	0
1634259335.12	2850	19.333334	0.0	5866019	938	2.85	5.241	7	113	0
1634259336.3	2850	22.116667	0.0	5788613	881	2.85	9.24	58	352	47.01175293823455
1634259337.61	2850	24.85	0.0	5923161	975	2.85	9.24	58	352	47.01175293823455
1634259338.83	2850	27.583334	0.0	5919519	939	2.85	9.24	58	352	47.01175293823455
1634259340.12	2850	30.333334	0.0	5874891	850	2.85	9.24	58	352	47.01175293823455
1634259341.37	2850	33.05	0.0	5870140	879	2.85	13.248	114	591	45.658682634730546
1634259342.64	2850	35.816667	0.0	5824696	902	2.85	13.248	114	591	45.658682634730546
1634259343.99	2850	38.5	0.0	5848658	975	2.85	13.248	114	591	45.658682634730546
1634259345.22	2850	41.2	0.0	5692580	923	2.85	17.248	173	833	45.74999999999998
