1634251434.8	750	4	0.155	428437	39	-0.6615	0	0	0	0
1634251434.97	750	8	0.0	427397	66	0.75	0	0	0	0
1634251435.14	750	12	0.0	435939	76	0.75	0	0	0	0
1634251435.29	750	16	0.0	420508	59	0.75	0	0	0	0
1634251435.46	750	20	0.0	431392	71	0.75	0	0	0	0
1634251435.62	750	24	0.0	442512	64	0.75	0	0	0	0
1634251435.79	750	28	0.0	450465	74	0.75	0	0	0	0
1634251435.97	750	32	0.0	454724	62	0.75	0	0	0	0
1634251436.13	750	36	0.0	440962	67	0.75	0	0	0	0
1634251436.3	750	40	0.0	433775	62	0.75	0	0	0	0
1634251436.46	750	43.872333	0.0	445796	68	0.75	0	0	0	0
1634251436.63	750	47.710365	0.0	436832	68	0.75	0	0	0	0
1634251436.83	750	51.508527	0.0	432476	61	0.75	0	0	0	0
1634251437.01	750	55.306917	0.0	422635	64	0.75	0	0	0	0
1634251437.21	750	59.100662	0.0	433467	69	0.75	0	0	0	0
1634251440.9	750	59.46263	0.0	430697	66	0.75	5.275	0	54	0
1634251444.64	750	59.772405	0.0	440079	84	0.75	9.276	0	174	29.99250187453137
1634251448.89	750	59.51081	0.0	448764	67	0.75	13.276	0	294	30
1634251452.61	750	59.889387	0.0	451052	96	0.75	17.276	0	414	30
1634251456.84	750	59.653178	0.0	434071	71	0.75	21.276	0	534	30
1634251460.55	750	59.9627	0.0	440125	66	0.75	25.276	0	654	30
1634251464.78	750	59.741275	0.0	467521	76	0.75	29.277	0	774	29.992501874531357
1634251468.97	750	59.5	0.0	453405	73	0.75	33.277	0	894	30
1634251472.73	750	59.813576	0.0	437659	68	0.75	37.277	0	1014	30
1634251476.95	750	59.536108	0.0	426987	78	0.75	41.277	0	1134	30
1634251480.71	750	59.880553	0.0	432295	46	0.75	45.284	0	1254	29.94759171449964
1634251484.44	750	59.945827	0.0	432130	77	0.75	49.28	0	1374	30.030030030030012
1634251488.65	750	59.674915	0.0	425788	74	0.75	53.279	0	1494	30.00750187546885
1634251492.37	750	59.97926	0.0	435574	71	0.75	57.28	0	1614	29.992501874531385
1634251496.59	750	59.996821	0.0	420051	60	0.75	61.281	0	1734	29.992501874531385
1634251500.78	750	59.715615	0.0	438225	69	0.75	65.281	0	1854	29.999999999999947
1634251505.0	750	59.451811	0.0	445487	68	0.75	69.281	0	1974	30
1634251508.71	750	59.761236	0.0	431544	67	0.75	73.281	0	2094	30
1634251512.95	750	59.500784	0.0	413330	70	0.75	77.282	0	2214	29.99250187453144
1634251516.69	750	59.79597	0.0	443416	60	0.75	81.282	0	2334	30
1634251520.89	750	59.537563	0.0	427034	74	0.75	85.282	0	2454	30
1634251524.58	750	59.885745	0.0	420805	74	0.75	89.283	0	2574	29.99250187453133
1634251528.8	750	59.621465	0.0	432340	77	0.75	93.282	0	2694	30.007501875468904
1634251532.56	750	59.920471	0.0	445203	104	0.75	97.283	0	2814	29.99250187453133
1634251536.75	750	59.656533	0.0	428535	48	0.75	101.284	0	2934	29.99250187453133
1634251540.47	750	59.960613	0.0	432915	58	0.75	105.284	0	3054	30
1634251544.66	750	59.691387	0.0	440705	76	0.75	109.285	0	3175	30.242439390152533
1634251548.89	750	59.468468	0.0	464681	76	0.75	113.285	0	3295	30
1634251552.59	750	59.780247	0.0	432462	81	0.75	117.286	0	3415	29.99250187453133
1634251556.79	750	59.804173	0.0	443948	80	0.75	121.286	0	3535	30
