1634277755.07	750	4	0.239	428437	72	-1.0227	0	0	0	0
1634277755.25	750	8	0.0	427397	71	0.75	0	0	0	0
1634277755.48	750	12	0.0	435939	75	0.75	0	0	0	0
1634277755.69	750	16	0.0	420508	30	0.75	0	0	0	0
1634277755.86	750	20	0.0	431392	66	0.75	0	0	0	0
1634277756.02	750	24	0.0	442512	66	0.75	0	0	0	0
1634277756.23	750	28	0.0	450465	69	0.75	0	0	0	0
1634277756.41	750	32	0.0	454724	69	0.75	0	0	0	0
1634277756.57	750	36	0.0	440962	64	0.75	0	0	0	0
1634277756.77	750	40	0.0	433775	69	0.75	0	0	0	0
1634277756.98	750	43.99826	0.0	445796	69	0.75	0	0	0	0
1634277757.16	750	47.795506	0.0	436832	68	0.75	0	0	0	0
1634277757.35	750	51.593518	0.0	432476	57	0.75	0	0	0	0
1634277757.51	750	55.431759	0.0	422635	65	0.75	0	0	0	0
1634277757.8	750	59.270443	0.0	433467	64	0.75	0	0	0	0
1634277761.51	750	59.456784	0.0	430697	69	0.75	5.74	0	34	0
1634277765.3	750	59.76824	0.0	440079	72	0.75	9.74	0	154	30
1634277769.55	750	59.505824	0.0	448764	82	0.75	13.741	0	274	29.99250187453137
1634277773.32	750	59.819046	0.0	451052	75	0.75	17.74	0	394	30.007501875468876
1634277777.6	750	59.54847	0.0	434071	99	0.75	21.74	0	514	30
1634277781.35	750	59.859944	0.0	440125	89	0.75	25.741	0	634	29.992501874531357
1634277785.08	750	59.887281	0.0	467521	86	0.75	29.742	0	754	29.992501874531357
1634277789.35	750	59.666958	0.0	453405	70	0.75	33.741	0	874	30.007501875468876
1634277793.07	750	59.971662	0.0	437659	57	0.75	37.742	0	994	29.992501874531385
1634277797.3	750	59.704905	0.0	426987	85	0.75	41.743	0	1114	29.99250187453133
1634277801.6	750	59.451539	0.0	432295	69	0.75	45.744	0	1234	29.992501874531385
1634277805.36	750	59.749494	0.0	432130	69	0.75	49.744	0	1354	30
1634277809.57	750	59.489417	0.0	425788	64	0.75	53.744	0	1474	30
1634277813.31	750	59.791679	0.0	435574	73	0.75	57.745	0	1594	29.992501874531385
1634277817.55	750	59.539153	0.0	420051	71	0.75	61.744	0	1714	30.00750187546885
1634277821.31	750	59.877294	0.0	438225	65	0.75	65.744	0	1834	30
1634277825.09	750	59.92165	0.0	445487	74	0.75	69.746	0	1954	29.98500749625191
1634277829.34	750	59.684866	0.0	431544	39	0.75	73.746	0	2074	30
1634277833.09	750	59.99362	0.0	413330	66	0.75	77.746	0	2194	30
1634277837.33	750	59.731011	0.0	443416	80	0.75	81.746	0	2314	30
1634277841.64	750	59.470812	0.0	427034	79	0.75	85.746	0	2434	30
1634277845.38	750	59.807179	0.0	420805	53	0.75	89.747	0	2554	29.99250187453133
1634277849.1	750	59.870425	0.0	432340	80	0.75	93.748	0	2674	29.99250187453133
1634277853.34	750	59.634342	0.0	445203	74	0.75	97.748	0	2794	30
1634277857.07	750	59.976596	0.0	428535	73	0.75	101.749	0	2914	29.99250187453144
1634277861.31	750	59.711208	0.0	432915	82	0.75	105.748	0	3034	30.007501875468797
1634277865.55	750	59.449947	0.0	440705	59	0.75	109.749	0	3154	29.99250187453144
1634277869.26	750	59.763939	0.0	464681	91	0.75	113.75	0	3274	29.99250187453133
1634277873.46	750	59.488069	0.0	432462	59	0.75	117.75	0	3394	30
1634277877.19	750	59.792956	0.0	443948	76	0.75	121.75	0	3514	30
