1634248441.24	750	4	0.19	486588	95	-0.8119999999999999	0	0	0	0
1634248441.55	750	8	0.0	731620	118	0.75	0	0	0	0
1634248441.79	750	12	0.0	760090	120	0.75	0	0	0	0
1634248442.01	750	16	0.0	714177	99	0.75	0	0	0	0
1634248442.23	750	20	0.0	733262	116	0.75	0	0	0	0
1634248442.44	750	24	0.0	751224	113	0.75	0	0	0	0
1634248442.7	750	28	0.0	740489	125	0.75	0	0	0	0
1634248442.93	750	31.833334	0.0	729701	112	0.75	0	0	0	0
1634248443.18	750	35.589328	0.0	759037	123	0.75	0	0	0	0
1634248443.41	750	39.346926	0.0	703222	102	0.75	0	0	0	0
1634248443.65	750	43.104547	0.0	743449	124	0.75	0	0	0	0
1634248443.89	750	46.862503	0.0	705495	105	0.75	0	0	0	0
1634248444.12	750	50.61956	0.0	692056	110	0.75	0	0	0	0
1634248444.36	750	54.374762	0.0	733216	104	0.75	0	0	0	0
1634248444.72	750	58.133334	0.0	754497	113	0.75	5.203	0	111	0
1634248447.53	750	59.456377	0.0	733656	107	0.75	5.203	0	111	0
1634248451.37	750	59.480429	0.0	719773	106	0.75	9.202	0	351	60.01500375093774
1634248455.16	750	59.795725	0.0	765634	110	0.75	13.203	0	591	59.98500374906274
1634248458.95	750	59.808327	0.0	724551	114	0.75	17.202	0	831	60.0150037509377
1634248463.26	750	59.55668	0.0	741256	113	0.75	21.203	0	1071	59.98500374906277
1634248467.33	750	59.866667	0.0	740368	116	0.75	25.203	0	1311	60
1634248471.12	750	59.644723	0.0	734192	93	0.75	29.204	0	1551	59.98500374906271
1634248474.9	750	59.98982	0.0	736650	114	0.75	33.203	0	1791	60.0150037509377
1634248479.18	750	59.737856	0.0	765755	123	0.75	37.204	0	2031	59.98500374906277
1634248483.47	750	59.481936	0.0	741305	106	0.75	41.204	0	2271	60
1634248487.28	750	59.506594	0.0	732007	116	0.75	45.205	0	2511	59.98500374906277
1634248491.08	750	59.806019	0.0	730771	116	0.75	49.205	0	2751	60
1634248495.34	750	59.56253	0.0	730130	122	0.75	53.205	0	2991	60
1634248499.11	750	59.879097	0.0	719311	109	0.75	57.205	0	3231	60
1634248502.9	750	59.940374	0.0	719647	101	0.75	61.205	0	3471	60
1634248507.23	750	59.690424	0.0	722872	117	0.75	65.205	0	3711	60
1634248511.06	750	59.721747	0.0	740779	158	0.75	69.205	0	3951	60
1634248515.44	750	59.458997	0.0	735421	126	0.75	73.207	0	4191	59.97001499250382
1634248519.23	750	59.806729	0.0	693798	97	0.75	77.207	0	4431	60
1634248523.0	750	59.8354	0.0	727502	111	0.75	81.207	0	4671	60
1634248527.28	750	59.566937	0.0	675507	115	0.75	85.207	0	4911	60
1634248531.04	750	59.905325	0.0	700902	112	0.75	89.207	0	5151	60
1634248535.32	750	59.645997	0.0	701249	99	0.75	93.207	0	5391	60
1634248539.1	750	59.667219	0.0	730132	117	0.75	97.207	0	5631	60
1634248542.87	750	59.966667	0.0	711025	117	0.75	101.208	0	5871	59.98500374906266
1634248547.14	750	59.722018	0.0	727719	116	0.75	105.208	0	6111	60
1634248551.4	750	59.46054	0.0	737895	114	0.75	109.209	0	6351	59.98500374906266
1634248555.18	750	59.771251	0.0	715541	115	0.75	113.209	0	6591	60
1634248559.42	750	59.522814	0.0	673063	109	0.75	117.209	0	6831	60
1634248563.17	750	59.83101	0.0	734241	98	0.75	121.208	0	7071	60.01500375093781
