1634564019.93	750	4	0.821	3036909	521	-3.5252999999999997	0	0	0	0
1634564020.75	2850	8	0.0	3386615	533	0.75	0	0	0	0
1634564021.57	2850	11.833334	0.0	3586104	622	2.85	0	0	0	0
1634564022.37	2850	15.068261	0.0	3501908	585	2.85	0	0	0	0
1634564023.13	2850	18.301945	0.0	3531955	557	2.85	5.262	0	35	0
1634564023.9	2850	21.534226	0.0	3444309	553	2.85	5.262	0	35	0
1634564024.68	2850	24.76511	0.0	3205998	563	2.85	5.262	0	35	0
1634564025.48	2850	27.958329	0.0	3248360	570	2.85	5.262	0	35	0
1634564026.34	2850	31.109941	0.0	3555680	603	2.85	5.262	0	35	0
1634564027.22	2850	34.233334	0.0	3546563	606	2.85	9.262	0	155	29.999999999999993
1634564028.04	2850	37.375643	0.0	3539598	614	2.85	9.262	0	155	29.999999999999993
1634564028.84	2850	40.56895	0.0	3476933	581	2.85	9.262	0	155	29.999999999999993
1634564029.67	2850	43.762789	0.0	3620433	589	2.85	9.262	0	155	29.999999999999993
1634564030.44	2850	46.996713	0.0	3190654	565	2.85	9.262	0	155	29.999999999999993
