1634282983.49	750	4	0.181	428437	90	-0.7733	0	0	0	0
1634282984.08	1850	8	0.0	2194849	371	0.75	0	0	0	0
1634282984.65	1850	11.591333	0.0	2241724	369	1.85	0	0	0	0
1634282985.26	1850	14.986899	0.0	2191337	378	1.85	0	0	0	0
1634282985.84	1850	18.37884	0.0	2191196	367	1.85	0	0	0	0
1634282986.43	1850	21.812937	0.0	2214251	402	1.85	0	0	0	0
1634282986.98	1850	25.248228	0.0	2177842	354	1.85	4.757	0	79	0
1634282987.53	1850	28.681252	0.0	2228366	353	1.85	4.757	0	79	0
1634282988.08	1850	32.155778	0.0	2144748	338	1.85	4.757	0	79	0
1634282988.64	1850	35.589806	0.0	2196481	347	1.85	4.757	0	79	0
1634282989.2	1850	39.024459	0.0	2179785	371	1.85	4.757	0	79	0
1634282989.77	1850	42.459553	0.0	2232134	333	1.85	4.757	0	79	0
1634282990.3	1850	45.933903	0.0	2239109	335	1.85	4.757	0	79	0
1634282990.83	1850	49.408636	0.0	2148555	337	1.85	4.757	0	79	0
1634282991.35	1850	52.882086	0.0	2164111	350	1.85	8.815	1	200	29.57121734844751
1634282991.96	1850	56.3	0.0	2229209	356	1.85	8.815	1	200	29.57121734844751
1634282992.53	1850	59.710133	0.0	2163625	311	1.85	8.815	1	200	29.57121734844751
1634282996.59	1850	59.886057	0.0	2211517	351	1.85	12.815	1	320	30
1634283000.67	1850	59.612258	0.0	2153910	343	1.85	16.816	1	440	29.99250187453137
1634283004.73	1850	59.627102	0.0	2138318	352	1.85	20.817	1	560	29.992501874531357
1634283008.34	1850	59.930317	0.0	2275149	340	1.85	24.817	2	680	29.75
1634283012.44	1850	59.944545	0.0	2272623	378	1.85	28.817	2	800	30
1634283016.7	1850	59.683694	0.0	2270492	476	1.85	32.817	2	920	30
1634283020.78	1850	59.457162	0.0	2179932	295	1.85	36.818	2	1040	29.992501874531385
1634283024.86	1850	59.556412	0.0	2161125	343	1.85	40.818	2	1160	30
1634283028.47	1850	59.859584	0.0	2116735	382	1.85	44.819	2	1280	29.99250187453133
1634283032.54	1850	59.882496	0.0	2166791	340	1.85	48.851	2	1401	30.00992063492066
1634283036.65	1850	59.615419	0.0	2121825	348	1.85	52.851	2	1521	30
1634283040.27	1850	59.963274	0.0	2230670	388	1.85	56.852	2	1641	29.992501874531385
1634283044.37	1850	59.975348	0.0	2208872	357	1.85	60.853	2	1761	29.99250187453133
1634283048.97	1850	59.470123	0.0	2283966	345	1.85	64.852	2	1881	30.00750187546885
1634283052.59	1850	59.775916	0.0	2257313	355	1.85	68.853	2	2001	29.99250187453144
1634283056.65	1850	59.833734	0.0	2165733	345	1.85	72.853	2	2121	30
1634283060.73	1850	59.563437	0.0	2085175	339	1.85	76.861	2	2242	30.18962075848296
1634283064.37	1850	59.872231	0.0	2307215	380	1.85	80.863	2	2362	29.98500749625191
1634283068.49	1850	59.89292	0.0	2229829	385	1.85	84.863	2	2482	30
1634283072.6	1850	59.9474	0.0	2148822	331	1.85	88.863	2	2602	30
1634283076.72	1850	59.683891	0.0	2199496	397	1.85	92.865	2	2722	29.98500749625191
1634283080.36	1850	59.98679	0.0	2249490	410	1.85	96.865	2	2842	30
1634283085.0	1850	59.444795	0.0	2138617	344	1.85	100.865	2	2962	30
1634283088.62	1850	59.733997	0.0	2164190	384	1.85	104.865	2	3082	30
1634283092.7	1850	59.542391	0.0	2272961	353	1.85	108.865	2	3202	30
1634283096.85	1850	59.572521	0.0	2276641	384	1.85	112.872	2	3322	29.947591714499588
1634283100.52	1850	59.874718	0.0	2257099	345	1.85	116.871	2	3442	30.007501875468904
1634283104.61	1850	59.652159	0.0	2268884	383	1.85	120.872	2	3562	29.99250187453133
