1634246492.93	750	4	0.284	486588	114	-1.2162000000000002	0	0	0	0
1634246494.45	2850	8	0.0	5862628	918	0.75	0	0	0	0
1634246496.08	2850	11.05	0.0	5992376	1136	2.85	5.609	1	56	0
1634246497.66	2850	13.483334	0.0	5878425	936	2.85	5.609	1	56	0
1634246499.28	2850	16	0.0	5829325	958	2.85	5.609	1	56	0
1634246501.37	2850	17.75	0.0	5866019	1511	2.85	9.609	107	293	32.75
1634246502.86	2850	20.266667	0.0	5788613	969	2.85	9.609	107	293	32.75
1634246504.58	2850	22.666667	0.0	5923161	1013	2.85	13.609	209	538	35.75
1634246506.31	2850	24.883334	0.0	5919519	1052	2.85	13.609	209	538	35.75
1634246507.96	2850	27.15	0.0	5874891	1139	2.85	17.609	311	770	32.499999999999986
1634246509.55	2850	29.65	0.0	5870140	1019	2.85	17.609	311	770	32.499999999999986
1634246511.09	2850	32.133334	0.0	5824696	928	2.85	17.609	311	770	32.499999999999986
