1634283461.82	750	4	0.183	428437	54	-0.7818999999999999	0	0	0	0
1634283462.19	1200	8	0.0	1070596	179	0.75	0	0	0	0
1634283462.52	1200	12	0.0	1102185	187	1.2	0	0	0	0
1634283462.81	1200	16	0.0	1050918	163	1.2	0	0	0	0
1634283463.13	1200	20	0.0	1076009	161	1.2	0	0	0	0
1634283463.44	1200	24	0.0	1074962	158	1.2	0	0	0	0
1634283463.76	1200	27.913985	0.0	1089013	187	1.2	0	0	0	0
1634283464.08	1200	31.589972	0.0	1085191	157	1.2	0	0	0	0
1634283464.42	1200	35.22669	0.0	1067569	170	1.2	0	0	0	0
1634283464.75	1200	38.904097	0.0	1068135	163	1.2	0	0	0	0
1634283465.14	1200	42.541374	0.0	1112498	247	1.2	5.343	0	39	0
1634283465.46	1200	46.178617	0.0	1102305	189	1.2	5.343	0	39	0
1634283465.81	1200	49.855099	0.0	1058097	193	1.2	5.343	0	39	0
1634283466.16	1200	53.492087	0.0	1067149	182	1.2	5.343	0	39	0
1634283466.51	1200	57.16948	0.0	1065119	178	1.2	5.343	0	39	0
1634283468.37	1200	59.462267	0.0	1079756	176	1.2	5.343	0	39	0
1634283472.32	1200	59.480883	0.0	1099272	145	1.2	9.345	0	159	29.985007496251868
1634283476.21	1200	59.512006	0.0	1076487	155	1.2	13.345	0	279	30
1634283480.1	1200	59.813121	0.0	1074867	163	1.2	17.345	0	399	30.000000000000014
1634283483.96	1200	59.841282	0.0	1047892	168	1.2	21.345	0	519	30
1634283487.84	1200	59.900046	0.0	1079491	162	1.2	25.346	0	639	29.992501874531357
1634283492.26	1200	59.627859	0.0	1168595	192	1.2	29.345	0	759	30.007501875468876
1634283496.16	1200	59.648503	0.0	1155651	195	1.2	33.346	0	879	29.992501874531385
1634283500.04	1200	59.662462	0.0	1068823	172	1.2	37.346	0	999	30
1634283504.03	1200	59.682405	0.0	1083472	17	1.2	41.349	0	1119	29.977516862353234
1634283507.87	1200	59.975811	0.0	1069893	151	1.2	45.349	0	1239	30
1634283512.22	1200	59.462659	0.0	1072481	173	1.2	49.35	0	1359	29.99250187453133
1634283516.15	1200	59.780236	0.0	1056021	230	1.2	53.351	0	1479	29.992501874531385
1634283519.99	1200	59.814375	0.0	1088699	187	1.2	57.35	0	1599	30.00750187546885
1634283523.86	1200	59.840813	0.0	1069675	183	1.2	61.35	0	1719	30
1634283528.24	1200	59.577762	0.0	1102469	190	1.2	65.351	0	1839	29.992501874531385
1634283532.15	1200	59.595419	0.0	1136712	175	1.2	69.352	0	1959	29.99250187453133
1634283536.06	1200	59.618893	0.0	1076114	182	1.2	73.352	0	2079	30
1634283539.9	1200	59.915329	0.0	1045544	173	1.2	77.352	0	2199	30
1634283543.78	1200	59.933334	0.0	1122544	186	1.2	81.352	0	2320	30.25
1634283548.12	1200	59.663407	0.0	1061011	168	1.2	85.353	0	2440	29.99250187453144
1634283551.96	1200	59.971911	0.0	1059811	163	1.2	89.352	0	2560	30.007501875468797
1634283555.88	1200	59.977754	0.0	1073475	156	1.2	93.356	0	2680	29.97002997003004
1634283560.22	1200	59.712045	0.0	1094517	157	1.2	97.356	0	2800	30
1634283564.1	1200	59.734191	0.0	1082819	164	1.2	101.357	0	2920	29.99250187453133
1634283567.97	1200	59.796664	0.0	1068766	172	1.2	105.357	0	3040	30
1634283571.84	1200	59.823592	0.0	1111544	179	1.2	109.367	0	3160	29.925187032418915
1634283576.23	1200	59.54826	0.0	1172967	189	1.2	113.384	0	3280	29.873039581777476
1634283580.15	1200	59.566667	0.0	1102175	194	1.2	117.385	0	3400	29.99250187453133
1634283583.99	1200	59.871769	0.0	1099116	175	1.2	121.386	0	3520	29.99250187453144
