1634224271.47	750	4	0.253	428437	92	-1.0829	0	0	0	0
1634224272.21	1850	8	0.0	2194849	428	0.75	0	0	0	0
1634224272.79	1850	12	0.0	2241724	368	1.85	0	0	0	0
1634224273.49	1850	16	0.0	2191337	409	1.85	0	0	0	0
1634224274.1	1850	19.5937	0.0	2191196	354	1.85	0	0	0	0
1634224274.86	1850	22.82058	0.0	2214251	389	1.85	5.662	0	24	0
1634224275.6	1850	26.091064	0.0	2177842	495	1.85	5.662	0	24	0
1634224276.26	1850	29.443192	0.0	2228366	407	1.85	5.662	0	24	0
1634224276.96	1850	32.755161	0.0	2144748	357	1.85	5.662	0	24	0
1634224277.57	1850	36.105163	0.0	2196481	387	1.85	5.662	0	24	0
1634224278.22	1850	39.496091	0.0	2179785	357	1.85	5.662	0	24	0
1634224278.93	1850	42.766667	0.0	2232134	413	1.85	9.662	2	144	29.499999999999993
1634224279.55	1850	46.112545	0.0	2239109	378	1.85	9.662	2	144	29.499999999999993
1634224280.21	1850	49.5	0.0	2148555	383	1.85	9.662	2	144	29.499999999999993
1634224280.83	1850	52.851208	0.0	2164111	386	1.85	9.662	2	144	29.499999999999993
1634224281.5	1850	56.204871	0.0	2229209	432	1.85	9.662	2	144	29.499999999999993
1634224282.14	1850	59.55759	0.0	2163625	414	1.85	9.662	2	144	29.499999999999993
1634224286.34	1850	59.540787	0.0	2211517	431	1.85	13.662	2	264	30
1634224290.08	1850	59.845746	0.0	2153910	445	1.85	17.663	2	384	29.99250187453137
1634224294.28	1850	59.586091	0.0	2138318	361	1.85	21.664	2	504	29.992501874531357
1634224298.57	1850	59.886382	0.0	2275149	432	1.85	25.664	2	624	30
1634224302.03	1850	59.936529	0.0	2272623	357	1.85	29.996	3	754	29.778393351800574
1634224306.1	1850	59.961857	0.0	2270492	396	1.85	33.996	5	874	29.499999999999975
1634224309.96	1850	59.947816	0.0	2179932	369	1.85	38.036	7	995	29.45544554455446
