1634228244.81	750	4	0.187	486588	99	-0.7991	0	0	0	0
1634228245.48	1200	8	0.0	1897149	345	0.75	0	0	0	0
1634228246.05	1200	12	0.0	2016742	382	1.2	0	0	0	0
1634228246.54	1200	15.753096	0.0	1875307	343	1.2	0	0	0	0
1634228247.08	1200	19.233334	0.0	1939196	348	1.2	0	0	0	0
1634228247.64	1200	22.666667	0.0	1957925	351	1.2	0	0	0	0
1634228248.33	1200	26	0.0	2010152	454	1.2	5.232	4	107	0
1634228248.88	1200	29.408113	0.0	1961069	361	1.2	5.232	4	107	0
1634228249.41	1200	32.882039	0.0	2006297	353	1.2	5.232	4	107	0
1634228249.89	1200	36.394409	0.0	1835501	321	1.2	5.232	4	107	0
1634228250.4	1200	39.910445	0.0	1999882	330	1.2	5.232	4	107	0
1634228251.17	1200	43.15	0.0	1904004	568	1.2	5.232	4	107	0
1634228251.7	1200	46.616667	0.0	1807550	323	1.2	5.232	4	107	0
1634228252.28	1200	50.066667	0.0	1917549	349	1.2	9.231	15	347	57.26431607901976
1634228252.85	1200	53.466667	0.0	1985515	366	1.2	9.231	15	347	57.26431607901976
1634228253.44	1200	56.876795	0.0	1935615	402	1.2	9.231	15	347	57.26431607901976
1634228254.99	1200	59.5	0.0	2005418	339	1.2	9.231	15	347	57.26431607901976
1634228258.6	1200	59.846518	0.0	2047855	338	1.2	13.232	24	587	57.73556610847289
1634228262.61	1200	59.90937	0.0	1914857	274	1.2	17.232	24	827	60
1634228266.71	1200	59.644499	0.0	1992793	394	1.2	21.233	24	1067	59.98500374906271
1634228270.77	1200	59.670185	0.0	1930629	349	1.2	25.233	24	1307	60
1634228274.88	1200	59.451979	0.0	1998676	338	1.2	29.234	26	1547	59.48512871782053
1634228278.89	1200	59.484503	0.0	1905916	313	1.2	33.234	26	1787	60
1634228282.92	1200	59.517521	0.0	1979510	319	1.2	37.234	26	2027	60
1634228286.91	1200	59.561123	0.0	1948438	295	1.2	41.233	27	2267	59.764941235308896
1634228290.91	1200	59.589728	0.0	1944346	312	1.2	45.234	27	2507	59.98500374906266
1634228294.44	1200	59.904516	0.0	1962959	317	1.2	49.234	27	2747	60
1634228298.47	1200	59.943774	0.0	1917405	327	1.2	53.234	28	2987	59.75
1634228302.5	1200	59.983334	0.0	1913569	305	1.2	57.235	29	3227	59.73506623344167
1634228307.02	1200	59.439762	0.0	1937554	324	1.2	61.236	29	3467	59.98500374906277
1634228310.59	1200	59.75485	0.0	1930915	322	1.2	65.235	30	3707	59.76494123530879
1634228314.69	1200	59.781972	0.0	1953420	316	1.2	69.234	33	3947	59.26481620405109
1634228318.73	1200	59.822109	0.0	1957352	333	1.2	73.235	33	4187	59.98500374906266
1634228322.78	1200	59.557042	0.0	1903803	299	1.2	77.235	33	4427	60
1634228326.82	1200	59.588702	0.0	1953737	340	1.2	81.236	33	4667	59.98500374906266
1634228330.86	1200	59.624401	0.0	1836534	327	1.2	85.236	34	4907	59.75
1634228334.39	1200	59.934344	0.0	1850984	303	1.2	89.236	34	5147	60
1634228338.39	1200	59.971574	0.0	1870734	289	1.2	93.236	34	5387	60
1634228342.95	1200	59.431486	0.0	1939450	391	1.2	97.237	34	5627	59.98500374906288
1634228346.56	1200	59.795185	0.0	1891175	397	1.2	101.236	34	5867	60.015003750937595
1634228350.63	1200	59.821925	0.0	1976624	357	1.2	105.237	34	6107	59.98500374906288
1634228354.7	1200	59.848099	0.0	1959927	350	1.2	109.244	35	6347	59.64562016471168
1634228358.82	1200	59.59736	0.0	1936346	415	1.2	113.238	35	6587	60.09013520280421
1634228362.86	1200	59.618945	0.0	1823593	349	1.2	117.237	35	6827	60.01500375093781
1634228366.5	1200	59.921104	0.0	1951549	436	1.2	121.238	37	7067	59.48512871782047
