1634252138.05	750	4	0.174	428437	79	-0.7432	0	0	0	0
1634252138.32	300	8	0.0	230725	50	-0.15000000000000002	0	0	0	0
1634252138.45	300	12	0.0	243865	43	0.3	0	0	0	0
1634252138.6	300	16	0.0	220386	48	0.3	0	0	0	0
1634252138.74	300	20	0.0	223780	40	0.3	0	0	0	0
1634252138.87	300	24	0.0	230908	45	0.3	0	0	0	0
1634252138.98	300	28	0.0	243834	36	0.3	0	0	0	0
1634252139.11	300	32	0.0	227454	30	0.3	0	0	0	0
1634252139.24	300	36	0.0	244114	37	0.3	0	0	0	0
1634252139.36	300	40	0.0	227021	39	0.3	0	0	0	0
1634252139.5	300	44	0.0	237387	40	0.3	0	0	0	0
1634252139.64	300	47.914684	0.0	226538	14	0.3	0	0	0	0
1634252139.77	300	51.793936	0.0	219929	37	0.3	0	0	0	0
1634252139.9	300	55.673171	0.0	225981	28	0.3	0	0	0	0
1634252140.07	300	59.552235	0.0	235362	33	0.3	0	0	0	0
1634252144.27	300	59.503497	0.0	228066	45	0.3	5.267	0	53	0
1634252147.94	300	59.830057	0.0	233092	38	0.3	9.267	0	173	30.000000000000007
1634252152.14	300	59.584708	0.0	250342	46	0.3	13.267	0	293	30
1634252155.84	300	59.926989	0.0	234538	47	0.3	17.267	0	413	30
1634252160.04	300	59.661908	0.0	234846	41	0.3	21.267	0	533	30
1634252163.71	300	59.972745	0.0	245620	34	0.3	25.268	0	653	29.992501874531357
1634252167.92	300	59.743264	0.0	238459	54	0.3	29.268	0	773	30
1634252172.09	300	59.501455	0.0	234371	34	0.3	33.269	0	893	29.992501874531385
1634252176.28	300	59.518491	0.0	238479	44	0.3	37.269	0	1013	30
1634252179.99	300	59.824371	0.0	235849	47	0.3	41.269	0	1133	30
1634252183.69	300	59.920461	0.0	227048	51	0.3	45.269	0	1253	30
1634252187.9	300	59.941058	0.0	241747	42	0.3	49.27	0	1373	29.99250187453133
1634252191.6	300	59.997591	0.0	226846	33	0.3	53.27	0	1493	30
1634252196.25	300	59.444495	0.0	240073	34	0.3	57.269	0	1613	30.007501875468904
1634252199.93	300	59.751382	0.0	224865	41	0.3	61.27	0	1733	29.99250187453133
1634252204.2	300	59.533977	0.0	223555	45	0.3	65.272	0	1853	29.985007496251857
1634252207.9	300	59.875497	0.0	236661	21	0.3	69.272	0	1973	30
1634252212.08	300	59.606457	0.0	224869	33	0.3	73.272	0	2093	30
1634252215.77	300	59.913645	0.0	220416	34	0.3	77.273	0	2213	29.99250187453144
1634252219.97	300	59.653098	0.0	232283	36	0.3	81.272	0	2333	30.007501875468797
1634252223.69	300	59.950144	0.0	216316	40	0.3	85.272	0	2453	30
1634252227.89	300	59.995113	0.0	221305	37	0.3	89.273	0	2573	29.99250187453144
1634252232.06	300	59.734666	0.0	225701	37	0.3	93.274	0	2693	29.99250187453133
1634252236.28	300	59.506503	0.0	232001	50	0.3	97.273	0	2813	30.007501875468904
1634252239.98	300	59.80405	0.0	225146	16	0.3	101.273	0	2933	30
1634252244.26	300	59.542301	0.0	234577	42	0.3	105.274	0	3053	29.99250187453133
1634252247.96	300	59.632006	0.0	231377	33	0.3	109.274	0	3173	30
1634252252.12	300	59.645359	0.0	236166	43	0.3	113.282	0	3294	30.189620758483066
1634252255.78	300	59.98143	0.0	218149	43	0.3	117.281	0	3414	30.007501875468797
1634252259.95	300	59.753384	0.0	228342	33	0.3	121.281	0	3534	30
