1634222495.55	750	4	0.209	486588	98	-0.8936999999999999	0	0	0	0
1634222495.89	750	8	0.0	731620	111	0.75	0	0	0	0
1634222496.18	750	12	0.0	760090	142	0.75	0	0	0	0
1634222496.42	750	15.913235	0.0	714177	123	0.75	0	0	0	0
1634222496.67	750	19.670375	0.0	733262	98	0.75	0	0	0	0
1634222496.91	750	23.423812	0.0	751224	121	0.75	0	0	0	0
1634222497.17	750	27.180543	0.0	740489	130	0.75	0	0	0	0
1634222497.41	750	30.898167	0.0	729701	124	0.75	0	0	0	0
1634222497.7	750	34.656193	0.0	759037	128	0.75	0	0	0	0
1634222497.98	750	38.373337	0.0	703222	125	0.75	0	0	0	0
1634222498.33	750	42.00945	0.0	743449	149	0.75	0	0	0	0
1634222498.61	750	45.724955	0.0	705495	128	0.75	0	0	0	0
1634222498.86	750	49.482221	0.0	692056	116	0.75	4.738	0	151	0
1634222499.15	750	53.2	0.0	733216	107	0.75	4.738	0	151	0
1634222499.52	750	56.83548	0.0	754497	140	0.75	4.738	0	151	0
1634222500.81	750	59.740917	0.0	733656	128	0.75	4.738	0	151	0
1634222504.61	750	59.76498	0.0	719773	117	0.75	8.738	1	391	59.750000000000014
1634222508.93	750	59.501846	0.0	765634	167	0.75	12.741	1	631	59.95503372470647
1634222512.75	750	59.811285	0.0	724551	150	0.75	16.741	1	871	60
1634222516.59	750	59.909642	0.0	741256	156	0.75	20.742	1	1111	59.98500374906271
1634222520.42	750	59.933334	0.0	740368	133	0.75	24.742	1	1351	60
1634222524.75	750	59.662481	0.0	734192	137	0.75	28.743	1	1591	59.98500374906277
1634222528.57	750	59.961612	0.0	736650	140	0.75	32.743	1	1831	59.99999999999995
1634222532.41	750	59.972925	0.0	765755	142	0.75	36.743	1	2071	60
1634222536.77	750	59.702081	0.0	741305	146	0.75	40.744	1	2311	59.98500374906277
1634222540.6	750	59.763244	0.0	732007	120	0.75	44.746	1	2551	59.970014992503714
1634222544.92	750	59.4905	0.0	730771	112	0.75	48.744	1	2791	60.03001500750379
1634222548.79	750	59.786635	0.0	730130	181	0.75	52.753	1	3032	60.11474183088051
1634222552.66	750	59.804248	0.0	719311	147	0.75	56.753	1	3272	60
1634222556.49	750	59.843848	0.0	719647	132	0.75	60.754	1	3512	59.98500374906277
1634222560.82	750	59.57551	0.0	722872	129	0.75	64.754	1	3752	59.99999999999989
1634222564.67	750	59.871777	0.0	740779	131	0.75	68.755	1	3992	59.98500374906288
1634222568.51	750	59.880897	0.0	735421	124	0.75	72.755	1	4232	60
1634222572.88	750	59.614115	0.0	693798	150	0.75	76.756	1	4472	59.98500374906266
1634222576.71	750	59.633334	0.0	727502	140	0.75	80.757	1	4712	59.98500374906266
1634222580.55	750	59.93464	0.0	675507	151	0.75	84.756	1	4952	60.01500375093781
1634222584.47	750	59.955128	0.0	700902	190	0.75	88.757	1	5192	59.98500374906266
1634222588.84	750	59.680615	0.0	701249	176	0.75	92.758	1	5432	59.98500374906288
1634222592.71	750	59.683334	0.0	730132	144	0.75	96.758	1	5672	60
1634222596.54	750	59.975846	0.0	711025	144	0.75	100.759	1	5912	59.98500374906266
1634222600.9	750	59.468333	0.0	727719	161	0.75	104.759	1	6152	60
1634222604.77	750	59.761228	0.0	737895	168	0.75	108.761	1	6392	59.97001499250382
1634222608.6	750	59.776088	0.0	715541	112	0.75	112.762	1	6632	59.98500374906266
1634222612.94	750	59.492449	0.0	673063	161	0.75	116.762	1	6872	60
1634222616.77	750	59.792469	0.0	734241	157	0.75	120.762	1	7112	60
