1634226321.24	750	4	0.214	428437	78	-0.9151999999999999	0	0	0	0
1634226321.47	300	8	0.0	230725	52	-0.15000000000000002	0	0	0	0
1634226321.61	300	12	0.0	243865	35	0.3	0	0	0	0
1634226321.8	300	16	0.0	220386	40	0.3	0	0	0	0
1634226321.98	300	20	0.0	223780	44	0.3	0	0	0	0
1634226322.14	300	24	0.0	230908	63	0.3	0	0	0	0
1634226322.3	300	28	0.0	243834	53	0.3	0	0	0	0
1634226322.45	300	32	0.0	227454	39	0.3	0	0	0	0
1634226322.6	300	36	0.0	244114	51	0.3	0	0	0	0
1634226322.74	300	40	0.0	227021	32	0.3	0	0	0	0
1634226322.92	300	44	0.0	237387	59	0.3	0	0	0	0
1634226323.07	300	48	0.0	226538	47	0.3	0	0	0	0
1634226323.21	300	52	0.0	219929	47	0.3	0	0	0	0
1634226323.35	300	56	0.0	225981	40	0.3	0	0	0	0
1634226325.11	300	59.666667	0.0	235362	56	0.3	6.438	0	0	0
1634226328.8	300	59.464466	0.0	228066	52	0.3	10.441	0	119	29.727704221833616
1634226332.54	300	59.812666	0.0	233092	48	0.3	14.441	0	239	30
1634226336.25	300	59.907305	0.0	250342	53	0.3	18.441	0	359	30.000000000000014
1634226340.48	300	59.646283	0.0	234538	47	0.3	22.441	0	479	30
1634226344.2	300	59.933464	0.0	234846	52	0.3	26.441	0	599	30
1634226348.43	300	59.95789	0.0	245620	69	0.3	30.442	0	719	29.992501874531357
1634226352.62	300	59.690259	0.0	238459	28	0.3	34.441	0	839	30.00750187546885
1634226356.36	300	59.993507	0.0	234371	45	0.3	38.442	0	959	29.992501874531385
1634226360.58	300	59.72705	0.0	238479	39	0.3	42.445	0	1079	29.977516862353234
1634226364.77	300	59.460715	0.0	235849	32	0.3	46.445	0	1199	30
1634226368.47	300	59.75778	0.0	227048	37	0.3	50.452	0	1319	29.94759171449964
1634226372.79	300	59.501692	0.0	241747	58	0.3	54.453	0	1439	29.99250187453133
1634226376.49	300	59.835698	0.0	226846	32	0.3	58.452	0	1559	30.007501875468904
1634226380.68	300	59.57447	0.0	240073	46	0.3	62.453	0	1679	29.99250187453133
1634226384.37	300	59.906433	0.0	224865	29	0.3	66.453	0	1799	30
1634226388.59	300	59.637031	0.0	223555	43	0.3	70.453	0	1919	30
1634226392.33	300	59.973194	0.0	236661	43	0.3	74.454	0	2039	29.99250187453144
1634226396.53	300	59.70034	0.0	224869	26	0.3	78.454	0	2159	30
1634226400.79	300	59.509771	0.0	220416	34	0.3	82.454	0	2279	30
1634226404.5	300	59.810218	0.0	232283	29	0.3	86.454	0	2399	30
1634226408.68	300	59.533334	0.0	216316	37	0.3	90.454	0	2519	30
1634226412.4	300	59.843232	0.0	221305	44	0.3	94.454	0	2639	30
1634226416.58	300	59.568018	0.0	225701	38	0.3	98.455	0	2759	29.99250187453133
1634226420.27	300	59.879426	0.0	232001	36	0.3	102.456	0	2879	29.99250187453133
1634226424.51	300	59.608055	0.0	225146	61	0.3	106.455	0	2999	30.007501875468904
1634226428.22	300	59.935279	0.0	234577	33	0.3	110.457	0	3119	29.98500749625191
1634226432.42	300	59.943849	0.0	231377	47	0.3	114.456	0	3239	30.007501875468797
1634226436.15	300	59.989769	0.0	236166	43	0.3	118.457	0	3359	29.99250187453144
1634226440.83	300	59.442988	0.0	218149	37	0.3	122.458	0	3479	29.99250187453133
1634226444.53	300	59.78067	0.0	228342	3	0.3	126.459	0	3599	29.99250187453133
