1634284173.78	750	4	0.198	428437	100	-0.8463999999999999	0	0	0	0
1634284173.97	750	8	0.0	427397	85	0.75	0	0	0	0
1634284174.17	750	12	0.0	435939	88	0.75	0	0	0	0
1634284174.42	750	16	0.0	420508	124	0.75	0	0	0	0
1634284174.61	750	20	0.0	431392	78	0.75	0	0	0	0
1634284174.79	750	24	0.0	442512	83	0.75	0	0	0	0
1634284174.95	750	28	0.0	450465	70	0.75	0	0	0	0
1634284175.18	750	32	0.0	454724	78	0.75	0	0	0	0
1634284175.4	750	36	0.0	440962	102	0.75	0	0	0	0
1634284175.63	750	39.913055	0.0	433775	106	0.75	0	0	0	0
1634284175.8	750	43.750787	0.0	445796	79	0.75	0	0	0	0
1634284176.0	750	47.548826	0.0	436832	67	0.75	0	0	0	0
1634284176.17	750	51.347141	0.0	432476	66	0.75	0	0	0	0
1634284176.36	750	55.185439	0.0	422635	74	0.75	0	0	0	0
1634284176.57	750	58.98384	0.0	433467	70	0.75	0	0	0	0
1634284179.78	750	59.988362	0.0	430697	73	0.75	5.432	0	44	0
1634284184.03	750	59.726332	0.0	440079	57	0.75	9.431	0	164	30.007501875468876
1634284187.81	750	59.745823	0.0	448764	93	0.75	13.432	0	284	29.992501874531357
1634284192.07	750	59.761445	0.0	451052	91	0.75	17.432	0	404	30.000000000000014
1634284195.81	750	59.814825	0.0	434071	69	0.75	21.432	0	524	30
1634284200.07	750	59.558638	0.0	440125	76	0.75	25.432	0	644	30
1634284203.8	750	59.86968	0.0	467521	82	0.75	29.433	0	764	29.992501874531357
1634284208.03	750	59.612425	0.0	453405	74	0.75	33.433	0	884	30
1634284211.76	750	59.922982	0.0	437659	74	0.75	37.433	0	1004	30
1634284216.05	750	59.7	0.0	426987	82	0.75	41.438	0	1125	30.21223470661671
1634284220.28	750	59.477035	0.0	432295	86	0.75	45.443	0	1245	29.962546816479435
1634284224.02	750	59.581864	0.0	432130	84	0.75	49.439	0	1365	30.030030030030012
1634284227.75	750	59.888321	0.0	425788	70	0.75	53.44	0	1485	29.992501874531385
1634284232.0	750	59.634106	0.0	435574	95	0.75	57.44	0	1605	30
1634284235.71	750	59.941087	0.0	420051	71	0.75	61.441	0	1725	29.99250187453133
1634284239.99	750	59.708215	0.0	438225	61	0.75	65.447	0	1845	29.955067398901647
1634284244.25	750	59.483746	0.0	445487	54	0.75	69.446	0	1965	30.007501875468904
1634284247.99	750	59.795086	0.0	431544	74	0.75	73.447	0	2085	29.99250187453133
1634284251.75	750	59.801824	0.0	413330	72	0.75	77.447	0	2205	30
1634284255.99	750	59.594973	0.0	443416	86	0.75	81.449	0	2325	29.98500749625191
1634284259.75	750	59.943913	0.0	427034	66	0.75	85.448	0	2445	30.007501875468904
1634284264.0	750	59.720844	0.0	420805	57	0.75	89.449	0	2565	29.99250187453133
1634284268.25	750	59.449234	0.0	432340	73	0.75	93.449	0	2685	30
1634284271.96	750	59.825601	0.0	445203	64	0.75	97.449	0	2805	30
1634284275.73	750	59.852069	0.0	428535	92	0.75	101.449	0	2925	30
1634284279.96	750	59.607298	0.0	432915	88	0.75	105.449	0	3045	30
1634284283.7	750	59.910167	0.0	440705	95	0.75	109.452	0	3165	29.977516862353234
1634284287.95	750	59.643871	0.0	464681	77	0.75	113.454	0	3285	29.98500749625191
1634284291.64	750	59.95218	0.0	432462	78	0.75	117.453	0	3405	30.007501875468797
1634284295.89	750	59.7	0.0	443948	88	0.75	121.454	0	3525	29.99250187453144
