1634275407.97	750	4	0.23	486588	130	-0.984	0	0	0	0
1634275408.23	300	8	0.0	518070	104	-0.15000000000000002	0	0	0	0
1634275408.45	300	12	0.0	488296	109	0.3	0	0	0	0
1634275408.68	300	15.873816	0.0	505467	106	0.3	0	0	0	0
1634275408.87	300	19.672031	0.0	474784	73	0.3	0	0	0	0
1634275409.09	300	23.467907	0.0	523060	93	0.3	0	0	0	0
1634275409.3	300	27.265619	0.0	475799	81	0.3	0	0	0	0
1634275409.5	300	31.063473	0.0	494810	91	0.3	0	0	0	0
1634275409.72	300	34.819502	0.0	509476	100	0.3	0	0	0	0
1634275409.92	300	38.656058	0.0	459558	85	0.3	0	0	0	0
1634275410.15	300	42.412949	0.0	502767	85	0.3	0	0	0	0
1634275410.35	300	46.210693	0.0	488586	85	0.3	0	0	0	0
1634275410.56	300	50.009011	0.0	481440	87	0.3	0	0	0	0
1634275410.81	300	53.766667	0.0	508546	93	0.3	0	0	0	0
1634275411.03	300	57.524198	0.0	510083	86	0.3	0	0	0	0
1634275412.78	300	59.779248	0.0	488713	87	0.3	4.709	0	167	0
1634275417.05	300	59.519145	0.0	468254	100	0.3	8.709	0	407	60
1634275420.81	300	59.836358	0.0	516536	96	0.3	12.709	0	647	60
1634275425.07	300	59.577072	0.0	479697	95	0.3	16.709	0	887	60
1634275428.84	300	59.885172	0.0	500854	89	0.3	20.71	0	1127	59.98500374906271
1634275433.09	300	59.626363	0.0	496587	89	0.3	24.709	0	1367	60.01500375093775
1634275436.84	300	59.938899	0.0	479350	88	0.3	28.709	0	1607	60
1634275440.59	300	59.963552	0.0	520120	87	0.3	32.71	0	1847	59.98500374906271
1634275444.85	300	59.985676	0.0	515394	86	0.3	36.71	0	2087	60
1634275449.09	300	59.727728	0.0	480696	88	0.3	40.71	0	2327	60
1634275452.84	300	59.751136	0.0	481433	83	0.3	44.71	0	2567	60
1634275457.1	300	59.497966	0.0	494650	82	0.3	48.71	0	2808	60.25
1634275460.92	300	59.80939	0.0	499761	99	0.3	52.711	0	3048	59.98500374906277
1634275465.16	300	59.547959	0.0	501070	69	0.3	56.711	0	3288	60
1634275468.93	300	59.860661	0.0	489874	95	0.3	60.711	0	3528	60
1634275472.67	300	59.928313	0.0	488718	82	0.3	64.712	0	3768	59.98500374906266
1634275476.98	300	59.662937	0.0	509088	94	0.3	68.711	0	4008	60.01500375093781
1634275480.76	300	59.965149	0.0	494764	102	0.3	72.712	0	4247	59.73506623344157
1634275485.02	300	59.705761	0.0	488570	85	0.3	76.711	0	4488	60.26506626656671
1634275488.81	300	59.768586	0.0	474638	93	0.3	80.712	0	4728	59.98500374906266
1634275493.06	300	59.514256	0.0	473808	83	0.3	84.722	0	4968	59.85037406483804
1634275496.81	300	59.816667	0.0	484371	76	0.3	88.722	0	5208	60
1634275501.11	300	59.55477	0.0	496055	83	0.3	92.723	0	5448	59.98500374906266
1634275504.89	300	59.863887	0.0	490794	84	0.3	96.723	0	5688	60
1634275509.12	300	59.608857	0.0	488697	84	0.3	100.723	0	5928	60
1634275512.88	300	59.916667	0.0	490627	80	0.3	104.723	0	6168	60
1634275516.66	300	59.942095	0.0	493233	84	0.3	108.724	0	6408	59.98500374906266
1634275520.89	300	59.670634	0.0	491640	89	0.3	112.724	0	6648	60
1634275525.11	300	59.448031	0.0	477722	80	0.3	116.724	0	6888	60
1634275528.85	300	59.757534	0.0	498333	88	0.3	120.725	0	7128	59.98500374906288
