1634281553.04	750	4	0.19	486588	80	-0.8119999999999999	0	0	0	0
1634281553.26	300	8	0.0	518070	89	-0.15000000000000002	0	0	0	0
1634281553.44	300	12	0.0	488296	76	0.3	0	0	0	0
1634281553.64	300	16	0.0	505467	108	0.3	0	0	0	0
1634281553.81	300	20	0.0	474784	75	0.3	0	0	0	0
1634281554.0	300	24	0.0	523060	72	0.3	0	0	0	0
1634281554.18	300	28	0.0	475799	82	0.3	0	0	0	0
1634281554.35	300	32	0.0	494810	80	0.3	0	0	0	0
1634281554.54	300	36	0.0	509476	80	0.3	0	0	0	0
1634281554.72	300	39.913778	0.0	459558	41	0.3	0	0	0	0
1634281554.92	300	43.707984	0.0	502767	80	0.3	0	0	0	0
1634281555.11	300	47.50603	0.0	488586	73	0.3	0	0	0	0
1634281555.34	300	51.304337	0.0	481440	78	0.3	0	0	0	0
1634281555.55	300	55.062569	0.0	508546	72	0.3	0	0	0	0
1634281555.78	300	58.860847	0.0	510083	94	0.3	0	0	0	0
1634281558.99	300	59.74341	0.0	488713	82	0.3	5.281	0	106	0
1634281563.21	300	59.481505	0.0	468254	87	0.3	9.281	0	346	59.999999999999986
1634281566.94	300	59.786938	0.0	516536	80	0.3	13.281	0	586	60
1634281571.15	300	59.529743	0.0	479697	74	0.3	17.281	0	826	60.00000000000003
1634281574.9	300	59.835729	0.0	500854	82	0.3	21.281	0	1066	60
1634281579.13	300	59.573252	0.0	496587	80	0.3	25.282	0	1306	59.98500374906271
1634281582.85	300	59.878378	0.0	479350	78	0.3	29.282	0	1546	60
1634281587.1	300	59.61007	0.0	520120	79	0.3	33.282	0	1786	60.00000000000006
1634281590.86	300	59.91677	0.0	515394	85	0.3	37.282	0	2026	60
1634281595.09	300	59.652889	0.0	480696	77	0.3	41.284	0	2266	59.970014992503714
1634281598.84	300	59.96141	0.0	481433	75	0.3	45.285	0	2506	59.98500374906277
1634281603.09	300	59.729495	0.0	494650	71	0.3	49.284	0	2746	60.0150037509377
1634281607.29	300	59.474135	0.0	499761	71	0.3	53.285	0	2986	59.98500374906277
1634281610.99	300	59.780404	0.0	501070	81	0.3	57.285	0	3226	60
1634281615.24	300	59.519489	0.0	489874	90	0.3	61.285	0	3466	60
1634281619.01	300	59.825751	0.0	488718	100	0.3	65.285	0	3706	60
1634281623.25	300	59.559445	0.0	509088	94	0.3	69.285	0	3946	60
1634281626.99	300	59.873857	0.0	494764	86	0.3	73.285	0	4186	60
1634281630.78	300	59.885776	0.0	488570	96	0.3	77.286	0	4426	59.98500374906266
1634281635.0	300	59.661533	0.0	474638	72	0.3	81.286	0	4666	60
1634281639.24	300	59.428594	0.0	473808	95	0.3	85.295	0	4907	60.11474183088051
1634281642.96	300	59.739471	0.0	484371	81	0.3	89.295	0	5147	60
1634281647.18	300	59.473917	0.0	496055	85	0.3	93.296	0	5387	59.98500374906266
1634281650.91	300	59.783334	0.0	490794	86	0.3	97.296	0	5627	60
1634281655.15	300	59.514402	0.0	488697	89	0.3	101.296	0	5867	60
1634281658.9	300	59.823061	0.0	490627	94	0.3	105.296	0	6107	60
1634281663.13	300	59.562724	0.0	493233	91	0.3	109.297	0	6347	59.98500374906288
1634281666.86	300	59.871673	0.0	491640	100	0.3	113.296	0	6587	60.015003750937595
1634281671.07	300	59.607692	0.0	477722	87	0.3	117.297	0	6827	59.98500374906288
1634281674.8	300	59.916667	0.0	498333	95	0.3	121.297	0	7067	60
