1634241350.04	750	4	0.179	486588	81	-0.7646999999999999	0	0	0	0
1634241350.58	1200	8	0.0	1897149	323	0.75	0	0	0	0
1634241351.11	1200	12	0.0	2016742	328	1.2	0	0	0	0
1634241351.6	1200	16	0.0	1875307	340	1.2	0	0	0	0
1634241352.22	1200	19.466667	0.0	1939196	341	1.2	0	0	0	0
1634241352.76	1200	22.883334	0.0	1957925	331	1.2	0	0	0	0
1634241353.27	1200	26.37623	0.0	2010152	317	1.2	0	0	0	0
1634241353.73	1200	29.9	0.0	1961069	247	1.2	5.199	5	104	0
1634241354.25	1200	33.416667	0.0	2006297	310	1.2	5.199	5	104	0
1634241354.76	1200	36.9	0.0	1835501	305	1.2	5.199	5	104	0
1634241355.27	1200	40.383334	0.0	1999882	314	1.2	5.199	5	104	0
1634241355.83	1200	43.816667	0.0	1904004	355	1.2	5.199	5	104	0
1634241356.29	1200	47.316667	0.0	1807550	300	1.2	5.199	5	104	0
1634241356.78	1200	50.833334	0.0	1917549	324	1.2	5.199	5	104	0
1634241357.31	1200	54.35	0.0	1985515	311	1.2	5.199	5	104	0
1634241357.85	1200	57.8	0.0	1935615	342	1.2	9.228	19	345	56.34152395135269
1634241359.9	1200	59.797458	0.0	2005418	336	1.2	9.228	19	345	56.34152395135269
1634241363.96	1200	59.820715	0.0	2047855	339	1.2	13.229	24	585	58.73531617095727
1634241368.04	1200	59.842443	0.0	1914857	364	1.2	17.229	25	825	59.75
1634241372.09	1200	59.588028	0.0	1992793	340	1.2	21.23	25	1065	59.98500374906271
1634241375.74	1200	59.903346	0.0	1930629	438	1.2	25.231	25	1306	60.23494126468381
1634241379.78	1200	59.93391	0.0	1998676	338	1.2	29.231	26	1546	59.75
1634241383.89	1200	59.952564	0.0	1905916	335	1.2	33.231	30	1786	59
1634241387.93	1200	59.696409	0.0	1979510	288	1.2	37.231	32	2026	59.5
1634241391.94	1200	59.735356	0.0	1948438	320	1.2	41.232	32	2266	59.98500374906277
1634241395.99	1200	59.770241	0.0	1944346	309	1.2	45.235	35	2506	59.20559580314764
1634241400.08	1200	59.796712	0.0	1962959	299	1.2	49.233	37	2746	59.529764882441256
1634241404.09	1200	59.543103	0.0	1917405	303	1.2	53.233	38	2986	59.75
1634241408.07	1200	59.582025	0.0	1913569	296	1.2	57.233	38	3226	60
1634241412.08	1200	59.607619	0.0	1937554	315	1.2	61.234	38	3466	59.98500374906266
1634241416.41	1200	59.884072	0.0	1930915	331	1.2	65.235	39	3706	59.73506623344167
1634241420.32	1200	59.473247	0.0	1953420	322	1.2	69.235	41	3946	59.5
1634241423.87	1200	59.782452	0.0	1957352	321	1.2	73.235	41	4186	60
1634241427.89	1200	59.851221	0.0	1903803	283	1.2	77.235	41	4426	60
1634241431.93	1200	59.873593	0.0	1953737	321	1.2	81.235	41	4666	60
1634241435.97	1200	59.895327	0.0	1836534	320	1.2	85.236	41	4906	59.98500374906266
1634241440.0	1200	59.635818	0.0	1850984	344	1.2	89.236	41	5146	60
1634241444.04	1200	59.653002	0.0	1870734	333	1.2	93.236	41	5386	60
1634241448.12	1200	59.685758	0.0	1939450	365	1.2	97.237	41	5626	59.98500374906288
1634241452.14	1200	59.71895	0.0	1891175	318	1.2	101.238	41	5866	59.98500374906266
1634241456.18	1200	59.454455	0.0	1976624	346	1.2	105.238	41	6106	60
1634241460.24	1200	59.473535	0.0	1959927	349	1.2	109.239	42	6346	59.73506623344157
1634241464.29	1200	59.500044	0.0	1936346	377	1.2	113.239	42	6586	60
1634241467.98	1200	59.82035	0.0	1823593	518	1.2	117.246	42	6826	59.89518342899939
1634241472.08	1200	59.568886	0.0	1951549	451	1.2	121.239	42	7066	60.10518407212608
