1634239658.93	750	4	0.194	428437	85	-0.8291999999999999	0	0	0	0
1634239659.1	300	8	0.0	230725	37	-0.15000000000000002	0	0	0	0
1634239659.5	300	12	0.0	243865	4	0.3	0	0	0	0
1634239659.64	300	16	0.0	220386	42	0.3	0	0	0	0
1634239659.76	300	20	0.0	223780	30	0.3	0	0	0	0
1634239659.9	300	24	0.0	230908	42	0.3	0	0	0	0
1634239660.03	300	28	0.0	243834	42	0.3	0	0	0	0
1634239660.17	300	32	0.0	227454	40	0.3	0	0	0	0
1634239660.3	300	36	0.0	244114	20	0.3	0	0	0	0
1634239660.44	300	40	0.0	227021	34	0.3	0	0	0	0
1634239660.58	300	44	0.0	237387	40	0.3	0	0	0	0
1634239660.72	300	47.915193	0.0	226538	29	0.3	0	0	0	0
1634239660.85	300	51.754087	0.0	219929	41	0.3	0	0	0	0
1634239660.98	300	55.633334	0.0	225981	37	0.3	0	0	0	0
1634239661.12	300	59.512321	0.0	235362	37	0.3	0	0	0	0
1634239665.29	300	59.460285	0.0	228066	37	0.3	5.407	0	44	0
1634239669.02	300	59.766667	0.0	233092	28	0.3	9.409	0	164	29.985007496251868
1634239673.25	300	59.54975	0.0	250342	15	0.3	13.408	0	284	30.007501875468876
1634239676.96	300	59.856025	0.0	234538	34	0.3	17.41	0	404	29.985007496251868
1634239681.19	300	59.58898	0.0	234846	29	0.3	21.41	0	524	30
1634239684.91	300	59.886038	0.0	245620	34	0.3	25.41	0	644	30
1634239689.11	300	59.629496	0.0	238459	51	0.3	29.41	0	764	30
1634239692.86	300	59.966843	0.0	234371	53	0.3	33.41	0	884	30.00000000000003
1634239697.05	300	59.688258	0.0	238479	47	0.3	37.411	0	1004	29.99250187453133
1634239701.27	300	59.475435	0.0	235849	50	0.3	41.411	0	1124	30
1634239704.98	300	59.774583	0.0	227048	35	0.3	45.412	0	1244	29.992501874531385
1634239709.24	300	59.502673	0.0	241747	117	0.3	49.412	0	1364	30
1634239712.93	300	59.807679	0.0	226846	44	0.3	53.412	0	1484	30
1634239717.11	300	59.555555	0.0	240073	58	0.3	57.412	0	1604	30
1634239720.78	300	59.859	0.0	224865	47	0.3	61.413	0	1724	29.992501874531385
1634239725.08	300	59.869002	0.0	223555	45	0.3	65.412	0	1844	30.007501875468797
1634239728.8	300	59.895998	0.0	236661	45	0.3	69.412	0	1964	30
1634239732.99	300	59.660677	0.0	224869	46	0.3	73.413	0	2084	29.99250187453144
1634239736.7	300	59.968529	0.0	220416	45	0.3	77.413	0	2204	30
1634239740.86	300	59.988023	0.0	232283	37	0.3	81.414	0	2324	29.99250187453133
1634239745.09	300	59.719293	0.0	216316	34	0.3	85.414	0	2444	30
1634239749.29	300	59.456869	0.0	221305	39	0.3	89.414	0	2564	30
1634239753.0	300	59.762209	0.0	225701	35	0.3	93.414	0	2684	30
1634239757.22	300	59.610356	0.0	232001	37	0.3	97.414	0	2804	30
1634239760.92	300	59.911121	0.0	225146	39	0.3	101.414	0	2924	30
1634239765.12	300	59.644633	0.0	234577	40	0.3	105.415	0	3044	29.99250187453133
1634239768.81	300	59.990321	0.0	231377	46	0.3	109.416	0	3164	29.99250187453144
1634239773.03	300	59.713909	0.0	236166	43	0.3	113.415	0	3284	30.007501875468797
1634239777.25	300	59.44502	0.0	218149	35	0.3	117.416	0	3404	29.99250187453144
1634239780.93	300	59.753946	0.0	228342	37	0.3	121.417	0	3524	29.99250187453133
