1634222984.17	750	4	0.274	486588	122	-1.1732	0	0	0	0
1634222984.45	300	8	0.0	518070	132	-0.15000000000000002	0	0	0	0
1634222984.73	300	12	0.0	488296	130	0.3	0	0	0	0
1634222984.99	300	16	0.0	505467	117	0.3	0	0	0	0
1634222985.31	300	20	0.0	474784	166	0.3	0	0	0	0
1634222985.6	300	24	0.0	523060	139	0.3	0	0	0	0
1634222985.87	300	28	0.0	475799	97	0.3	0	0	0	0
1634222986.28	300	31.711353	0.0	494810	142	0.3	0	0	0	0
1634222986.55	300	35.427142	0.0	509476	123	0.3	0	0	0	0
1634222986.81	300	39.183334	0.0	459558	93	0.3	0	0	0	0
1634222987.18	300	42.816667	0.0	502767	7	0.3	5.658	0	72	0
1634222987.45	300	46.53102	0.0	488586	109	0.3	5.658	0	72	0
1634222987.72	300	50.248249	0.0	481440	120	0.3	5.658	0	72	0
1634222988.02	300	53.964341	0.0	508546	117	0.3	5.658	0	72	0
1634222988.34	300	57.640331	0.0	510083	149	0.3	5.658	0	72	0
1634222990.21	300	59.758778	0.0	488713	130	0.3	5.658	0	72	0
1634222994.6	300	59.466727	0.0	468254	108	0.3	9.657	0	312	60.01500375093774
1634222998.45	300	59.780437	0.0	516536	101	0.3	13.657	0	552	60
1634223002.23	300	59.833334	0.0	479697	86	0.3	17.657	1	792	59.75
1634223006.53	300	59.567578	0.0	500854	110	0.3	21.657	1	1032	60
1634223010.33	300	59.866757	0.0	496587	97	0.3	25.657	1	1272	60
1634223014.13	300	59.923496	0.0	479350	85	0.3	29.658	1	1512	59.98500374906271
1634223018.43	300	59.65208	0.0	520120	102	0.3	33.658	1	1752	60
1634223022.21	300	59.95034	0.0	515394	97	0.3	37.666	1	1993	60.129740518962144
1634223026.02	300	59.956484	0.0	480696	82	0.3	41.673	1	2233	59.895183428999175
1634223030.31	300	59.685316	0.0	481433	78	0.3	45.675	1	2473	59.97001499250382
1634223034.08	300	59.977894	0.0	494650	84	0.3	49.673	1	2713	60.030015007503685
1634223038.36	300	59.693291	0.0	499761	106	0.3	53.673	1	2953	60
1634223042.14	300	59.987124	0.0	501070	102	0.3	57.674	1	3193	59.98500374906277
1634223046.43	300	59.716944	0.0	489874	78	0.3	61.675	1	3433	59.98500374906277
1634223050.24	300	59.737377	0.0	488718	116	0.3	65.675	1	3673	60
1634223054.53	300	59.506894	0.0	509088	88	0.3	69.675	1	3913	60
1634223058.31	300	59.831266	0.0	494764	77	0.3	73.676	1	4153	59.98500374906266
1634223062.6	300	59.55789	0.0	488570	86	0.3	77.676	1	4393	60
1634223066.36	300	59.855683	0.0	474638	53	0.3	81.676	1	4633	60
1634223070.14	300	59.872115	0.0	473808	98	0.3	85.676	1	4873	60
1634223074.44	300	59.637907	0.0	484371	96	0.3	89.679	1	5113	59.95503372470647
1634223078.22	300	59.936082	0.0	496055	96	0.3	93.68	1	5353	59.98500374906266
1634223082.05	300	59.950519	0.0	490794	89	0.3	97.68	1	5593	60
1634223086.34	300	59.674459	0.0	488697	101	0.3	101.68	1	5834	60.25
1634223090.12	300	59.976749	0.0	490627	96	0.3	105.68	1	6074	60
1634223094.41	300	59.709325	0.0	493233	101	0.3	109.681	1	6314	59.98500374906288
1634223098.18	300	59.797066	0.0	491640	82	0.3	113.681	1	6553	59.75
1634223102.46	300	59.527222	0.0	477722	97	0.3	117.68	1	6794	60.2650662665665
1634223106.22	300	59.864563	0.0	498333	87	0.3	121.68	1	7034	60
