1634284886.12	750	4	0.183	428437	88	-0.7818999999999999	0	0	0	0
1634284886.3	300	8	0.0	230725	47	-0.15000000000000002	0	0	0	0
1634284886.44	300	12	0.0	243865	41	0.3	0	0	0	0
1634284886.65	300	16	0.0	220386	42	0.3	0	0	0	0
1634284886.8	300	20	0.0	223780	49	0.3	0	0	0	0
1634284886.93	300	24	0.0	230908	43	0.3	0	0	0	0
1634284887.08	300	28	0.0	243834	41	0.3	0	0	0	0
1634284887.23	300	32	0.0	227454	45	0.3	0	0	0	0
1634284887.41	300	36	0.0	244114	18	0.3	0	0	0	0
1634284887.57	300	40	0.0	227021	40	0.3	0	0	0	0
1634284887.72	300	44	0.0	237387	48	0.3	0	0	0	0
1634284887.85	300	47.910002	0.0	226538	40	0.3	0	0	0	0
1634284887.98	300	51.789018	0.0	219929	28	0.3	0	0	0	0
1634284888.11	300	55.668211	0.0	225981	34	0.3	0	0	0	0
1634284888.25	300	59.507081	0.0	235362	36	0.3	0	0	0	0
1634284892.45	300	59.475517	0.0	228066	27	0.3	5.468	0	47	0
1634284896.17	300	59.813068	0.0	233092	39	0.3	9.467	0	167	30.00750187546886
1634284900.37	300	59.541501	0.0	250342	46	0.3	13.468	0	287	29.99250187453137
1634284904.1	300	59.845373	0.0	234538	44	0.3	17.471	0	407	29.977516862353234
1634284908.31	300	59.579562	0.0	234846	10	0.3	21.47	0	527	30.007501875468876
1634284912.05	300	59.876942	0.0	245620	41	0.3	25.478	0	647	29.94011976047902
1634284916.28	300	59.613279	0.0	238459	14	0.3	29.478	0	767	30
1634284920.02	300	59.912057	0.0	234371	43	0.3	33.478	0	887	30
1634284924.2	300	59.682416	0.0	238479	48	0.3	37.479	0	1007	29.992501874531385
1634284927.9	300	59.990452	0.0	235849	39	0.3	41.478	0	1127	30.00750187546885
1634284932.09	300	59.771928	0.0	227048	39	0.3	45.479	0	1247	29.992501874531385
1634284936.3	300	59.51627	0.0	241747	26	0.3	49.479	0	1367	30
1634284940.07	300	59.855808	0.0	226846	44	0.3	53.48	0	1487	29.992501874531385
1634284944.24	300	59.614475	0.0	240073	39	0.3	57.481	0	1607	29.99250187453133
1634284947.92	300	59.927269	0.0	224865	39	0.3	61.48	0	1727	30.007501875468904
1634284952.09	300	59.939975	0.0	223555	35	0.3	65.481	0	1847	29.992501874531385
1634284955.82	300	59.997558	0.0	236661	44	0.3	69.481	0	1967	30
1634284960.54	300	59.452613	0.0	224869	50	0.3	73.481	0	2087	30
1634284964.26	300	59.79362	0.0	220416	41	0.3	77.482	0	2207	29.99250187453133
1634284967.99	300	59.812714	0.0	232283	39	0.3	81.482	0	2327	30
1634284972.21	300	59.576877	0.0	216316	45	0.3	85.482	0	2447	30
1634284975.94	300	59.881386	0.0	221305	51	0.3	89.487	0	2567	29.962546816479435
1634284980.13	300	59.898007	0.0	225701	46	0.3	93.488	0	2687	29.99250187453133
1634284984.31	300	59.626292	0.0	232001	39	0.3	97.488	0	2807	30
1634284988.0	300	59.929519	0.0	225146	49	0.3	101.488	0	2927	30
1634284992.28	300	59.685099	0.0	234577	48	0.3	105.489	0	3047	29.99250187453133
1634284996.0	300	59.983635	0.0	231377	40	0.3	109.488	0	3167	30.007501875468904
1634285000.19	300	59.783758	0.0	236166	40	0.3	113.488	0	3287	30
1634285004.41	300	59.554828	0.0	218149	50	0.3	117.493	0	3407	29.962546816479435
1634285008.07	300	59.857818	0.0	228342	49	0.3	121.495	0	3527	29.985007496251804
