1634282755.2	750	4	0.191	428437	87	-0.8162999999999999	0	0	0	0
1634282755.81	1850	8	0.0	2194849	321	0.75	0	0	0	0
1634282756.42	1850	12	0.0	2241724	266	1.85	0	0	0	0
1634282756.93	1850	16	0.0	2191337	334	1.85	0	0	0	0
1634282757.49	1850	19.749401	0.0	2191196	362	1.85	0	0	0	0
1634282758.07	1850	23.184051	0.0	2214251	353	1.85	0	0	0	0
1634282758.6	1850	26.659398	0.0	2177842	352	1.85	5.522	0	36	0
1634282759.13	1850	30.134737	0.0	2228366	336	1.85	5.522	0	36	0
1634282759.64	1850	33.609287	0.0	2144748	329	1.85	5.522	0	36	0
1634282760.23	1850	37.043306	0.0	2196481	351	1.85	5.522	0	36	0
1634282760.79	1850	40.476824	0.0	2179785	356	1.85	5.522	0	36	0
1634282761.34	1850	44	0.0	2232134	353	1.85	5.522	0	36	0
1634282761.89	1850	47.384266	0.0	2239109	370	1.85	5.522	0	36	0
1634282762.53	1850	50.819676	0.0	2148555	369	1.85	9.521	3	156	29.25731432858214
1634282763.1	1850	54.17422	0.0	2164111	345	1.85	9.521	3	156	29.25731432858214
1634282763.7	1850	57.567861	0.0	2229209	383	1.85	9.521	3	156	29.25731432858214
1634282765.77	1850	59.543029	0.0	2163625	354	1.85	9.521	3	156	29.25731432858214
1634282769.84	1850	59.573336	0.0	2211517	333	1.85	13.521	3	276	30
1634282773.44	1850	59.888461	0.0	2153910	316	1.85	17.521	3	396	30
1634282777.5	1850	59.912227	0.0	2138318	322	1.85	21.522	3	516	29.992501874531385
1634282781.6	1850	59.659743	0.0	2275149	310	1.85	25.524	3	636	29.985007496251857
1634282785.68	1850	59.684633	0.0	2272623	372	1.85	29.526	3	756	29.98500749625188
1634282789.83	1850	59.439521	0.0	2270492	395	1.85	33.526	3	876	29.999999999999975
1634282793.91	1850	59.471182	0.0	2179932	351	1.85	37.526	3	996	30
1634282797.46	1850	59.831	0.0	2161125	348	1.85	41.528	3	1116	29.98500749625191
1634282801.56	1850	59.847992	0.0	2116735	330	1.85	45.529	3	1236	29.99250187453133
1634282805.6	1850	59.882006	0.0	2166791	325	1.85	49.528	3	1356	30.007501875468904
1634282810.11	1850	59.608015	0.0	2121825	360	1.85	53.529	3	1476	29.99250187453133
1634282813.66	1850	59.629789	0.0	2230670	453	1.85	57.541	3	1596	29.91026919242278
1634282817.75	1850	59.697751	0.0	2208872	369	1.85	61.529	8	1716	28.836509528585708
1634282821.35	1850	59.997763	0.0	2283966	337	1.85	65.529	8	1836	30.000000000000053
1634282825.53	1850	59.739315	0.0	2257313	391	1.85	69.53	8	1956	29.99250187453133
1634282829.65	1850	59.766667	0.0	2165733	349	1.85	73.53	8	2076	30
1634282833.74	1850	59.509319	0.0	2085175	321	1.85	77.53	8	2196	30
1634282837.86	1850	59.52711	0.0	2307215	358	1.85	81.531	8	2316	29.99250187453133
1634282841.48	1850	59.835621	0.0	2229829	349	1.85	85.531	8	2436	30
1634282845.6	1850	59.846089	0.0	2148822	369	1.85	89.531	8	2556	30
1634282849.7	1850	59.575003	0.0	2199496	317	1.85	93.531	8	2676	30
1634282853.34	1850	59.923785	0.0	2249490	359	1.85	97.535	8	2796	29.97002997003004
1634282857.47	1850	59.947467	0.0	2138617	340	1.85	101.546	8	2916	29.917726252804712
1634282861.75	1850	59.744842	0.0	2164190	349	1.85	105.538	8	3036	30.060120240481037
