1634264400.76	750	4	0.184	428437	91	-0.7861999999999999	0	0	0	0
1634264400.95	750	8	0.0	427397	76	0.75	0	0	0	0
1634264401.2	750	12	0.0	435939	83	0.75	0	0	0	0
1634264401.63	750	16	0.0	420508	75	0.75	0	0	0	0
1634264401.8	750	20	0.0	431392	73	0.75	0	0	0	0
1634264401.99	750	24	0.0	442512	92	0.75	0	0	0	0
1634264402.17	750	27.957013	0.0	450465	84	0.75	0	0	0	0
1634264402.35	750	31.793754	0.0	454724	90	0.75	0	0	0	0
1634264402.52	750	35.633334	0.0	440962	74	0.75	0	0	0	0
1634264402.72	750	39.431134	0.0	433775	69	0.75	0	0	0	0
1634264402.92	750	43.22974	0.0	445796	69	0.75	0	0	0	0
1634264403.14	750	46.987612	0.0	436832	76	0.75	0	0	0	0
1634264403.34	750	50.785606	0.0	432476	56	0.75	0	0	0	0
1634264403.52	750	54.624	0.0	422635	70	0.75	0	0	0	0
1634264403.71	750	58.422694	0.0	433467	67	0.75	0	0	0	0
1634264406.42	750	59.793377	0.0	430697	54	0.75	5.243	0	59	0
1634264410.69	750	59.528133	0.0	440079	56	0.75	9.253	0	179	29.925187032418954
1634264414.45	750	59.836087	0.0	448764	76	0.75	13.252	0	299	30.00750187546886
1634264418.68	750	59.648171	0.0	451052	74	0.75	17.253	0	419	29.99250187453137
1634264422.4	750	59.954249	0.0	434071	66	0.75	21.253	0	539	30
1634264426.68	750	59.736367	0.0	440125	79	0.75	25.254	0	659	29.992501874531357
1634264430.39	750	59.785605	0.0	467521	71	0.75	29.253	0	779	30.007501875468876
1634264434.66	750	59.551248	0.0	453405	68	0.75	33.254	0	899	29.992501874531385
1634264438.39	750	59.858841	0.0	437659	84	0.75	37.254	0	1019	30
1634264442.65	750	59.613439	0.0	426987	81	0.75	41.255	0	1139	29.99250187453133
1634264446.41	750	59.920636	0.0	432295	72	0.75	45.256	0	1259	29.992501874531385
1634264450.63	750	59.688823	0.0	432130	36	0.75	49.255	0	1379	30.00750187546885
1634264454.35	750	59.989717	0.0	425788	68	0.75	53.256	0	1499	29.992501874531385
1634264458.54	750	59.745659	0.0	435574	67	0.75	57.256	0	1619	30
1634264462.75	750	59.468106	0.0	420051	80	0.75	61.256	0	1739	30
1634264466.46	750	59.766667	0.0	438225	71	0.75	65.257	0	1859	29.99250187453133
1634264470.69	750	59.506183	0.0	445487	56	0.75	69.257	0	1979	30
1634264474.41	750	59.837951	0.0	431544	81	0.75	73.257	0	2099	30
1634264478.62	750	59.571636	0.0	413330	67	0.75	77.258	0	2219	29.99250187453144
1634264482.37	750	59.951621	0.0	443416	68	0.75	81.258	0	2339	30
1634264486.6	750	59.683087	0.0	427034	77	0.75	85.258	0	2459	30
1634264490.34	750	59.989576	0.0	420805	72	0.75	89.258	0	2579	30
1634264494.56	750	59.735902	0.0	432340	65	0.75	93.259	0	2699	29.99250187453133
1634264498.77	750	59.471257	0.0	445203	58	0.75	97.26	0	2819	29.99250187453133
1634264502.49	750	59.782657	0.0	428535	75	0.75	101.26	0	2939	30
1634264506.7	750	59.516285	0.0	432915	76	0.75	105.26	0	3059	30
1634264510.45	750	59.860374	0.0	440705	74	0.75	109.261	0	3179	29.99250187453144
1634264514.66	750	59.673208	0.0	464681	50	0.75	113.26	0	3299	30.007501875468797
1634264518.86	750	59.433688	0.0	432462	70	0.75	117.261	0	3419	29.99250187453144
1634264522.57	750	59.735238	0.0	443948	76	0.75	121.261	0	3539	30
