1634256841.97	750	4	0.149	428437	73	-0.6356999999999999	0	0	0	0
1634256842.51	1850	8	0.0	2194849	352	0.75	0	0	0	0
1634256843.04	1850	11.504359	0.0	2241724	345	1.85	0	0	0	0
1634256843.61	1850	14.940246	0.0	2191337	335	1.85	0	0	0	0
1634256844.12	1850	18.416095	0.0	2191196	331	1.85	0	0	0	0
1634256844.63	1850	21.891061	0.0	2214251	333	1.85	0	0	0	0
1634256845.12	1850	25.405585	0.0	2177842	342	1.85	0	0	0	0
1634256845.65	1850	28.88089	0.0	2228366	341	1.85	4.633	0	87	0
1634256846.16	1850	32.396701	0.0	2144748	349	1.85	4.633	0	87	0
1634256846.67	1850	35.872778	0.0	2196481	348	1.85	4.633	0	87	0
1634256847.2	1850	39.346859	0.0	2179785	377	1.85	4.633	0	87	0
1634256847.78	1850	42.741343	0.0	2232134	371	1.85	4.633	0	87	0
1634256848.36	1850	46.176286	0.0	2239109	346	1.85	4.633	0	87	0
1634256848.91	1850	49.651216	0.0	2148555	331	1.85	4.633	0	87	0
1634256849.46	1850	53.085963	0.0	2164111	330	1.85	8.632	1	207	29.757439359839964
1634256850.02	1850	56.521815	0.0	2229209	359	1.85	8.632	1	207	29.757439359839964
1634256850.65	1850	59.907707	0.0	2163625	358	1.85	8.632	1	207	29.757439359839964
1634256854.78	1850	59.89504	0.0	2211517	350	1.85	12.633	1	327	29.99250187453137
1634256858.85	1850	59.914218	0.0	2153910	316	1.85	16.633	1	447	30
1634256862.92	1850	59.693806	0.0	2138318	317	1.85	20.633	1	567	30
1634256867.05	1850	59.739567	0.0	2275149	381	1.85	24.634	1	687	29.992501874531357
1634256871.13	1850	59.512986	0.0	2272623	318	1.85	28.633	1	807	30.007501875468876
1634256874.74	1850	59.810152	0.0	2270492	361	1.85	32.634	1	927	29.992501874531357
1634256878.78	1850	59.900537	0.0	2179932	348	1.85	36.634	1	1047	30
1634256882.85	1850	59.918652	0.0	2161125	337	1.85	40.635	1	1167	29.992501874531385
1634256886.96	1850	59.654332	0.0	2116735	361	1.85	44.635	1	1287	30
1634256891.03	1850	59.676042	0.0	2166791	329	1.85	48.638	1	1407	29.977516862353234
1634256894.57	1850	59.982073	0.0	2121825	317	1.85	52.639	1	1527	29.99250187453133
1634256899.1	1850	59.47509	0.0	2230670	356	1.85	56.639	1	1647	30
1634256903.14	1850	59.495284	0.0	2208872	346	1.85	60.639	1	1767	30
1634256906.71	1850	59.834717	0.0	2283966	362	1.85	64.639	1	1887	30.000000000000053
1634256910.84	1850	59.900225	0.0	2257313	359	1.85	68.64	1	2007	29.99250187453133
1634256914.93	1850	59.637969	0.0	2165733	362	1.85	72.64	1	2127	30
1634256918.97	1850	59.663307	0.0	2085175	342	1.85	76.64	1	2247	30
1634256923.04	1850	59.684886	0.0	2307215	354	1.85	80.641	1	2367	29.99250187453133
1634256926.66	1850	59.987597	0.0	2229829	348	1.85	84.641	1	2487	30
1634256931.2	1850	59.43217	0.0	2148822	335	1.85	88.641	1	2607	30
1634256934.84	1850	59.738879	0.0	2199496	350	1.85	92.641	1	2727	30
1634256938.89	1850	59.754237	0.0	2249490	362	1.85	96.642	1	2847	29.99250187453144
1634256942.95	1850	59.778156	0.0	2138617	362	1.85	100.642	1	2967	30
1634256947.05	1850	59.514052	0.0	2164190	346	1.85	104.642	1	3087	30
1634256951.11	1850	59.536336	0.0	2272961	362	1.85	108.644	1	3207	29.985007496251804
1634256954.69	1850	59.840924	0.0	2276641	366	1.85	112.643	1	3327	30.007501875468904
1634256958.74	1850	59.901198	0.0	2257099	357	1.85	116.643	1	3447	30
1634256962.77	1850	59.926251	0.0	2268884	346	1.85	120.644	1	3567	29.99250187453133
