1634233256.73	750	4	0.172	428437	65	-0.7346	0	0	0	0
1634233256.94	300	8	0.0	230725	23	-0.15000000000000002	0	0	0	0
1634233257.07	300	12	0.0	243865	39	0.3	0	0	0	0
1634233257.22	300	16	0.0	220386	35	0.3	0	0	0	0
1634233257.45	300	20	0.0	223780	5	0.3	0	0	0	0
1634233257.59	300	24	0.0	230908	38	0.3	0	0	0	0
1634233257.72	300	28	0.0	243834	38	0.3	0	0	0	0
1634233257.84	300	32	0.0	227454	30	0.3	0	0	0	0
1634233257.98	300	36	0.0	244114	41	0.3	0	0	0	0
1634233258.11	300	40	0.0	227021	37	0.3	0	0	0	0
1634233258.27	300	44	0.0	237387	30	0.3	0	0	0	0
1634233258.45	300	48	0.0	226538	41	0.3	0	0	0	0
1634233258.59	300	51.915248	0.0	219929	32	0.3	0	0	0	0
1634233258.73	300	55.752666	0.0	225981	46	0.3	0	0	0	0
1634233258.86	300	59.628753	0.0	235362	35	0.3	0	0	0	0
1634233263.06	300	59.530407	0.0	228066	39	0.3	5.441	0	42	0
1634233266.83	300	59.829758	0.0	233092	74	0.3	9.441	0	162	29.999999999999993
1634233271.07	300	59.571669	0.0	250342	52	0.3	13.443	0	282	29.98500749625188
1634233274.82	300	59.895909	0.0	234538	52	0.3	17.443	0	402	29.999999999999986
1634233279.02	300	59.630941	0.0	234846	37	0.3	21.444	0	522	29.992501874531385
1634233282.74	300	59.933334	0.0	245620	42	0.3	25.444	0	642	30
1634233286.97	300	59.660662	0.0	238459	27	0.3	29.444	0	762	30
1634233290.67	300	59.967993	0.0	234371	31	0.3	33.454	0	882	29.92518703241894
1634233294.93	300	59.692134	0.0	238479	52	0.3	37.454	0	1002	30
1634233298.64	300	59.994536	0.0	235849	49	0.3	41.454	0	1122	30
1634233302.87	300	59.731669	0.0	227048	79	0.3	45.454	0	1242	30
1634233307.15	300	59.449315	0.0	241747	45	0.3	49.456	0	1362	29.985007496251857
1634233310.81	300	59.750682	0.0	226846	42	0.3	53.456	0	1482	30
1634233314.97	300	59.783054	0.0	240073	44	0.3	57.456	0	1602	30
1634233318.7	300	59.838241	0.0	224865	38	0.3	61.457	0	1722	29.992501874531385
1634233322.9	300	59.606945	0.0	223555	50	0.3	65.456	0	1842	30.00750187546885
1634233326.62	300	59.904967	0.0	236661	36	0.3	69.456	0	1962	30
1634233330.82	300	59.920746	0.0	224869	44	0.3	73.457	0	2082	29.99250187453144
1634233335.04	300	59.651404	0.0	220416	41	0.3	77.457	0	2202	30
1634233338.73	300	59.96105	0.0	232283	29	0.3	81.457	0	2322	30
1634233342.91	300	59.691647	0.0	216316	29	0.3	85.457	0	2442	30
1634233346.63	300	59.992069	0.0	221305	44	0.3	89.457	0	2562	30
1634233350.86	300	59.728701	0.0	225701	30	0.3	93.459	0	2682	29.985007496251804
1634233355.06	300	59.491333	0.0	232001	37	0.3	97.458	0	2802	30.007501875468904
1634233358.75	300	59.789766	0.0	225146	35	0.3	101.458	0	2922	30
1634233362.95	300	59.810329	0.0	234577	42	0.3	105.458	0	3042	30
1634233367.16	300	59.542797	0.0	231377	40	0.3	109.46	0	3162	29.98500749625191
1634233370.84	300	59.861164	0.0	236166	48	0.3	113.459	0	3282	30.007501875468797
1634233374.99	300	59.600391	0.0	218149	32	0.3	117.459	0	3402	30
1634233378.67	300	59.889392	0.0	228342	62	0.3	121.46	0	3522	29.99250187453144
