1634564656.4	750	4	0.733	3036909	538	-3.1469	0	0	0	0
1634564657.21	2850	8	0.0	3386615	571	0.75	0	0	0	0
1634564658.06	2850	11.8	0.0	3586104	616	2.85	0	0	0	0
1634564658.87	2850	14.98609	0.0	3501908	612	2.85	0	0	0	0
1634564659.72	2850	18.137001	0.0	3531955	608	2.85	5.159	0	39	0
1634564660.5	2850	21.370888	0.0	3444309	591	2.85	5.159	0	39	0
1634564661.26	2850	24.603937	0.0	3205998	531	2.85	5.159	0	39	0
1634564662.0	2850	27.877774	0.0	3248360	562	2.85	5.159	0	39	0
1634564662.9	2850	30.989049	0.0	3555680	634	2.85	5.159	0	39	0
1634564663.8	2850	34.066667	0.0	3546563	659	2.85	9.159	0	159	29.999999999999993
1634564664.66	2850	37.212285	0.0	3539598	609	2.85	9.159	0	159	29.999999999999993
1634564665.47	2850	40.366667	0.0	3476933	574	2.85	9.159	0	159	29.999999999999993
1634564666.32	2850	43.533334	0.0	3620433	617	2.85	9.159	0	159	29.999999999999993
1634564667.14	2850	46.707713	0.0	3190654	624	2.85	9.159	0	159	29.999999999999993
1634564668.01	2850	49.866667	0.0	3399357	602	2.85	13.219	0	281	30.04926108374385
1634564668.9	2850	53	0.0	3569058	603	2.85	13.219	0	281	30.04926108374385
1634564669.71	2850	56.15875	0.0	3287978	578	2.85	13.219	0	281	30.04926108374385
1634564670.62	2850	59.266667	0.0	3475297	617	2.85	13.219	0	281	30.04926108374385
1634564674.37	2850	59.626829	0.0	3296099	557	2.85	17.221	2	401	29.485257371314336
