1634250742.5	750	4	0.181	428437	85	-0.7733	0	0	0	0
1634250742.87	1200	8	0.0	1070596	160	0.75	0	0	0	0
1634250743.23	1200	12	0.0	1102185	201	1.2	0	0	0	0
1634250743.51	1200	16	0.0	1050918	170	1.2	0	0	0	0
1634250743.8	1200	20	0.0	1076009	171	1.2	0	0	0	0
1634250744.08	1200	24	0.0	1074962	176	1.2	0	0	0	0
1634250744.37	1200	28	0.0	1089013	162	1.2	0	0	0	0
1634250744.69	1200	31.71611	0.0	1085191	166	1.2	0	0	0	0
1634250744.97	1200	35.434413	0.0	1067569	161	1.2	0	0	0	0
1634250745.26	1200	39.152301	0.0	1068135	161	1.2	0	0	0	0
1634250745.58	1200	42.829707	0.0	1112498	176	1.2	0	0	0	0
1634250745.9	1200	46.505641	0.0	1102305	169	1.2	5.23	0	43	0
1634250746.28	1200	50.102114	0.0	1058097	155	1.2	5.23	0	43	0
1634250746.56	1200	53.860367	0.0	1067149	155	1.2	5.23	0	43	0
1634250746.83	1200	57.577003	0.0	1065119	161	1.2	5.23	0	43	0
1634250748.69	1200	59.794018	0.0	1079756	168	1.2	5.23	0	43	0
1634250753.0	1200	59.505325	0.0	1099272	165	1.2	9.23	0	163	30
1634250756.81	1200	59.792515	0.0	1076487	160	1.2	13.23	0	283	30
1634250760.68	1200	59.830076	0.0	1074867	162	1.2	17.23	0	403	30
1634250764.99	1200	59.567581	0.0	1047892	158	1.2	21.231	0	523	29.992501874531357
1634250768.8	1200	59.602678	0.0	1079491	172	1.2	25.231	0	643	30
1634250772.65	1200	59.929154	0.0	1168595	185	1.2	29.23	0	763	30.007501875468876
1634250776.49	1200	59.973189	0.0	1155651	194	1.2	33.231	0	883	29.992501874531357
1634250780.82	1200	59.721759	0.0	1068823	143	1.2	37.234	0	1003	29.977516862353234
1634250785.04	1200	59.478466	0.0	1083472	13	1.2	41.234	0	1123	30
1634250788.87	1200	59.559193	0.0	1069893	160	1.2	45.243	0	1243	29.93265153404839
1634250792.73	1200	59.901221	0.0	1072481	172	1.2	49.235	0	1363	30.06012024048098
1634250796.56	1200	59.960507	0.0	1056021	152	1.2	53.236	0	1483	29.992501874531385
1634250800.87	1200	59.742574	0.0	1088699	146	1.2	57.236	0	1603	30
1634250804.69	1200	59.826362	0.0	1069675	152	1.2	61.236	0	1723	30
1634250808.54	1200	59.884128	0.0	1102469	180	1.2	65.237	0	1843	29.992501874531385
1634250812.9	1200	59.619151	0.0	1136712	173	1.2	69.237	0	1963	30
1634250816.77	1200	59.647453	0.0	1076114	161	1.2	73.237	0	2083	30
1634250820.67	1200	59.727438	0.0	1045544	173	1.2	77.238	0	2203	29.99250187453133
1634250825.3	1200	59.486363	0.0	1122544	188	1.2	81.238	0	2323	30
1634250829.08	1200	59.733334	0.0	1061011	166	1.2	85.266	0	2444	30.03972194637533
1634250832.77	1200	59.771085	0.0	1059811	171	1.2	89.273	1	2564	29.698028450212195
1634250836.85	1200	59.813475	0.0	1073475	163	1.2	93.266	1	2684	30.05259203606304
1634250841.18	1200	59.564161	0.0	1094517	159	1.2	97.277	1	2804	29.91772625280482
1634250844.64	1200	59.880862	0.0	1082819	168	1.2	101.269	1	2924	30.060120240480927
1634250848.66	1200	59.922938	0.0	1068766	183	1.2	105.266	1	3044	30.02251688766575
