1634226561.4	750	4	0.208	428437	85	-0.8894	0	0	0	0
1634226561.64	300	8	0.0	230725	81	-0.15000000000000002	0	0	0	0
1634226561.84	300	12	0.0	243865	46	0.3	0	0	0	0
1634226561.99	300	16	0.0	220386	57	0.3	0	0	0	0
1634226562.12	300	20	0.0	223780	37	0.3	0	0	0	0
1634226562.26	300	24	0.0	230908	32	0.3	0	0	0	0
1634226562.42	300	28	0.0	243834	45	0.3	0	0	0	0
1634226562.55	300	32	0.0	227454	25	0.3	0	0	0	0
1634226562.73	300	36	0.0	244114	39	0.3	0	0	0	0
1634226562.88	300	39.9108	0.0	227021	17	0.3	0	0	0	0
1634226563.03	300	43.789365	0.0	237387	46	0.3	0	0	0	0
1634226563.16	300	47.62817	0.0	226538	33	0.3	0	0	0	0
1634226563.31	300	51.505264	0.0	219929	45	0.3	0	0	0	0
1634226563.46	300	55.34404	0.0	225981	43	0.3	0	0	0	0
1634226563.6	300	59.182534	0.0	235362	39	0.3	0	0	0	0
1634226567.29	300	59.734148	0.0	228066	54	0.3	5.431	0	54	0
1634226571.54	300	59.476304	0.0	233092	45	0.3	9.431	1	174	29.750000000000007
1634226575.29	300	59.775643	0.0	250342	51	0.3	13.431	1	294	30
1634226579.46	300	59.50475	0.0	234538	44	0.3	17.431	1	414	29.999999999999986
1634226583.18	300	59.795401	0.0	234846	46	0.3	21.431	1	534	30
1634226587.36	300	59.527251	0.0	245620	54	0.3	25.432	1	654	29.992501874531385
1634226591.08	300	59.815772	0.0	238459	35	0.3	29.432	1	774	30
1634226595.28	300	59.584541	0.0	234371	40	0.3	33.433	1	894	29.992501874531357
1634226598.98	300	59.923906	0.0	238479	49	0.3	37.433	1	1014	30
1634226603.14	300	59.656841	0.0	235849	35	0.3	41.432	1	1134	30.00750187546885
1634226606.85	300	59.994882	0.0	227048	48	0.3	45.434	1	1254	29.98500749625191
1634226611.55	300	59.447262	0.0	241747	39	0.3	49.433	1	1374	30.00750187546885
1634226615.23	300	59.754095	0.0	226846	48	0.3	53.433	1	1494	30
1634226619.41	300	59.491518	0.0	240073	27	0.3	57.433	1	1614	30
1634226623.11	300	59.793749	0.0	224865	41	0.3	61.434	1	1734	29.992501874531385
1634226627.36	300	59.511475	0.0	223555	73	0.3	65.435	1	1854	29.99250187453133
1634226631.04	300	59.809475	0.0	236661	46	0.3	69.439	1	1974	29.97002997003004
1634226635.24	300	59.821624	0.0	224869	44	0.3	73.439	1	2094	30
1634226639.48	300	59.552767	0.0	220416	34	0.3	77.439	1	2214	30
1634226643.18	300	59.881059	0.0	232283	46	0.3	81.44	1	2334	29.99250187453133
1634226646.89	300	59.943889	0.0	216316	49	0.3	85.441	1	2454	29.99250187453133
1634226651.09	300	59.950387	0.0	221305	33	0.3	89.44	1	2574	30.007501875468904
1634226655.27	300	59.690602	0.0	225701	42	0.3	93.441	1	2694	29.99250187453133
1634226658.97	300	59.970605	0.0	232001	4	0.3	97.441	1	2814	30
1634226663.15	300	59.714497	0.0	225146	39	0.3	101.442	1	2934	29.99250187453144
1634226667.35	300	59.489143	0.0	234577	49	0.3	105.444	1	3054	29.985007496251804
1634226671.05	300	59.784603	0.0	231377	59	0.3	109.444	1	3174	30
1634226675.23	300	59.806311	0.0	236166	41	0.3	113.444	1	3294	30
1634226679.43	300	59.565658	0.0	218149	47	0.3	117.445	1	3414	29.99250187453144
1634226683.25	300	59.620089	0.0	228342	35	0.3	121.445	1	3534	30
