1634245312.51	750	4	0.173	428437	66	-0.7389	0	0	0	0
1634245312.69	750	8	0.0	427397	74	0.75	0	0	0	0
1634245312.92	750	12	0.0	435939	62	0.75	0	0	0	0
1634245313.11	750	16	0.0	420508	62	0.75	0	0	0	0
1634245313.28	750	20	0.0	431392	67	0.75	0	0	0	0
1634245313.43	750	24	0.0	442512	66	0.75	0	0	0	0
1634245313.58	750	28	0.0	450465	71	0.75	0	0	0	0
1634245313.75	750	32	0.0	454724	73	0.75	0	0	0	0
1634245313.91	750	36	0.0	440962	59	0.75	0	0	0	0
1634245314.07	750	40	0.0	433775	58	0.75	0	0	0	0
1634245314.23	750	43.95702	0.0	445796	69	0.75	0	0	0	0
1634245314.4	750	47.795954	0.0	436832	73	0.75	0	0	0	0
1634245314.59	750	51.594704	0.0	432476	70	0.75	0	0	0	0
1634245314.74	750	55.473962	0.0	422635	59	0.75	0	0	0	0
1634245314.94	750	59.272422	0.0	433467	75	0.75	0	0	0	0
1634245318.63	750	59.741484	0.0	430697	70	0.75	5.278	0	49	0
1634245322.89	750	59.48755	0.0	440079	67	0.75	9.277	0	169	30.00750187546887
1634245326.67	750	59.788407	0.0	448764	49	0.75	13.278	0	289	29.992501874531357
1634245330.36	750	59.854147	0.0	451052	71	0.75	17.278	0	409	30.000000000000014
1634245334.6	750	59.874413	0.0	434071	70	0.75	21.278	0	529	30
1634245338.3	750	59.91674	0.0	440125	71	0.75	25.278	0	649	30
1634245342.5	750	59.949705	0.0	467521	79	0.75	29.279	0	769	29.992501874531357
1634245346.72	750	59.67148	0.0	453405	70	0.75	33.279	0	889	29.999999999999975
1634245350.47	750	59.981883	0.0	437659	64	0.75	37.279	0	1009	30
1634245354.69	750	59.764507	0.0	426987	70	0.75	41.28	0	1129	29.992501874531385
1634245358.41	750	59.801356	0.0	432295	72	0.75	45.28	0	1249	30
1634245362.71	750	59.533334	0.0	432130	78	0.75	49.28	0	1369	30
1634245366.48	750	59.833334	0.0	425788	62	0.75	53.28	0	1489	30
1634245370.73	750	59.612824	0.0	435574	71	0.75	57.281	0	1609	29.992501874531385
1634245374.44	750	59.915512	0.0	420051	76	0.75	61.281	0	1729	30
1634245378.64	750	59.658121	0.0	438225	65	0.75	65.281	0	1849	29.999999999999947
1634245382.36	750	59.96203	0.0	445487	84	0.75	69.281	0	1969	30
1634245386.58	750	59.703126	0.0	431544	71	0.75	73.281	0	2089	30
1634245390.84	750	59.467282	0.0	413330	69	0.75	77.282	0	2209	29.99250187453144
1634245394.58	750	59.76485	0.0	443416	69	0.75	81.282	0	2329	30
1634245398.83	750	59.507769	0.0	427034	67	0.75	85.282	0	2449	30
1634245402.53	750	59.809483	0.0	420805	70	0.75	89.282	0	2569	30
1634245406.75	750	59.559281	0.0	432340	77	0.75	93.282	0	2689	30
1634245410.48	750	59.870364	0.0	445203	93	0.75	97.282	0	2809	30
1634245414.69	750	59.648833	0.0	428535	47	0.75	101.283	0	2930	30.242439390152427
1634245418.4	750	59.951283	0.0	432915	59	0.75	105.283	0	3050	30
1634245422.66	750	59.688216	0.0	440705	67	0.75	109.284	0	3170	29.99250187453133
1634245426.35	750	59.994408	0.0	464681	71	0.75	113.284	0	3290	30
1634245430.55	750	59.734948	0.0	432462	76	0.75	117.284	0	3410	30
1634245434.74	750	59.467381	0.0	443948	86	0.75	121.284	0	3530	30
