1634251903.58	750	4	0.169	428437	83	-0.7216999999999999	0	0	0	0
1634251903.77	750	8	0.0	427397	90	0.75	0	0	0	0
1634251903.93	750	12	0.0	435939	63	0.75	0	0	0	0
1634251904.1	750	16	0.0	420508	69	0.75	0	0	0	0
1634251904.26	750	20	0.0	431392	65	0.75	0	0	0	0
1634251904.43	750	23.833617	0.0	442512	72	0.75	0	0	0	0
1634251904.59	750	27.672664	0.0	450465	71	0.75	0	0	0	0
1634251904.78	750	31.51122	0.0	454724	74	0.75	0	0	0	0
1634251904.96	750	35.309633	0.0	440962	72	0.75	0	0	0	0
1634251905.14	750	39.147718	0.0	433775	71	0.75	0	0	0	0
1634251905.33	750	42.946347	0.0	445796	67	0.75	0	0	0	0
1634251905.53	750	46.743718	0.0	436832	72	0.75	0	0	0	0
1634251905.72	750	50.542062	0.0	432476	60	0.75	0	0	0	0
1634251905.88	750	54.38076	0.0	422635	67	0.75	0	0	0	0
1634251906.06	750	58.219542	0.0	433467	69	0.75	0	0	0	0
1634251908.76	750	59.750753	0.0	430697	69	0.75	4.619	0	81	0
1634251912.5	750	59.811247	0.0	440079	67	0.75	8.619	0	201	30
1634251916.75	750	59.822516	0.0	448764	71	0.75	12.619	0	321	30
1634251920.47	750	59.84668	0.0	451052	79	0.75	16.619	0	441	30
1634251924.74	750	59.611934	0.0	434071	72	0.75	20.62	0	561	29.992501874531357
1634251928.46	750	59.921767	0.0	440125	70	0.75	24.62	0	681	30
1634251932.7	750	59.647549	0.0	467521	77	0.75	28.62	0	801	30
1634251936.42	750	59.937283	0.0	453405	82	0.75	32.62	0	921	30.00000000000003
1634251940.67	750	59.677068	0.0	437659	67	0.75	36.622	0	1041	29.985007496251857
1634251944.39	750	59.974254	0.0	426987	38	0.75	40.623	0	1161	29.992501874531385
1634251948.66	750	59.710071	0.0	432295	81	0.75	44.623	0	1281	30
1634251952.9	750	59.442497	0.0	432130	74	0.75	48.623	0	1401	30
1634251956.6	750	59.779513	0.0	425788	71	0.75	52.624	0	1521	29.99250187453133
1634251960.83	750	59.509273	0.0	435574	63	0.75	56.625	0	1641	29.992501874531385
1634251964.52	750	59.8481	0.0	420051	67	0.75	60.624	0	1761	30.00750187546885
1634251968.72	750	59.568855	0.0	438225	70	0.75	64.627	0	1881	29.977516862353287
1634251972.48	750	59.918949	0.0	445487	78	0.75	68.628	0	2001	29.99250187453133
1634251976.74	750	59.656472	0.0	431544	74	0.75	72.628	0	2121	30
1634251980.99	750	59.445192	0.0	413330	68	0.75	76.628	0	2241	30
1634251984.76	750	59.786104	0.0	443416	64	0.75	80.628	0	2361	30
1634251988.97	750	59.512102	0.0	427034	67	0.75	84.629	0	2481	29.99250187453133
1634251992.68	750	59.819123	0.0	420805	75	0.75	88.628	0	2601	30.007501875468904
1634251996.95	750	59.555088	0.0	432340	77	0.75	92.629	0	2721	29.99250187453133
1634252000.67	750	59.853258	0.0	445203	117	0.75	96.629	0	2841	30
1634252004.41	750	59.912638	0.0	428535	76	0.75	100.63	0	2961	29.99250187453144
1634252008.72	750	59.640141	0.0	432915	85	0.75	104.629	0	3081	30.007501875468797
1634252012.5	750	59.948606	0.0	440705	60	0.75	108.631	0	3201	29.98500749625191
1634252016.74	750	59.684059	0.0	464681	75	0.75	112.631	0	3321	30
1634252020.44	750	59.983886	0.0	432462	86	0.75	116.633	0	3441	29.98500749625191
1634252024.65	750	59.752643	0.0	443948	79	0.75	120.632	0	3561	30.007501875468797
