1634241820.18	750	4	0.188	486588	91	-0.8034	0	0	0	0
1634241820.5	750	8	0.0	731620	159	0.75	0	0	0	0
1634241820.74	750	12	0.0	760090	129	0.75	0	0	0	0
1634241820.96	750	16	0.0	714177	118	0.75	0	0	0	0
1634241821.2	750	20	0.0	733262	140	0.75	0	0	0	0
1634241821.45	750	24	0.0	751224	137	0.75	0	0	0	0
1634241821.68	750	28	0.0	740489	124	0.75	0	0	0	0
1634241821.94	750	31.836793	0.0	729701	114	0.75	0	0	0	0
1634241822.18	750	35.594491	0.0	759037	132	0.75	0	0	0	0
1634241822.4	750	39.392779	0.0	703222	103	0.75	0	0	0	0
1634241822.67	750	43.110162	0.0	743449	114	0.75	0	0	0	0
1634241822.92	750	46.865628	0.0	705495	116	0.75	0	0	0	0
1634241823.15	750	50.623478	0.0	692056	104	0.75	0	0	0	0
1634241823.4	750	54.381341	0.0	733216	123	0.75	0	0	0	0
1634241823.72	750	58.058234	0.0	754497	207	0.75	5.313	0	104	0
1634241826.48	750	59.50878	0.0	733656	120	0.75	5.313	0	104	0
1634241830.34	750	59.542763	0.0	719773	121	0.75	9.313	1	344	59.749999999999986
1634241834.17	750	59.883802	0.0	765634	115	0.75	13.314	1	584	59.98500374906274
1634241837.94	750	59.911721	0.0	724551	120	0.75	17.314	1	824	60
1634241842.25	750	59.653958	0.0	741256	135	0.75	21.315	1	1064	59.98500374906271
1634241846.53	750	59.435605	0.0	740368	66	0.75	25.314	1	1304	60.01500375093775
1634241850.31	750	59.686597	0.0	734192	119	0.75	29.315	1	1535	57.73556610847287
1634241854.1	750	59.716907	0.0	736650	132	0.75	33.316	13	1784	59.23519120219943
1634241858.44	750	59.453542	0.0	765755	131	0.75	37.317	13	2024	59.98500374906277
1634241862.23	750	59.761786	0.0	741305	132	0.75	41.318	13	2264	59.98500374906277
1634241866.05	750	59.780036	0.0	732007	112	0.75	45.322	13	2505	60.18981018981012
1634241870.4	750	59.513423	0.0	730771	129	0.75	49.318	13	2744	59.809809809809884
1634241874.16	750	59.824511	0.0	730130	117	0.75	53.318	13	2984	60
1634241878.04	750	59.846123	0.0	719311	119	0.75	57.321	13	3224	59.95503372470647
1634241882.32	750	59.588461	0.0	719647	117	0.75	61.318	13	3464	60.0450337753315
1634241886.19	750	59.619185	0.0	722872	141	0.75	65.319	13	3704	59.98500374906266
1634241889.97	750	59.933858	0.0	740779	117	0.75	69.319	13	3944	60
1634241894.24	750	59.689787	0.0	735421	109	0.75	73.32	13	4184	59.98500374906288
1634241897.98	750	59.99802	0.0	693798	111	0.75	77.32	13	4424	60
1634241902.25	750	59.744161	0.0	727502	112	0.75	81.32	13	4664	60
1634241906.01	750	59.771967	0.0	675507	113	0.75	85.32	13	4904	60
1634241910.29	750	59.511609	0.0	700902	118	0.75	89.32	13	5144	60
1634241914.05	750	59.829869	0.0	701249	113	0.75	93.321	13	5385	60.234941264683755
1634241918.36	750	59.576012	0.0	730132	130	0.75	97.321	13	5624	59.75
1634241922.13	750	59.925605	0.0	711025	96	0.75	101.321	13	5865	60.25
1634241925.92	750	59.957067	0.0	727719	134	0.75	105.322	13	6105	59.98500374906266
1634241930.2	750	59.690937	0.0	737895	120	0.75	109.322	13	6345	60
1634241933.99	750	59.994006	0.0	715541	108	0.75	113.322	13	6585	60
1634241938.27	750	59.739187	0.0	673063	127	0.75	117.322	13	6825	60
1634241942.06	750	59.765272	0.0	734241	135	0.75	121.322	13	7065	60
