1634235643.81	750	4	0.217	486588	73	-0.9280999999999999	0	0	0	0
1634235644.11	750	8	0.0	731620	143	0.75	0	0	0	0
1634235644.41	750	12	0.0	760090	129	0.75	0	0	0	0
1634235644.63	750	16	0.0	714177	123	0.75	0	0	0	0
1634235644.86	750	20	0.0	733262	117	0.75	0	0	0	0
1634235645.1	750	24	0.0	751224	128	0.75	0	0	0	0
1634235645.33	750	28	0.0	740489	119	0.75	0	0	0	0
1634235645.55	750	32	0.0	729701	127	0.75	0	0	0	0
1634235645.83	750	35.752392	0.0	759037	160	0.75	0	0	0	0
1634235646.05	750	39.547309	0.0	703222	108	0.75	0	0	0	0
1634235646.31	750	43.30467	0.0	743449	140	0.75	0	0	0	0
1634235646.56	750	47.063098	0.0	705495	128	0.75	0	0	0	0
1634235646.8	750	50.780813	0.0	692056	120	0.75	0	0	0	0
1634235647.04	750	54.539369	0.0	733216	123	0.75	0	0	0	0
1634235647.45	750	58.135919	0.0	754497	124	0.75	5.504	0	101	0
1634235650.22	750	59.5	0.0	733656	125	0.75	5.504	0	101	0
1634235654.0	750	59.83775	0.0	719773	118	0.75	9.505	1	341	59.73506623344162
1634235657.79	750	59.9	0.0	765634	135	0.75	13.505	1	581	60
1634235662.08	750	59.63879	0.0	724551	127	0.75	17.505	1	821	60.00000000000003
1634235665.89	750	59.946737	0.0	741256	136	0.75	21.506	1	1061	59.98500374906271
1634235669.67	750	59.972533	0.0	740368	124	0.75	25.506	1	1301	60
1634235674.0	750	59.747854	0.0	734192	132	0.75	29.506	1	1541	60
1634235678.29	750	59.485452	0.0	736650	139	0.75	33.507	1	1781	59.98500374906277
1634235682.1	750	59.516667	0.0	765755	144	0.75	37.507	1	2021	60
1634235685.88	750	59.81754	0.0	741305	123	0.75	41.507	1	2261	60
1634235690.17	750	59.547886	0.0	732007	136	0.75	45.507	1	2501	60
1634235693.95	750	59.868005	0.0	730771	129	0.75	49.508	1	2741	59.98500374906266
1634235697.76	750	59.895088	0.0	730130	127	0.75	53.507	1	2981	60.01500375093781
1634235702.05	750	59.626731	0.0	719311	121	0.75	57.508	1	3221	59.98500374906266
1634235705.82	750	59.943366	0.0	719647	121	0.75	61.508	1	3461	60
1634235710.11	750	59.686122	0.0	722872	137	0.75	65.508	1	3701	60.00000000000011
1634235713.91	750	59.710408	0.0	740779	150	0.75	69.508	1	3941	60
1634235718.2	750	59.447777	0.0	735421	135	0.75	73.508	1	4181	60
1634235722.02	750	59.763733	0.0	693798	145	0.75	77.516	1	4422	60.12974051896193
1634235725.82	750	59.783334	0.0	727502	121	0.75	81.521	1	4662	59.92509363295887
1634235730.12	750	59.513392	0.0	675507	122	0.75	85.522	1	4902	59.98500374906266
1634235733.88	750	59.828114	0.0	700902	115	0.75	89.521	1	5142	60.01500375093781
1634235738.2	750	59.568858	0.0	701249	160	0.75	93.521	1	5382	60
1634235742.02	750	59.594556	0.0	730132	161	0.75	97.522	1	5622	59.98500374906266
1634235745.81	750	59.933942	0.0	711025	137	0.75	101.523	1	5862	59.98500374906288
1634235750.1	750	59.671202	0.0	727719	132	0.75	105.522	1	6102	60.015003750937595
1634235753.89	750	59.975792	0.0	737895	149	0.75	109.523	1	6342	59.98500374906288
1634235758.19	750	59.433334	0.0	715541	143	0.75	113.524	1	6582	59.98500374906266
1634235761.99	750	59.74378	0.0	673063	123	0.75	117.528	1	6823	60.18981018981012
1634235766.26	750	59.476913	0.0	734241	147	0.75	121.528	1	7063	60
