1634226798.27	750	4	0.186	428437	86	-0.7948	0	0	0	0
1634226798.45	300	8	0.0	230725	47	-0.15000000000000002	0	0	0	0
1634226798.59	300	12	0.0	243865	30	0.3	0	0	0	0
1634226798.76	300	16	0.0	220386	56	0.3	0	0	0	0
1634226798.94	300	19.948122	0.0	223780	54	0.3	0	0	0	0
1634226799.08	300	23.826762	0.0	230908	45	0.3	0	0	0	0
1634226799.22	300	27.666667	0.0	243834	40	0.3	0	0	0	0
1634226799.36	300	31.544438	0.0	227454	40	0.3	0	0	0	0
1634226799.52	300	35.383145	0.0	244114	48	0.3	0	0	0	0
1634226799.71	300	39.181677	0.0	227021	71	0.3	0	0	0	0
1634226799.86	300	43.020266	0.0	237387	52	0.3	0	0	0	0
1634226800.01	300	46.9	0.0	226538	52	0.3	0	0	0	0
1634226800.16	300	50.7378	0.0	219929	47	0.3	0	0	0	0
1634226800.32	300	54.576164	0.0	225981	52	0.3	0	0	0	0
1634226800.48	300	58.414818	0.0	235362	55	0.3	0	0	0	0
1634226803.19	300	59.780097	0.0	228066	50	0.3	4.774	0	83	0
1634226807.44	300	59.509312	0.0	233092	74	0.3	8.772	0	203	30.015007503751875
1634226811.16	300	59.80749	0.0	250342	48	0.3	12.772	0	323	30
1634226815.4	300	59.546114	0.0	234538	30	0.3	16.787	0	443	29.887920298879212
1634226819.12	300	59.842381	0.0	234846	57	0.3	20.787	0	563	30
1634226823.33	300	59.6	0.0	245620	53	0.3	24.788	0	683	29.992501874531357
1634226827.03	300	59.9	0.0	238459	43	0.3	28.788	0	803	30
1634226831.27	300	59.912488	0.0	234371	65	0.3	32.788	0	923	30.00000000000003
1634226834.98	300	59.916925	0.0	238479	70	0.3	36.788	0	1043	30
1634226839.2	300	59.934982	0.0	235849	58	0.3	40.789	0	1163	29.99250187453133
1634226843.38	300	59.709903	0.0	227048	38	0.3	44.789	0	1283	30
1634226847.55	300	59.456788	0.0	241747	12	0.3	48.789	0	1403	30
1634226851.24	300	59.80454	0.0	226846	52	0.3	52.789	0	1523	30
1634226855.45	300	59.534418	0.0	240073	61	0.3	56.79	0	1643	29.992501874531385
1634226859.21	300	59.845497	0.0	224865	52	0.3	60.79	0	1763	30
1634226863.38	300	59.636818	0.0	223555	44	0.3	64.79	0	1883	29.999999999999947
1634226867.1	300	59.960228	0.0	236661	55	0.3	68.79	0	2003	30
1634226871.32	300	59.683153	0.0	224869	63	0.3	72.791	0	2123	29.99250187453144
1634226875.05	300	59.973866	0.0	220416	63	0.3	76.791	0	2243	30
1634226879.25	300	59.750208	0.0	232283	48	0.3	80.79	0	2363	30.007501875468797
1634226883.46	300	59.488086	0.0	216316	48	0.3	84.791	0	2483	29.99250187453144
1634226887.15	300	59.818819	0.0	221305	59	0.3	88.792	0	2603	29.99250187453133
1634226891.37	300	59.593094	0.0	225701	47	0.3	92.793	0	2723	29.99250187453133
1634226895.09	300	59.953368	0.0	232001	38	0.3	96.793	0	2843	30
1634226899.26	300	59.717985	0.0	225146	60	0.3	100.794	0	2963	29.99250187453144
1634226903.47	300	59.487472	0.0	234577	60	0.3	104.796	0	3083	29.985007496251804
1634226907.21	300	59.790847	0.0	231377	53	0.3	108.797	0	3203	29.99250187453144
1634226911.42	300	59.593439	0.0	236166	53	0.3	112.798	0	3323	29.99250187453133
1634226915.12	300	59.90637	0.0	218149	40	0.3	116.798	0	3443	30
1634226919.28	300	59.638602	0.0	228342	46	0.3	120.798	0	3563	30
