1634277277.65	750	4	0.179	428437	93	-0.7646999999999999	0	0	0	0
1634277278.0	1200	8	0.0	1070596	181	0.75	0	0	0	0
1634277278.32	1200	12	0.0	1102185	189	1.2	0	0	0	0
1634277278.63	1200	15.712642	0.0	1050918	161	1.2	0	0	0	0
1634277278.94	1200	19.429749	0.0	1076009	169	1.2	0	0	0	0
1634277279.23	1200	23.106761	0.0	1074962	161	1.2	0	0	0	0
1634277279.56	1200	26.823143	0.0	1089013	182	1.2	0	0	0	0
1634277279.89	1200	30.457974	0.0	1085191	171	1.2	0	0	0	0
1634277280.22	1200	34.135457	0.0	1067569	171	1.2	0	0	0	0
1634277280.57	1200	37.811882	0.0	1068135	163	1.2	0	0	0	0
1634277280.91	1200	41.447827	0.0	1112498	172	1.2	0	0	0	0
1634277281.27	1200	45.084638	0.0	1102305	179	1.2	4.739	0	81	0
1634277281.61	1200	48.76248	0.0	1058097	215	1.2	4.739	0	81	0
1634277281.92	1200	52.440174	0.0	1067149	175	1.2	4.739	0	81	0
1634277282.23	1200	56.117604	0.0	1065119	173	1.2	4.739	0	81	0
1634277282.58	1200	59.795129	0.0	1079756	180	1.2	4.739	0	81	0
1634277286.95	1200	59.552834	0.0	1099272	179	1.2	8.739	0	201	29.999999999999993
1634277290.78	1200	59.577105	0.0	1076487	168	1.2	12.739	0	321	30
1634277294.65	1200	59.879575	0.0	1074867	176	1.2	16.777	0	442	29.965329370975727
1634277298.5	1200	59.947143	0.0	1047892	150	1.2	20.778	0	562	29.992501874531385
1634277302.87	1200	59.677148	0.0	1079491	166	1.2	24.778	0	682	30
1634277306.78	1200	59.702259	0.0	1168595	170	1.2	28.779	0	802	29.992501874531357
1634277310.69	1200	59.720475	0.0	1155651	186	1.2	32.779	0	922	29.999999999999975
1634277315.03	1200	59.446117	0.0	1068823	174	1.2	36.779	0	1042	30
1634277318.99	1200	59.467907	0.0	1083472	15	1.2	40.781	0	1162	29.98500749625191
1634277322.86	1200	59.5273	0.0	1069893	194	1.2	44.781	0	1282	30
1634277326.75	1200	59.856035	0.0	1072481	192	1.2	48.78	0	1402	30.00750187546885
1634277330.63	1200	59.873834	0.0	1056021	207	1.2	52.781	0	1522	29.992501874531385
1634277334.48	1200	59.933608	0.0	1088699	143	1.2	56.781	0	1642	30
1634277338.82	1200	59.674979	0.0	1069675	169	1.2	60.783	0	1762	29.985007496251857
1634277342.68	1200	59.700184	0.0	1102469	174	1.2	64.783	0	1882	30
1634277346.55	1200	59.996531	0.0	1136712	178	1.2	68.784	0	2002	29.99250187453133
1634277350.95	1200	59.44482	0.0	1076114	168	1.2	72.783	0	2122	30.007501875468904
1634277354.79	1200	59.751484	0.0	1045544	169	1.2	76.784	0	2242	29.99250187453133
1634277358.67	1200	59.769372	0.0	1122544	170	1.2	80.784	0	2362	30
1634277363.01	1200	59.50214	0.0	1061011	159	1.2	84.784	0	2482	30
1634277366.88	1200	59.562469	0.0	1059811	147	1.2	88.789	0	2602	29.962546816479435
1634277370.72	1200	59.892468	0.0	1073475	162	1.2	92.789	0	2722	30
1634277374.64	1200	59.942058	0.0	1094517	169	1.2	96.789	0	2842	30
1634277378.49	1200	59.995355	0.0	1082819	194	1.2	100.789	0	2962	30
1634277382.91	1200	59.732406	0.0	1068766	164	1.2	104.789	0	3082	30
1634277386.81	1200	59.826158	0.0	1111544	175	1.2	108.818	0	3203	30.032266070985383
1634277390.67	1200	59.883793	0.0	1172967	214	1.2	112.82	0	3323	29.98500749625191
1634277394.54	1200	59.942716	0.0	1102175	199	1.2	116.819	0	3443	30.007501875468797
1634277398.89	1200	59.717247	0.0	1099116	176	1.2	120.82	0	3563	29.99250187453144
