1634270370.37	750	4	0.173	428437	76	-0.7389	0	0	0	0
1634270370.79	1200	8	0.0	1070596	185	0.75	0	0	0	0
1634270371.11	1200	12	0.0	1102185	178	1.2	0	0	0	0
1634270371.44	1200	16	0.0	1050918	176	1.2	0	0	0	0
1634270371.75	1200	20	0.0	1076009	170	1.2	0	0	0	0
1634270372.08	1200	24	0.0	1074962	185	1.2	0	0	0	0
1634270372.42	1200	27.913598	0.0	1089013	201	1.2	0	0	0	0
1634270372.72	1200	31.630791	0.0	1085191	166	1.2	0	0	0	0
1634270373.06	1200	35.308388	0.0	1067569	184	1.2	0	0	0	0
1634270373.36	1200	38.985029	0.0	1068135	161	1.2	0	0	0	0
1634270373.76	1200	42.581859	0.0	1112498	256	1.2	5.459	0	38	0
1634270374.09	1200	46.25902	0.0	1102305	183	1.2	5.459	0	38	0
1634270374.39	1200	49.935712	0.0	1058097	167	1.2	5.459	0	38	0
1634270374.69	1200	53.649465	0.0	1067149	125	1.2	5.459	0	38	0
1634270375.05	1200	57.327027	0.0	1065119	183	1.2	5.459	0	38	0
1634270376.89	1200	59.5	0.0	1079756	170	1.2	5.459	0	38	0
1634270380.76	1200	59.8107	0.0	1099272	169	1.2	9.458	1	158	29.757439359839957
1634270384.65	1200	59.827025	0.0	1076487	169	1.2	13.46	1	278	29.985007496251868
1634270388.54	1200	59.858518	0.0	1074867	188	1.2	17.459	1	398	30.007501875468876
1634270392.92	1200	59.60004	0.0	1047892	162	1.2	21.459	1	518	30
1634270396.78	1200	59.610444	0.0	1079491	169	1.2	25.459	1	638	30
1634270400.67	1200	59.928812	0.0	1168595	177	1.2	29.46	1	758	29.992501874531357
1634270404.57	1200	59.967316	0.0	1155651	198	1.2	33.459	1	878	30.00750187546885
1634270408.43	1200	59.98924	0.0	1068823	174	1.2	37.46	1	998	29.992501874531385
1634270412.73	1200	59.721718	0.0	1083472	21	1.2	41.462	1	1118	29.985007496251857
1634270416.58	1200	59.773814	0.0	1069893	182	1.2	45.468	1	1238	29.955067398901647
1634270420.96	1200	59.516609	0.0	1072481	168	1.2	49.462	1	1358	30.045067601402106
1634270424.87	1200	59.587736	0.0	1056021	174	1.2	53.463	1	1478	29.992501874531385
1634270428.75	1200	59.646078	0.0	1088699	166	1.2	57.463	1	1598	30
1634270432.59	1200	59.955023	0.0	1069675	165	1.2	61.464	1	1718	29.992501874531385
1634270437.02	1200	59.475517	0.0	1102469	200	1.2	65.464	1	1838	30
1634270440.97	1200	59.507849	0.0	1136712	205	1.2	69.465	1	1958	29.99250187453133
1634270444.86	1200	59.55547	0.0	1076114	158	1.2	73.467	1	2078	29.98500749625191
1634270448.76	1200	59.866667	0.0	1045544	183	1.2	77.466	1	2198	30.007501875468904
1634270452.69	1200	59.883534	0.0	1122544	182	1.2	81.486	1	2318	29.85074626865664
1634270456.55	1200	59.903067	0.0	1061011	172	1.2	85.486	1	2438	30
1634270460.44	1200	59.928595	0.0	1059811	183	1.2	89.486	1	2558	30
1634270464.81	1200	59.681178	0.0	1073475	177	1.2	93.488	1	2678	29.98500749625191
1634270468.69	1200	59.740993	0.0	1094517	167	1.2	97.488	1	2798	30
1634270473.05	1200	59.465548	0.0	1082819	164	1.2	101.489	1	2918	29.99250187453133
1634270476.91	1200	59.497358	0.0	1068766	181	1.2	105.489	1	3039	30.25
1634270480.77	1200	59.809254	0.0	1111544	193	1.2	109.489	1	3158	29.75
1634270484.65	1200	59.833334	0.0	1172967	209	1.2	113.489	1	3278	30
1634270488.56	1200	59.871134	0.0	1102175	220	1.2	117.489	1	3399	30.25
1634270492.9	1200	59.626756	0.0	1099116	175	1.2	121.49	1	3519	29.99250187453144
