1634275171.94	750	4	0.202	486588	96	-0.8635999999999999	0	0	0	0
1634275172.2	300	8	0.0	518070	90	-0.15000000000000002	0	0	0	0
1634275172.43	300	12	0.0	488296	66	0.3	0	0	0	0
1634275172.62	300	16	0.0	505467	83	0.3	0	0	0	0
1634275172.8	300	20	0.0	474784	82	0.3	0	0	0	0
1634275173.02	300	24	0.0	523060	97	0.3	0	0	0	0
1634275173.22	300	28	0.0	475799	84	0.3	0	0	0	0
1634275173.42	300	32	0.0	494810	79	0.3	0	0	0	0
1634275173.65	300	35.913658	0.0	509476	92	0.3	0	0	0	0
1634275173.85	300	39.712221	0.0	459558	83	0.3	0	0	0	0
1634275174.06	300	43.510549	0.0	502767	81	0.3	0	0	0	0
1634275174.25	300	47.307337	0.0	488586	69	0.3	0	0	0	0
1634275174.44	300	51.10563	0.0	481440	78	0.3	0	0	0	0
1634275174.66	300	54.904018	0.0	508546	88	0.3	0	0	0	0
1634275174.89	300	58.66185	0.0	510083	84	0.3	0	0	0	0
1634275178.26	300	59.505553	0.0	488713	203	0.3	5.465	0	94	0
1634275182.04	300	59.809137	0.0	468254	102	0.3	9.465	0	334	60
1634275185.79	300	59.867659	0.0	516536	84	0.3	13.464	0	574	60.01500375093772
1634275190.03	300	59.606232	0.0	479697	92	0.3	17.465	0	814	59.98500374906274
1634275193.79	300	59.903565	0.0	500854	77	0.3	21.466	0	1054	59.98500374906271
1634275198.03	300	59.6423	0.0	496587	85	0.3	25.465	0	1294	60.01500375093775
1634275201.78	300	59.952697	0.0	479350	90	0.3	29.466	0	1535	60.23494126468381
1634275206.06	300	59.693767	0.0	520120	102	0.3	33.466	0	1774	59.75
1634275210.31	300	59.433334	0.0	515394	72	0.3	37.466	0	2015	60.25
1634275214.1	300	59.733334	0.0	480696	70	0.3	41.466	0	2255	60
1634275217.85	300	59.757581	0.0	481433	103	0.3	45.466	0	2495	60
1634275222.12	300	59.489185	0.0	494650	93	0.3	49.466	0	2735	60
1634275225.84	300	59.79113	0.0	499761	87	0.3	53.466	0	2975	60
1634275230.13	300	59.533334	0.0	501070	105	0.3	57.467	0	3215	59.98500374906277
1634275233.9	300	59.841261	0.0	489874	97	0.3	61.467	0	3454	59.75
1634275238.19	300	59.577065	0.0	488718	76	0.3	65.466	0	3695	60.26506626656671
1634275241.97	300	59.884484	0.0	509088	89	0.3	69.467	0	3935	59.98500374906266
1634275245.74	300	59.910537	0.0	494764	75	0.3	73.468	0	4175	59.98500374906266
1634275250.02	300	59.636432	0.0	488570	85	0.3	77.468	0	4415	60
1634275253.78	300	59.933334	0.0	474638	84	0.3	81.469	0	4655	59.98500374906288
1634275258.05	300	59.709711	0.0	473808	61	0.3	85.47	0	4895	59.98500374906266
1634275262.31	300	59.452367	0.0	484371	100	0.3	89.47	0	5135	60
1634275266.06	300	59.755063	0.0	496055	97	0.3	93.47	0	5375	60
1634275269.81	300	59.780572	0.0	490794	91	0.3	97.471	0	5615	59.98500374906266
1634275274.08	300	59.521525	0.0	488697	84	0.3	101.471	0	5855	60
1634275277.82	300	59.826847	0.0	490627	86	0.3	105.471	0	6095	60
1634275282.06	300	59.569798	0.0	493233	81	0.3	109.471	0	6335	60
1634275285.81	300	59.875257	0.0	491640	103	0.3	113.472	0	6575	59.98500374906288
1634275290.04	300	59.646583	0.0	477722	56	0.3	117.472	0	6815	60
1634275293.79	300	59.945084	0.0	498333	94	0.3	121.472	0	7055	60
