1634254987.46	750	4	0.157	486588	83	-0.6701	0	0	0	0
1634254987.78	750	8	0.0	731620	117	0.75	0	0	0	0
1634254988.03	750	12	0.0	760090	117	0.75	0	0	0	0
1634254988.25	750	15.798109	0.0	714177	124	0.75	0	0	0	0
1634254988.48	750	19.596488	0.0	733262	114	0.75	0	0	0	0
1634254988.73	750	23.354328	0.0	751224	117	0.75	0	0	0	0
1634254988.97	750	27.111992	0.0	740489	117	0.75	0	0	0	0
1634254989.23	750	30.869415	0.0	729701	114	0.75	0	0	0	0
1634254989.5	750	34.585954	0.0	759037	119	0.75	0	0	0	0
1634254989.73	750	38.343574	0.0	703222	118	0.75	0	0	0	0
1634254989.96	750	42.100761	0.0	743449	113	0.75	0	0	0	0
1634254990.17	750	45.89625	0.0	705495	105	0.75	0	0	0	0
1634254990.38	750	49.6906	0.0	692056	105	0.75	0	0	0	0
1634254990.63	750	53.448566	0.0	733216	117	0.75	0	0	0	0
1634254990.92	750	57.166667	0.0	754497	129	0.75	0	0	0	0
1634254992.65	750	59.508312	0.0	733656	85	0.75	4.684	0	176	0
1634254996.43	750	59.850423	0.0	719773	122	0.75	8.681	1	416	59.79484613460097
1634255000.23	750	59.875599	0.0	765634	95	0.75	12.682	1	656	59.98500374906271
1634255004.51	750	59.614868	0.0	724551	100	0.75	16.682	1	896	60.00000000000003
1634255008.33	750	59.923579	0.0	741256	118	0.75	20.682	1	1136	60
1634255012.59	750	59.662663	0.0	740368	117	0.75	24.683	1	1376	59.98500374906271
1634255016.37	750	59.979813	0.0	734192	99	0.75	28.683	1	1616	60
1634255020.63	750	59.438249	0.0	736650	126	0.75	32.683	1	1856	60
1634255024.43	750	59.745473	0.0	765755	122	0.75	36.684	1	2096	59.98500374906277
1634255028.71	750	59.483334	0.0	741305	128	0.75	40.684	1	2336	60
1634255032.5	750	59.79486	0.0	732007	121	0.75	44.685	1	2576	59.98500374906266
1634255036.27	750	59.819952	0.0	730771	123	0.75	48.684	1	2816	60.01500375093781
1634255040.55	750	59.562188	0.0	730130	119	0.75	52.685	1	3056	59.98500374906266
1634255044.4	750	59.876427	0.0	719311	125	0.75	56.685	1	3296	60
1634255048.19	750	59.905874	0.0	719647	126	0.75	60.685	1	3536	60
1634255052.48	750	59.642623	0.0	722872	114	0.75	64.687	1	3776	59.97001499250382
1634255056.26	750	59.940007	0.0	740779	118	0.75	68.687	1	4016	60
1634255060.58	750	59.678653	0.0	735421	124	0.75	72.687	1	4256	60
1634255064.39	750	59.70759	0.0	693798	103	0.75	76.688	1	4496	59.98500374906266
1634255068.68	750	59.446844	0.0	727502	121	0.75	80.688	1	4736	60
1634255072.46	750	59.756892	0.0	675507	112	0.75	84.688	1	4976	60
1634255076.76	750	59.506106	0.0	700902	116	0.75	88.688	1	5216	60
1634255080.56	750	59.522929	0.0	701249	109	0.75	92.689	1	5456	59.98500374906288
1634255084.34	750	59.826001	0.0	730132	113	0.75	96.689	1	5696	60
1634255088.63	750	59.60603	0.0	711025	118	0.75	100.689	1	5936	60
1634255092.41	750	59.905305	0.0	727719	92	0.75	104.69	1	6176	59.98500374906266
1634255096.18	750	59.925327	0.0	737895	120	0.75	108.69	1	6416	60
1634255100.49	750	59.666667	0.0	715541	116	0.75	112.691	1	6656	59.98500374906266
1634255104.23	750	59.979554	0.0	673063	106	0.75	116.692	1	6896	59.98500374906288
1634255108.46	750	59.75	0.0	734241	119	0.75	120.692	1	7136	60
