1634266620.2	750	4	0.222	486588	106	-0.9495999999999999	0	0	0	0
1634266621.06	1850	7.833334	0.0	3749264	629	0.75	0	0	0	0
1634266621.88	1850	11.05	0.0	3665907	572	1.85	0	0	0	0
1634266622.69	1850	14.233334	0.0	3661478	574	1.85	0	0	0	0
1634266623.53	1850	17.4	0.0	3718934	608	1.85	0	0	0	0
1634266624.4	1850	20.533334	0.0	3718871	607	1.85	4.655	15	166	0
1634266625.28	1850	23.666667	0.0	3785083	616	1.85	4.655	15	166	0
1634266626.14	1850	26.8	0.0	3649314	609	1.85	4.655	15	166	0
1634266627.02	1850	29.95	0.0	3723484	607	1.85	4.655	15	166	0
1634266627.85	1850	33.05	0.0	3624861	610	1.85	8.655	65	406	47.50000000000001
1634266628.7	1850	36.25	0.0	3684892	598	1.85	8.655	65	406	47.50000000000001
1634266629.56	1850	39.4	0.0	3660565	621	1.85	8.655	65	406	47.50000000000001
1634266630.46	1850	42.5	0.0	3609338	607	1.85	8.655	65	406	47.50000000000001
1634266631.32	1850	45.616667	0.0	3624575	587	1.85	8.655	65	406	47.50000000000001
1634266632.22	1850	48.716667	0.0	3773536	657	1.85	12.655	152	646	38.25
1634266633.03	1850	51.866667	0.0	3710640	602	1.85	12.655	152	646	38.25
1634266633.97	1850	54.983334	0.0	3766415	647	1.85	12.655	152	646	38.25
1634266634.89	1850	58.016667	0.0	3798226	702	1.85	12.655	152	646	38.25
1634266637.23	1850	59.627096	0.0	3583866	579	1.85	16.655	204	886	46.99999999999998
1634266641.09	1850	59.940325	0.0	3703917	601	1.85	20.655	218	1126	56.5
1634266645.45	1850	59.716667	0.0	3680696	528	1.85	24.656	221	1366	59.23519120219949
1634266649.33	1850	59.734694	0.0	3907331	631	1.85	28.656	225	1606	59
1634266653.13	1850	59.755864	0.0	3502965	545	1.85	32.656	228	1846	59.25
1634266657.45	1850	59.495247	0.0	3698872	567	1.85	36.656	231	2086	59.25
1634266661.34	1850	59.8	0.0	3640135	600	1.85	40.656	238	2326	58.25
1634266665.18	1850	59.853577	0.0	3664801	587	1.85	44.685	244	2568	58.575328865723456
1634266669.03	1850	59.886038	0.0	3653246	585	1.85	48.685	267	2808	54.25
1634266673.39	1850	59.622426	0.0	3705829	589	1.85	52.684	271	3048	59.014753688422175
1634266677.29	1850	59.68387	0.0	3774173	592	1.85	56.685	290	3288	55.23619095226187
1634266681.26	1850	59.742039	0.0	3790546	650	1.85	60.685	328	3528	50.5
1634266685.1	1850	59.757537	0.0	3679836	607	1.85	64.685	332	3768	59
1634266689.05	1850	59.828756	0.0	3804668	643	1.85	68.686	341	4008	57.73556610847281
1634266693.39	1850	59.617476	0.0	3460324	540	1.85	72.686	350	4248	57.75
1634266697.3	1850	59.64526	0.0	3649342	631	1.85	76.685	354	4488	59.014753688422175
1634266701.21	1850	59.669758	0.0	3720289	581	1.85	80.686	359	4728	58.73531617095719
1634266705.06	1850	59.924589	0.0	3624529	579	1.85	84.686	362	4968	59.25
1634266709.4	1850	59.662601	0.0	3640718	585	1.85	88.686	366	5208	59
1634266713.26	1850	59.716848	0.0	3567148	605	1.85	92.687	368	5448	59.485128717820686
1634266717.12	1850	59.743591	0.0	3705243	578	1.85	96.688	381	5688	56.735816045988436
1634266721.47	1850	59.442923	0.0	3528039	580	1.85	100.687	389	5928	58.01450362590655
1634266725.33	1850	59.746826	0.0	3631199	609	1.85	104.688	392	6168	59.23519120219938
1634266729.22	1850	59.777174	0.0	3771179	626	1.85	108.701	396	6409	59.05806130077262
1634266733.11	1850	59.794258	0.0	3703234	616	1.85	112.701	409	6649	56.75
1634266737.5	1850	59.533519	0.0	3570889	618	1.85	116.701	411	6889	59.5
1634266741.36	1850	59.596273	0.0	3758102	593	1.85	120.701	414	7129	59.25
