1634227173.58	750	4	0.41	486588	69	-1.758	0	0	0	0
1634227174.97	2850	8	0.0	5862628	957	0.75	0	0	0	0
1634227176.34	2850	11.416667	0.0	5992376	1010	2.85	0	0	0	0
1634227177.94	2850	13.8	0.0	5878425	1197	2.85	5.419	8	54	0
1634227179.41	2850	16.366667	0.0	5829325	1099	2.85	5.419	8	54	0
1634227180.95	2850	18.816667	0.0	5866019	1224	2.85	9.42	46	294	50.48737815546113
1634227182.54	2850	21.2	0.0	5788613	1325	2.85	9.42	46	294	50.48737815546113
1634227184.05	2850	23.716667	0.0	5923161	1186	2.85	9.42	46	294	50.48737815546113
1634227186.05	2850	25.85	0.0	5919519	1548	2.85	13.42	88	534	49.5
1634227187.57	2850	28.166667	0.0	5874891	1242	2.85	13.42	88	534	49.5
1634227189.24	2850	30.566667	0.0	5870140	1287	2.85	17.42	131	774	49.24999999999998
1634227191.07	2850	32.7	0.0	5824696	1486	2.85	17.42	131	774	49.24999999999998
