1634230704.48	750	4	0.154	428437	84	-0.6571999999999999	0	0	0	0
1634230705.1	1850	8	0.0	2194849	403	0.75	0	0	0	0
1634230705.61	1850	12	0.0	2241724	300	1.85	0	0	0	0
1634230706.2	1850	16	0.0	2191337	411	1.85	0	0	0	0
1634230706.75	1850	19.472689	0.0	2191196	392	1.85	0	0	0	0
1634230707.32	1850	22.907919	0.0	2214251	390	1.85	0	0	0	0
1634230707.85	1850	26.342594	0.0	2177842	368	1.85	0	0	0	0
1634230708.52	1850	29.697821	0.0	2228366	361	1.85	5.458	0	55	0
1634230709.05	1850	33.173256	0.0	2144748	347	1.85	5.458	0	55	0
1634230709.57	1850	36.649135	0.0	2196481	370	1.85	5.458	0	55	0
1634230710.21	1850	40.003281	0.0	2179785	397	1.85	5.458	0	55	0
1634230710.8	1850	43.398843	0.0	2232134	387	1.85	5.458	0	55	0
1634230711.37	1850	46.833674	0.0	2239109	395	1.85	5.458	0	55	0
1634230711.99	1850	50.228247	0.0	2148555	425	1.85	5.458	0	55	0
1634230712.56	1850	53.661538	0.0	2164111	334	1.85	9.49	1	176	29.761904761904763
1634230713.13	1850	57.096816	0.0	2229209	391	1.85	9.49	1	176	29.761904761904763
1634230714.69	1850	59.763802	0.0	2163625	360	1.85	9.49	1	176	29.761904761904763
1634230718.82	1850	59.514568	0.0	2211517	410	1.85	13.49	1	296	30
1634230722.38	1850	59.87625	0.0	2153910	358	1.85	17.49	1	416	30.000000000000014
1634230726.64	1850	59.941917	0.0	2138318	355	1.85	21.49	1	536	30
1634230730.36	1850	59.972022	0.0	2275149	396	1.85	25.493	1	656	29.977516862353234
1634230734.57	1850	59.716688	0.0	2272623	355	1.85	29.491	1	776	30.015007503751868
1634230739.28	1850	59.755467	0.0	2270492	362	1.85	33.495	1	896	29.970029970029987
1634230742.75	1850	59.933583	0.0	2179932	322	1.85	37.494	1	1016	30.00750187546885
