1634251670.99	750	4	0.15	428437	77	-0.64	0	0	0	0
1634251671.17	750	8	0.0	427397	90	0.75	0	0	0	0
1634251671.44	750	12	0.0	435939	12	0.75	0	0	0	0
1634251671.6	750	16	0.0	420508	72	0.75	0	0	0	0
1634251671.77	750	20	0.0	431392	77	0.75	0	0	0	0
1634251671.95	750	24	0.0	442512	78	0.75	0	0	0	0
1634251672.11	750	28	0.0	450465	76	0.75	0	0	0	0
1634251672.31	750	32	0.0	454724	80	0.75	0	0	0	0
1634251672.5	750	35.914012	0.0	440962	100	0.75	0	0	0	0
1634251672.67	750	39.751829	0.0	433775	76	0.75	0	0	0	0
1634251672.86	750	43.590534	0.0	445796	80	0.75	0	0	0	0
1634251673.03	750	47.389301	0.0	436832	73	0.75	0	0	0	0
1634251673.22	750	51.227393	0.0	432476	75	0.75	0	0	0	0
1634251673.38	750	55.066667	0.0	422635	71	0.75	0	0	0	0
1634251673.58	750	58.864341	0.0	433467	83	0.75	0	0	0	0
1634251676.79	750	59.708385	0.0	430697	65	0.75	5.288	0	58	0
1634251681.06	750	59.441095	0.0	440079	69	0.75	9.287	0	178	30.00750187546886
1634251684.81	750	59.734634	0.0	448764	82	0.75	13.287	0	298	30
1634251689.01	750	59.468161	0.0	451052	76	0.75	17.288	0	418	29.99250187453137
1634251692.71	750	59.769411	0.0	434071	66	0.75	21.288	0	538	30
1634251696.93	750	59.505495	0.0	440125	68	0.75	25.312	0	659	30.06958250497017
1634251700.63	750	59.823782	0.0	467521	77	0.75	29.311	0	779	30.007501875468876
1634251704.85	750	59.842015	0.0	453405	80	0.75	33.312	0	899	29.992501874531385
1634251709.03	750	59.575004	0.0	437659	68	0.75	37.313	0	1019	29.99250187453133
1634251712.74	750	59.920548	0.0	426987	71	0.75	41.312	0	1139	30.007501875468904
1634251716.94	750	59.65085	0.0	432295	77	0.75	45.313	0	1259	29.99250187453133
1634251720.68	750	59.986622	0.0	432130	70	0.75	49.314	0	1379	29.992501874531385
1634251724.92	750	59.716194	0.0	425788	74	0.75	53.314	0	1499	30
1634251729.16	750	59.456908	0.0	435574	67	0.75	57.314	0	1619	30
1634251732.94	750	59.767285	0.0	420051	78	0.75	61.314	0	1739	30
1634251736.68	750	59.795492	0.0	438225	77	0.75	65.316	0	1859	29.985007496251857
1634251740.95	750	59.528574	0.0	445487	67	0.75	69.317	0	1979	29.99250187453144
1634251744.68	750	59.87178	0.0	431544	73	0.75	73.317	0	2099	30
1634251748.94	750	59.615302	0.0	413330	66	0.75	77.318	0	2219	29.99250187453133
1634251752.67	750	59.913794	0.0	443416	83	0.75	81.319	0	2339	29.99250187453133
1634251756.92	750	59.680913	0.0	427034	70	0.75	85.319	0	2459	30
1634251760.67	750	59.988066	0.0	420805	85	0.75	89.318	0	2579	30.007501875468904
1634251764.97	750	59.735247	0.0	432340	48	0.75	93.319	0	2699	29.99250187453133
1634251768.68	750	59.789282	0.0	445203	61	0.75	97.326	0	2819	29.947591714499694
1634251772.89	750	59.808185	0.0	428535	72	0.75	101.326	0	2939	30
1634251776.61	750	59.844209	0.0	432915	74	0.75	105.327	0	3059	29.99250187453133
1634251780.89	750	59.57963	0.0	440705	104	0.75	109.328	0	3179	29.99250187453133
1634251784.59	750	59.88763	0.0	464681	72	0.75	113.328	0	3299	30
1634251788.79	750	59.905673	0.0	432462	76	0.75	117.329	0	3419	29.99250187453144
1634251793.02	750	59.638459	0.0	443948	81	0.75	121.328	0	3539	30.007501875468797
