1634229930.15	750	4	0.187	486588	104	-0.7991	0	0	0	0
1634229930.43	300	8	0.0	518070	153	-0.15000000000000002	0	0	0	0
1634229930.65	300	12	0.0	488296	84	0.3	0	0	0	0
1634229930.85	300	15.914738	0.0	505467	93	0.3	0	0	0	0
1634229931.07	300	19.713227	0.0	474784	102	0.3	0	0	0	0
1634229931.3	300	23.47109	0.0	523060	104	0.3	0	0	0	0
1634229931.5	300	27.269715	0.0	475799	79	0.3	0	0	0	0
1634229931.72	300	31.067498	0.0	494810	82	0.3	0	0	0	0
1634229931.94	300	34.865368	0.0	509476	78	0.3	0	0	0	0
1634229932.16	300	38.623765	0.0	459558	73	0.3	0	0	0	0
1634229932.37	300	42.421857	0.0	502767	81	0.3	0	0	0	0
1634229932.6	300	46.17948	0.0	488586	86	0.3	0	0	0	0
1634229932.78	300	49.977735	0.0	481440	67	0.3	0	0	0	0
1634229932.96	300	53.816667	0.0	508546	76	0.3	0	0	0	0
1634229933.17	300	57.61453	0.0	510083	77	0.3	0	0	0	0
1634229935.42	300	59.546561	0.0	488713	97	0.3	4.562	0	168	0
1634229939.14	300	59.857368	0.0	468254	59	0.3	8.562	0	408	60.000000000000014
1634229942.91	300	59.887741	0.0	516536	92	0.3	12.562	0	648	60
1634229947.19	300	59.629909	0.0	479697	87	0.3	16.563	0	888	59.98500374906274
1634229950.94	300	59.935882	0.0	500854	77	0.3	20.563	0	1128	60
1634229955.16	300	59.666893	0.0	496587	79	0.3	24.564	0	1368	59.98500374906271
1634229958.92	300	59.974727	0.0	479350	89	0.3	28.564	0	1608	60
1634229963.17	300	59.739704	0.0	520120	100	0.3	32.565	0	1848	59.98500374906277
1634229967.43	300	59.52326	0.0	515394	89	0.3	36.565	0	2088	60
1634229971.19	300	59.829727	0.0	480696	77	0.3	40.565	0	2328	60
1634229974.91	300	59.893127	0.0	481433	68	0.3	44.566	0	2568	59.98500374906266
1634229979.12	300	59.923728	0.0	494650	77	0.3	48.566	0	2808	60
1634229982.86	300	59.951832	0.0	499761	79	0.3	52.566	0	3048	60
1634229987.08	300	59.691414	0.0	501070	82	0.3	56.567	0	3288	59.98500374906277
1634229990.85	300	59.998344	0.0	489874	96	0.3	60.566	0	3528	60.0150037509377
1634229995.11	300	59.779372	0.0	488718	80	0.3	64.577	0	3769	60.084766891049675
1634229999.35	300	59.525352	0.0	509088	87	0.3	68.578	0	4009	59.98500374906266
1634230003.11	300	59.833334	0.0	494764	87	0.3	72.579	0	4249	59.98500374906288
1634230007.33	300	59.568265	0.0	488570	87	0.3	76.579	0	4489	60
1634230011.08	300	59.870968	0.0	474638	86	0.3	80.579	0	4729	60
1634230015.33	300	59.617252	0.0	473808	60	0.3	84.58	0	4969	59.98500374906266
1634230019.09	300	59.920114	0.0	484371	90	0.3	88.58	0	5209	60
1634230022.85	300	59.985841	0.0	496055	97	0.3	92.58	0	5449	60
1634230027.13	300	59.729352	0.0	490794	73	0.3	96.581	0	5689	59.98500374906266
1634230031.41	300	59.471864	0.0	488697	110	0.3	100.58	0	5929	60.01500375093781
1634230035.12	300	59.772772	0.0	490627	80	0.3	104.581	0	6169	59.98500374906266
1634230039.36	300	59.511264	0.0	493233	91	0.3	108.582	0	6409	59.98500374906288
1634230043.15	300	59.819878	0.0	491640	100	0.3	112.582	0	6649	60
1634230047.38	300	59.553977	0.0	477722	87	0.3	116.582	0	6889	60
1634230051.11	300	59.853852	0.0	498333	81	0.3	120.582	0	7129	60
