1634274691.46	750	4	0.234	486588	97	-1.0011999999999999	0	0	0	0
1634274691.81	750	8	0.0	731620	143	0.75	0	0	0	0
1634274692.08	750	12	0.0	760090	125	0.75	0	0	0	0
1634274692.32	750	15.918295	0.0	714177	114	0.75	0	0	0	0
1634274692.56	750	19.674745	0.0	733262	122	0.75	0	0	0	0
1634274692.8	750	23.433334	0.0	751224	119	0.75	0	0	0	0
1634274693.05	750	27.190733	0.0	740489	122	0.75	0	0	0	0
1634274693.31	750	30.907896	0.0	729701	114	0.75	0	0	0	0
1634274693.58	750	34.664568	0.0	759037	114	0.75	0	0	0	0
1634274693.81	750	38.422682	0.0	703222	113	0.75	0	0	0	0
1634274694.07	750	42.180269	0.0	743449	122	0.75	0	0	0	0
1634274694.34	750	45.897798	0.0	705495	112	0.75	0	0	0	0
1634274694.57	750	49.655591	0.0	692056	113	0.75	0	0	0	0
1634274694.83	750	53.411322	0.0	733216	125	0.75	4.712	0	150	0
1634274695.18	750	57.128062	0.0	754497	127	0.75	4.712	0	150	0
1634274696.94	750	59.464724	0.0	733656	120	0.75	4.712	0	150	0
1634274700.72	750	59.77009	0.0	719773	117	0.75	8.712	1	390	59.75
1634274704.5	750	59.788524	0.0	765634	129	0.75	12.732	1	631	59.95024875621891
1634274708.81	750	59.529705	0.0	724551	130	0.75	16.732	1	871	60
1634274712.6	750	59.83564	0.0	741256	112	0.75	20.732	1	1111	60
1634274716.43	750	59.863288	0.0	740368	123	0.75	24.733	1	1351	59.98500374906271
1634274720.74	750	59.6	0.0	734192	131	0.75	28.732	1	1591	60.01500375093775
1634274724.56	750	59.903175	0.0	736650	138	0.75	32.732	1	1831	60
1634274728.37	750	59.926988	0.0	765755	124	0.75	36.733	1	2071	59.98500374906277
1634274732.69	750	59.661366	0.0	741305	122	0.75	40.733	1	2311	60
1634274736.5	750	59.974012	0.0	732007	125	0.75	44.734	1	2551	59.98500374906266
1634274740.8	750	59.46483	0.0	730771	121	0.75	48.733	1	2791	60.01500375093781
1634274744.59	750	59.775371	0.0	730130	127	0.75	52.74	1	3032	60.14474669328667
1634274748.91	750	59.548079	0.0	719311	119	0.75	56.74	1	3272	60
1634274752.7	750	59.571232	0.0	719647	120	0.75	60.74	1	3512	60
1634274756.51	750	59.87703	0.0	722872	128	0.75	64.741	1	3752	59.98500374906277
1634274760.81	750	59.607109	0.0	740779	140	0.75	68.742	1	3992	59.98500374906266
1634274764.62	750	59.625909	0.0	735421	116	0.75	72.742	1	4232	60
1634274768.42	750	59.934357	0.0	693798	113	0.75	76.742	1	4472	60
1634274772.74	750	59.675215	0.0	727502	131	0.75	80.742	1	4712	60
1634274776.52	750	59.983334	0.0	675507	94	0.75	84.742	1	4952	60
1634274780.83	750	59.442755	0.0	700902	109	0.75	88.743	1	5192	59.98500374906288
1634274784.6	750	59.75	0.0	701249	110	0.75	92.743	1	5432	60
1634274788.89	750	59.484586	0.0	730132	125	0.75	96.766	1	5673	59.905543127019484
1634274792.68	750	59.783334	0.0	711025	117	0.75	100.766	1	5913	60
1634274796.47	750	59.80181	0.0	727719	131	0.75	104.766	1	6153	60
1634274800.74	750	59.531217	0.0	737895	116	0.75	108.766	1	6393	60
1634274804.5	750	59.841169	0.0	715541	116	0.75	112.766	1	6633	60
1634274808.79	750	59.579318	0.0	673063	107	0.75	116.766	1	6873	60
1634274812.54	750	59.879155	0.0	734241	109	0.75	120.766	1	7113	60
