1634227829.14	750	4	0.175	486588	93	-0.7474999999999999	0	0	0	0
1634227830.09	1850	7.766667	0.0	3749264	688	0.75	0	0	0	0
1634227830.99	1850	10.883334	0.0	3665907	679	1.85	0	0	0	0
1634227831.89	1850	13.966667	0.0	3661478	672	1.85	0	0	0	0
1634227833.52	1850	16.35	0.0	3718934	1390	1.85	4.579	7	164	0
1634227834.46	1850	19.4	0.0	3718871	694	1.85	4.579	7	164	0
1634227835.4	1850	22.5	0.0	3785083	693	1.85	4.579	7	164	0
1634227836.3	1850	25.55	0.0	3649314	653	1.85	4.579	7	164	0
1634227837.25	1850	28.666667	0.0	3723484	687	1.85	8.579	47	404	49.999999999999986
1634227838.17	1850	31.716667	0.0	3624861	644	1.85	8.579	47	404	49.999999999999986
1634227839.01	1850	34.85	0.0	3684892	626	1.85	8.579	47	404	49.999999999999986
1634227839.87	1850	38	0.0	3660565	642	1.85	8.579	47	404	49.999999999999986
1634227840.74	1850	41.15	0.0	3609338	622	1.85	12.579	117	644	42.5
1634227841.64	1850	44.25	0.0	3624575	660	1.85	12.579	117	644	42.5
1634227842.51	1850	47.35	0.0	3773536	647	1.85	12.579	117	644	42.5
1634227843.43	1850	50.45	0.0	3710640	682	1.85	12.579	117	644	42.5
1634227844.36	1850	53.5	0.0	3766415	681	1.85	12.579	117	644	42.5
1634227846.05	1850	55.833334	0.0	3798226	1457	1.85	16.579	164	884	48.25
1634227846.97	1850	58.9	0.0	3583866	700	1.85	16.579	164	884	48.25
1634227849.94	1850	59.968778	0.0	3703917	714	1.85	20.58	199	1124	51.23719070232445
1634227853.88	1850	59.998	0.0	3680696	615	1.85	24.58	212	1364	56.75
1634227858.41	1850	59.463104	0.0	3907331	696	1.85	28.58	261	1604	47.75
1634227862.29	1850	59.771216	0.0	3502965	573	1.85	32.58	266	1844	58.75
1634227866.31	1850	59.712299	0.0	3698872	680	1.85	36.581	305	2084	50.23744063983998
1634227870.17	1850	59.733418	0.0	3640135	601	1.85	40.581	308	2324	59.25
1634227874.17	1850	59.754025	0.0	3664801	671	1.85	44.581	347	2564	50.25
1634227878.08	1850	59.773385	0.0	3653246	669	1.85	48.581	349	2804	59.5
1634227882.06	1850	59.800827	0.0	3705829	706	1.85	52.582	351	3044	59.48512871782058
1634227886.06	1850	59.822502	0.0	3774173	739	1.85	56.582	353	3284	59.5
1634227890.01	1850	59.85	0.0	3790546	650	1.85	60.583	369	3524	55.98600349912525
1634227894.11	1850	59.903838	0.0	3679836	795	1.85	64.583	413	3764	49
1634227898.07	1850	59.905265	0.0	3804668	646	1.85	68.583	450	4004	50.75
1634227902.01	1850	59.93575	0.0	3460324	648	1.85	72.584	467	4244	55.736065983504055
1634227906.5	1850	59.438193	0.0	3649342	704	1.85	76.585	469	4484	59.485128717820686
1634227910.48	1850	59.513097	0.0	3720289	649	1.85	80.584	478	4724	57.76444111027743
1634227914.42	1850	59.539976	0.0	3624529	651	1.85	84.585	488	4964	57.485628592851924
1634227918.28	1850	59.598882	0.0	3640718	627	1.85	88.587	491	5204	59.22038980509731
1634227922.3	1850	59.631174	0.0	3567148	749	1.85	92.586	502	5444	57.26431607901982
1634227926.23	1850	59.65	0.0	3705243	669	1.85	96.587	506	5684	58.98525368657828
1634227930.15	1850	59.955801	0.0	3528039	684	1.85	100.587	508	5924	59.5
1634227934.09	1850	59.979041	0.0	3631199	1195	1.85	104.587	510	6165	59.75
1634227938.15	1850	59.722469	0.0	3771179	795	1.85	108.588	513	6405	59.23519120219959
1634227942.21	1850	59.75	0.0	3703234	782	1.85	112.589	541	6644	52.73681579605093
1634227946.18	1850	59.821871	0.0	3570889	695	1.85	116.588	548	6885	58.51462865716436
1634227950.26	1850	59.593652	0.0	3758102	706	1.85	120.624	636	7123	37.165510406342904
