1634231334.77	750	4	0.17	428437	87	-0.726	0	0	0	0
1634231335.14	1200	8	0.0	1070596	200	0.75	0	0	0	0
1634231335.45	1200	12	0.0	1102185	188	1.2	0	0	0	0
1634231335.75	1200	16	0.0	1050918	190	1.2	0	0	0	0
1634231336.03	1200	20	0.0	1076009	142	1.2	0	0	0	0
1634231336.34	1200	24	0.0	1074962	196	1.2	0	0	0	0
1634231336.7	1200	27.909923	0.0	1089013	179	1.2	0	0	0	0
1634231336.99	1200	31.627504	0.0	1085191	178	1.2	0	0	0	0
1634231337.28	1200	35.34545	0.0	1067569	172	1.2	0	0	0	0
1634231337.56	1200	39.06316	0.0	1068135	168	1.2	0	0	0	0
1634231337.87	1200	42.740515	0.0	1112498	173	1.2	0	0	0	0
1634231338.19	1200	46.41628	0.0	1102305	186	1.2	5.284	0	44	0
1634231338.48	1200	50.134139	0.0	1058097	175	1.2	5.284	0	44	0
1634231338.83	1200	53.811821	0.0	1067149	194	1.2	5.284	0	44	0
1634231339.26	1200	57.366806	0.0	1065119	292	1.2	5.284	0	44	0
1634231341.07	1200	59.713581	0.0	1079756	177	1.2	5.284	0	44	0
1634231344.95	1200	59.771514	0.0	1099272	177	1.2	9.283	0	164	30.00750187546887
1634231348.87	1200	59.796995	0.0	1076487	206	1.2	13.284	0	284	29.992501874531357
1634231353.27	1200	59.540469	0.0	1074867	173	1.2	17.283	0	404	30.00750187546886
1634231358.37	1200	59.606378	0.0	1047892	197	1.2	21.283	0	524	30
1634231360.76	1200	59.919683	0.0	1079491	220	1.2	25.646	0	655	30.025212010084807
1634231364.66	1200	59.959555	0.0	1168595	212	1.2	29.646	0	775	30
1634231372.21	1200	59.704519	0.0	1155651	193	1.2	33.646	0	895	30
1634231373.1	1200	59.758761	0.0	1068823	161	1.2	39.503	0	1071	30.049513402765925
1634231377.08	1200	59.833754	0.0	1083472	17	1.2	43.504	0	1191	29.992501874531385
1634231380.96	1200	59.857987	0.0	1069893	214	1.2	47.51	0	1311	29.955067398901647
1634231384.82	1200	59.87853	0.0	1072481	187	1.2	51.505	0	1431	30.03754693366705
1634231388.69	1200	59.940148	0.0	1056021	169	1.2	55.505	0	1551	30
1634231393.08	1200	59.676622	0.0	1088699	199	1.2	59.505	0	1671	30
1634231396.92	1200	59.695828	0.0	1069675	179	1.2	63.505	0	1791	30
1634231401.27	1200	59.469396	0.0	1102469	165	1.2	67.505	0	1911	30.000000000000053
1634231405.15	1200	59.52532	0.0	1136712	186	1.2	71.505	0	2031	30
1634231409.07	1200	59.542495	0.0	1076114	190	1.2	75.506	0	2151	29.99250187453133
1634231412.95	1200	59.835214	0.0	1045544	184	1.2	79.507	0	2271	29.99250187453133
1634231416.85	1200	59.855185	0.0	1122544	159	1.2	83.507	0	2391	30
1634231423.86	1200	59.595294	0.0	1061011	193	1.2	87.506	0	2511	30.007501875468904
1634231424.75	1200	59.896059	0.0	1059811	223	1.2	91.507	0	2631	29.99250187453133
1634231430.19	1200	59.682436	0.0	1073475	168	1.2	95.509	0	2751	29.98500749625191
1634231433.05	1200	59.706188	0.0	1094517	200	1.2	99.508	0	2871	30.007501875468904
1634231436.91	1200	59.723744	0.0	1082819	192	1.2	103.514	0	2991	29.955067398901647
1634231441.26	1200	59.473401	0.0	1068766	180	1.2	107.515	0	3111	29.99250187453133
1634231445.13	1200	59.495133	0.0	1111544	199	1.2	111.515	0	3231	30
1634231449.02	1200	59.794465	0.0	1172967	195	1.2	115.515	0	3351	30
1634231452.86	1200	59.808654	0.0	1102175	168	1.2	119.516	0	3471	29.99250187453133
1634231457.24	1200	59.55727	0.0	1099116	197	1.2	123.516	0	3591	30
