1634273557.32	750	4	0.232	486588	102	-0.9925999999999999	0	0	0	0
1634273557.9	1200	8	0.0	1897149	339	0.75	0	0	0	0
1634273558.46	1200	12	0.0	2016742	370	1.2	0	0	0	0
1634273558.98	1200	16	0.0	1875307	262	1.2	0	0	0	0
1634273559.48	1200	19.683334	0.0	1939196	323	1.2	0	0	0	0
1634273559.99	1200	23.188381	0.0	1957925	309	1.2	0	0	0	0
1634273560.68	1200	26.500884	0.0	2010152	488	1.2	5.419	2	80	0
1634273561.21	1200	29.966667	0.0	1961069	334	1.2	5.419	2	80	0
1634273561.75	1200	33.433334	0.0	2006297	335	1.2	5.419	2	80	0
1634273562.25	1200	36.933334	0.0	1835501	303	1.2	5.419	2	80	0
1634273562.79	1200	40.40009	0.0	1999882	328	1.2	5.419	2	80	0
1634273563.35	1200	43.85	0.0	1904004	351	1.2	5.419	2	80	0
1634273563.88	1200	47.3	0.0	1807550	295	1.2	5.419	2	80	0
1634273564.38	1200	50.783844	0.0	1917549	314	1.2	5.419	2	80	0
1634273564.94	1200	54.257775	0.0	1985515	346	1.2	9.435	18	321	56.02589641434262
1634273565.46	1200	57.733334	0.0	1935615	316	1.2	9.435	18	321	56.02589641434262
1634273567.56	1200	59.831092	0.0	2005418	358	1.2	9.435	18	321	56.02589641434262
1634273571.64	1200	59.574365	0.0	2047855	322	1.2	13.436	26	561	57.98550362409399
1634273575.73	1200	59.591338	0.0	1914857	352	1.2	17.436	27	801	59.75
1634273579.29	1200	59.933871	0.0	1992793	317	1.2	21.437	30	1041	59.23519120219943
1634273583.32	1200	59.966667	0.0	1930629	331	1.2	25.437	31	1281	59.75
1634273587.95	1200	59.435826	0.0	1998676	304	1.2	29.437	33	1521	59.5
1634273591.54	1200	59.800435	0.0	1905916	296	1.2	33.452	34	1762	59.77584059775845
1634273595.72	1200	59.54125	0.0	1979510	265	1.2	37.453	41	2002	58.235441139715
1634273599.64	1200	59.637684	0.0	1948438	481	1.2	41.454	41	2237	58.7353161709573
1634273603.77	1200	59.527404	0.0	1944346	363	1.2	45.468	55	2483	57.79770802192323
1634273607.46	1200	59.866667	0.0	1962959	312	1.2	49.455	68	2722	56.68422372711319
1634273611.68	1200	59.568903	0.0	1917405	321	1.2	53.456	83	2962	56.235941014746246
1634273615.36	1200	59.950687	0.0	1913569	376	1.2	57.456	97	3203	56.75
