1634238223.44	750	4	0.197	428437	101	-0.8421	0	0	0	0
1634238223.87	1200	8	0.0	1070596	199	0.75	0	0	0	0
1634238224.26	1200	12	0.0	1102185	214	1.2	0	0	0	0
1634238224.59	1200	16	0.0	1050918	206	1.2	0	0	0	0
1634238224.95	1200	20	0.0	1076009	224	1.2	0	0	0	0
1634238225.28	1200	23.755501	0.0	1074962	140	1.2	0	0	0	0
1634238225.63	1200	27.432377	0.0	1089013	211	1.2	0	0	0	0
1634238225.98	1200	31.067971	0.0	1085191	191	1.2	0	0	0	0
1634238226.33	1200	34.704949	0.0	1067569	215	1.2	0	0	0	0
1634238226.79	1200	38.261926	0.0	1068135	302	1.2	5.34	0	50	0
1634238227.12	1200	41.938526	0.0	1112498	201	1.2	5.34	0	50	0
1634238227.45	1200	45.61552	0.0	1102305	181	1.2	5.34	0	50	0
1634238227.77	1200	49.292781	0.0	1058097	184	1.2	5.34	0	50	0
1634238228.14	1200	52.929451	0.0	1067149	218	1.2	5.34	0	50	0
1634238228.5	1200	56.566909	0.0	1065119	196	1.2	5.34	0	50	0
1634238229.39	1200	59.717802	0.0	1079756	186	1.2	5.34	0	50	0
1634238233.8	1200	59.454195	0.0	1099272	178	1.2	9.34	0	170	30
1634238237.71	1200	59.514509	0.0	1076487	194	1.2	13.341	0	290	29.99250187453137
1634238241.64	1200	59.526994	0.0	1074867	190	1.2	17.341	0	410	29.999999999999986
1634238245.56	1200	59.54597	0.0	1047892	171	1.2	21.341	0	530	30
1634238249.42	1200	59.848899	0.0	1079491	179	1.2	25.341	0	650	30
1634238253.36	1200	59.865131	0.0	1168595	211	1.2	29.341	0	770	30
1634238257.27	1200	59.918142	0.0	1155651	228	1.2	33.343	0	890	29.985007496251857
1634238261.14	1200	59.940608	0.0	1068823	168	1.2	37.343	0	1010	30
1634238265.55	1200	59.675036	0.0	1083472	6	1.2	41.344	0	1130	29.992501874531385
1634238269.39	1200	59.685999	0.0	1069893	175	1.2	45.346	0	1250	29.98500749625191
1634238273.25	1200	59.980279	0.0	1072481	171	1.2	49.347	0	1370	29.99250187453133
1634238277.6	1200	59.462842	0.0	1056021	173	1.2	53.348	0	1490	29.992501874531385
1634238281.46	1200	59.778233	0.0	1088699	190	1.2	57.348	0	1610	30
1634238285.32	1200	59.79027	0.0	1069675	144	1.2	61.349	0	1730	29.992501874531385
1634238289.73	1200	59.529308	0.0	1102469	178	1.2	65.349	0	1850	29.999999999999947
1634238293.62	1200	59.55346	0.0	1136712	172	1.2	69.348	0	1970	30.007501875468904
1634238297.49	1200	59.572071	0.0	1076114	163	1.2	73.349	0	2090	29.99250187453133
1634238301.39	1200	59.880576	0.0	1045544	170	1.2	77.349	0	2210	30
1634238305.28	1200	59.888453	0.0	1122544	197	1.2	81.35	0	2330	29.99250187453144
1634238309.65	1200	59.620203	0.0	1061011	181	1.2	85.35	0	2450	30
1634238313.58	1200	59.680352	0.0	1059811	162	1.2	89.35	0	2570	30
1634238317.47	1200	59.693152	0.0	1073475	174	1.2	93.35	0	2690	30
1634238321.32	1200	59.989327	0.0	1094517	176	1.2	97.351	0	2810	29.99250187453133
1634238325.7	1200	59.441107	0.0	1082819	172	1.2	101.351	0	2930	30
1634238329.56	1200	59.748283	0.0	1068766	190	1.2	105.351	0	3050	30
1634238333.41	1200	59.771918	0.0	1111544	184	1.2	109.353	0	3170	29.98500749625191
1634238337.32	1200	59.807625	0.0	1172967	202	1.2	113.353	0	3290	30
1634238341.67	1200	59.561042	0.0	1102175	185	1.2	117.353	0	3410	30
1634238345.59	1200	59.657746	0.0	1099116	222	1.2	121.354	0	3530	29.99250187453133
