1634240136.09	750	4	0.217	486588	101	-0.9280999999999999	0	0	0	0
1634240137.53	2850	8	0.0	5862628	975	0.75	0	0	0	0
1634240138.81	2850	11.2	0.0	5992376	939	2.85	0	0	0	0
1634240140.19	2850	13.833334	0.0	5878425	861	2.85	5.337	13	88	0
1634240141.55	2850	16.5	0.0	5829325	935	2.85	5.337	13	88	0
1634240142.89	2850	19.166667	0.0	5866019	922	2.85	5.337	13	88	0
1634240144.32	2850	21.75	0.0	5788613	907	2.85	9.338	107	328	36.49087728067983
1634240145.8	2850	24.25	0.0	5923161	1072	2.85	9.338	107	328	36.49087728067983
1634240147.18	2850	26.866667	0.0	5919519	998	2.85	9.338	107	328	36.49087728067983
1634240148.64	2850	29.45	0.0	5874891	975	2.85	13.337	169	564	43.51087771942985
1634240150.02	2850	32	0.0	5870140	1022	2.85	13.337	169	564	43.51087771942985
1634240151.5	2850	34.583334	0.0	5824696	967	2.85	17.338	225	804	45.988502874281416
