1634222013.34	750	4	0.183	486588	77	-0.7818999999999999	0	0	0	0
1634222013.72	750	8	0.0	731620	159	0.75	0	0	0	0
1634222013.98	750	12	0.0	760090	133	0.75	0	0	0	0
1634222014.21	750	16	0.0	714177	115	0.75	0	0	0	0
1634222014.46	750	20	0.0	733262	129	0.75	0	0	0	0
1634222014.73	750	24	0.0	751224	138	0.75	0	0	0	0
1634222015.0	750	28	0.0	740489	145	0.75	0	0	0	0
1634222015.24	750	32	0.0	729701	127	0.75	0	0	0	0
1634222015.55	750	35.754872	0.0	759037	139	0.75	0	0	0	0
1634222015.8	750	39.47261	0.0	703222	116	0.75	0	0	0	0
1634222016.07	750	43.230225	0.0	743449	124	0.75	0	0	0	0
1634222016.33	750	46.947172	0.0	705495	122	0.75	0	0	0	0
1634222016.69	750	50.583607	0.0	692056	201	0.75	5.395	0	78	0
1634222016.94	750	54.341202	0.0	733216	111	0.75	5.395	0	78	0
1634222017.26	750	58.018012	0.0	754497	155	0.75	5.395	0	78	0
1634222019.58	750	59.750202	0.0	733656	132	0.75	5.395	0	78	0
1634222023.96	750	59.535797	0.0	719773	151	0.75	9.394	1	318	59.76494123530882
1634222027.83	750	59.589969	0.0	765634	126	0.75	13.398	1	558	59.940059940059946
1634222031.72	750	59.614024	0.0	724551	156	0.75	17.396	1	798	60.030015007503735
1634222035.56	750	59.923986	0.0	741256	147	0.75	21.395	1	1038	60.01500375093775
1634222039.4	750	59.939338	0.0	740368	131	0.75	25.396	1	1278	59.98500374906271
1634222043.74	750	59.673681	0.0	734192	134	0.75	29.396	1	1518	60
1634222047.56	750	59.968288	0.0	736650	116	0.75	33.397	1	1758	59.98500374906277
1634222051.4	750	59.987241	0.0	765755	134	0.75	37.397	1	1998	60
1634222055.74	750	59.704734	0.0	741305	122	0.75	41.397	1	2238	60
1634222060.05	750	59.4347	0.0	732007	97	0.75	45.407	1	2478	59.850374064837936
1634222063.93	750	59.448448	0.0	730771	159	0.75	49.397	2	2718	59.89974937343355
1634222067.76	750	59.759895	0.0	730130	121	0.75	53.398	2	2958	59.98500374906266
1634222071.59	750	59.814254	0.0	719311	126	0.75	57.398	2	3198	60
1634222075.92	750	59.559644	0.0	719647	106	0.75	61.398	2	3438	60
1634222079.75	750	59.572206	0.0	722872	89	0.75	65.416	2	3679	59.98008959681443
1634222083.64	750	59.868084	0.0	740779	155	0.75	69.417	2	3919	59.98500374906266
1634222087.51	750	59.880657	0.0	735421	151	0.75	73.417	2	4159	60
1634222091.84	750	59.615003	0.0	693798	127	0.75	77.418	2	4399	59.98500374906266
1634222095.68	750	59.639643	0.0	727502	107	0.75	81.418	2	4639	60
1634222099.53	750	59.934243	0.0	675507	118	0.75	85.417	2	4879	60.01500375093781
1634222103.34	750	59.95526	0.0	700902	110	0.75	89.419	2	5119	59.97001499250382
1634222107.68	750	59.692377	0.0	701249	133	0.75	93.419	2	5359	60
1634222112.0	750	59.457427	0.0	730132	123	0.75	97.419	2	5599	60
1634222115.86	750	59.478721	0.0	711025	162	0.75	101.419	2	5839	60
1634222119.71	750	59.822693	0.0	727719	149	0.75	105.42	2	6079	59.98500374906266
1634222123.53	750	59.835423	0.0	737895	131	0.75	109.421	2	6319	59.98500374906266
1634222127.84	750	59.570812	0.0	715541	131	0.75	113.423	2	6559	59.97001499250382
1634222131.66	750	59.875753	0.0	673063	122	0.75	117.423	2	6799	60
1634222135.47	750	59.90207	0.0	734241	124	0.75	121.424	2	7039	59.98500374906266
