1634283221.76	750	4	0.202	428437	62	-0.8635999999999999	0	0	0	0
1634283222.17	1200	8	0.0	1070596	229	0.75	0	0	0	0
1634283222.49	1200	12	0.0	1102185	184	1.2	0	0	0	0
1634283222.82	1200	16	0.0	1050918	184	1.2	0	0	0	0
1634283223.17	1200	20	0.0	1076009	187	1.2	0	0	0	0
1634283223.51	1200	24	0.0	1074962	178	1.2	0	0	0	0
1634283223.85	1200	28	0.0	1089013	199	1.2	0	0	0	0
1634283224.19	1200	31.954668	0.0	1085191	209	1.2	0	0	0	0
1634283224.51	1200	35.672888	0.0	1067569	176	1.2	0	0	0	0
1634283225.14	1200	39.309157	0.0	1068135	187	1.2	0	0	0	0
1634283225.51	1200	42.661206	0.0	1112498	169	1.2	5.584	0	32	0
1634283225.89	1200	46.295039	0.0	1102305	175	1.2	5.584	0	32	0
1634283226.22	1200	49.971691	0.0	1058097	184	1.2	5.584	0	32	0
1634283226.58	1200	53.60829	0.0	1067149	174	1.2	5.584	0	32	0
1634283226.89	1200	57.284583	0.0	1065119	181	1.2	5.584	0	32	0
1634283228.78	1200	59.545645	0.0	1079756	197	1.2	5.584	0	32	0
1634283232.72	1200	59.5681	0.0	1099272	204	1.2	9.58	0	152	30.030030030030026
1634283236.56	1200	59.597946	0.0	1076487	184	1.2	13.581	0	272	29.99250187453137
1634283240.45	1200	59.90877	0.0	1074867	189	1.2	17.581	0	392	30
1634283244.32	1200	59.962081	0.0	1047892	171	1.2	21.58	0	512	30.007501875468876
1634283248.69	1200	59.733334	0.0	1079491	160	1.2	25.581	0	632	29.992501874531357
1634283252.59	1200	59.759505	0.0	1168595	217	1.2	29.581	0	752	30
1634283256.48	1200	59.783378	0.0	1155651	181	1.2	33.582	0	872	29.992501874531357
1634283260.36	1200	59.873296	0.0	1068823	188	1.2	37.582	0	992	30
1634283264.54	1200	59.893464	0.0	1083472	14	1.2	41.583	0	1112	29.992501874531385
1634283268.38	1200	59.957835	0.0	1069893	174	1.2	45.583	0	1232	30
1634283272.26	1200	59.985282	0.0	1072481	172	1.2	49.583	0	1352	30
1634283276.61	1200	59.726072	0.0	1056021	178	1.2	53.583	0	1472	30
1634283280.46	1200	59.761662	0.0	1088699	183	1.2	57.583	0	1592	30
1634283284.84	1200	59.500461	0.0	1069675	171	1.2	61.59	0	1712	29.947591714499588
1634283288.74	1200	59.553857	0.0	1102469	181	1.2	65.59	0	1832	30
1634283292.66	1200	59.586294	0.0	1136712	214	1.2	69.59	0	1952	30
1634283296.53	1200	59.879419	0.0	1076114	173	1.2	73.592	0	2072	29.98500749625191
1634283300.4	1200	59.938871	0.0	1045544	168	1.2	77.591	0	2192	30.007501875468904
1634283304.27	1200	59.947525	0.0	1122544	136	1.2	81.591	0	2312	30
1634283308.66	1200	59.721439	0.0	1061011	183	1.2	85.591	0	2432	30
1634283312.54	1200	59.736514	0.0	1059811	178	1.2	89.593	0	2552	29.985007496251804
1634283316.91	1200	59.470554	0.0	1073475	179	1.2	93.592	0	2672	30.007501875468904
1634283320.82	1200	59.492959	0.0	1094517	185	1.2	97.607	0	2793	30.13698630136986
1634283324.69	1200	59.520279	0.0	1082819	177	1.2	101.606	0	2913	30.007501875468904
1634283328.54	1200	59.831382	0.0	1068766	166	1.2	105.607	0	3033	29.99250187453133
1634283332.4	1200	59.849705	0.0	1111544	181	1.2	109.607	0	3153	30
1634283336.8	1200	59.597247	0.0	1172967	191	1.2	113.608	0	3273	29.99250187453133
1634283340.64	1200	59.614502	0.0	1102175	161	1.2	117.608	0	3393	30
1634283344.45	1200	59.935025	0.0	1099116	177	1.2	121.608	0	3513	30
