1634233729.74	750	4	0.247	486588	85	-1.0570999999999997	0	0	0	0
1634233731.12	2850	8	0.0	5862628	966	0.75	0	0	0	0
1634233732.5	2850	11.216667	0.0	5992376	1025	2.85	0	0	0	0
1634233733.91	2850	13.833334	0.0	5878425	1005	2.85	5.406	14	76	0
1634233735.34	2850	16.433334	0.0	5829325	1005	2.85	5.406	14	76	0
1634233736.82	2850	18.916667	0.0	5866019	1105	2.85	5.406	14	76	0
1634233738.27	2850	21.516667	0.0	5788613	994	2.85	9.489	94	317	39.43179035023266
1634233739.67	2850	24.05	0.0	5923161	1044	2.85	9.489	94	317	39.43179035023266
1634233741.14	2850	26.616667	0.0	5919519	1070	2.85	13.49	152	561	46.48837790552363
1634233742.68	2850	29.083334	0.0	5874891	1101	2.85	13.49	152	561	46.48837790552363
1634233744.18	2850	31.583334	0.0	5870140	1051	2.85	13.49	152	561	46.48837790552363
