1634244371.17	750	4	0.174	428437	92	-0.7432	0	0	0	0
1634244371.49	1200	8	0.0	1070596	181	0.75	0	0	0	0
1634244371.77	1200	12	0.0	1102185	164	1.2	0	0	0	0
1634244372.08	1200	16	0.0	1050918	179	1.2	0	0	0	0
1634244372.36	1200	20	0.0	1076009	163	1.2	0	0	0	0
1634244372.66	1200	24	0.0	1074962	162	1.2	0	0	0	0
1634244372.98	1200	28	0.0	1089013	202	1.2	0	0	0	0
1634244373.27	1200	31.836639	0.0	1085191	179	1.2	0	0	0	0
1634244373.55	1200	35.554784	0.0	1067569	167	1.2	0	0	0	0
1634244373.85	1200	39.272771	0.0	1068135	164	1.2	0	0	0	0
1634244374.17	1200	42.949907	0.0	1112498	158	1.2	0	0	0	0
1634244374.68	1200	46.586916	0.0	1102305	187	1.2	0	0	0	0
1634244375.02	1200	50.103289	0.0	1058097	178	1.2	5.501	0	49	0
1634244375.36	1200	53.778903	0.0	1067149	174	1.2	5.501	0	49	0
1634244375.68	1200	57.456045	0.0	1065119	168	1.2	5.501	0	49	0
1634244377.56	1200	59.75372	0.0	1079756	199	1.2	5.501	0	49	0
1634244381.41	1200	59.779329	0.0	1099272	182	1.2	9.5	0	169	30.00750187546887
1634244385.74	1200	59.529798	0.0	1076487	159	1.2	13.501	0	289	29.99250187453137
1634244389.57	1200	59.558986	0.0	1074867	174	1.2	17.501	0	409	29.999999999999986
1634244393.42	1200	59.858731	0.0	1047892	174	1.2	21.503	0	529	29.98500749625188
1634244397.28	1200	59.888284	0.0	1079491	171	1.2	25.501	0	649	30.015007503751868
1634244401.62	1200	59.643731	0.0	1168595	197	1.2	29.502	0	769	29.992501874531385
1634244405.49	1200	59.690902	0.0	1155651	220	1.2	33.501	0	889	30.007501875468876
1634244409.32	1200	59.99596	0.0	1068823	179	1.2	37.501	0	1009	30
1634244413.86	1200	59.451317	0.0	1083472	11	1.2	41.502	0	1129	29.99250187453133
1634244417.65	1200	59.500792	0.0	1069893	156	1.2	45.512	0	1250	30.17456359102246
1634244421.54	1200	59.80596	0.0	1072481	169	1.2	49.502	0	1369	29.824561403508756
1634244425.41	1200	59.879203	0.0	1056021	163	1.2	53.503	0	1489	29.992501874531385
1634244429.3	1200	59.894953	0.0	1088699	135	1.2	57.503	0	1609	30
1634244433.67	1200	59.655557	0.0	1069675	183	1.2	61.502	0	1729	30.00750187546885
1634244437.53	1200	59.674745	0.0	1102469	207	1.2	65.504	0	1849	29.985007496251857
1634244441.45	1200	59.779245	0.0	1136712	195	1.2	69.504	0	1969	30
1634244445.79	1200	59.506484	0.0	1076114	182	1.2	73.517	0	2090	30.15200598056324
1634244449.65	1200	59.522071	0.0	1045544	146	1.2	77.518	0	2210	29.99250187453133
1634244453.49	1200	59.82773	0.0	1122544	160	1.2	81.517	0	2330	30.007501875468904
1634244457.32	1200	59.849267	0.0	1061011	184	1.2	85.518	0	2450	29.99250187453133
1634244461.74	1200	59.585066	0.0	1059811	168	1.2	89.519	0	2570	29.99250187453133
1634244465.6	1200	59.615424	0.0	1073475	171	1.2	93.519	0	2690	30
1634244469.49	1200	59.676355	0.0	1094517	204	1.2	97.52	0	2810	29.99250187453144
1634244473.81	1200	59.453853	0.0	1082819	173	1.2	101.52	0	2930	30
1634244477.67	1200	59.487691	0.0	1068766	173	1.2	105.52	0	3050	30
1634244481.61	1200	59.801098	0.0	1111544	189	1.2	109.524	0	3170	29.970029970029934
1634244485.85	1200	59.597749	0.0	1172967	169	1.2	113.52	0	3290	30.030030030030066
1634244489.24	1200	59.921447	0.0	1102175	209	1.2	117.52	0	3410	30
1634244493.91	1200	59.674925	0.0	1099116	207	1.2	121.521	0	3530	29.99250187453133
