1634231098.36	750	4	0.157	428437	76	-0.6701	0	0	0	0
1634231098.9	1850	8	0.0	2194849	345	0.75	0	0	0	0
1634231099.5	1850	11.474577	0.0	2241724	409	1.85	0	0	0	0
1634231100.05	1850	14.946413	0.0	2191337	354	1.85	0	0	0	0
1634231100.66	1850	18.340688	0.0	2191196	410	1.85	0	0	0	0
1634231101.25	1850	21.734753	0.0	2214251	442	1.85	0	0	0	0
1634231101.76	1850	25.210202	0.0	2177842	364	1.85	0	0	0	0
1634231102.52	1850	28.566667	0.0	2228366	423	1.85	4.585	0	87	0
1634231103.06	1850	32	0.0	2144748	334	1.85	4.585	0	87	0
1634231103.6	1850	35.389876	0.0	2196481	348	1.85	4.585	0	87	0
1634231104.11	1850	38.90643	0.0	2179785	350	1.85	4.585	0	87	0
1634231104.67	1850	42.341495	0.0	2232134	373	1.85	4.585	0	87	0
1634231105.21	1850	45.777506	0.0	2239109	361	1.85	4.585	0	87	0
1634231105.75	1850	49.253393	0.0	2148555	357	1.85	4.585	0	87	0
1634231106.28	1850	52.729274	0.0	2164111	346	1.85	8.583	2	207	29.514757378689342
1634231106.81	1850	56.163725	0.0	2229209	369	1.85	8.583	2	207	29.514757378689342
1634231107.36	1850	59.639839	0.0	2163625	356	1.85	8.583	2	207	29.514757378689342
1634231111.44	1850	59.579922	0.0	2211517	365	1.85	12.584	2	327	29.99250187453137
1634231115.48	1850	59.591	0.0	2153910	342	1.85	16.584	2	447	30
1634231119.57	1850	59.649016	0.0	2138318	361	1.85	20.584	2	567	30
1634231123.51	1850	59.714119	0.0	2275149	700	1.85	24.594	2	687	29.92518703241894
1634231127.62	1850	59.453661	0.0	2272623	364	1.85	28.594	2	807	30
1634231131.22	1850	59.75886	0.0	2270492	366	1.85	32.594	2	927	30
1634231135.31	1850	59.771643	0.0	2179932	349	1.85	36.594	2	1047	30
1634231139.4	1850	59.793479	0.0	2161125	349	1.85	40.598	2	1167	29.970029970029987
1634231143.47	1850	59.817711	0.0	2116735	329	1.85	44.6	2	1287	29.985007496251857
1634231147.6	1850	59.57775	0.0	2166791	376	1.85	48.601	2	1407	29.992501874531385
1634231151.23	1850	59.882485	0.0	2121825	345	1.85	52.601	2	1527	30
1634231155.33	1850	59.8727	0.0	2230670	356	1.85	56.601	2	1647	30
1634231159.41	1850	59.648784	0.0	2208872	355	1.85	60.602	2	1767	29.992501874531385
1634231163.08	1850	59.996511	0.0	2283966	435	1.85	64.602	2	1887	29.999999999999947
1634231167.72	1850	59.453872	0.0	2257313	425	1.85	68.602	2	2007	30
1634231171.37	1850	59.751971	0.0	2165733	409	1.85	72.602	2	2127	30
1634231175.43	1850	59.779826	0.0	2085175	333	1.85	76.602	2	2247	30
1634231179.53	1850	59.519121	0.0	2307215	373	1.85	80.602	2	2367	30
1634231183.59	1850	59.538566	0.0	2229829	361	1.85	84.602	2	2487	30
1634231187.19	1850	59.840518	0.0	2148822	379	1.85	88.603	2	2607	29.99250187453144
1634231191.29	1850	59.853955	0.0	2199496	365	1.85	92.603	2	2727	30
1634231195.36	1850	59.878547	0.0	2249490	349	1.85	96.604	2	2847	29.99250187453133
1634231199.42	1850	59.617989	0.0	2138617	347	1.85	100.604	2	2967	30
1634231203.46	1850	59.633789	0.0	2164190	342	1.85	104.604	2	3087	30
1634231207.55	1850	59.65878	0.0	2272961	369	1.85	108.637	2	3208	30.00247954376394
1634231211.28	1850	59.967079	0.0	2276641	475	1.85	112.639	2	3328	29.98500749625191
1634231215.12	1850	59.98289	0.0	2257099	623	1.85	116.638	2	3448	30.007501875468797
1634231219.42	1850	59.750639	0.0	2268884	475	1.85	120.638	2	3568	30
