1634276327.98	750	4	0.19	428437	96	-0.8119999999999999	0	0	0	0
1634276328.6	1850	8	0.0	2194849	380	0.75	0	0	0	0
1634276329.16	1850	12	0.0	2241724	360	1.85	0	0	0	0
1634276329.74	1850	15.914284	0.0	2191337	389	1.85	0	0	0	0
1634276330.32	1850	19.309631	0.0	2191196	356	1.85	0	0	0	0
1634276330.87	1850	22.785367	0.0	2214251	362	1.85	0	0	0	0
1634276331.42	1850	26.219485	0.0	2177842	316	1.85	5.345	0	46	0
1634276331.96	1850	29.690991	0.0	2228366	355	1.85	5.345	0	46	0
1634276332.5	1850	33.126644	0.0	2144748	334	1.85	5.345	0	46	0
1634276333.12	1850	36.566667	0.0	2196481	353	1.85	5.345	0	46	0
1634276333.73	1850	40	0.0	2179785	303	1.85	5.345	0	46	0
1634276334.34	1850	43.305326	0.0	2232134	358	1.85	5.345	0	46	0
1634276334.9	1850	46.740945	0.0	2239109	362	1.85	5.345	0	46	0
1634276335.48	1850	50.175855	0.0	2148555	345	1.85	9.345	2	166	29.499999999999993
1634276336.02	1850	53.609621	0.0	2164111	362	1.85	9.345	2	166	29.499999999999993
1634276336.63	1850	57.003716	0.0	2229209	358	1.85	9.345	2	166	29.499999999999993
1634276338.24	1850	59.587473	0.0	2163625	344	1.85	9.345	2	166	29.499999999999993
1634276341.82	1850	59.88727	0.0	2211517	354	1.85	13.38	2	287	29.987608426270135
1634276345.98	1850	59.91326	0.0	2153910	350	1.85	17.38	2	407	30.000000000000014
1634276350.01	1850	59.651355	0.0	2138318	314	1.85	21.38	2	527	30
1634276354.09	1850	59.682741	0.0	2275149	371	1.85	25.381	2	647	29.992501874531357
1634276357.66	1850	59.985375	0.0	2272623	359	1.85	29.381	2	767	30
1634276362.23	1850	59.451675	0.0	2270492	351	1.85	33.382	2	887	29.992501874531385
1634276366.31	1850	59.474127	0.0	2179932	359	1.85	37.382	2	1007	30
1634276369.9	1850	59.823671	0.0	2161125	339	1.85	41.382	2	1127	30
1634276373.97	1850	59.884717	0.0	2116735	339	1.85	45.39	2	1248	30.189620758483013
1634276378.07	1850	59.622345	0.0	2166791	346	1.85	49.39	2	1368	30
1634276382.28	1850	59.563583	0.0	2121825	329	1.85	53.39	2	1488	30
1634276385.86	1850	59.883561	0.0	2230670	330	1.85	57.391	2	1608	29.992501874531385
1634276390.14	1850	59.906509	0.0	2208872	354	1.85	61.39	2	1728	30.00750187546885
1634276394.26	1850	59.529004	0.0	2283966	334	1.85	65.411	2	1848	29.84332255657796
1634276397.9	1850	59.884493	0.0	2257313	350	1.85	69.391	2	1968	30.15075376884419
1634276401.98	1850	59.661607	0.0	2165733	349	1.85	73.391	2	2088	30
1634276406.05	1850	59.692595	0.0	2085175	314	1.85	77.391	2	2208	30
1634276410.15	1850	59.47565	0.0	2307215	346	1.85	81.392	2	2328	29.99250187453144
1634276414.29	1850	59.530357	0.0	2229829	345	1.85	85.392	2	2448	30
1634276417.86	1850	59.865763	0.0	2148822	333	1.85	89.392	2	2568	30
1634276421.94	1850	59.88338	0.0	2199496	345	1.85	93.392	2	2688	30
1634276426.04	1850	59.636274	0.0	2249490	341	1.85	97.392	2	2808	30
1634276430.1	1850	59.654217	0.0	2138617	335	1.85	101.393	2	2928	29.99250187453133
1634276434.19	1850	59.674555	0.0	2164190	345	1.85	105.392	2	3048	30.007501875468904
1634276438.28	1850	59.494897	0.0	2272961	374	1.85	109.399	2	3168	29.947591714499588
1634276441.91	1850	59.792988	0.0	2276641	365	1.85	113.393	2	3288	30.045067601402106
1634276445.97	1850	59.827828	0.0	2257099	369	1.85	117.393	2	3408	30
1634276450.04	1850	59.853819	0.0	2268884	374	1.85	121.4	2	3528	29.947591714499588
