1634279747.82	750	4	0.182	486588	107	-0.7776000000000001	0	0	0	0
1634279748.68	1850	7.816667	0.0	3749264	624	0.75	0	0	0	0
1634279749.52	1850	11.016667	0.0	3665907	601	1.85	0	0	0	0
1634279750.37	1850	14.133334	0.0	3661478	617	1.85	0	0	0	0
1634279751.21	1850	17.3	0.0	3718934	617	1.85	0	0	0	0
1634279752.29	1850	20.216667	0.0	3718871	850	1.85	4.65	16	170	0
1634279753.22	1850	23.283334	0.0	3785083	705	1.85	4.65	16	170	0
1634279754.13	1850	26.416667	0.0	3649314	647	1.85	4.65	16	170	0
1634279755.05	1850	29.483334	0.0	3723484	641	1.85	4.65	16	170	0
1634279755.94	1850	32.6	0.0	3624861	633	1.85	8.649	56	410	50.012503125781464
1634279756.89	1850	35.633334	0.0	3684892	701	1.85	8.649	56	410	50.012503125781464
1634279757.73	1850	38.766667	0.0	3660565	625	1.85	8.649	56	410	50.012503125781464
1634279758.56	1850	41.933334	0.0	3609338	598	1.85	8.649	56	410	50.012503125781464
1634279759.44	1850	45.1	0.0	3624575	617	1.85	12.655	88	651	52.17174238642037
1634279760.27	1850	48.233334	0.0	3773536	621	1.85	12.655	88	651	52.17174238642037
1634279761.13	1850	51.383334	0.0	3710640	629	1.85	12.655	88	651	52.17174238642037
1634279761.97	1850	54.533334	0.0	3766415	613	1.85	12.655	88	651	52.17174238642037
1634279762.9	1850	57.616667	0.0	3798226	685	1.85	12.655	88	651	52.17174238642037
1634279764.78	1850	59.783334	0.0	3583866	628	1.85	16.658	114	891	53.45990507119658
1634279768.67	1850	59.8369	0.0	3703917	622	1.85	20.658	173	1131	45.25
1634279773.05	1850	59.570674	0.0	3680696	581	1.85	24.659	190	1371	55.736065983504155
1634279776.95	1850	59.611623	0.0	3907331	594	1.85	28.66	216	1611	53.48662834291426
1634279780.75	1850	59.92763	0.0	3502965	549	1.85	32.66	218	1851	59.50000000000005
1634279784.57	1850	59.993204	0.0	3698872	583	1.85	36.661	220	2091	59.48512871782047
1634279788.92	1850	59.771887	0.0	3640135	582	1.85	40.67	225	2331	58.618109254178094
1634279792.73	1850	59.8	0.0	3664801	582	1.85	44.671	227	2571	59.48512871782058
1634279797.12	1850	59.543136	0.0	3653246	575	1.85	48.671	244	2811	55.75
1634279801.02	1850	59.572686	0.0	3705829	589	1.85	52.671	247	3051	59.25
1634279804.9	1850	59.592774	0.0	3774173	586	1.85	56.672	251	3292	59.23519120219949
1634279808.78	1850	59.898649	0.0	3790546	587	1.85	60.673	254	3532	59.23519120219938
1634279812.68	1850	59.926746	0.0	3679836	567	1.85	64.674	293	3772	50.23744063983998
1634279816.62	1850	59.956018	0.0	3804668	629	1.85	68.675	298	4012	58.7353161709574
1634279820.97	1850	59.730279	0.0	3460324	563	1.85	72.676	299	4252	59.73506623344157
1634279824.81	1850	59.789483	0.0	3649342	585	1.85	76.676	304	4492	58.75
1634279828.65	1850	59.81671	0.0	3720289	582	1.85	80.676	308	4732	59
1634279832.99	1850	59.555125	0.0	3624529	560	1.85	84.677	312	4972	58.98525368657828
1634279836.84	1850	59.86106	0.0	3640718	598	1.85	88.676	314	5212	59.51487871967999
1634279840.73	1850	59.888802	0.0	3567148	582	1.85	92.677	325	5452	57.235691077230626
1634279844.62	1850	59.906253	0.0	3705243	618	1.85	96.677	330	5692	58.75
1634279848.99	1850	59.636819	0.0	3528039	616	1.85	100.678	334	5932	58.985253686578496
1634279852.88	1850	59.673209	0.0	3631199	585	1.85	104.678	337	6172	59.25
1634279856.79	1850	59.7	0.0	3771179	634	1.85	108.678	344	6412	58.25
1634279861.13	1850	59.441178	0.0	3703234	598	1.85	112.679	346	6652	59.48512871782047
1634279864.94	1850	59.75	0.0	3570889	567	1.85	116.679	349	6892	59.25
1634279868.79	1850	59.773073	0.0	3758102	607	1.85	120.68	351	7132	59.48512871782047
