1634264867.97	750	4	0.156	428437	81	-0.6658	0	0	0	0
1634264868.11	300	8	0.0	230725	37	-0.15000000000000002	0	0	0	0
1634264868.73	300	12	0.0	243865	3	0.3	0	0	0	0
1634264868.86	300	16	0.0	220386	37	0.3	0	0	0	0
1634264868.98	300	20	0.0	223780	33	0.3	0	0	0	0
1634264869.13	300	24	0.0	230908	38	0.3	0	0	0	0
1634264869.26	300	28	0.0	243834	35	0.3	0	0	0	0
1634264869.38	300	32	0.0	227454	24	0.3	0	0	0	0
1634264869.53	300	36	0.0	244114	46	0.3	0	0	0	0
1634264869.72	300	39.95551	0.0	227021	74	0.3	0	0	0	0
1634264869.86	300	43.794589	0.0	237387	35	0.3	0	0	0	0
1634264870.01	300	47.673844	0.0	226538	40	0.3	0	0	0	0
1634264870.15	300	51.512707	0.0	219929	38	0.3	0	0	0	0
1634264870.27	300	55.391733	0.0	225981	38	0.3	0	0	0	0
1634264870.45	300	59.229572	0.0	235362	36	0.3	0	0	0	0
1634264874.17	300	59.7	0.0	228066	47	0.3	5.219	0	51	0
1634264877.84	300	59.957444	0.0	233092	35	0.3	9.22	0	171	29.992501874531364
1634264882.06	300	59.736112	0.0	250342	65	0.3	13.223	0	291	29.977516862353234
1634264886.24	300	59.461616	0.0	234538	44	0.3	17.223	0	411	30.000000000000014
1634264889.94	300	59.771812	0.0	234846	58	0.3	21.223	0	531	30
1634264894.1	300	59.804	0.0	245620	42	0.3	25.223	0	651	30
1634264898.29	300	59.541224	0.0	238459	42	0.3	29.223	0	771	30
1634264902.03	300	59.882661	0.0	234371	8	0.3	33.223	0	891	30
1634264906.2	300	59.654643	0.0	238479	38	0.3	37.224	0	1011	29.992501874531385
1634264909.92	300	59.953049	0.0	235849	43	0.3	41.225	0	1131	29.99250187453133
1634264914.12	300	59.727633	0.0	227048	11	0.3	45.226	0	1251	29.992501874531385
1634264918.37	300	59.507917	0.0	241747	21	0.3	49.225	0	1371	30.00750187546885
1634264922.07	300	59.801992	0.0	226846	43	0.3	53.225	0	1491	30
1634264926.22	300	59.547693	0.0	240073	38	0.3	57.225	0	1611	30
1634264929.9	300	59.851479	0.0	224865	34	0.3	61.225	0	1731	30
1634264934.11	300	59.597916	0.0	223555	37	0.3	65.226	0	1851	29.992501874531385
1634264937.82	300	59.89856	0.0	236661	41	0.3	69.227	0	1971	29.99250187453133
1634264942.08	300	59.633334	0.0	224869	57	0.3	73.227	0	2091	30
1634264945.78	300	59.974909	0.0	220416	45	0.3	77.227	0	2211	30
1634264949.97	300	59.992516	0.0	232283	47	0.3	81.227	0	2331	30
1634264954.19	300	59.733334	0.0	216316	37	0.3	85.236	0	2451	29.93265153404839
1634264958.36	300	59.479726	0.0	221305	37	0.3	89.236	0	2571	30
1634264962.05	300	59.771465	0.0	225701	38	0.3	93.237	0	2691	29.99250187453144
1634264966.21	300	59.504433	0.0	232001	38	0.3	97.237	0	2811	30
1634264969.91	300	59.802268	0.0	225146	41	0.3	101.238	0	2931	29.99250187453133
1634264974.1	300	59.815178	0.0	234577	43	0.3	105.238	0	3051	30
1634264978.29	300	59.535947	0.0	231377	40	0.3	109.239	0	3171	29.99250187453133
1634264982.0	300	59.84568	0.0	236166	58	0.3	113.239	0	3291	30
1634264986.16	300	59.570856	0.0	218149	42	0.3	117.239	0	3411	30
1634264989.83	300	59.891024	0.0	228342	45	0.3	121.24	0	3531	29.99250187453144
