1634266341.58	750	4	0.179	486588	88	-0.7646999999999999	0	0	0	0
1634266342.46	1850	8	0.0	3749264	644	0.75	0	0	0	0
1634266343.31	1850	11.833334	0.0	3665907	647	1.85	0	0	0	0
1634266344.09	1850	15.066667	0.0	3661478	582	1.85	0	0	0	0
1634266344.98	1850	18.233334	0.0	3718934	622	1.85	5.329	5	105	0
1634266345.85	1850	21.35	0.0	3718871	600	1.85	5.329	5	105	0
1634266346.69	1850	24.5	0.0	3785083	610	1.85	5.329	5	105	0
1634266347.5	1850	27.666667	0.0	3649314	596	1.85	5.329	5	105	0
1634266348.29	1850	30.866667	0.0	3723484	588	1.85	5.329	5	105	0
1634266349.13	1850	34.066667	0.0	3624861	568	1.85	9.329	36	345	52.249999999999986
1634266349.94	1850	37.216667	0.0	3684892	586	1.85	9.329	36	345	52.249999999999986
1634266350.71	1850	40.45	0.0	3660565	561	1.85	9.329	36	345	52.249999999999986
1634266351.52	1850	43.65	0.0	3609338	586	1.85	9.329	36	345	52.249999999999986
1634266352.37	1850	46.833334	0.0	3624575	579	1.85	9.329	36	345	52.249999999999986
1634266353.21	1850	49.95	0.0	3773536	618	1.85	13.329	110	584	41.25
