1634279208.27	750	4	0.183	486588	83	-0.7818999999999999	0	0	0	0
1634279209.64	2850	7.4	0.0	5862628	986	0.75	0	0	0	0
1634279211.01	2850	10	0.0	5992376	1002	2.85	0	0	0	0
1634279212.46	2850	12.616667	0.0	5878425	1044	2.85	4.75	25	170	0
1634279213.76	2850	15.266667	0.0	5829325	898	2.85	4.75	25	170	0
1634279215.05	2850	17.983334	0.0	5866019	927	2.85	4.75	25	170	0
1634279216.34	2850	20.683334	0.0	5788613	956	2.85	8.751	91	410	43.48912771807049
1634279217.68	2850	23.366667	0.0	5923161	973	2.85	8.751	91	410	43.48912771807049
1634279219.0	2850	26.033334	0.0	5919519	956	2.85	8.751	91	410	43.48912771807049
1634279220.3	2850	28.75	0.0	5874891	931	2.85	12.751	160	650	42.75
1634279221.59	2850	31.433334	0.0	5870140	921	2.85	12.751	160	650	42.75
1634279223.02	2850	34.05	0.0	5824696	1029	2.85	12.751	160	650	42.75
1634279224.38	2850	36.65	0.0	5848658	1004	2.85	16.751	230	890	42.49999999999998
1634279225.76	2850	39.366667	0.0	5692580	925	2.85	16.751	230	890	42.49999999999998
1634279227.08	2850	41.95	0.0	5914474	961	2.85	16.751	230	890	42.49999999999998
1634279228.43	2850	44.616667	0.0	5868708	982	2.85	20.751	309	1130	40.25
1634279229.76	2850	47.283334	0.0	5919318	976	2.85	20.751	309	1130	40.25
1634279231.08	2850	49.966667	0.0	5962265	949	2.85	20.751	309	1130	40.25
1634279232.39	2850	52.616667	0.0	5896498	958	2.85	24.752	384	1370	41.23969007748065
1634279233.69	2850	55.35	0.0	5766523	932	2.85	24.752	384	1370	41.23969007748065
1634279235.1	2850	57.966667	0.0	5865643	1010	2.85	24.752	384	1370	41.23969007748065
1634279237.47	2850	59.514273	0.0	6132065	969	2.85	28.752	453	1610	42.75
1634279241.33	2850	59.774241	0.0	5773166	924	2.85	32.752	512	1850	45.24999999999996
1634279245.22	2850	59.83955	0.0	5854602	961	2.85	36.753	538	2090	53.4866283429143
1634279249.19	2850	59.853828	0.0	5829201	980	2.85	40.754	575	2330	50.73731567108226
1634279253.58	2850	59.466667	0.0	5605227	920	2.85	44.773	605	2571	52.50062204528483
1634279256.96	2850	59.928172	0.0	5796172	927	2.85	48.772	637	2811	52.013003250812766
1634279261.35	2850	59.700184	0.0	5691022	903	2.85	52.772	673	3051	51
1634279265.36	2850	59.719702	0.0	5820294	994	2.85	56.799	715	3293	49.66476285075738
1634279269.3	2850	59.813441	0.0	5894902	951	2.85	60.799	751	3533	51
1634279273.35	2850	59.783448	0.0	6009258	1023	2.85	64.8	791	3773	49.987503124218975
1634279277.39	2850	59.682013	0.0	5894492	1040	2.85	68.8	827	4013	51
1634279281.24	2850	59.858062	0.0	5389605	879	2.85	72.8	860	4253	51.75
1634279285.19	2850	59.873686	0.0	5561198	938	2.85	76.801	898	4493	50.48737815546107
1634279289.22	2850	59.884138	0.0	5973981	984	2.85	80.801	934	4733	51
1634279293.61	2850	59.440307	0.0	5807342	909	2.85	84.801	967	4973	51.75
1634279296.97	2850	59.912445	0.0	5705281	896	2.85	88.801	995	5213	53
1634279301.3	2850	59.681312	0.0	5574779	893	2.85	92.802	1026	5453	52.236940764808736
1634279305.24	2850	59.866667	0.0	5738555	970	2.85	96.802	1061	5693	51.25
1634279309.15	2850	59.877101	0.0	5689582	958	2.85	100.802	1097	5933	51
1634279313.49	2850	59.520212	0.0	5554537	880	2.85	104.803	1129	6173	51.98700324918783
1634279316.97	2850	59.94626	0.0	5878688	951	2.85	108.803	1170	6413	49.75
1634279321.42	2850	59.603919	0.0	5895798	963	2.85	112.803	1209	6653	50.25
1634279325.25	2850	59.82883	0.0	5563862	888	2.85	116.804	1244	6893	51.237190702324355
1634279329.2	2850	59.88678	0.0	5839216	974	2.85	120.804	1276	7133	52
