1634232779.7	750	4	0.177	428437	87	-0.7561	0	0	0	0
1634232779.88	750	8	0.0	427397	75	0.75	0	0	0	0
1634232780.07	750	12	0.0	435939	71	0.75	0	0	0	0
1634232780.3	750	16	0.0	420508	94	0.75	0	0	0	0
1634232780.5	750	19.877545	0.0	431392	47	0.75	0	0	0	0
1634232780.68	750	23.675957	0.0	442512	73	0.75	0	0	0	0
1634232780.88	750	27.474425	0.0	450465	75	0.75	0	0	0	0
1634232781.08	750	31.272322	0.0	454724	66	0.75	0	0	0	0
1634232781.28	750	35.070346	0.0	440962	81	0.75	0	0	0	0
1634232781.47	750	38.868751	0.0	433775	71	0.75	0	0	0	0
1634232781.68	750	42.667359	0.0	445796	92	0.75	0	0	0	0
1634232781.87	750	46.505764	0.0	436832	75	0.75	0	0	0	0
1634232782.05	750	50.303156	0.0	432476	76	0.75	0	0	0	0
1634232782.23	750	54.141529	0.0	422635	65	0.75	0	0	0	0
1634232782.43	750	57.939029	0.0	433467	79	0.75	0	0	0	0
1634232784.63	750	59.75232	0.0	430697	71	0.75	4.754	0	82	0
1634232788.89	750	59.547706	0.0	440079	78	0.75	8.755	0	202	29.992501874531357
1634232792.67	750	59.851928	0.0	448764	87	0.75	12.76	0	322	29.962546816479406
1634232796.9	750	59.583319	0.0	451052	79	0.75	16.759	0	442	30.00750187546886
1634232800.68	750	59.923386	0.0	434071	56	0.75	20.76	0	562	29.992501874531357
1634232804.41	750	59.981967	0.0	440125	81	0.75	24.761	0	682	29.992501874531385
1634232808.66	750	59.734581	0.0	467521	83	0.75	28.76	0	802	30.00750187546885
1634232812.9	750	59.503844	0.0	453405	69	0.75	32.761	0	922	29.992501874531357
1634232816.62	750	59.814089	0.0	437659	70	0.75	36.761	0	1042	30
1634232820.84	750	59.547026	0.0	426987	75	0.75	40.761	0	1162	30
1634232824.6	750	59.85375	0.0	432295	71	0.75	44.762	0	1282	29.992501874531385
1634232828.83	750	59.594215	0.0	432130	77	0.75	48.761	0	1402	30.00750187546885
1634232832.56	750	59.900777	0.0	425788	63	0.75	52.762	0	1522	29.992501874531385
1634232836.81	750	59.673342	0.0	435574	87	0.75	56.762	0	1642	30
1634232841.03	750	59.439742	0.0	420051	58	0.75	60.763	0	1762	29.992501874531385
1634232844.76	750	59.737863	0.0	438225	83	0.75	64.762	0	1882	30.00750187546885
1634232849.01	750	59.466667	0.0	445487	77	0.75	68.763	0	2002	29.99250187453133
1634232852.77	750	59.768824	0.0	431544	85	0.75	72.763	0	2122	30
1634232856.99	750	59.5	0.0	413330	23	0.75	76.763	0	2242	30
1634232860.73	750	59.8	0.0	443416	89	0.75	80.763	0	2362	30
1634232864.98	750	59.529225	0.0	427034	46	0.75	84.769	0	2482	29.955067398901647
1634232868.74	750	59.830261	0.0	420805	69	0.75	88.771	0	2602	29.98500749625191
1634232873.01	750	59.568652	0.0	432340	81	0.75	92.772	0	2722	29.99250187453133
1634232876.77	750	59.864254	0.0	445203	76	0.75	96.772	0	2842	30
1634232880.52	750	59.913657	0.0	428535	82	0.75	100.772	0	2962	30
1634232884.77	750	59.671175	0.0	432915	91	0.75	104.772	0	3082	30
1634232888.51	750	59.97084	0.0	440705	81	0.75	108.772	0	3202	30
1634232892.77	750	59.745297	0.0	464681	81	0.75	112.773	0	3322	29.99250187453144
1634232897.0	750	59.515897	0.0	432462	68	0.75	116.773	0	3442	30
1634232900.76	750	59.812334	0.0	443948	69	0.75	120.778	0	3563	30.212234706616655
