1634239179.06	750	4	0.193	428437	89	-0.8249	0	0	0	0
1634239179.27	750	8	0.0	427397	92	0.75	0	0	0	0
1634239179.46	750	12	0.0	435939	66	0.75	0	0	0	0
1634239179.67	750	16	0.0	420508	101	0.75	0	0	0	0
1634239179.9	750	19.838037	0.0	431392	95	0.75	0	0	0	0
1634239180.13	750	23.596126	0.0	442512	120	0.75	0	0	0	0
1634239180.34	750	27.394544	0.0	450465	92	0.75	0	0	0	0
1634239180.53	750	31.192066	0.0	454724	71	0.75	0	0	0	0
1634239180.73	750	35.03029	0.0	440962	70	0.75	0	0	0	0
1634239180.9	750	38.824986	0.0	433775	65	0.75	0	0	0	0
1634239181.09	750	42.66369	0.0	445796	70	0.75	0	0	0	0
1634239181.28	750	46.462044	0.0	436832	79	0.75	0	0	0	0
1634239181.48	750	50.259385	0.0	432476	80	0.75	0	0	0	0
1634239181.67	750	54.05714	0.0	422635	70	0.75	0	0	0	0
1634239181.86	750	57.895591	0.0	433467	70	0.75	0	0	0	0
1634239184.13	750	59.783999	0.0	430697	65	0.75	4.761	0	80	0
1634239187.9	750	59.831095	0.0	440079	61	0.75	8.761	0	200	30.000000000000007
1634239192.13	750	59.851143	0.0	448764	68	0.75	12.761	0	320	30
1634239195.85	750	59.909758	0.0	451052	65	0.75	16.767	0	440	29.955067398901647
1634239200.08	750	59.921455	0.0	434071	73	0.75	20.765	0	560	30.015007503751868
1634239203.83	750	59.947252	0.0	440125	92	0.75	24.768	0	680	29.977516862353234
1634239208.07	750	59.690281	0.0	467521	78	0.75	28.769	0	800	29.992501874531385
1634239211.8	750	59.986464	0.0	453405	74	0.75	32.769	0	920	30
1634239216.06	750	59.710941	0.0	437659	64	0.75	36.769	0	1040	30
1634239220.3	750	59.454317	0.0	426987	82	0.75	40.769	0	1160	30
1634239224.03	750	59.751531	0.0	432295	57	0.75	44.769	0	1280	30
1634239228.28	750	59.482604	0.0	432130	79	0.75	48.769	0	1400	30
1634239232.0	750	59.772866	0.0	425788	69	0.75	52.77	0	1520	29.99250187453133
1634239236.21	750	59.789357	0.0	435574	75	0.75	56.77	0	1640	30
1634239240.42	750	59.510043	0.0	420051	67	0.75	60.77	0	1760	30
1634239244.14	750	59.818653	0.0	438225	47	0.75	64.771	0	1880	29.992501874531385
1634239248.36	750	59.546637	0.0	445487	78	0.75	68.77	0	2000	30.007501875468904
1634239252.09	750	59.853253	0.0	431544	76	0.75	72.77	0	2120	30
1634239255.84	750	59.908487	0.0	413330	68	0.75	76.771	0	2240	29.99250187453133
1634239260.07	750	59.933355	0.0	443416	66	0.75	80.771	0	2360	30
1634239263.81	750	59.937942	0.0	427034	78	0.75	84.771	0	2480	30
1634239268.05	750	59.704172	0.0	420805	78	0.75	88.772	0	2600	29.99250187453133
1634239272.3	750	59.477507	0.0	432340	60	0.75	92.772	0	2720	30
1634239276.01	750	59.786358	0.0	445203	69	0.75	96.773	0	2840	29.99250187453144
1634239280.24	750	59.519646	0.0	428535	67	0.75	100.773	0	2960	30
1634239283.99	750	59.814817	0.0	432915	82	0.75	104.773	0	3080	30
1634239288.21	750	59.59604	0.0	440705	76	0.75	108.773	0	3200	30
1634239291.93	750	59.894039	0.0	464681	76	0.75	112.774	0	3320	29.99250187453133
1634239296.16	750	59.635214	0.0	432462	72	0.75	116.774	0	3440	30
1634239299.85	750	59.935939	0.0	443948	63	0.75	120.774	0	3560	30
