1634269731.32	750	4	0.242	428437	71	-1.0356	0	0	0	0
1634269731.94	1850	8	0.0	2194849	370	0.75	0	0	0	0
1634269732.53	1850	12	0.0	2241724	382	1.85	0	0	0	0
1634269733.08	1850	16	0.0	2191337	362	1.85	0	0	0	0
1634269733.65	1850	19.505312	0.0	2191196	341	1.85	0	0	0	0
1634269734.46	1850	22.93992	0.0	2214251	402	1.85	0	0	0	0
1634269735.07	1850	26.092266	0.0	2177842	421	1.85	5.624	0	41	0
1634269735.66	1850	29.528036	0.0	2228366	389	1.85	5.624	0	41	0
1634269736.25	1850	32.959139	0.0	2144748	390	1.85	5.624	0	41	0
1634269736.87	1850	36.313164	0.0	2196481	379	1.85	5.624	0	41	0
1634269737.43	1850	39.747913	0.0	2179785	351	1.85	5.624	0	41	0
1634269738.01	1850	43.182388	0.0	2232134	386	1.85	5.624	0	41	0
1634269738.56	1850	46.617322	0.0	2239109	343	1.85	9.624	1	161	29.749999999999993
1634269739.16	1850	50.012559	0.0	2148555	368	1.85	9.624	1	161	29.749999999999993
1634269739.73	1850	53.482964	0.0	2164111	360	1.85	9.624	1	161	29.749999999999993
1634269740.31	1850	56.878349	0.0	2229209	385	1.85	9.624	1	161	29.749999999999993
1634269741.47	1850	59.784743	0.0	2163625	416	1.85	9.624	1	161	29.749999999999993
1634269745.72	1850	59.526793	0.0	2211517	452	1.85	13.624	1	281	30
1634269749.29	1850	59.873504	0.0	2153910	340	1.85	17.624	1	401	30.000000000000014
1634269753.54	1850	59.908384	0.0	2138318	304	1.85	21.625	1	521	29.992501874531357
1634269757.62	1850	59.901232	0.0	2275149	358	1.85	25.627	3	641	29.48525737131435
1634269761.66	1850	59.914255	0.0	2272623	336	1.85	29.631	9	761	28.471528471528462
1634269765.56	1850	59.859122	0.0	2270492	375	1.85	33.627	9	881	30.030030030030012
1634269769.39	1850	59.893299	0.0	2179932	330	1.85	37.628	9	1001	29.992501874531385
