1634276165.5	750	4	0.177	428437	55	-0.7561	0	0	0	0
1634276166.2	1850	8	0.0	2194849	345	0.75	0	0	0	0
1634276166.75	1850	12	0.0	2241724	364	1.85	0	0	0	0
1634276167.32	1850	16	0.0	2191337	353	1.85	0	0	0	0
1634276167.89	1850	19.511573	0.0	2191196	337	1.85	0	0	0	0
1634276168.47	1850	22.905675	0.0	2214251	344	1.85	0	0	0	0
1634276169.0	1850	26.380063	0.0	2177842	347	1.85	5.339	0	40	0
1634276169.57	1850	29.8139	0.0	2228366	357	1.85	5.339	0	40	0
1634276170.13	1850	33.247882	0.0	2144748	343	1.85	5.339	0	40	0
1634276170.71	1850	36.723964	0.0	2196481	343	1.85	5.339	0	40	0
1634276171.29	1850	40.115398	0.0	2179785	339	1.85	5.339	0	40	0
1634276171.84	1850	43.550113	0.0	2232134	360	1.85	5.339	0	40	0
1634276172.4	1850	46.985571	0.0	2239109	374	1.85	5.339	0	40	0
1634276172.96	1850	50.420929	0.0	2148555	349	1.85	9.34	1	160	29.742564358910276
1634276173.51	1850	53.852947	0.0	2164111	345	1.85	9.34	1	160	29.742564358910276
1634276174.09	1850	57.326253	0.0	2229209	348	1.85	9.34	1	160	29.742564358910276
1634276175.67	1850	59.787117	0.0	2163625	332	1.85	9.34	1	160	29.742564358910276
1634276179.94	1850	59.523811	0.0	2211517	547	1.85	13.339	1	280	30.00750187546886
1634276184.03	1850	59.541294	0.0	2153910	346	1.85	17.342	1	400	29.977516862353248
1634276187.6	1850	59.83878	0.0	2138318	329	1.85	21.342	1	520	30
1634276192.07	1850	59.869086	0.0	2275149	359	1.85	25.343	1	640	29.992501874531357
1634276196.05	1850	59.433334	0.0	2272623	303	1.85	29.388	1	761	29.91347342398021
1634276199.66	1850	59.940213	0.0	2270492	301	1.85	33.425	4	882	29.229625959871225
1634276203.8	1850	59.688012	0.0	2179932	334	1.85	37.424	10	1002	28.50712678169541
