1634224900.82	750	4	0.171	428437	82	-0.7303	0	0	0	0
1634224901.19	1200	8	0.0	1070596	187	0.75	0	0	0	0
1634224901.53	1200	12	0.0	1102185	218	1.2	0	0	0	0
1634224901.84	1200	16	0.0	1050918	200	1.2	0	0	0	0
1634224902.18	1200	20	0.0	1076009	189	1.2	0	0	0	0
1634224902.52	1200	23.836761	0.0	1074962	192	1.2	0	0	0	0
1634224902.88	1200	27.472956	0.0	1089013	218	1.2	0	0	0	0
1634224903.21	1200	31.143637	0.0	1085191	212	1.2	0	0	0	0
1634224903.55	1200	34.818715	0.0	1067569	200	1.2	0	0	0	0
1634224903.95	1200	38.414785	0.0	1068135	239	1.2	0	0	0	0
1634224904.41	1200	42.010056	0.0	1112498	224	1.2	5.216	0	55	0
1634224904.75	1200	45.606133	0.0	1102305	191	1.2	5.216	0	55	0
1634224905.13	1200	49.243063	0.0	1058097	246	1.2	5.216	0	55	0
1634224905.51	1200	52.837361	0.0	1067149	227	1.2	5.216	0	55	0
1634224905.84	1200	56.514886	0.0	1065119	209	1.2	5.216	0	55	0
1634224906.74	1200	59.787618	0.0	1079756	213	1.2	5.216	0	55	0
1634224910.68	1200	59.814616	0.0	1099272	227	1.2	9.215	0	175	30.00750187546887
1634224914.56	1200	59.838082	0.0	1076487	235	1.2	13.215	0	294	29.75
1634224918.91	1200	59.593669	0.0	1074867	205	1.2	17.215	0	415	30.25
1634224922.79	1200	59.615632	0.0	1047892	192	1.2	21.215	0	535	30
1634224926.65	1200	59.92702	0.0	1079491	198	1.2	25.216	0	655	29.992501874531357
1634224930.57	1200	59.959389	0.0	1168595	236	1.2	29.216	0	775	30
1634224934.93	1200	59.469231	0.0	1155651	183	1.2	33.216	0	895	30
1634224938.8	1200	59.77031	0.0	1068823	223	1.2	37.217	0	1015	29.992501874531385
1634224942.95	1200	59.508419	0.0	1083472	24	1.2	41.22	0	1135	29.977516862353234
1634224946.83	1200	59.536225	0.0	1069893	229	1.2	45.228	0	1255	29.94011976047902
1634224950.73	1200	59.88292	0.0	1072481	222	1.2	49.22	0	1375	30.06012024048098
1634224954.63	1200	59.910341	0.0	1056021	172	1.2	53.22	0	1495	30
1634224958.56	1200	59.939871	0.0	1088699	233	1.2	57.221	0	1615	29.992501874531385
1634224962.52	1200	59.964218	0.0	1069675	225	1.2	61.221	0	1735	30
1634224966.92	1200	59.442469	0.0	1102469	221	1.2	65.221	0	1855	29.999999999999947
1634224970.83	1200	59.742097	0.0	1136712	231	1.2	69.221	0	1975	30
1634224974.8	1200	59.792524	0.0	1076114	256	1.2	73.221	0	2095	30
1634224978.68	1200	59.840299	0.0	1045544	222	1.2	77.222	0	2215	29.99250187453144
1634224982.65	1200	59.873906	0.0	1122544	225	1.2	81.222	0	2335	30
1634224986.51	1200	59.895944	0.0	1061011	199	1.2	85.229	0	2455	29.947591714499588
1634224990.9	1200	59.626593	0.0	1059811	193	1.2	89.229	0	2575	30
1634224994.79	1200	59.648047	0.0	1073475	195	1.2	93.229	0	2695	30
1634224998.67	1200	59.947463	0.0	1094517	206	1.2	97.23	0	2815	29.99250187453133
1634225002.52	1200	59.981747	0.0	1082819	184	1.2	101.23	0	2935	30
1634225006.94	1200	59.436965	0.0	1068766	243	1.2	105.231	0	3055	29.99250187453144
1634225010.82	1200	59.757028	0.0	1111544	203	1.2	109.23	0	3175	30.007501875468797
