1634247136.0	750	4	0.188	486588	107	-0.8034	0	0	0	0
1634247136.9	1850	8	0.0	3749264	587	0.75	0	0	0	0
1634247137.82	1850	11.85	0.0	3665907	721	1.85	0	0	0	0
1634247138.69	1850	14.983334	0.0	3661478	653	1.85	0	0	0	0
1634247139.74	1850	18	0.0	3718934	759	1.85	5.229	6	104	0
1634247140.59	1850	21.083334	0.0	3718871	644	1.85	5.229	6	104	0
1634247141.51	1850	24.2	0.0	3785083	662	1.85	5.229	6	104	0
1634247142.33	1850	27.366667	0.0	3649314	549	1.85	5.229	6	104	0
1634247143.21	1850	30.483334	0.0	3723484	643	1.85	5.229	6	104	0
1634247144.13	1850	33.55	0.0	3624861	699	1.85	9.229	39	343	51.500000000000014
1634247145.08	1850	36.6	0.0	3684892	695	1.85	9.229	39	343	51.500000000000014
1634247145.97	1850	39.7	0.0	3660565	671	1.85	9.229	39	343	51.500000000000014
1634247146.93	1850	42.766667	0.0	3609338	722	1.85	9.229	39	343	51.500000000000014
1634247147.84	1850	45.833334	0.0	3624575	703	1.85	13.23	60	584	54.98625343664082
1634247148.8	1850	48.9	0.0	3773536	718	1.85	13.23	60	584	54.98625343664082
1634247149.64	1850	52.05	0.0	3710640	602	1.85	13.23	60	584	54.98625343664082
1634247150.49	1850	55.183334	0.0	3766415	629	1.85	13.23	60	584	54.98625343664082
1634247151.39	1850	58.333334	0.0	3798226	642	1.85	17.23	88	819	51.75
1634247154.23	1850	59.593296	0.0	3583866	581	1.85	17.23	88	819	51.75
1634247158.16	1850	59.625521	0.0	3703917	647	1.85	21.231	114	1064	54.73631592101973
1634247162.07	1850	59.654254	0.0	3680696	649	1.85	25.23	116	1304	59.514878719679935
1634247165.98	1850	59.685602	0.0	3907331	604	1.85	29.231	120	1544	58.98525368657834
1634247169.86	1850	59.99699	0.0	3502965	612	1.85	33.234	122	1784	59.455408443667245
1634247174.2	1850	59.466667	0.0	3698872	592	1.85	37.235	125	2024	59.23519120219949
1634247178.01	1850	59.788135	0.0	3640135	574	1.85	41.235	128	2264	59.25
