1634265103.64	750	4	0.242	428437	80	-1.0356	0	0	0	0
1634265103.8	300	8	0.0	230725	34	-0.15000000000000002	0	0	0	0
1634265103.93	300	12	0.0	243865	39	0.3	0	0	0	0
1634265104.08	300	16	0.0	220386	24	0.3	0	0	0	0
1634265104.19	300	20	0.0	223780	36	0.3	0	0	0	0
1634265104.36	300	24	0.0	230908	3	0.3	0	0	0	0
1634265104.48	300	28	0.0	243834	34	0.3	0	0	0	0
1634265104.59	300	32	0.0	227454	34	0.3	0	0	0	0
1634265104.73	300	36	0.0	244114	39	0.3	0	0	0	0
1634265104.85	300	40	0.0	227021	37	0.3	0	0	0	0
1634265104.97	300	44	0.0	237387	35	0.3	0	0	0	0
1634265105.08	300	48	0.0	226538	34	0.3	0	0	0	0
1634265105.2	300	52	0.0	219929	33	0.3	0	0	0	0
1634265105.33	300	56	0.0	225981	39	0.3	0	0	0	0
1634265105.98	300	59.715301	0.0	235362	39	0.3	0	0	0	0
1634265110.17	300	59.738411	0.0	228066	31	0.3	5.402	0	36	0
1634265113.89	300	59.753066	0.0	233092	28	0.3	9.402	0	156	30.000000000000007
1634265118.1	300	59.533334	0.0	250342	28	0.3	13.403	0	276	29.992501874531357
1634265121.79	300	59.866667	0.0	234538	38	0.3	17.402	0	396	30.00750187546886
1634265125.99	300	59.891096	0.0	234846	40	0.3	21.403	0	516	29.992501874531385
1634265130.17	300	59.621041	0.0	245620	41	0.3	25.403	0	636	30
1634265133.87	300	59.916276	0.0	238459	6	0.3	29.404	0	756	29.992501874531357
1634265138.03	300	59.696825	0.0	234371	2	0.3	33.404	0	876	29.999999999999975
1634265142.21	300	59.435388	0.0	238479	38	0.3	37.404	0	996	30
1634265145.93	300	59.742477	0.0	235849	35	0.3	41.404	0	1116	30
1634265150.1	300	59.520461	0.0	227048	7	0.3	45.405	0	1236	29.992501874531385
1634265153.8	300	59.833334	0.0	241747	42	0.3	49.404	0	1356	30.00750187546885
1634265157.98	300	59.851064	0.0	226846	53	0.3	53.405	0	1476	29.992501874531385
1634265162.18	300	59.584203	0.0	240073	38	0.3	57.406	0	1596	29.992501874531385
1634265165.89	300	59.904655	0.0	224865	40	0.3	61.408	0	1716	29.985007496251857
1634265170.09	300	59.633513	0.0	223555	49	0.3	65.406	0	1836	30.015007503751843
1634265173.78	300	59.949137	0.0	236661	39	0.3	69.406	0	1956	30
1634265178.09	300	59.656894	0.0	224869	67	0.3	73.411	0	2076	29.962546816479435
1634265182.25	300	59.433611	0.0	220416	26	0.3	77.411	0	2196	30
1634265186.01	300	59.744093	0.0	232283	40	0.3	81.412	0	2316	29.99250187453133
1634265190.24	300	59.514048	0.0	216316	34	0.3	85.413	0	2436	29.99250187453144
1634265193.9	300	59.813458	0.0	221305	39	0.3	89.413	0	2556	30
1634265198.07	300	59.55667	0.0	225701	33	0.3	93.413	0	2676	30
1634265201.74	300	59.862952	0.0	232001	35	0.3	97.413	0	2796	30
1634265205.91	300	59.958383	0.0	225146	31	0.3	101.413	0	2916	30
1634265210.14	300	59.73378	0.0	234577	35	0.3	105.414	0	3036	29.99250187453133
1634265213.8	300	59.797521	0.0	231377	40	0.3	109.414	0	3156	30
1634265217.98	300	59.815216	0.0	236166	44	0.3	113.414	0	3276	30
1634265222.14	300	59.533334	0.0	218149	51	0.3	117.414	0	3396	30
1634265225.79	300	59.871875	0.0	228342	47	0.3	121.415	0	3516	29.99250187453133
