1634240640.98	750	4	0.196	486588	118	-0.8378	0	0	0	0
1634240641.94	1850	8	0.0	3749264	692	0.75	0	0	0	0
1634240642.78	1850	11.9	0.0	3665907	592	1.85	0	0	0	0
1634240643.62	1850	15.066667	0.0	3661478	622	1.85	0	0	0	0
1634240644.63	1850	18.066667	0.0	3718934	792	1.85	5.378	5	102	0
1634240645.57	1850	21.166667	0.0	3718871	673	1.85	5.378	5	102	0
1634240646.5	1850	24.233334	0.0	3785083	667	1.85	5.378	5	102	0
1634240647.48	1850	27.2	0.0	3649314	765	1.85	5.378	5	102	0
1634240648.5	1850	30.216667	0.0	3723484	753	1.85	9.389	29	343	54.10122164048867
1634240649.58	1850	33.133334	0.0	3624861	837	1.85	9.389	29	343	54.10122164048867
1634240650.53	1850	36.166667	0.0	3684892	727	1.85	9.389	29	343	54.10122164048867
1634240651.7	1850	39	0.0	3660565	913	1.85	9.389	29	343	54.10122164048867
1634240652.74	1850	41.933334	0.0	3609338	809	1.85	13.39	45	583	55.986003499125204
1634240654.87	1850	43.833334	0.0	3624575	1909	1.85	13.39	45	583	55.986003499125204
1634240656.06	1850	46.7	0.0	3773536	908	1.85	13.39	45	583	55.986003499125204
1634240657.16	1850	49.683334	0.0	3710640	865	1.85	17.391	71	819	52.48687828042992
1634240658.36	1850	52.466667	0.0	3766415	911	1.85	17.391	71	819	52.48687828042992
1634240659.38	1850	55.466667	0.0	3798226	681	1.85	17.391	71	819	52.48687828042992
