1634248673.56	750	4	0.183	486588	83	-0.7818999999999999	0	0	0	0
1634248673.81	750	8	0.0	731620	108	0.75	0	0	0	0
1634248674.04	750	12	0.0	760090	118	0.75	0	0	0	0
1634248674.25	750	15.953118	0.0	714177	111	0.75	0	0	0	0
1634248674.48	750	19.71088	0.0	733262	117	0.75	0	0	0	0
1634248674.71	750	23.468836	0.0	751224	121	0.75	0	0	0	0
1634248674.97	750	27.225744	0.0	740489	112	0.75	0	0	0	0
1634248675.26	750	30.942856	0.0	729701	128	0.75	0	0	0	0
1634248675.52	750	34.659031	0.0	759037	114	0.75	0	0	0	0
1634248675.74	750	38.455033	0.0	703222	109	0.75	0	0	0	0
1634248675.98	750	42.212485	0.0	743449	112	0.75	0	0	0	0
1634248676.19	750	46.010647	0.0	705495	111	0.75	0	0	0	0
1634248676.44	750	49.767488	0.0	692056	107	0.75	0	0	0	0
1634248676.69	750	53.484215	0.0	733216	117	0.75	0	0	0	0
1634248676.94	750	57.241242	0.0	754497	122	0.75	0	0	0	0
1634248678.69	750	59.740784	0.0	733656	114	0.75	4.597	0	170	0
1634248682.5	750	59.766909	0.0	719773	104	0.75	8.599	1	410	59.72013993003499
1634248686.84	750	59.507183	0.0	765634	126	0.75	12.599	1	650	60
1634248690.68	750	59.564684	0.0	724551	110	0.75	16.599	1	890	60
1634248694.43	750	59.874048	0.0	741256	114	0.75	20.6	1	1130	59.98500374906271
1634248698.71	750	59.606509	0.0	740368	118	0.75	24.6	1	1370	60
1634248702.57	750	59.662585	0.0	734192	107	0.75	28.6	1	1610	60
1634248706.91	750	59.446734	0.0	736650	136	0.75	32.601	1	1850	59.98500374906277
1634248710.69	750	59.753415	0.0	765755	110	0.75	36.601	1	2090	60
1634248714.47	750	59.810154	0.0	741305	113	0.75	40.601	1	2330	60
1634248718.79	750	59.555791	0.0	732007	113	0.75	44.602	1	2570	59.98500374906277
1634248722.61	750	59.620811	0.0	730771	156	0.75	48.602	1	2810	60
1634248726.39	750	59.929778	0.0	730130	110	0.75	52.602	1	3050	60
1634248730.67	750	59.697374	0.0	719311	102	0.75	56.601	1	3290	60.0150037509377
1634248734.96	750	59.433494	0.0	719647	110	0.75	60.602	1	3530	59.98500374906277
1634248738.77	750	59.497756	0.0	722872	120	0.75	64.604	1	3770	59.970014992503714
1634248742.55	750	59.809383	0.0	740779	115	0.75	68.605	1	4010	59.98500374906266
1634248746.35	750	59.835424	0.0	735421	113	0.75	72.605	1	4250	60
1634248750.61	750	59.566667	0.0	693798	113	0.75	76.606	1	4490	59.98500374906288
1634248754.4	750	59.87407	0.0	727502	125	0.75	80.606	1	4730	60
1634248758.69	750	59.684901	0.0	675507	112	0.75	84.607	1	4970	59.98500374906266
1634248762.5	750	59.707732	0.0	700902	90	0.75	88.606	1	5211	60.26506626656671
1634248766.79	750	59.436258	0.0	701249	110	0.75	92.607	1	5450	59.73506623344157
1634248770.6	750	59.73188	0.0	730132	113	0.75	96.61	1	5691	60.20484636522608
1634248774.89	750	59.477002	0.0	711025	102	0.75	100.61	1	5931	60
1634248778.71	750	59.502991	0.0	727719	77	0.75	104.61	1	6171	60
1634248782.52	750	59.840351	0.0	737895	134	0.75	108.61	1	6411	60
1634248786.28	750	59.910134	0.0	715541	108	0.75	112.611	1	6651	59.98500374906266
1634248790.55	750	59.643542	0.0	673063	109	0.75	116.611	1	6891	60
1634248794.31	750	59.953806	0.0	734241	118	0.75	120.612	1	7131	59.98500374906288
