1634243744.52	750	4	0.177	428437	83	-0.7561	0	0	0	0
1634243745.07	1850	8	0.0	2194849	350	0.75	0	0	0	0
1634243745.57	1850	12	0.0	2241724	336	1.85	0	0	0	0
1634243746.1	1850	16	0.0	2191337	353	1.85	0	0	0	0
1634243746.62	1850	19.712323	0.0	2191196	355	1.85	0	0	0	0
1634243747.19	1850	23.148284	0.0	2214251	419	1.85	0	0	0	0
1634243747.95	1850	26.622393	0.0	2177842	315	1.85	0	0	0	0
1634243748.46	1850	29.854142	0.0	2228366	333	1.85	5.639	0	51	0
1634243748.95	1850	33.370551	0.0	2144748	333	1.85	5.639	0	51	0
1634243749.52	1850	36.806622	0.0	2196481	367	1.85	5.639	0	51	0
1634243750.08	1850	40.240058	0.0	2179785	362	1.85	5.639	0	51	0
1634243750.6	1850	43.716098	0.0	2232134	358	1.85	5.639	0	51	0
1634243751.1	1850	47.23201	0.0	2239109	356	1.85	5.639	0	51	0
1634243751.68	1850	50.626984	0.0	2148555	357	1.85	5.639	0	51	0
1634243752.19	1850	54.141675	0.0	2164111	348	1.85	9.639	1	171	29.750000000000007
1634243752.74	1850	57.576509	0.0	2229209	358	1.85	9.639	1	171	29.750000000000007
1634243754.81	1850	59.7489	0.0	2163625	350	1.85	9.639	1	171	29.750000000000007
1634243758.87	1850	59.526627	0.0	2211517	338	1.85	13.639	1	291	30
1634243762.97	1850	59.565737	0.0	2153910	330	1.85	17.639	1	411	30
1634243766.62	1850	59.881232	0.0	2138318	388	1.85	21.639	1	531	30
1634243770.81	1850	59.595773	0.0	2275149	350	1.85	25.642	1	651	29.977516862353234
1634243774.61	1850	59.946108	0.0	2272623	365	1.85	29.641	1	771	30.007501875468876
1634243778.94	1850	59.62596	0.0	2270492	362	1.85	33.642	1	891	29.99250187453133
1634243783.58	1850	59.987953	0.0	2179932	293	1.85	37.649	1	1012	30.19715497878714
