1634281784.97	750	4	0.159	486588	81	-0.6787	0	0	0	0
1634281785.15	300	8	0.0	518070	82	-0.15000000000000002	0	0	0	0
1634281785.36	300	12	0.0	488296	66	0.3	0	0	0	0
1634281785.57	300	15.999562	0.0	505467	76	0.3	0	0	0	0
1634281785.74	300	19.838399	0.0	474784	74	0.3	0	0	0	0
1634281785.93	300	23.636415	0.0	523060	83	0.3	0	0	0	0
1634281786.13	300	27.434236	0.0	475799	78	0.3	0	0	0	0
1634281786.33	300	31.233334	0.0	494810	79	0.3	0	0	0	0
1634281786.56	300	34.989841	0.0	509476	76	0.3	0	0	0	0
1634281786.78	300	38.786456	0.0	459558	75	0.3	0	0	0	0
1634281786.99	300	42.584907	0.0	502767	82	0.3	0	0	0	0
1634281787.16	300	46.422763	0.0	488586	71	0.3	0	0	0	0
1634281787.37	300	50.1801	0.0	481440	98	0.3	0	0	0	0
1634281787.58	300	53.978734	0.0	508546	69	0.3	0	0	0	0
1634281787.76	300	57.816869	0.0	510083	85	0.3	0	0	0	0
1634281789.96	300	59.747426	0.0	488713	72	0.3	4.559	0	175	0
1634281794.18	300	59.483673	0.0	468254	83	0.3	8.559	0	415	60.000000000000014
1634281797.95	300	59.798167	0.0	516536	91	0.3	12.56	0	655	59.98500374906271
1634281802.18	300	59.543199	0.0	479697	72	0.3	16.56	0	895	60.00000000000003
1634281805.9	300	59.847839	0.0	500854	87	0.3	20.56	0	1135	60
1634281810.16	300	59.550819	0.0	496587	67	0.3	24.561	0	1375	59.98500374906271
1634281813.89	300	59.862143	0.0	479350	82	0.3	28.561	0	1615	60
1634281818.13	300	59.604445	0.0	520120	81	0.3	32.561	0	1855	60
1634281821.85	300	59.912475	0.0	515394	78	0.3	36.561	0	2095	60
1634281826.09	300	59.656813	0.0	480696	60	0.3	40.561	0	2335	60
1634281829.82	300	59.964173	0.0	481433	78	0.3	44.567	0	2575	59.910134797803295
1634281834.05	300	59.727892	0.0	494650	83	0.3	48.567	0	2815	60
1634281838.31	300	59.473227	0.0	499761	78	0.3	52.567	0	3055	60
1634281842.04	300	59.784026	0.0	501070	77	0.3	56.567	0	3295	60
1634281845.78	300	59.8	0.0	489874	81	0.3	60.567	0	3535	60
1634281850.0	300	59.821949	0.0	488718	85	0.3	64.567	0	3775	60.00000000000011
1634281853.75	300	59.844027	0.0	509088	89	0.3	68.568	0	4015	59.98500374906266
1634281858.0	300	59.593634	0.0	494764	83	0.3	72.568	0	4255	60
1634281861.72	300	59.89684	0.0	488570	78	0.3	76.568	0	4495	60
1634281866.01	300	59.63536	0.0	474638	86	0.3	80.569	0	4735	59.98500374906266
1634281869.72	300	59.976504	0.0	473808	75	0.3	84.57	0	4975	59.98500374906288
1634281873.98	300	59.709952	0.0	484371	79	0.3	88.57	0	5215	60
1634281878.23	300	59.452404	0.0	496055	101	0.3	92.57	0	5455	60
1634281881.97	300	59.764781	0.0	490794	94	0.3	96.571	0	5695	59.98500374906266
1634281886.22	300	59.552955	0.0	488697	79	0.3	100.571	0	5935	60
1634281889.96	300	59.857928	0.0	490627	68	0.3	104.571	0	6175	60
1634281893.68	300	59.915374	0.0	493233	86	0.3	108.571	0	6415	60
1634281897.92	300	59.938572	0.0	491640	83	0.3	112.579	0	6656	60.129740518962144
1634281901.62	300	59.961884	0.0	477722	99	0.3	116.579	0	6896	60
1634281905.85	300	59.980364	0.0	498333	84	0.3	120.579	0	7136	60
