1634267999.69	750	4	0.195	486588	123	-0.8335	0	0	0	0
1634267999.99	750	8	0.0	731620	139	0.75	0	0	0	0
1634268000.27	750	12	0.0	760090	152	0.75	0	0	0	0
1634268000.52	750	15.796927	0.0	714177	130	0.75	0	0	0	0
1634268000.79	750	19.555407	0.0	733262	123	0.75	0	0	0	0
1634268001.07	750	23.272234	0.0	751224	124	0.75	0	0	0	0
1634268001.34	750	27.029376	0.0	740489	112	0.75	0	0	0	0
1634268001.61	750	30.746746	0.0	729701	131	0.75	0	0	0	0
1634268001.89	750	34.46414	0.0	759037	130	0.75	0	0	0	0
1634268002.13	750	38.219876	0.0	703222	118	0.75	0	0	0	0
1634268002.41	750	41.937524	0.0	743449	146	0.75	0	0	0	0
1634268002.7	750	45.65522	0.0	705495	116	0.75	0	0	0	0
1634268002.95	750	49.373199	0.0	692056	112	0.75	0	0	0	0
1634268003.22	750	53.131333	0.0	733216	130	0.75	4.729	0	171	0
1634268003.47	750	56.8889	0.0	754497	117	0.75	4.729	0	171	0
1634268004.83	750	59.75646	0.0	733656	127	0.75	4.729	0	171	0
1634268008.65	750	59.825357	0.0	719773	109	0.75	8.729	1	411	59.750000000000014
1634268012.95	750	59.567839	0.0	765634	127	0.75	12.729	1	651	60
1634268016.73	750	59.871197	0.0	724551	125	0.75	16.73	1	891	59.98500374906271
1634268020.53	750	59.892096	0.0	741256	129	0.75	20.731	1	1131	59.98500374906271
1634268024.81	750	59.659427	0.0	740368	122	0.75	24.73	1	1371	60.01500375093775
1634268029.14	750	59.435668	0.0	734192	122	0.75	28.73	1	1611	60
1634268032.94	750	59.455473	0.0	736650	134	0.75	32.733	1	1851	59.955033724706524
1634268036.76	750	59.755864	0.0	765755	139	0.75	36.732	1	2091	60.0150037509377
1634268041.04	750	59.493668	0.0	741305	119	0.75	40.733	1	2331	59.98500374906277
1634268044.82	750	59.79382	0.0	732007	92	0.75	44.733	1	2571	60
1634268048.61	750	59.813408	0.0	730771	109	0.75	48.733	1	2811	60
1634268052.86	750	59.540889	0.0	730130	117	0.75	52.733	1	3051	60
1634268056.64	750	59.845965	0.0	719311	141	0.75	56.734	1	3291	59.98500374906266
1634268060.96	750	59.578576	0.0	719647	133	0.75	60.734	1	3531	60
1634268064.76	750	59.60256	0.0	722872	107	0.75	64.734	1	3771	60.00000000000011
1634268068.6	750	59.910478	0.0	740779	142	0.75	68.735	1	4011	59.98500374906266
1634268072.92	750	59.639985	0.0	735421	116	0.75	72.735	1	4251	60
1634268076.79	750	59.670656	0.0	693798	116	0.75	76.736	1	4491	59.98500374906266
1634268081.08	750	59.433334	0.0	727502	130	0.75	80.737	1	4731	59.98500374906288
1634268084.86	750	59.740231	0.0	675507	122	0.75	84.737	1	4971	60
1634268088.64	750	59.762788	0.0	700902	116	0.75	88.738	1	5211	59.98500374906266
1634268092.91	750	59.493178	0.0	701249	120	0.75	92.738	1	5451	60
1634268096.65	750	59.797644	0.0	730132	109	0.75	96.738	1	5691	60
1634268100.95	750	59.529984	0.0	711025	127	0.75	100.738	1	5931	60
1634268104.71	750	59.842205	0.0	727719	105	0.75	104.739	1	6171	59.98500374906266
1634268108.51	750	59.860707	0.0	737895	108	0.75	108.74	1	6411	59.98500374906288
1634268112.77	750	59.628954	0.0	715541	108	0.75	112.74	1	6651	60
1634268116.54	750	59.934516	0.0	673063	108	0.75	116.739	1	6891	60.015003750937595
1634268120.79	750	59.677415	0.0	734241	121	0.75	120.74	1	7131	59.98500374906288
