1634283935.03	750	4	0.192	428437	101	-0.8205999999999999	0	0	0	0
1634283935.29	750	8	0.0	427397	149	0.75	0	0	0	0
1634283935.51	750	12	0.0	435939	59	0.75	0	0	0	0
1634283935.69	750	16	0.0	420508	76	0.75	0	0	0	0
1634283935.88	750	20	0.0	431392	66	0.75	0	0	0	0
1634283936.08	750	24	0.0	442512	73	0.75	0	0	0	0
1634283936.3	750	28	0.0	450465	81	0.75	0	0	0	0
1634283936.5	750	32	0.0	454724	76	0.75	0	0	0	0
1634283936.68	750	36	0.0	440962	72	0.75	0	0	0	0
1634283936.9	750	39.955183	0.0	433775	92	0.75	0	0	0	0
1634283937.09	750	43.751499	0.0	445796	73	0.75	0	0	0	0
1634283937.34	750	47.549691	0.0	436832	67	0.75	0	0	0	0
1634283937.52	750	51.307996	0.0	432476	75	0.75	0	0	0	0
1634283937.71	750	55.14656	0.0	422635	70	0.75	0	0	0	0
1634283937.9	750	58.942157	0.0	433467	84	0.75	0	0	0	0
1634283941.11	750	59.993106	0.0	430697	60	0.75	5.427	0	40	0
1634283945.36	750	59.525933	0.0	440079	71	0.75	9.427	0	160	30
1634283949.1	750	59.827683	0.0	448764	75	0.75	13.427	0	281	30.25
1634283953.39	750	59.565637	0.0	451052	61	0.75	17.427	0	401	30
1634283957.17	750	59.8936	0.0	434071	74	0.75	21.428	0	521	29.992501874531357
1634283961.4	750	59.620395	0.0	440125	77	0.75	25.429	0	641	29.992501874531385
1634283965.17	750	59.929098	0.0	467521	75	0.75	29.43	0	761	29.992501874531357
1634283968.92	750	59.962361	0.0	453405	81	0.75	33.43	0	881	30
1634283973.17	750	59.686721	0.0	437659	94	0.75	37.43	0	1001	30
1634283977.44	750	59.430766	0.0	426987	90	0.75	41.431	0	1121	29.992501874531385
1634283981.22	750	59.786702	0.0	432295	111	0.75	45.43	0	1241	30.00750187546885
1634283985.43	750	59.548268	0.0	432130	48	0.75	49.454	0	1361	29.821073558648106
1634283989.17	750	59.86148	0.0	425788	79	0.75	53.454	0	1481	30
1634283993.43	750	59.590749	0.0	435574	64	0.75	57.454	0	1601	30
1634283997.19	750	59.895898	0.0	420051	35	0.75	61.455	0	1721	29.992501874531385
1634284001.46	750	59.433334	0.0	438225	80	0.75	65.455	0	1841	30
1634284005.18	750	59.768319	0.0	445487	71	0.75	69.455	0	1961	30
1634284009.45	750	59.50956	0.0	431544	107	0.75	73.455	0	2081	30
1634284013.18	750	59.810383	0.0	413330	72	0.75	77.456	0	2201	29.99250187453133
1634284016.97	750	59.897601	0.0	443416	73	0.75	81.456	0	2321	30
1634284021.22	750	59.641335	0.0	427034	78	0.75	85.458	0	2441	29.98500749625191
1634284024.94	750	59.952681	0.0	420805	72	0.75	89.457	0	2561	30.007501875468904
1634284029.19	750	59.688107	0.0	432340	63	0.75	93.457	0	2681	30
1634284032.91	750	59.996837	0.0	445203	83	0.75	97.457	0	2801	30
1634284037.16	750	59.734636	0.0	428535	75	0.75	101.457	0	2921	30
1634284041.36	750	59.752904	0.0	432915	67	0.75	105.458	0	3041	29.99250187453133
1634284045.58	750	59.484295	0.0	440705	71	0.75	109.481	0	3162	30.077056922694535
1634284049.32	750	59.792174	0.0	464681	78	0.75	113.481	0	3282	30
1634284053.05	750	59.804898	0.0	432462	71	0.75	117.481	0	3402	30
1634284057.3	750	59.822515	0.0	443948	52	0.75	121.482	0	3522	29.99250187453133
