1634246017.39	750	4	0.178	428437	81	-0.7604	0	0	0	0
1634246017.54	300	8	0.0	230725	33	-0.15000000000000002	0	0	0	0
1634246017.67	300	12	0.0	243865	36	0.3	0	0	0	0
1634246017.86	300	16	0.0	220386	45	0.3	0	0	0	0
1634246017.98	300	20	0.0	223780	39	0.3	0	0	0	0
1634246018.11	300	24	0.0	230908	43	0.3	0	0	0	0
1634246018.25	300	28	0.0	243834	41	0.3	0	0	0	0
1634246018.38	300	32	0.0	227454	40	0.3	0	0	0	0
1634246018.53	300	36	0.0	244114	30	0.3	0	0	0	0
1634246018.67	300	40	0.0	227021	42	0.3	0	0	0	0
1634246018.8	300	44	0.0	237387	39	0.3	0	0	0	0
1634246018.93	300	48	0.0	226538	43	0.3	0	0	0	0
1634246019.05	300	51.94966	0.0	219929	41	0.3	0	0	0	0
1634246019.17	300	55.828897	0.0	225981	35	0.3	0	0	0	0
1634246019.31	300	59.708097	0.0	235362	53	0.3	0	0	0	0
1634246023.47	300	59.740483	0.0	228066	40	0.3	5.357	0	50	0
1634246027.67	300	59.480282	0.0	233092	28	0.3	9.363	0	170	29.95506739890165
1634246031.4	300	59.793751	0.0	250342	49	0.3	13.362	0	290	30.00750187546886
1634246035.61	300	59.542184	0.0	234538	11	0.3	17.362	0	410	30.000000000000014
1634246039.32	300	59.879073	0.0	234846	4	0.3	21.363	0	530	29.992501874531357
1634246043.51	300	59.618031	0.0	245620	27	0.3	25.363	0	650	30
1634246047.23	300	59.984152	0.0	238459	20	0.3	29.363	0	771	30.25
1634246051.39	300	59.746909	0.0	234371	44	0.3	33.363	0	890	29.75
1634246055.56	300	59.475832	0.0	238479	43	0.3	37.364	0	1010	29.992501874531385
1634246059.26	300	59.778094	0.0	235849	41	0.3	41.365	0	1131	30.242439390152427
1634246063.45	300	59.821467	0.0	227048	38	0.3	45.366	0	1251	29.992501874531385
1634246067.15	300	59.866667	0.0	241747	38	0.3	49.365	0	1371	30.00750187546885
1634246071.33	300	59.878415	0.0	226846	41	0.3	53.365	0	1491	30
1634246075.53	300	59.657299	0.0	240073	69	0.3	57.365	0	1611	30
1634246079.23	300	59.97651	0.0	224865	24	0.3	61.366	0	1731	29.992501874531385
1634246083.45	300	59.716215	0.0	223555	15	0.3	65.366	0	1851	30
1634246087.66	300	59.45414	0.0	236661	21	0.3	69.366	0	1971	30
1634246091.35	300	59.763835	0.0	224869	40	0.3	73.367	0	2091	29.99250187453133
1634246095.52	300	59.494634	0.0	220416	42	0.3	77.368	0	2211	29.99250187453144
1634246099.69	300	59.519191	0.0	232283	53	0.3	81.368	0	2331	30
1634246103.36	300	59.81592	0.0	216316	22	0.3	85.37	0	2451	29.985007496251804
1634246107.57	300	59.550461	0.0	221305	46	0.3	89.37	0	2571	30
1634246111.26	300	59.85271	0.0	225701	37	0.3	93.371	0	2691	29.99250187453144
1634246115.45	300	59.617132	0.0	232001	40	0.3	97.372	0	2811	29.99250187453133
1634246119.16	300	59.943333	0.0	225146	48	0.3	101.371	0	2931	30.007501875468904
1634246123.36	300	59.720244	0.0	234577	43	0.3	105.371	0	3051	30
1634246127.53	300	59.766667	0.0	231377	34	0.3	109.417	0	3172	29.90608007909041
1634246131.68	300	59.505482	0.0	236166	37	0.3	113.417	0	3292	30
1634246135.39	300	59.883517	0.0	218149	32	0.3	117.417	0	3412	30
1634246139.54	300	59.671601	0.0	228342	41	0.3	121.418	0	3532	29.99250187453133
