1634246250.24	750	4	0.158	428437	87	-0.6744	0	0	0	0
1634246250.41	300	8	0.0	230725	32	-0.15000000000000002	0	0	0	0
1634246250.55	300	12	0.0	243865	27	0.3	0	0	0	0
1634246250.68	300	16	0.0	220386	51	0.3	0	0	0	0
1634246250.83	300	20	0.0	223780	55	0.3	0	0	0	0
1634246250.97	300	23.915853	0.0	230908	23	0.3	0	0	0	0
1634246251.11	300	27.795029	0.0	243834	45	0.3	0	0	0	0
1634246251.24	300	31.674159	0.0	227454	30	0.3	0	0	0	0
1634246251.4	300	35.513137	0.0	244114	37	0.3	0	0	0	0
1634246251.58	300	39.351275	0.0	227021	36	0.3	0	0	0	0
1634246251.74	300	43.189492	0.0	237387	32	0.3	0	0	0	0
1634246251.9	300	47.027888	0.0	226538	31	0.3	0	0	0	0
1634246252.07	300	50.866667	0.0	219929	36	0.3	0	0	0	0
1634246252.23	300	54.704076	0.0	225981	34	0.3	0	0	0	0
1634246252.37	300	58.541418	0.0	235362	35	0.3	0	0	0	0
1634246255.52	300	59.4648	0.0	228066	38	0.3	4.67	0	83	0
1634246259.2	300	59.758763	0.0	233092	32	0.3	8.669	0	203	30.00750187546886
1634246263.4	300	59.777875	0.0	250342	44	0.3	12.67	0	323	29.99250187453137
1634246267.61	300	59.514512	0.0	234538	38	0.3	16.67	0	443	29.999999999999986
1634246271.31	300	59.853818	0.0	234846	35	0.3	20.671	0	563	29.992501874531385
1634246275.5	300	59.619754	0.0	245620	37	0.3	24.672	0	683	29.992501874531357
1634246279.19	300	59.917299	0.0	238459	40	0.3	28.672	0	803	30
1634246283.4	300	59.645524	0.0	234371	18	0.3	32.672	0	923	30.00000000000003
1634246287.12	300	59.946977	0.0	238479	57	0.3	36.673	0	1043	29.99250187453133
1634246291.32	300	59.802222	0.0	235849	32	0.3	40.675	0	1163	29.98500749625191
1634246295.49	300	59.529209	0.0	227048	53	0.3	44.682	0	1283	29.947591714499588
1634246299.18	300	59.839388	0.0	241747	61	0.3	48.684	0	1403	29.98500749625191
1634246303.44	300	59.565192	0.0	226846	41	0.3	52.684	0	1523	30
1634246307.11	300	59.866667	0.0	240073	46	0.3	56.684	0	1643	30
1634246311.3	300	59.877675	0.0	224865	52	0.3	60.684	0	1763	30
1634246315.47	300	59.612742	0.0	223555	46	0.3	64.684	0	1883	30
1634246319.17	300	59.923265	0.0	236661	36	0.3	68.685	0	2003	29.99250187453133
1634246323.38	300	59.66366	0.0	224869	15	0.3	72.685	0	2123	30
1634246327.06	300	59.964569	0.0	220416	30	0.3	76.686	0	2243	29.99250187453133
1634246331.31	300	59.681441	0.0	232283	41	0.3	80.686	0	2363	30
1634246335.07	300	59.985483	0.0	216316	50	0.3	84.686	0	2483	30
1634246339.26	300	59.785293	0.0	221305	36	0.3	88.686	0	2603	30
1634246343.5	300	59.522877	0.0	225701	44	0.3	92.692	0	2723	29.95506739890175
1634246347.17	300	59.819199	0.0	232001	36	0.3	96.692	0	2843	30
1634246351.38	300	59.833334	0.0	225146	39	0.3	100.693	0	2963	29.99250187453133
1634246355.06	300	59.88013	0.0	234577	35	0.3	104.693	0	3083	30
1634246359.24	300	59.896436	0.0	231377	26	0.3	108.693	0	3203	30
1634246363.41	300	59.624093	0.0	236166	44	0.3	112.693	0	3323	30
1634246367.05	300	59.92776	0.0	218149	37	0.3	116.694	0	3443	29.99250187453133
1634246371.23	300	59.938652	0.0	228342	44	0.3	120.694	0	3563	30
