1634233870.21	750	4	0.207	486588	103	-0.8850999999999999	0	0	0	0
1634233871.55	2850	8	0.0	5862628	981	0.75	0	0	0	0
1634233872.95	2850	11.233334	0.0	5992376	1031	2.85	0	0	0	0
1634233874.43	2850	13.783334	0.0	5878425	961	2.85	5.418	17	83	0
1634233875.77	2850	16.433334	0.0	5829325	969	2.85	5.418	17	83	0
1634233877.21	2850	19.016667	0.0	5866019	933	2.85	5.418	17	83	0
1634233878.62	2850	21.566667	0.0	5788613	983	2.85	9.419	102	321	38.24043989002749
1634233880.04	2850	24.133334	0.0	5923161	1065	2.85	9.419	102	321	38.24043989002749
1634233881.49	2850	26.716667	0.0	5919519	1062	2.85	13.419	155	556	45.5
1634233882.86	2850	29.316667	0.0	5874891	1012	2.85	13.419	155	556	45.5
1634233884.4	2850	31.833334	0.0	5870140	1085	2.85	13.419	155	556	45.5
1634233885.89	2850	34.283334	0.0	5824696	1092	2.85	17.419	236	803	41.5
1634233887.58	2850	36.666667	0.0	5848658	1143	2.85	17.419	236	803	41.5
