1634234003.79	750	4	0.159	486588	80	-0.6787	0	0	0	0
1634234005.17	2850	7.383334	0.0	5862628	1003	0.75	0	0	0	0
1634234006.42	2850	10.116667	0.0	5992376	954	2.85	0	0	0	0
1634234007.86	2850	12.716667	0.0	5878425	1131	2.85	4.65	15	174	0
1634234009.39	2850	15.283334	0.0	5829325	987	2.85	4.65	15	174	0
1634234010.94	2850	17.616667	0.0	5866019	1239	2.85	4.65	15	174	0
1634234012.21	2850	20.366667	0.0	5788613	964	2.85	8.646	61	413	48.29829829829829
1634234013.56	2850	22.966667	0.0	5923161	1087	2.85	8.646	61	413	48.29829829829829
1634234014.89	2850	25.683334	0.0	5919519	1015	2.85	8.646	61	413	48.29829829829829
1634234016.32	2850	28.216667	0.0	5874891	1150	2.85	12.648	102	654	49.975012493753134
1634234017.75	2850	30.816667	0.0	5870140	1105	2.85	12.648	102	654	49.975012493753134
1634234019.23	2850	33.366667	0.0	5824696	1106	2.85	12.648	102	654	49.975012493753134
1634234020.52	2850	36	0.0	5848658	1018	2.85	16.649	140	891	49.73756560859783
1634234021.83	2850	38.75	0.0	5692580	997	2.85	16.649	140	891	49.73756560859783
1634234023.14	2850	41.416667	0.0	5914474	1022	2.85	16.649	140	891	49.73756560859783
1634234024.55	2850	44	0.0	5868708	1109	2.85	20.649	187	1134	49
1634234025.82	2850	46.716667	0.0	5919318	981	2.85	20.649	187	1134	49
1634234027.2	2850	49.366667	0.0	5962265	1069	2.85	20.649	187	1134	49
1634234028.57	2850	51.966667	0.0	5896498	1088	2.85	24.649	226	1374	50.25
1634234029.96	2850	54.616667	0.0	5766523	1081	2.85	24.649	226	1374	50.25
1634234031.43	2850	57.2	0.0	5865643	1088	2.85	28.649	253	1607	51.5
1634234033.05	2850	59.5	0.0	6132065	1334	2.85	28.649	253	1607	51.5
1634234036.82	2850	59.822727	0.0	5773166	958	2.85	32.65	300	1854	49.987503124218975
1634234040.71	2850	59.853657	0.0	5854602	1036	2.85	36.65	311	2094	57.25
1634234045.02	2850	59.584439	0.0	5829201	925	2.85	40.651	328	2334	55.736065983504055
1634234048.74	2850	59.934262	0.0	5605227	872	2.85	44.651	346	2574	55.5
1634234052.54	2850	59.962735	0.0	5796172	957	2.85	48.654	363	2814	55.70821883587309
1634234056.82	2850	59.743183	0.0	5691022	973	2.85	52.655	377	3054	56.485878530367444
1634234061.08	2850	59.486769	0.0	5820294	981	2.85	56.654	386	3294	57.76444111027754
1634234065.04	2850	59.547598	0.0	5894902	1045	2.85	60.655	414	3534	52.98675331167211
1634234068.9	2850	59.583334	0.0	6009258	1049	2.85	64.655	425	3774	57.25
1634234072.71	2850	59.890402	0.0	5894492	1035	2.85	68.655	436	4014	57.25
1634234076.87	2850	59.636034	0.0	5389605	906	2.85	72.655	444	4254	58
1634234080.64	2850	59.952228	0.0	5561198	956	2.85	76.655	455	4494	57.25
1634234085.02	2850	59.614985	0.0	5973981	1001	2.85	80.656	465	4734	57.48562859285172
1634234088.84	2850	59.677564	0.0	5807342	995	2.85	84.657	475	4974	57.485628592851924
1634234092.67	2850	59.989792	0.0	5705281	1013	2.85	88.657	485	5214	57.5
1634234097.05	2850	59.447161	0.0	5574779	1044	2.85	92.657	500	5454	56.25
1634234100.95	2850	59.717492	0.0	5738555	1095	2.85	96.658	510	5694	57.48562859285172
1634234104.82	2850	59.739265	0.0	5689582	1000	2.85	100.657	527	5934	55.76394098524638
1634234109.08	2850	59.487492	0.0	5554537	974	2.85	104.658	541	6174	56.48587853036734
1634234112.92	2850	59.757757	0.0	5878688	1036	2.85	108.657	549	6414	58.01450362590655
1634234116.77	2850	59.779129	0.0	5895798	1025	2.85	112.658	559	6654	57.48562859285172
1634234121.0	2850	59.524368	0.0	5563862	956	2.85	116.659	569	6894	57.48562859285172
1634234124.91	2850	59.600794	0.0	5839216	1113	2.85	120.659	579	7134	57.5
