1634259697.83	750	4	0.2	486588	106	-0.855	0	0	0	0
1634259698.71	1850	8	0.0	3749264	600	0.75	0	0	0	0
1634259699.5	1850	11.834683	0.0	3665907	561	1.85	0	0	0	0
1634259700.33	1850	15.016667	0.0	3661478	627	1.85	0	0	0	0
1634259701.16	1850	18.183334	0.0	3718934	613	1.85	5.683	4	106	0
1634259702.03	1850	21.333334	0.0	3718871	643	1.85	5.683	4	106	0
1634259702.85	1850	24.5	0.0	3785083	603	1.85	5.683	4	106	0
1634259703.69	1850	27.666667	0.0	3649314	599	1.85	5.683	4	106	0
1634259704.5	1850	30.85	0.0	3723484	578	1.85	5.683	4	106	0
1634259705.3	1850	34.033334	0.0	3624861	588	1.85	9.684	24	346	54.986253436640844
1634259706.09	1850	37.25	0.0	3684892	586	1.85	9.684	24	346	54.986253436640844
1634259706.92	1850	40.433334	0.0	3660565	602	1.85	9.684	24	346	54.986253436640844
1634259707.69	1850	43.65	0.0	3609338	573	1.85	9.684	24	346	54.986253436640844
1634259708.49	1850	46.85	0.0	3624575	592	1.85	9.684	24	346	54.986253436640844
1634259709.37	1850	50	0.0	3773536	614	1.85	13.683	39	586	56.26406601650412
1634259710.18	1850	53.166667	0.0	3710640	585	1.85	13.683	39	586	56.26406601650412
1634259711.03	1850	56.333334	0.0	3766415	602	1.85	13.683	39	586	56.26406601650412
1634259712.0	1850	59.383334	0.0	3798226	700	1.85	13.683	39	586	56.26406601650412
