1634242522.97	750	4	0.28	486588	180	-1.1989999999999998	0	0	0	0
1634242523.28	300	8	0.0	518070	152	-0.15000000000000002	0	0	0	0
1634242523.47	300	12	0.0	488296	84	0.3	0	0	0	0
1634242523.72	300	16	0.0	505467	145	0.3	0	0	0	0
1634242523.91	300	20	0.0	474784	93	0.3	0	0	0	0
1634242524.09	300	24	0.0	523060	89	0.3	0	0	0	0
1634242524.27	300	28	0.0	475799	81	0.3	0	0	0	0
1634242524.43	300	32	0.0	494810	74	0.3	0	0	0	0
1634242524.62	300	36	0.0	509476	79	0.3	0	0	0	0
1634242524.8	300	40	0.0	459558	79	0.3	0	0	0	0
1634242525.02	300	43.956151	0.0	502767	102	0.3	0	0	0	0
1634242525.2	300	47.753985	0.0	488586	83	0.3	0	0	0	0
1634242525.37	300	51.592173	0.0	481440	72	0.3	0	0	0	0
1634242525.59	300	55.390676	0.0	508546	82	0.3	0	0	0	0
1634242525.8	300	59.189359	0.0	510083	76	0.3	0	0	0	0
1634242529.51	300	59.470322	0.0	488713	73	0.3	5.133	0	71	0
1634242533.26	300	59.776648	0.0	468254	78	0.3	9.132	0	311	60.01500375093774
1634242537.53	300	59.539442	0.0	516536	102	0.3	13.135	0	551	59.95503372470647
1634242541.26	300	59.843443	0.0	479697	85	0.3	17.136	0	791	59.98500374906274
1634242545.55	300	59.583334	0.0	500854	93	0.3	21.136	0	1031	60
1634242549.33	300	59.901315	0.0	496587	92	0.3	25.139	0	1271	59.95503372470647
1634242553.03	300	59.973621	0.0	479350	79	0.3	29.14	0	1511	59.98500374906271
1634242557.25	300	59.713057	0.0	520120	85	0.3	33.14	0	1752	60.25
1634242561.52	300	59.45674	0.0	515394	82	0.3	37.14	0	1992	60
1634242565.27	300	59.761902	0.0	480696	85	0.3	41.14	0	2231	59.75
1634242569.5	300	59.53103	0.0	481433	83	0.3	45.151	0	2472	60.08476689104957
1634242573.2	300	59.839565	0.0	494650	76	0.3	49.141	0	2712	60.1503759398497
1634242577.44	300	59.574071	0.0	499761	74	0.3	53.142	0	2952	59.98500374906266
1634242581.16	300	59.874802	0.0	501070	91	0.3	57.143	0	3192	59.98500374906277
1634242585.39	300	59.623076	0.0	489874	82	0.3	61.143	0	3432	60
1634242589.1	300	59.927882	0.0	488718	88	0.3	65.143	0	3672	60
1634242593.34	300	59.670727	0.0	509088	97	0.3	69.143	0	3912	60
1634242597.08	300	59.984659	0.0	494764	84	0.3	73.144	0	4152	59.98500374906266
1634242601.39	300	59.733334	0.0	488570	80	0.3	77.145	0	4392	59.98500374906288
1634242605.66	300	59.477462	0.0	474638	84	0.3	81.145	0	4632	60
1634242609.42	300	59.784154	0.0	473808	60	0.3	85.146	0	4872	59.98500374906266
1634242613.17	300	59.844781	0.0	484371	104	0.3	89.145	0	5112	60.01500375093781
1634242617.42	300	59.584981	0.0	496055	81	0.3	93.146	0	5352	59.98500374906266
1634242621.14	300	59.889457	0.0	490794	85	0.3	97.146	0	5592	60
1634242625.38	300	59.673472	0.0	488697	89	0.3	101.146	0	5832	60
1634242629.14	300	59.990125	0.0	490627	103	0.3	105.147	0	6072	59.98500374906266
1634242633.4	300	59.735808	0.0	493233	73	0.3	109.147	0	6312	60
1634242637.63	300	59.468486	0.0	491640	85	0.3	113.147	0	6552	60
1634242641.35	300	59.776342	0.0	477722	81	0.3	117.148	0	6792	59.98500374906288
1634242645.56	300	59.527298	0.0	498333	81	0.3	121.148	0	7032	60
