1634276563.93	750	4	0.171	428437	86	-0.7303	0	0	0	0
1634276564.54	1850	8	0.0	2194849	384	0.75	0	0	0	0
1634276565.13	1850	11.474798	0.0	2241724	364	1.85	0	0	0	0
1634276565.68	1850	14.905414	0.0	2191337	344	1.85	0	0	0	0
1634276566.2	1850	18.380966	0.0	2191196	340	1.85	0	0	0	0
1634276566.77	1850	21.815013	0.0	2214251	366	1.85	0	0	0	0
1634276567.34	1850	25.250013	0.0	2177842	371	1.85	4.71	0	82	0
1634276567.93	1850	28.64359	0.0	2228366	381	1.85	4.71	0	82	0
1634276568.47	1850	32.119834	0.0	2144748	347	1.85	4.71	0	82	0
1634276569.03	1850	35.554723	0.0	2196481	346	1.85	4.71	0	82	0
1634276569.58	1850	39.02908	0.0	2179785	338	1.85	4.71	0	82	0
1634276570.13	1850	42.462596	0.0	2232134	350	1.85	4.71	0	82	0
1634276570.69	1850	45.894778	0.0	2239109	369	1.85	4.71	0	82	0
1634276571.21	1850	49.370494	0.0	2148555	340	1.85	4.71	0	82	0
1634276571.77	1850	52.805767	0.0	2164111	348	1.85	8.711	1	202	29.74256435891027
1634276572.44	1850	56.156766	0.0	2229209	415	1.85	8.711	1	202	29.74256435891027
1634276573.02	1850	59.589851	0.0	2163625	358	1.85	8.711	1	202	29.74256435891027
1634276577.15	1850	59.608768	0.0	2211517	366	1.85	12.711	1	322	30
1634276580.76	1850	59.911414	0.0	2153910	354	1.85	16.711	1	442	30.000000000000014
1634276584.87	1850	59.935815	0.0	2138318	360	1.85	20.711	1	562	30
1634276588.95	1850	59.683062	0.0	2275149	358	1.85	24.711	1	682	30
1634276593.05	1850	59.750044	0.0	2272623	371	1.85	28.712	1	802	29.992501874531357
1634276597.16	1850	59.53085	0.0	2270492	398	1.85	32.712	1	922	29.999999999999975
1634276600.74	1850	59.876332	0.0	2179932	337	1.85	36.713	1	1042	29.992501874531385
1634276604.8	1850	59.952453	0.0	2161125	354	1.85	40.712	1	1162	30.00750187546885
1634276608.88	1850	59.973699	0.0	2116735	295	1.85	44.713	1	1282	29.992501874531385
1634276612.97	1850	59.711011	0.0	2166791	364	1.85	48.713	1	1402	30
1634276617.1	1850	59.518407	0.0	2121825	378	1.85	52.713	1	1522	30
1634276621.24	1850	59.542926	0.0	2230670	361	1.85	56.726	1	1643	30.152005980563185
1634276624.85	1850	59.845496	0.0	2208872	345	1.85	60.726	1	1763	30
1634276629.0	1850	59.620814	0.0	2283966	380	1.85	64.727	1	1883	29.99250187453133
1634276632.62	1850	59.964207	0.0	2257313	372	1.85	68.727	1	2003	30
1634276637.19	1850	59.454374	0.0	2165733	335	1.85	72.727	1	2123	30
1634276641.26	1850	59.483055	0.0	2085175	342	1.85	76.729	1	2243	29.98500749625191
1634276644.91	1850	59.781831	0.0	2307215	411	1.85	80.728	1	2363	30.007501875468904
1634276649.02	1850	59.8	0.0	2229829	367	1.85	84.734	1	2483	29.955067398901647
1634276653.11	1850	59.576733	0.0	2148822	377	1.85	88.734	1	2603	30
1634276656.72	1850	59.9161	0.0	2199496	376	1.85	92.735	1	2723	29.99250187453133
1634276660.91	1850	59.942284	0.0	2249490	378	1.85	96.735	1	2843	30
1634276665.0	1850	59.679932	0.0	2138617	332	1.85	100.735	1	2963	30
1634276669.08	1850	59.736797	0.0	2164190	324	1.85	104.736	1	3083	29.99250187453133
1634276673.2	1850	59.484643	0.0	2272961	387	1.85	108.737	1	3203	29.99250187453144
1634276676.79	1850	59.798245	0.0	2276641	362	1.85	112.737	1	3323	30
1634276680.89	1850	59.826177	0.0	2257099	385	1.85	116.737	1	3443	30
1634276685.01	1850	59.6	0.0	2268884	361	1.85	120.738	1	3563	29.99250187453133
