1634578891.37	750	4	0.441	1562159	292	-1.8912999999999998	0	0	0	0
1634578891.86	1850	8	0.0	1791954	277	0.75	0	0	0	0
1634578892.28	1850	12	0.0	1733238	283	1.85	0	0	0	0
1634578892.72	1850	16	0.0	1695568	271	1.85	0	0	0	0
1634578893.16	1850	19.75591	0.0	1876072	299	1.85	0	0	0	0
1634578893.64	1850	23.272988	0.0	1864973	299	1.85	0	0	0	0
1634578894.13	1850	26.788447	0.0	1957023	312	1.85	0	0	0	0
1634578894.68	1850	30.224638	0.0	1854182	373	1.85	5.29	0	46	0
1634578895.08	1850	33.820767	0.0	1496997	248	1.85	5.29	0	46	0
1634578895.55	1850	37.377279	0.0	1833873	290	1.85	5.29	0	46	0
1634578895.98	1850	40.934318	0.0	1729619	280	1.85	5.29	0	46	0
1634578896.43	1850	44.490306	0.0	1693515	270	1.85	5.29	0	46	0
1634578896.82	1850	48.087862	0.0	1564016	245	1.85	5.29	0	46	0
1634578897.27	1850	51.643273	0.0	1677838	255	1.85	5.29	0	46	0
1634578897.76	1850	55.15935	0.0	1707508	305	1.85	5.29	0	46	0
1634578898.23	1850	58.674308	0.0	1731328	267	1.85	5.29	0	46	0
1634578901.25	1850	59.804824	0.0	1872514	307	1.85	9.29	0	166	30.000000000000007
1634578905.24	1850	59.877534	0.0	1679554	283	1.85	13.29	0	286	30
1634578909.27	1850	59.902399	0.0	1919701	299	1.85	17.293	0	406	29.977516862353234
1634578913.34	1850	59.657713	0.0	1890366	320	1.85	21.291	0	526	30.015007503751868
1634578917.36	1850	59.696914	0.0	1893526	284	1.85	25.292	0	646	29.992501874531357
1634578921.33	1850	59.73823	0.0	1696244	281	1.85	29.292	0	766	30
1634578925.6	1850	59.775571	0.0	1892733	286	1.85	33.292	0	886	30
1634578929.43	1850	59.68685	0.0	1865187	279	1.85	37.292	1	1006	29.75
1634578934.76	1850	59.437933	0.0	1930734	319	1.85	41.298	1	1126	29.955067398901647
1634578937.28	1850	59.630252	0.0	1763518	205	1.85	45.958	1	1266	30.042918454935645
1634578941.57	1850	59.663814	0.0	1887305	313	1.85	49.891	1	1384	30.002542588354945
1634578946.07	1850	59.446469	0.0	1849633	298	1.85	53.896	1	1504	29.96254681647938
