1634592370.54	750	4	0.4	1562159	277	-1.7149999999999999	0	0	0	0
1634592371.01	1850	8	0.0	1791954	288	0.75	0	0	0	0
1634592371.43	1850	12	0.0	1733238	268	1.85	0	0	0	0
1634592371.96	1850	16	0.0	1695568	327	1.85	0	0	0	0
1634592372.43	1850	19.917957	0.0	1876072	298	1.85	0	0	0	0
1634592372.89	1850	23.432534	0.0	1864973	305	1.85	0	0	0	0
1634592373.51	1850	26.949823	0.0	1957023	321	1.85	0	0	0	0
1634592373.98	1850	30.345337	0.0	1854182	327	1.85	5.584	0	38	0
1634592374.44	1850	33.900389	0.0	1496997	287	1.85	5.584	0	38	0
1634592374.95	1850	37.37476	0.0	1833873	319	1.85	5.584	0	38	0
1634592375.38	1850	40.972023	0.0	1729619	292	1.85	5.584	0	38	0
1634592375.84	1850	44.488701	0.0	1693515	288	1.85	5.584	0	38	0
1634592376.32	1850	48.005639	0.0	1564016	345	1.85	5.584	0	38	0
1634592376.75	1850	51.602418	0.0	1677838	281	1.85	5.584	0	38	0
1634592377.26	1850	55.077619	0.0	1707508	296	1.85	5.584	0	38	0
1634592377.83	1850	58.51388	0.0	1731328	385	1.85	9.584	0	158	30
1634592380.88	1850	59.503135	0.0	1872514	324	1.85	9.584	0	158	30
1634592384.81	1850	59.5424	0.0	1679554	263	1.85	13.584	0	278	30
1634592388.88	1850	59.586321	0.0	1919701	304	1.85	17.584	0	398	30
1634592392.59	1850	59.979266	0.0	1890366	302	1.85	21.584	0	518	30
1634592397.01	1850	59.449259	0.0	1893526	614	1.85	25.587	0	638	29.977516862353234
