1634576951.89	750	4	0.205	519773	95	-0.8765	0	0	0	0
1634576952.14	750	8	0.0	563743	107	0.75	0	0	0	0
1634576952.38	750	12	0.0	557560	59	0.75	0	0	0	0
1634576952.63	750	16	0.0	562449	88	0.75	0	0	0	0
1634576952.89	750	20	0.0	642669	100	0.75	0	0	0	0
1634576953.15	750	24	0.0	565799	86	0.75	0	0	0	0
1634576953.36	750	28	0.0	553943	96	0.75	0	0	0	0
1634576953.58	750	31.87636	0.0	572526	65	0.75	0	0	0	0
1634576953.8	750	35.673986	0.0	586914	97	0.75	0	0	0	0
1634576954.0	750	39.471834	0.0	544162	92	0.75	0	0	0	0
1634576954.21	750	43.270173	0.0	580100	91	0.75	0	0	0	0
1634576954.43	750	47.028104	0.0	568055	106	0.75	0	0	0	0
1634576954.66	750	50.826386	0.0	574364	89	0.75	0	0	0	0
1634576954.89	750	54.584353	0.0	568805	88	0.75	0	0	0	0
1634576955.23	750	58.260356	0.0	586886	218	0.75	5.462	0	103	0
1634576957.94	750	59.707693	0.0	574974	82	0.75	5.462	0	103	0
1634576961.71	750	59.750263	0.0	602967	105	0.75	9.461	0	343	60.01500375093772
1634576965.97	750	59.501747	0.0	557010	88	0.75	13.461	0	583	60
1634576969.71	750	59.82325	0.0	604882	96	0.75	17.461	0	823	60.00000000000003
1634576973.96	750	59.563993	0.0	595562	100	0.75	21.462	0	1063	59.98500374906271
1634576977.71	750	59.905135	0.0	569334	102	0.75	25.462	0	1303	60
1634576981.96	750	59.653456	0.0	590495	97	0.75	29.462	0	1543	60
1634576985.75	750	59.975724	0.0	597755	112	0.75	33.462	0	1783	59.99999999999995
1634576990.01	750	59.737329	0.0	596132	108	0.75	37.463	0	2023	59.98500374906277
1634576993.84	750	59.759236	0.0	578308	162	0.75	41.463	0	2263	60
1634576998.12	750	59.535225	0.0	585221	102	0.75	45.469	0	2503	59.910134797803295
1634577001.88	750	59.838397	0.0	576292	88	0.75	49.463	0	2743	60.09013520280421
1634577005.64	750	59.889604	0.0	599693	95	0.75	53.464	0	2983	59.98500374906277
1634577009.92	750	59.631114	0.0	606614	97	0.75	57.464	0	3223	60
1634577013.66	750	59.926436	0.0	557031	85	0.75	61.464	0	3463	60
1634577017.96	750	59.71075	0.0	592360	111	0.75	65.465	0	3703	59.98500374906266
1634577021.79	750	59.730037	0.0	618972	122	0.75	69.465	0	3943	60
1634577026.05	750	59.469992	0.0	576161	87	0.75	73.466	0	4183	59.98500374906288
1634577029.86	750	59.771532	0.0	616169	129	0.75	77.465	0	4423	60.015003750937595
1634577034.11	750	59.545356	0.0	601096	22	0.75	81.465	0	4663	60
1634577037.9	750	59.60715	0.0	589398	90	0.75	85.466	0	4903	59.98500374906288
1634577041.66	750	59.916667	0.0	552073	91	0.75	89.467	0	5143	59.98500374906266
1634577045.93	750	59.646276	0.0	547291	97	0.75	93.467	0	5383	60
1634577049.67	750	59.989964	0.0	578974	90	0.75	97.466	0	5623	60.01500375093781
1634577053.93	750	59.720937	0.0	595429	83	0.75	101.474	0	5864	60.12974051896193
1634577058.22	750	59.450477	0.0	576032	123	0.75	105.474	0	6104	60
1634577062.03	750	59.475056	0.0	620837	110	0.75	109.474	0	6344	60
1634577065.84	750	59.808293	0.0	596051	111	0.75	113.475	0	6584	59.98500374906288
1634577070.08	750	59.547565	0.0	614627	101	0.75	117.475	0	6824	60
1634577073.81	750	59.85	0.0	579381	78	0.75	121.475	0	7064	60
