1634587742.08	750	4	0.11	178505	37	-0.46799999999999997	0	0	0	0
1634587742.23	300	8	0.0	195551	30	-0.15000000000000002	0	0	0	0
1634587742.42	300	12	0.0	195736	82	0.3	0	0	0	0
1634587742.52	300	16	0.0	193965	28	0.3	0	0	0	0
1634587742.65	300	20	0.0	229913	33	0.3	0	0	0	0
1634587742.83	300	24	0.0	216612	23	0.3	0	0	0	0
1634587742.95	300	28	0.0	223275	35	0.3	0	0	0	0
1634587743.08	300	32	0.0	224716	35	0.3	0	0	0	0
1634587743.27	300	36	0.0	200997	49	0.3	0	0	0	0
1634587743.4	300	40	0.0	207273	35	0.3	0	0	0	0
1634587743.54	300	44	0.0	212686	35	0.3	0	0	0	0
1634587743.66	300	48	0.0	204029	38	0.3	0	0	0	0
1634587743.79	300	51.954972	0.0	196940	3	0.3	0	0	0	0
1634587743.91	300	55.833899	0.0	205069	34	0.3	0	0	0	0
1634587744.05	300	59.713044	0.0	215029	43	0.3	0	0	0	0
1634587748.24	300	59.778042	0.0	214721	33	0.3	5.31	0	52	0
1634587751.96	300	59.815867	0.0	216444	44	0.3	9.31	0	172	29.999999999999993
1634587756.13	300	59.870787	0.0	193188	38	0.3	13.311	0	292	29.99250187453137
1634587760.37	300	59.605573	0.0	218231	53	0.3	17.311	0	412	30
1634587764.05	300	59.933938	0.0	216640	43	0.3	21.312	0	532	29.992501874531357
1634587768.2	300	59.654233	0.0	214788	38	0.3	25.314	0	652	29.98500749625188
1634587772.42	300	59.44659	0.0	209977	35	0.3	29.314	0	772	30
1634587776.18	300	59.779412	0.0	217083	43	0.3	33.315	0	892	29.992501874531385
1634587780.37	300	59.491125	0.0	223801	40	0.3	37.315	0	1012	30
1634587784.03	300	59.793829	0.0	218143	43	0.3	41.316	0	1132	29.99250187453133
1634587788.27	300	59.808049	0.0	209949	32	0.3	45.316	0	1252	30
1634587791.97	300	59.824058	0.0	219778	68	0.3	49.315	0	1372	30.007501875468904
1634587796.17	300	59.868994	0.0	217255	38	0.3	53.317	0	1493	30.23488255872062
1634587799.87	300	59.892266	0.0	225772	23	0.3	57.317	0	1612	29.75
1634587804.07	300	59.927177	0.0	198145	41	0.3	61.316	0	1733	30.257564391097755
1634587807.79	300	59.986157	0.0	218647	40	0.3	65.317	0	1853	29.99250187453144
1634587812.5	300	59.472159	0.0	227093	37	0.3	69.317	0	1973	30
1634587816.26	300	59.52896	0.0	209981	55	0.3	73.318	0	2093	29.99250187453133
1634587820.41	300	59.533334	0.0	227397	46	0.3	77.317	0	2213	30.007501875468904
1634587824.08	300	59.82269	0.0	229724	42	0.3	81.318	0	2333	29.99250187453133
1634587828.32	300	59.586375	0.0	222308	43	0.3	85.319	0	2453	29.99250187453133
1634587832.03	300	59.92866	0.0	210900	4	0.3	89.319	0	2573	30
1634587836.26	300	59.654736	0.0	207120	36	0.3	93.32	0	2693	29.99250187453144
1634587839.97	300	59.988997	0.0	212721	3	0.3	97.32	0	2813	30
1634587844.14	300	59.715979	0.0	217950	34	0.3	101.32	0	2933	30
1634587848.35	300	59.478774	0.0	209403	51	0.3	105.322	0	3053	29.985007496251804
1634587852.0	300	59.812752	0.0	221030	40	0.3	109.322	0	3173	30
1634587856.19	300	59.831429	0.0	218348	36	0.3	113.322	0	3293	30
1634587860.4	300	59.587583	0.0	215558	37	0.3	117.322	0	3413	30
1634587864.05	300	59.868681	0.0	212674	49	0.3	121.323	0	3533	29.99250187453144
