1634586330.98	750	4	0.309	831922	173	-1.3237	0	0	0	0
1634586331.29	1200	8	0.0	886242	161	0.75	0	0	0	0
1634586331.56	1200	12	0.0	897501	145	1.2	0	0	0	0
1634586331.81	1200	16	0.0	860360	143	1.2	0	0	0	0
1634586332.1	1200	20	0.0	979231	169	1.2	0	0	0	0
1634586332.37	1200	24	0.0	946205	157	1.2	0	0	0	0
1634586332.7	1200	27.753857	0.0	984003	153	1.2	0	0	0	0
1634586332.98	1200	31.471512	0.0	995218	170	1.2	0	0	0	0
1634586333.23	1200	35.229187	0.0	787199	136	1.2	0	0	0	0
1634586333.54	1200	38.905454	0.0	938351	173	1.2	0	0	0	0
1634586333.86	1200	42.582722	0.0	924632	181	1.2	0	0	0	0
1634586334.22	1200	46.219644	0.0	914478	249	1.2	5.277	0	51	0
1634586334.49	1200	49.976152	0.0	843854	142	1.2	5.277	0	51	0
1634586334.84	1200	53.613713	0.0	885779	226	1.2	5.277	0	51	0
1634586335.2	1200	57.25088	0.0	947769	208	1.2	5.277	0	51	0
1634586337.01	1200	59.464397	0.0	919643	154	1.2	5.277	0	51	0
1634586340.92	1200	59.793271	0.0	949024	196	1.2	9.277	0	171	30.000000000000007
1634586344.78	1200	59.812116	0.0	878532	158	1.2	13.277	0	291	30
1634586348.7	1200	59.833334	0.0	991165	198	1.2	17.277	0	411	29.999999999999986
1634586352.7	1200	59.874762	0.0	996180	229	1.2	21.278	0	531	29.992501874531385
1634586357.1	1200	59.593054	0.0	974291	177	1.2	25.277	0	651	30.00750187546885
1634586360.95	1200	59.64458	0.0	886731	147	1.2	29.278	0	771	29.992501874531385
1634586364.88	1200	59.733403	0.0	986318	172	1.2	33.278	0	891	30
1634586368.75	1200	59.742626	0.0	958557	139	1.2	37.295	0	1011	29.873039581777423
1634586373.1	1200	59.501606	0.0	995799	175	1.2	41.295	0	1131	30
1634586376.93	1200	59.588768	0.0	940136	137	1.2	45.296	0	1251	29.992501874531385
1634586380.8	1200	59.926305	0.0	989191	155	1.2	49.298	0	1371	29.985007496251857
1634586384.63	1200	59.975713	0.0	964221	139	1.2	53.298	0	1491	30
1634586388.97	1200	59.720033	0.0	1079824	174	1.2	57.298	0	1611	30
1634586392.8	1200	59.726235	0.0	860712	166	1.2	61.298	0	1731	30
1634586397.15	1200	59.520938	0.0	947460	179	1.2	65.299	0	1851	29.99250187453133
1634586401.1	1200	59.575292	0.0	984252	170	1.2	69.299	0	1971	30
1634586405.02	1200	59.589552	0.0	918770	203	1.2	73.299	0	2091	30
1634586408.91	1200	59.603877	0.0	999452	147	1.2	77.3	0	2211	29.99250187453144
1634586412.79	1200	59.682342	0.0	960631	150	1.2	81.3	0	2331	30
1634586416.63	1200	59.982606	0.0	1045458	169	1.2	85.3	0	2451	30
1634586421.0	1200	59.733334	0.0	926993	136	1.2	89.3	0	2571	30
1634586424.84	1200	59.747235	0.0	910046	129	1.2	93.3	0	2691	30
1634586429.18	1200	59.467726	0.0	942012	173	1.2	97.301	0	2811	29.99250187453133
1634586433.02	1200	59.48115	0.0	906955	183	1.2	101.301	0	2931	30
1634586436.87	1200	59.773325	0.0	914647	163	1.2	105.302	0	3051	29.99250187453133
1634586440.71	1200	59.810598	0.0	945230	148	1.2	109.302	0	3171	30
1634586444.59	1200	59.891572	0.0	939882	172	1.2	113.302	0	3291	30
1634586448.93	1200	59.606009	0.0	1008520	155	1.2	117.303	0	3412	30.242439390152533
1634586452.71	1200	59.94553	0.0	951407	158	1.2	121.303	0	3532	30
