1634590862.79	750	4	0.173	364579	65	-0.7389	0	0	0	0
1634590862.99	300	8	0.0	407628	76	-0.15000000000000002	0	0	0	0
1634590863.17	300	12	0.0	409537	70	0.3	0	0	0	0
1634590863.33	300	16	0.0	401138	65	0.3	0	0	0	0
1634590863.49	300	20	0.0	457731	62	0.3	0	0	0	0
1634590863.67	300	24	0.0	411393	62	0.3	0	0	0	0
1634590863.88	300	28	0.0	419665	67	0.3	0	0	0	0
1634590864.04	300	32	0.0	415391	70	0.3	0	0	0	0
1634590864.21	300	36	0.0	441412	76	0.3	0	0	0	0
1634590864.41	300	40	0.0	412981	67	0.3	0	0	0	0
1634590864.58	300	44	0.0	413415	59	0.3	0	0	0	0
1634590864.79	300	48	0.0	419863	69	0.3	0	0	0	0
1634590864.96	300	52	0.0	408917	60	0.3	0	0	0	0
1634590865.16	300	55.916667	0.0	455566	48	0.3	0	0	0	0
1634590865.32	300	59.7507	0.0	410034	68	0.3	0	0	0	0
1634590869.53	300	59.748115	0.0	416850	60	0.3	5.315	0	60	0
1634590873.37	300	59.773669	0.0	441997	95	0.3	9.316	0	300	59.98500374906273
1634590877.6	300	59.507189	0.0	407136	76	0.3	13.316	0	540	60
1634590881.35	300	59.805579	0.0	439658	72	0.3	17.316	0	780	60.00000000000003
1634590885.58	300	59.579973	0.0	427305	65	0.3	21.317	0	1020	59.98500374906271
1634590889.31	300	59.887756	0.0	418162	80	0.3	25.318	0	1260	59.98500374906271
1634590893.55	300	59.654965	0.0	428282	70	0.3	29.317	0	1500	60.01500375093775
1634590897.29	300	59.952557	0.0	427342	75	0.3	33.318	0	1740	59.98500374906277
1634590901.5	300	59.696403	0.0	439784	73	0.3	37.318	0	1980	60
1634590905.75	300	59.433334	0.0	424118	76	0.3	41.319	0	2220	59.98500374906266
1634590909.46	300	59.742762	0.0	429401	70	0.3	45.319	0	2460	60
1634590913.77	300	59.481024	0.0	421101	81	0.3	49.318	0	2700	60.01500375093781
1634590917.53	300	59.786395	0.0	440588	81	0.3	53.32	0	2940	59.970014992503714
1634590921.28	300	59.85	0.0	454532	67	0.3	57.319	0	3180	60.0150037509377
1634590925.49	300	59.581216	0.0	413236	69	0.3	61.334	0	3421	60.02490660024906
1634590929.22	300	59.89271	0.0	449077	73	0.3	65.334	0	3661	60
1634590933.51	300	59.664318	0.0	454485	73	0.3	69.335	0	3901	59.98500374906288
1634590937.27	300	59.965053	0.0	414614	76	0.3	73.336	0	4141	59.98500374906266
1634590941.5	300	59.695899	0.0	439642	78	0.3	77.336	0	4381	60
1634590945.76	300	59.435306	0.0	443772	71	0.3	81.336	0	4621	60
1634590949.49	300	59.733962	0.0	422133	81	0.3	85.336	0	4861	60
1634590953.76	300	59.469565	0.0	398606	48	0.3	89.336	0	5101	60
1634590957.51	300	59.777131	0.0	399361	83	0.3	93.337	0	5341	59.98500374906266
1634590961.74	300	59.513682	0.0	418002	68	0.3	97.336	0	5581	60.01500375093781
1634590965.5	300	59.816667	0.0	454350	67	0.3	101.337	0	5821	59.98500374906266
1634590969.72	300	59.545281	0.0	443556	76	0.3	105.337	0	6061	60
1634590973.49	300	59.852945	0.0	470803	76	0.3	109.342	0	6301	59.92509363295887
1634590977.21	300	59.872348	0.0	451385	78	0.3	113.341	0	6541	60.01500375093781
1634590981.43	300	59.886886	0.0	459078	78	0.3	117.342	0	6781	59.98500374906266
1634590985.65	300	59.626973	0.0	439363	61	0.3	121.342	0	7021	60
