1634572125.79	750	4	0.594	2352295	434	-2.5492	0	0	0	0
1634572126.52	2850	8	0.0	2695463	473	0.75	0	0	0	0
1634572127.15	2850	12	0.0	2691416	464	2.85	0	0	0	0
1634572127.87	2850	15.632068	0.0	2698966	489	2.85	0	0	0	0
1634572128.79	2850	18.8	0.0	3054744	594	2.85	5.291	0	35	0
1634572129.56	2850	21.936778	0.0	3082641	565	2.85	5.291	0	35	0
1634572130.34	2850	25.169024	0.0	3085527	547	2.85	5.291	0	35	0
1634572131.03	2850	28.442388	0.0	2917405	509	2.85	5.291	0	35	0
1634572131.58	2850	31.918233	0.0	2163184	397	2.85	5.291	0	35	0
1634572132.33	2850	35.166667	0.0	2697447	487	2.85	5.291	0	35	0
1634572133.02	2850	38.464042	0.0	2539930	408	2.85	9.29	1	156	30.007501875468876
1634572133.73	2850	41.777198	0.0	2598995	485	2.85	9.29	1	156	30.007501875468876
1634572134.31	2850	45.17306	0.0	2362663	406	2.85	9.29	1	156	30.007501875468876
1634572134.92	2850	48.568168	0.0	2550338	421	2.85	9.29	1	156	30.007501875468876
1634572135.62	2850	51.882889	0.0	2718005	478	2.85	9.29	1	156	30.007501875468876
1634572136.25	2850	55.236486	0.0	2612918	453	2.85	9.29	1	156	30.007501875468876
1634572136.89	2850	58.589067	0.0	2716616	478	2.85	13.29	1	276	30
1634572139.56	2850	59.967783	0.0	2560410	471	2.85	13.29	1	276	30
1634572143.91	2850	59.707291	0.0	3007277	623	2.85	17.29	1	396	30
1634572148.2	2850	59.464862	0.0	2976441	505	2.85	21.29	1	515	29.75
1634572151.95	2850	59.783719	0.0	2976345	460	2.85	25.291	1	636	30.24243939015245
1634572156.67	2850	59.840037	0.0	2746751	431	2.85	29.296	1	756	29.962546816479406
