1634596166.81	750	4	0.43	1348025	221	-1.8439999999999999	0	0	0	0
1634596167.28	1200	8	0.0	1461552	227	0.75	0	0	0	0
1634596167.68	1200	12	0.0	1497347	237	1.2	0	0	0	0
1634596168.06	1200	16	0.0	1497151	224	1.2	0	0	0	0
1634596168.45	1200	20	0.0	1500642	240	1.2	0	0	0	0
1634596168.81	1200	24	0.0	1415806	229	1.2	0	0	0	0
1634596169.21	1200	28	0.0	1526374	254	1.2	0	0	0	0
1634596169.6	1200	32	0.0	1458651	236	1.2	5.775	0	0	0
1634596170.12	1200	35.626207	0.0	1416629	337	1.2	5.775	0	0	0
1634596170.53	1200	39.221972	0.0	1455680	250	1.2	5.775	0	0	0
1634596170.93	1200	42.817573	0.0	1468719	246	1.2	5.775	0	0	0
1634596171.32	1200	46.414693	0.0	1417021	228	1.2	5.775	0	0	0
1634596171.77	1200	49.969423	0.0	1458794	233	1.2	5.775	0	0	0
1634596172.19	1200	53.565167	0.0	1458259	240	1.2	5.775	0	0	0
1634596172.61	1200	57.120155	0.0	1487239	237	1.2	5.775	0	0	0
1634596174.04	1200	59.746617	0.0	1459670	247	1.2	9.774	3	218	53.76344086021507
1634596178.0	1200	59.8	0.0	1513781	225	1.2	13.776	4	459	59.970014992503735
1634596181.94	1200	59.823461	0.0	1480432	228	1.2	17.779	4	699	59.95503372470647
1634596185.88	1200	59.837545	0.0	1537900	237	1.2	21.78	4	939	59.98500374906271
1634596190.32	1200	59.573755	0.0	1503057	238	1.2	25.78	4	1179	60
1634596194.26	1200	59.631315	0.0	1447121	209	1.2	29.781	4	1419	59.98500374906277
1634596198.19	1200	59.650089	0.0	1510054	220	1.2	33.781	4	1659	60
1634596202.19	1200	59.677956	0.0	1517434	245	1.2	37.781	4	1899	60
1634596206.12	1200	59.687157	0.0	1490166	227	1.2	41.781	4	2139	60
1634596210.08	1200	59.700109	0.0	1451026	226	1.2	45.782	4	2379	59.98500374906277
1634596214.02	1200	59.727624	0.0	1447249	232	1.2	49.782	5	2619	59.75
1634596218.43	1200	59.484869	0.0	1480049	222	1.2	53.781	5	2859	60.0150037509377
1634596222.34	1200	59.496332	0.0	1475389	232	1.2	57.79	5	3099	59.86530306809678
1634596226.34	1200	59.528837	0.0	1594426	255	1.2	61.79	7	3339	59.5
1634596230.31	1200	59.581571	0.0	1445128	235	1.2	65.791	7	3579	59.98500374906277
1634596234.36	1200	59.621922	0.0	1538455	224	1.2	69.791	7	3819	60
1634596238.03	1200	59.978768	0.0	1603269	258	1.2	73.791	11	4059	59
1634596241.97	1200	59.77237	0.0	1447021	218	1.2	77.791	12	4300	60
1634596245.93	1200	59.793437	0.0	1545473	249	1.2	81.794	12	4540	59.95503372470647
1634596249.96	1200	59.811979	0.0	1455383	244	1.2	85.792	13	4780	59.77988994497242
1634596253.92	1200	59.836971	0.0	1546087	251	1.2	89.792	14	5020	59.75
1634596258.35	1200	59.587811	0.0	1404300	248	1.2	93.792	14	5260	60
1634596262.24	1200	59.626796	0.0	1350682	222	1.2	97.794	14	5500	59.97001499250382
1634596266.28	1200	59.661718	0.0	1454743	226	1.2	101.794	16	5740	59.5
1634596270.3	1200	59.694398	0.0	1455864	229	1.2	105.796	17	5980	59.72013993003484
1634596274.35	1200	59.835539	0.0	1458942	254	1.2	109.82	25	6221	57.90258449304194
1634596278.51	1200	59.466667	0.0	1475192	190	1.2	113.796	26	6460	59.859154929577265
1634596281.96	1200	59.798193	0.0	1519778	263	1.2	117.796	28	6700	59.5
