1634595770.6	750	4	0.568	2364266	405	-2.4374000000000002	0	0	0	0
1634595771.33	1850	8	0.0	2702234	453	0.75	0	0	0	0
1634595771.96	1850	12	0.0	2698759	448	1.85	0	0	0	0
1634595772.62	1850	15.416667	0.0	2726329	429	1.85	0	0	0	0
1634595773.31	1850	18.716667	0.0	2796160	461	1.85	0	0	0	0
1634595773.98	1850	22.05	0.0	2703878	443	1.85	5.329	10	93	0
1634595774.67	1850	25.35	0.0	2747707	455	1.85	5.329	10	93	0
1634595775.31	1850	28.716667	0.0	2590022	408	1.85	5.329	10	93	0
1634595775.92	1850	32.116667	0.0	2440705	388	1.85	5.329	10	93	0
1634595776.57	1850	35.466667	0.0	2706304	424	1.85	5.329	10	93	0
1634595777.22	1850	38.8	0.0	2616156	422	1.85	5.329	10	93	0
1634595777.83	1850	42.2	0.0	2484837	376	1.85	9.33	27	333	55.73606598350412
1634595778.48	1850	45.566667	0.0	2520833	380	1.85	9.33	27	333	55.73606598350412
1634595779.11	1850	48.933334	0.0	2450375	380	1.85	9.33	27	333	55.73606598350412
1634595779.76	1850	52.25	0.0	2648021	424	1.85	9.33	27	333	55.73606598350412
1634595780.41	1850	55.616667	0.0	2584938	420	1.85	9.33	27	333	55.73606598350412
1634595781.04	1850	58.95	0.0	2753591	401	1.85	9.33	27	333	55.73606598350412
1634595784.74	1850	59.440332	0.0	2590312	394	1.85	13.329	52	573	53.76344086021505
1634595788.48	1850	59.775341	0.0	2803841	437	1.85	17.33	62	812	57.235691077230726
1634595792.66	1850	59.520678	0.0	2702423	428	1.85	21.33	63	1053	60
1634595796.36	1850	59.821089	0.0	2667915	415	1.85	25.331	65	1293	59.48512871782053
1634595800.56	1850	59.547198	0.0	2656424	418	1.85	29.332	67	1533	59.48512871782053
1634595804.24	1850	59.894994	0.0	2700847	438	1.85	33.331	69	1773	59.514878719679885
1634595808.37	1850	59.642957	0.0	2710093	428	1.85	37.332	70	2013	59.73506623344167
1634595812.67	1850	59.983334	0.0	2634927	362	1.85	41.332	82	2253	57
