1634592516.2	750	4	0.424	1562159	296	-1.8181999999999996	0	0	0	0
1634592516.67	1850	8	0.0	1791954	282	0.75	0	0	0	0
1634592517.13	1850	12	0.0	1733238	308	1.85	0	0	0	0
1634592517.55	1850	16	0.0	1695568	260	1.85	0	0	0	0
1634592518.02	1850	19.710393	0.0	1876072	302	1.85	0	0	0	0
1634592518.52	1850	23.226771	0.0	1864973	295	1.85	0	0	0	0
1634592519.0	1850	26.701165	0.0	1957023	297	1.85	0	0	0	0
1634592519.46	1850	30.257552	0.0	1854182	302	1.85	5.293	0	45	0
1634592519.85	1850	33.854955	0.0	1496997	248	1.85	5.293	0	45	0
1634592520.33	1850	37.411494	0.0	1833873	269	1.85	5.293	0	45	0
1634592520.79	1850	40.926536	0.0	1729619	264	1.85	5.293	0	45	0
1634592521.26	1850	44.48215	0.0	1693515	273	1.85	5.293	0	45	0
1634592521.67	1850	48.038183	0.0	1564016	258	1.85	5.293	0	45	0
1634592522.06	1850	51.634291	0.0	1677838	262	1.85	5.293	0	45	0
1634592522.52	1850	55.189129	0.0	1707508	279	1.85	5.293	0	45	0
1634592522.97	1850	58.74592	0.0	1731328	287	1.85	5.293	0	45	0
1634592526.51	1850	59.442848	0.0	1872514	299	1.85	9.293	0	165	30.000000000000007
1634592529.95	1850	59.792844	0.0	1679554	263	1.85	13.293	0	285	30
1634592533.95	1850	59.827387	0.0	1919701	311	1.85	17.293	0	405	30
1634592538.03	1850	59.837351	0.0	1890366	318	1.85	21.293	0	525	30
1634592542.07	1850	59.850683	0.0	1893526	301	1.85	25.294	0	645	29.992501874531357
1634592546.12	1850	59.619942	0.0	1696244	283	1.85	29.294	0	765	30
1634592550.15	1850	59.708	0.0	1892733	296	1.85	33.305	0	886	30.16704063824483
1634592554.17	1850	59.729714	0.0	1865187	305	1.85	37.305	0	1006	30
1634592558.17	1850	59.769983	0.0	1930734	305	1.85	41.306	0	1126	29.992501874531385
1634592562.15	1850	59.809656	0.0	1763518	297	1.85	45.306	0	1246	30
1634592566.15	1850	59.574046	0.0	1887305	306	1.85	49.305	0	1366	30.00750187546885
1634592570.17	1850	59.605886	0.0	1849633	308	1.85	53.306	0	1486	29.992501874531385
1634592574.28	1850	59.642663	0.0	2054697	343	1.85	57.308	0	1606	29.985007496251857
1634592577.88	1850	59.982243	0.0	1603027	249	1.85	61.307	0	1726	30.00750187546885
1634592582.06	1850	59.819737	0.0	1789549	325	1.85	65.308	0	1846	29.99250187453133
1634592586.18	1850	59.747186	0.0	1832812	338	1.85	69.311	0	1965	29.727704221833623
1634592590.74	1850	59.461315	0.0	1776833	324	1.85	73.308	7	2086	28.521391043282463
1634592593.87	1850	59.988596	0.0	1910926	290	1.85	77.311	7	2206	29.977516862353234
1634592598.37	1850	59.452811	0.0	1884086	314	1.85	81.309	7	2326	30.01500750375195
1634592602.01	1850	59.758839	0.0	1918239	353	1.85	85.309	7	2446	30
1634592606.0	1850	59.780985	0.0	1783739	306	1.85	89.309	7	2566	30
1634592610.15	1850	59.800284	0.0	1780429	359	1.85	93.309	7	2686	30
1634592614.15	1850	59.813258	0.0	1734830	325	1.85	97.309	7	2806	30
1634592618.21	1850	59.574809	0.0	1685239	311	1.85	101.309	7	2926	30
1634592622.2	1850	59.592908	0.0	1663462	257	1.85	105.309	7	3046	30
1634592626.16	1850	59.604315	0.0	1744428	268	1.85	109.31	7	3166	29.99250187453133
1634592630.16	1850	59.646628	0.0	1789345	285	1.85	113.31	7	3286	30
1634592634.14	1850	59.666667	0.0	1785956	285	1.85	117.31	7	3406	30
1634592638.13	1850	59.685722	0.0	1826034	296	1.85	121.324	7	3526	29.895366218236205
