1634575027.36	750	4	0.114	178505	42	-0.48519999999999996	0	0	0	0
1634575027.55	300	8	0.0	195551	31	-0.15000000000000002	0	0	0	0
1634575027.68	300	12	0.0	195736	32	0.3	0	0	0	0
1634575027.79	300	16	0.0	193965	31	0.3	0	0	0	0
1634575027.92	300	20	0.0	229913	46	0.3	0	0	0	0
1634575028.05	300	23.957158	0.0	216612	26	0.3	0	0	0	0
1634575028.18	300	27.836666	0.0	223275	40	0.3	0	0	0	0
1634575028.33	300	31.675709	0.0	224716	44	0.3	0	0	0	0
1634575028.45	300	35.554825	0.0	200997	36	0.3	0	0	0	0
1634575028.58	300	39.433967	0.0	207273	40	0.3	0	0	0	0
1634575028.71	300	43.31201	0.0	212686	38	0.3	0	0	0	0
1634575028.86	300	47.150548	0.0	204029	40	0.3	0	0	0	0
1634575029.02	300	50.989086	0.0	196940	33	0.3	0	0	0	0
1634575029.17	300	54.867962	0.0	205069	7	0.3	0	0	0	0
1634575029.32	300	58.704619	0.0	215029	31	0.3	0	0	0	0
1634575032.5	300	59.781179	0.0	214721	38	0.3	4.665	0	85	0
1634575036.22	300	59.822409	0.0	216444	41	0.3	8.666	0	205	29.992501874531364
1634575040.48	300	59.550235	0.0	193188	45	0.3	12.665	0	325	30.007501875468876
1634575044.18	300	59.877032	0.0	218231	51	0.3	16.666	0	445	29.992501874531357
1634575048.37	300	59.891312	0.0	216640	35	0.3	20.666	0	565	30
1634575052.58	300	59.61509	0.0	214788	52	0.3	24.669	0	685	29.977516862353234
1634575056.33	300	59.905755	0.0	209977	37	0.3	28.667	0	805	30.015007503751868
1634575060.53	300	59.664901	0.0	217083	39	0.3	32.666	0	925	30.007501875468904
1634575064.26	300	59.95555	0.0	223801	30	0.3	36.668	0	1045	29.985007496251857
1634575068.54	300	59.681014	0.0	218143	38	0.3	40.668	0	1165	30
1634575072.22	300	59.973659	0.0	209949	35	0.3	44.668	0	1285	30
1634575076.39	300	59.70042	0.0	219778	15	0.3	48.668	0	1405	30
1634575080.6	300	59.464876	0.0	217255	52	0.3	52.67	0	1525	29.985007496251857
1634575084.3	300	59.788647	0.0	225772	47	0.3	56.67	0	1645	30
1634575088.48	300	59.580776	0.0	198145	35	0.3	60.67	0	1765	30
1634575092.18	300	59.91699	0.0	218647	46	0.3	64.671	0	1885	29.99250187453133
1634575096.41	300	59.647133	0.0	227093	39	0.3	68.671	0	2005	30
1634575100.12	300	59.942998	0.0	209981	39	0.3	72.671	0	2125	30
1634575104.35	300	59.949892	0.0	227397	47	0.3	76.672	0	2245	29.99250187453144
1634575108.56	300	59.719972	0.0	229724	30	0.3	80.672	0	2365	30
1634575112.27	300	59.767351	0.0	222308	37	0.3	84.672	0	2485	30
1634575116.44	300	59.773763	0.0	210900	33	0.3	88.672	0	2605	30
1634575120.68	300	59.528085	0.0	207120	46	0.3	92.672	0	2725	30
1634575124.37	300	59.829795	0.0	212721	35	0.3	96.673	0	2845	29.99250187453133
1634575128.6	300	59.561709	0.0	217950	31	0.3	100.673	0	2965	30
1634575132.3	300	59.853083	0.0	209403	30	0.3	104.673	0	3085	30
1634575136.45	300	59.591634	0.0	221030	36	0.3	108.674	0	3205	29.99250187453133
1634575140.1	300	59.915897	0.0	218348	35	0.3	112.674	0	3325	30
1634575144.27	300	59.949406	0.0	215558	37	0.3	116.675	0	3445	29.99250187453144
1634575148.46	300	59.680106	0.0	212674	33	0.3	120.675	0	3565	30
