1634578493.53	750	4	0.575	2352295	363	-2.4675000000000002	0	0	0	0
1634578494.18	2850	8	0.0	2695463	431	0.75	0	0	0	0
1634578494.8	2850	12	0.0	2691416	427	2.85	0	0	0	0
1634578495.41	2850	15.697581	0.0	2698966	426	2.85	0	0	0	0
1634578496.31	2850	18.966667	0.0	3054744	457	2.85	0	0	0	0
1634578497.05	2850	22.077474	0.0	3082641	493	2.85	5.692	1	38	0
1634578497.77	2850	25.352491	0.0	3085527	491	2.85	5.692	1	38	0
1634578498.51	2850	28.625787	0.0	2917405	490	2.85	5.692	1	38	0
1634578499.07	2850	32.060373	0.0	2163184	343	2.85	5.692	1	38	0
1634578499.74	2850	35.373089	0.0	2697447	418	2.85	5.692	1	38	0
1634578500.37	2850	38.733334	0.0	2539930	405	2.85	5.692	1	38	0
1634578501.0	2850	42.121237	0.0	2598995	399	2.85	9.763	1	160	29.968066814050605
1634578501.63	2850	45.515299	0.0	2362663	395	2.85	9.763	1	160	29.968066814050605
1634578502.25	2850	48.868519	0.0	2550338	396	2.85	9.763	1	160	29.968066814050605
1634578502.95	2850	52.182193	0.0	2718005	467	2.85	9.763	1	160	29.968066814050605
1634578503.58	2850	55.536137	0.0	2612918	419	2.85	9.763	1	160	29.968066814050605
1634578504.21	2850	58.931499	0.0	2716616	435	2.85	9.763	1	160	29.968066814050605
1634578507.33	2850	59.860443	0.0	2560410	426	2.85	13.763	1	280	30
1634578511.62	2850	59.595755	0.0	3007277	455	2.85	17.763	1	400	29.999999999999986
1634578515.37	2850	59.974583	0.0	2976441	458	2.85	21.764	1	520	29.992501874531385
1634578519.63	2850	59.702917	0.0	2976345	471	2.85	25.764	1	640	30
1634578523.77	2850	59.450258	0.0	2746751	418	2.85	29.764	1	760	30
1634578528.13	2850	59.812321	0.0	2900044	441	2.85	33.773	1	881	30.182090296832097
1634578531.54	2850	59.682245	0.0	3029105	453	2.85	37.78	1	1001	29.94759171449964
1634578536.26	2850	59.470639	0.0	2714552	463	2.85	41.776	1	1121	30.030030030030012
