1634589447.57	750	4	0.368	1348025	235	-1.5774	0	0	0	0
1634589447.99	1200	8	0.0	1461552	233	0.75	0	0	0	0
1634589448.37	1200	12	0.0	1497347	233	1.2	0	0	0	0
1634589448.76	1200	16	0.0	1497151	247	1.2	0	0	0	0
1634589449.16	1200	19.910588	0.0	1500642	265	1.2	0	0	0	0
1634589449.56	1200	23.50764	0.0	1415806	239	1.2	0	0	0	0
1634589450.0	1200	27.083334	0.0	1526374	236	1.2	0	0	0	0
1634589450.42	1200	30.658562	0.0	1458651	252	1.2	0	0	0	0
1634589450.93	1200	34.172807	0.0	1416629	337	1.2	5.32	1	94	0
1634589451.45	1200	37.688248	0.0	1455680	303	1.2	5.32	1	94	0
1634589451.86	1200	41.201571	0.0	1468719	228	1.2	5.32	1	94	0
1634589452.32	1200	44.766667	0.0	1417021	259	1.2	5.32	1	94	0
1634589452.73	1200	48.353059	0.0	1458794	244	1.2	5.32	1	94	0
1634589453.12	1200	51.95	0.0	1458259	234	1.2	5.32	1	94	0
1634589453.56	1200	55.516667	0.0	1487239	235	1.2	5.32	1	94	0
1634589453.97	1200	59.100187	0.0	1459670	248	1.2	5.32	1	94	0
1634589457.42	1200	59.866795	0.0	1513781	256	1.2	9.322	3	334	59.470264867566236
1634589461.43	1200	59.886177	0.0	1480432	231	1.2	13.335	5	575	59.556441564914
1634589465.42	1200	59.664921	0.0	1537900	274	1.2	17.336	5	815	59.98500374906277
1634589469.39	1200	59.679534	0.0	1503057	236	1.2	21.336	6	1055	59.75
1634589473.3	1200	59.998032	0.0	1447121	235	1.2	25.336	6	1295	60
1634589477.79	1200	59.439717	0.0	1510054	245	1.2	29.336	7	1535	59.75
1634589481.76	1200	59.450965	0.0	1517434	234	1.2	33.336	7	1775	60
1634589485.72	1200	59.473316	0.0	1490166	261	1.2	37.336	7	2015	60
1634589489.69	1200	59.497002	0.0	1451026	225	1.2	41.336	8	2255	59.75
1634589493.69	1200	59.55	0.0	1447249	280	1.2	45.337	10	2495	59.48512871782047
1634589497.22	1200	59.91344	0.0	1480049	285	1.2	49.337	11	2735	59.75
1634589501.17	1200	59.942075	0.0	1475389	253	1.2	53.337	11	2975	60
1634589505.13	1200	59.978871	0.0	1594426	279	1.2	57.337	11	3215	60
1634589509.6	1200	59.731521	0.0	1445128	281	1.2	61.337	11	3455	60
1634589513.61	1200	59.520933	0.0	1538455	285	1.2	65.338	12	3695	59.73506623344178
1634589517.6	1200	59.539569	0.0	1603269	263	1.2	69.337	12	3935	60.015003750937595
1634589521.51	1200	59.581287	0.0	1447021	232	1.2	73.337	13	4175	59.75
1634589525.45	1200	59.617222	0.0	1545473	272	1.2	77.338	13	4415	59.98500374906288
1634589529.4	1200	59.933334	0.0	1455383	271	1.2	81.339	13	4655	59.98500374906266
1634589533.42	1200	59.666667	0.0	1546087	292	1.2	85.339	14	4895	59.75
1634589537.37	1200	59.9874	0.0	1404300	252	1.2	89.339	14	5135	60
1634589541.78	1200	59.439614	0.0	1350682	214	1.2	93.339	14	5375	60
1634589545.78	1200	59.456411	0.0	1454743	251	1.2	97.34	15	5615	59.73506623344157
1634589549.73	1200	59.464066	0.0	1455864	222	1.2	101.34	15	5855	60
1634589553.68	1200	59.488795	0.0	1458942	229	1.2	105.341	16	6095	59.73506623344178
1634589557.62	1200	59.555295	0.0	1475192	213	1.2	109.348	16	6336	60.14474669328667
1634589561.61	1200	59.587244	0.0	1519778	217	1.2	113.341	16	6575	59.854745805159105
1634589565.58	1200	59.614058	0.0	1556293	283	1.2	117.341	16	6816	60.25
1634589569.52	1200	59.636455	0.0	1475264	234	1.2	121.341	16	7055	59.75
