1634590389.3	750	4	0.194	519773	121	-0.8291999999999999	0	0	0	0
1634590389.53	750	8	0.0	563743	45	0.75	0	0	0	0
1634590389.74	750	12	0.0	557560	95	0.75	0	0	0	0
1634590389.97	750	15.988249	0.0	562449	99	0.75	0	0	0	0
1634590390.17	750	19.74593	0.0	642669	111	0.75	0	0	0	0
1634590390.35	750	23.544687	0.0	565799	76	0.75	0	0	0	0
1634590390.56	750	27.343085	0.0	553943	97	0.75	0	0	0	0
1634590390.76	750	31.141072	0.0	572526	86	0.75	0	0	0	0
1634590390.97	750	34.939596	0.0	586914	101	0.75	0	0	0	0
1634590391.18	750	38.737613	0.0	544162	95	0.75	0	0	0	0
1634590391.43	750	42.495426	0.0	580100	114	0.75	0	0	0	0
1634590391.68	750	46.25279	0.0	568055	99	0.75	0	0	0	0
1634590391.92	750	50.010121	0.0	574364	88	0.75	0	0	0	0
1634590392.14	750	53.767221	0.0	568805	90	0.75	0	0	0	0
1634590392.37	750	57.5654	0.0	586886	90	0.75	0	0	0	0
1634590394.62	750	59.461393	0.0	574974	93	0.75	4.588	0	169	0
1634590398.38	750	59.763958	0.0	602967	105	0.75	8.587	0	409	60.01500375093774
1634590402.17	750	59.783334	0.0	557010	107	0.75	12.588	0	649	59.98500374906274
1634590406.46	750	59.521477	0.0	604882	104	0.75	16.588	0	889	59.99999999999997
1634590410.22	750	59.813928	0.0	595562	103	0.75	20.588	0	1129	60
1634590414.5	750	59.55	0.0	569334	101	0.75	24.589	0	1369	59.98500374906277
1634590418.24	750	59.857275	0.0	590495	101	0.75	28.589	0	1609	60
1634590422.54	750	59.576952	0.0	597755	77	0.75	32.589	0	1849	60
1634590426.33	750	59.878294	0.0	596132	98	0.75	36.589	0	2089	60
1634590430.07	750	59.895228	0.0	578308	83	0.75	40.588	0	2329	60.0150037509377
1634590434.31	750	59.629751	0.0	585221	97	0.75	44.59	0	2569	59.970014992503714
1634590438.07	750	59.929616	0.0	576292	97	0.75	48.59	0	2809	60
1634590442.36	750	59.66033	0.0	599693	106	0.75	52.59	0	3049	60
1634590446.16	750	59.954002	0.0	606614	99	0.75	56.59	0	3289	60
1634590450.41	750	59.689224	0.0	557031	93	0.75	60.59	0	3529	60
1634590454.17	750	59.754032	0.0	592360	104	0.75	64.6	0	3770	60.09975062344153
1634590458.43	750	59.773418	0.0	618972	115	0.75	68.6	0	4010	60
1634590462.21	750	59.794541	0.0	576161	103	0.75	72.601	0	4250	59.98500374906266
1634590466.5	750	59.53083	0.0	616169	94	0.75	76.6	0	4490	60.01500375093781
1634590470.28	750	59.828297	0.0	601096	101	0.75	80.601	0	4730	59.98500374906266
1634590474.1	750	59.851811	0.0	589398	100	0.75	84.602	0	4970	59.98500374906266
1634590478.35	750	59.59105	0.0	552073	87	0.75	88.602	0	5210	60
1634590482.09	750	59.88027	0.0	547291	86	0.75	92.602	0	5450	60
1634590486.35	750	59.613942	0.0	578974	95	0.75	96.602	0	5690	60
1634590490.09	750	59.926183	0.0	595429	85	0.75	100.602	0	5930	60
1634590494.36	750	59.659154	0.0	576032	105	0.75	104.602	0	6170	60
1634590498.62	750	59.433492	0.0	620837	90	0.75	108.603	0	6410	59.98500374906288
1634590502.36	750	59.729224	0.0	596051	85	0.75	112.609	0	6651	60.159760359460805
1634590506.61	750	59.47049	0.0	614627	53	0.75	116.611	0	6891	59.97001499250361
1634590510.35	750	59.777112	0.0	579381	92	0.75	120.611	0	7131	60
