1634590156.7	750	4	0.169	519773	86	-0.7216999999999999	0	0	0	0
1634590156.93	750	8	0.0	563743	90	0.75	0	0	0	0
1634590157.13	750	12	0.0	557560	16	0.75	0	0	0	0
1634590157.32	750	16	0.0	562449	85	0.75	0	0	0	0
1634590157.54	750	20	0.0	642669	119	0.75	0	0	0	0
1634590157.74	750	24	0.0	565799	94	0.75	0	0	0	0
1634590157.99	750	28	0.0	553943	100	0.75	0	0	0	0
1634590158.23	750	31.941593	0.0	572526	101	0.75	0	0	0	0
1634590158.46	750	35.70018	0.0	586914	98	0.75	0	0	0	0
1634590158.71	750	39.498329	0.0	544162	84	0.75	0	0	0	0
1634590158.96	750	43.214281	0.0	580100	90	0.75	0	0	0	0
1634590159.25	750	46.889742	0.0	568055	114	0.75	0	0	0	0
1634590159.47	750	50.681144	0.0	574364	72	0.75	0	0	0	0
1634590159.72	750	54.398304	0.0	568805	86	0.75	0	0	0	0
1634590159.95	750	58.196789	0.0	586886	99	0.75	0	0	0	0
1634590162.83	750	59.440231	0.0	574974	178	0.75	5.312	0	118	0
1634590166.64	750	59.746166	0.0	602967	111	0.75	9.311	0	358	60.01500375093774
1634590170.44	750	59.766777	0.0	557010	106	0.75	13.319	0	598	59.88023952095807
1634590174.68	750	59.507193	0.0	604882	99	0.75	17.319	0	838	60.00000000000003
1634590178.46	750	59.821024	0.0	595562	110	0.75	21.319	0	1078	60
1634590182.73	750	59.560348	0.0	569334	103	0.75	25.319	0	1318	60
1634590186.5	750	59.867384	0.0	590495	106	0.75	29.319	0	1558	60
1634590190.25	750	59.883965	0.0	597755	97	0.75	33.32	0	1798	59.98500374906271
1634590194.49	750	59.901991	0.0	596132	98	0.75	37.321	0	2038	59.98500374906277
1634590198.27	750	59.931433	0.0	578308	95	0.75	41.32	0	2278	60.0150037509377
1634590202.56	750	59.663405	0.0	585221	103	0.75	45.322	0	2518	59.970014992503714
1634590206.37	750	59.963051	0.0	576292	128	0.75	49.321	0	2758	60.01500375093781
1634590210.64	750	59.747663	0.0	599693	104	0.75	53.322	0	2998	59.98500374906266
1634590214.38	750	59.770386	0.0	606614	92	0.75	57.324	0	3238	59.97001499250382
1634590218.59	750	59.808033	0.0	557031	83	0.75	61.324	0	3478	60
1634590222.39	750	59.834358	0.0	592360	150	0.75	65.324	0	3718	60
1634590226.66	750	59.57961	0.0	618972	84	0.75	69.325	0	3958	59.98500374906266
1634590230.45	750	59.881931	0.0	576161	87	0.75	73.325	0	4198	60
1634590234.26	750	59.905768	0.0	616169	102	0.75	77.325	0	4438	60
1634590238.56	750	59.640062	0.0	601096	96	0.75	81.325	0	4678	60
1634590242.34	750	59.937444	0.0	589398	100	0.75	85.326	0	4918	59.98500374906288
1634590246.58	750	59.671414	0.0	552073	90	0.75	89.326	0	5158	60
1634590250.83	750	59.443365	0.0	547291	71	0.75	93.326	0	5398	60
1634590254.59	750	59.794728	0.0	578974	88	0.75	97.327	0	5638	59.98500374906266
1634590258.36	750	59.814691	0.0	595429	109	0.75	101.328	0	5878	59.98500374906266
1634590262.63	750	59.544072	0.0	576032	98	0.75	105.328	0	6119	60.25
1634590266.37	750	59.850725	0.0	620837	110	0.75	109.328	0	6358	59.75
1634590270.6	750	59.600237	0.0	596051	103	0.75	113.328	0	6599	60.25
1634590274.32	750	59.913478	0.0	614627	99	0.75	117.328	0	6839	60
1634590278.61	750	59.660756	0.0	579381	112	0.75	121.328	0	7079	60
