1634575914.52	750	4	0.647	2364266	404	-2.7771	0	0	0	0
1634575915.28	1850	8	0.0	2702234	510	0.75	0	0	0	0
1634575915.98	1850	12	0.0	2698759	503	1.85	0	0	0	0
1634575916.76	1850	15.333334	0.0	2726329	506	1.85	0	0	0	0
1634575917.55	1850	18.533334	0.0	2796160	566	1.85	5.271	3	76	0
1634575918.28	1850	21.883334	0.0	2703878	451	1.85	5.271	3	76	0
1634575919.01	1850	25.1	0.0	2747707	494	1.85	5.271	3	76	0
1634575919.66	1850	28.4	0.0	2590022	449	1.85	5.271	3	76	0
1634575920.31	1850	31.766667	0.0	2440705	430	1.85	5.271	3	76	0
1634575920.96	1850	35.133334	0.0	2706304	434	1.85	5.271	3	76	0
1634575921.66	1850	38.466667	0.0	2616156	464	1.85	9.273	38	316	51.224387806096956
1634575922.33	1850	41.783334	0.0	2484837	396	1.85	9.273	38	316	51.224387806096956
1634575923.05	1850	45.05	0.0	2520833	472	1.85	9.273	38	316	51.224387806096956
1634575923.76	1850	48.316667	0.0	2450375	517	1.85	9.273	38	316	51.224387806096956
1634575924.42	1850	51.683334	0.0	2648021	415	1.85	9.273	38	316	51.224387806096956
1634575925.09	1850	54.983334	0.0	2584938	464	1.85	9.273	38	316	51.224387806096956
1634575925.76	1850	58.316667	0.0	2753591	482	1.85	13.273	72	556	51.5
1634575928.43	1850	59.900304	0.0	2590312	404	1.85	13.273	72	556	51.5
1634575932.21	1850	59.923708	0.0	2803841	461	1.85	17.272	93	796	54.7636909227307
1634575936.41	1850	59.663801	0.0	2702423	436	1.85	21.273	102	1036	57.73556610847287
1634575940.09	1850	59.988772	0.0	2667915	451	1.85	25.273	104	1276	59.5
1634575944.82	1850	59.45059	0.0	2656424	447	1.85	29.275	111	1516	58.220889555222406
1634575948.56	1850	59.483334	0.0	2700847	465	1.85	33.275	111	1756	60
1634575952.73	1850	59.50715	0.0	2710093	419	1.85	37.274	115	1996	59.01475368842207
1634575956.45	1850	59.82204	0.0	2634927	430	1.85	41.275	115	2236	59.98500374906277
1634575961.71	1850	59.727737	0.0	2610609	406	1.85	45.433	124	2486	57.96055796055794
1634575964.52	1850	59.768405	0.0	2679192	327	1.85	49.828	124	2749	59.84072810011372
