1634588476.63	750	4	0.727	3409329	551	-3.1211	0	0	0	0
1634588477.62	2850	7.716667	0.0	4109292	731	0.75	0	0	0	0
1634588478.59	2850	10.733334	0.0	4208764	708	2.85	0	0	0	0
1634588479.57	2850	13.8	0.0	4152807	666	2.85	0	0	0	0
1634588480.55	2850	16.8	0.0	4223571	707	2.85	4.7	17	143	0
1634588481.5	2850	19.833334	0.0	4136789	669	2.85	4.7	17	143	0
1634588482.43	2850	22.9	0.0	4145327	683	2.85	4.7	17	143	0
1634588483.4	2850	25.983334	0.0	4052604	666	2.85	4.7	17	143	0
1634588484.26	2850	29.1	0.0	3713120	593	2.85	8.701	48	383	52.23694076480879
1634588485.17	2850	32.15	0.0	4133696	671	2.85	8.701	48	383	52.23694076480879
1634588486.12	2850	35.2	0.0	3980239	707	2.85	8.701	48	383	52.23694076480879
1634588487.06	2850	38.316667	0.0	3657565	646	2.85	8.701	48	383	52.23694076480879
1634588487.87	2850	41.433334	0.0	3583686	596	2.85	12.701	76	623	53
1634588488.7	2850	44.633334	0.0	3671100	595	2.85	12.701	76	623	53
1634588489.71	2850	47.666667	0.0	4396316	725	2.85	12.701	76	623	53
1634588491.03	2850	50.3	0.0	3912179	1076	2.85	12.701	76	623	53
1634588492.01	2850	53.366667	0.0	4091282	707	2.85	16.701	102	863	53.5
1634588492.93	2850	56.416667	0.0	3778762	664	2.85	16.701	102	863	53.5
1634588493.92	2850	59.45	0.0	4120325	705	2.85	16.701	102	863	53.5
1634588497.43	2850	59.907463	0.0	4313705	718	2.85	20.701	142	1103	50
1634588501.44	2850	59.928688	0.0	4244508	678	2.85	24.702	150	1343	57.98550362409396
1634588505.47	2850	59.958899	0.0	4192065	695	2.85	28.702	161	1583	57.25
1634588509.48	2850	59.929271	0.0	4272707	689	2.85	32.703	170	1823	57.73556610847287
1634588513.56	2850	59.863683	0.0	4387810	712	2.85	36.703	186	2063	56
1634588517.56	2850	59.845294	0.0	4236760	692	2.85	40.703	191	2303	58.75
1634588521.56	2850	59.856715	0.0	4195178	669	2.85	44.704	204	2543	56.735816045988535
1634588525.66	2850	59.882052	0.0	4315675	717	2.85	48.704	214	2783	57.5
1634588529.39	2850	59.898787	0.0	4115897	938	2.85	52.724	222	3024	57.96019900497518
1634588533.53	2850	59.873186	0.0	4308050	794	2.85	56.723	234	3265	57.26431607901972
1634588537.43	2850	59.896039	0.0	3780414	607	2.85	60.736	240	3505	58.310490904560204
1634588541.44	2850	59.987766	0.0	4174824	689	2.85	64.736	252	3745	56.9999999999999
1634588545.45	2850	59.975059	0.0	4169509	689	2.85	68.737	263	3985	57.235691077230825
1634588549.92	2850	59.433334	0.0	3792793	628	2.85	72.736	275	4225	57.01425356339071
1634588553.86	2850	59.451945	0.0	4047432	629	2.85	76.737	281	4465	58.485378655336305
1634588557.78	2850	59.758795	0.0	3950062	657	2.85	80.737	286	4705	58.75
1634588561.85	2850	59.497258	0.0	4362772	733	2.85	84.737	297	4945	57.25
1634588565.95	2850	59.522909	0.0	3992387	845	2.85	88.737	303	5185	58.5
1634588569.91	2850	59.502847	0.0	3790359	641	2.85	92.737	313	5425	57.5
1634588573.91	2850	59.520984	0.0	4013779	710	2.85	96.738	322	5665	57.73556610847281
1634588577.94	2850	59.503057	0.0	4009835	721	2.85	100.738	330	5905	58
1634588581.53	2850	59.847425	0.0	4256139	1281	2.85	104.739	338	6145	57.98550362409391
1634588585.57	2850	59.823952	0.0	4171712	757	2.85	108.739	345	6385	58.25
1634588589.52	2850	59.889203	0.0	4205689	674	2.85	112.739	350	6625	58.75
1634588593.6	2850	59.914228	0.0	4365287	759	2.85	116.74	359	6865	57.735566108473016
1634588597.58	2850	59.945478	0.0	3946300	692	2.85	120.742	369	7106	57.72113943028472
