1634576322.39	750	4	0.371	1348025	244	-1.5903	0	0	0	0
1634576322.8	1200	8	0.0	1461552	244	0.75	0	0	0	0
1634576323.18	1200	12	0.0	1497347	237	1.2	0	0	0	0
1634576323.6	1200	16	0.0	1497151	242	1.2	0	0	0	0
1634576323.98	1200	20	0.0	1500642	181	1.2	0	0	0	0
1634576324.36	1200	23.795935	0.0	1415806	229	1.2	0	0	0	0
1634576324.78	1200	27.366667	0.0	1526374	244	1.2	0	0	0	0
1634576325.18	1200	30.966667	0.0	1458651	226	1.2	0	0	0	0
1634576325.76	1200	34.38466	0.0	1416629	388	1.2	5.331	2	81	0
1634576326.16	1200	38.021341	0.0	1455680	220	1.2	5.331	2	81	0
1634576326.54	1200	41.616667	0.0	1468719	234	1.2	5.331	2	81	0
1634576326.94	1200	45.211506	0.0	1417021	230	1.2	5.331	2	81	0
1634576327.32	1200	48.816667	0.0	1458794	232	1.2	5.331	2	81	0
1634576327.69	1200	52.443972	0.0	1458259	224	1.2	5.331	2	81	0
1634576328.08	1200	56.081445	0.0	1487239	237	1.2	5.331	2	81	0
1634576328.45	1200	59.677942	0.0	1459670	223	1.2	5.331	2	81	0
1634576332.4	1200	59.78183	0.0	1513781	232	1.2	9.331	6	321	59.000000000000014
1634576336.35	1200	59.812297	0.0	1480432	262	1.2	13.342	6	562	60.0847668910496
1634576340.8	1200	59.546761	0.0	1537900	234	1.2	17.342	6	802	60.00000000000003
1634576344.76	1200	59.576459	0.0	1503057	255	1.2	21.343	7	1042	59.73506623344162
1634576348.7	1200	59.607174	0.0	1447121	225	1.2	25.343	7	1282	60
1634576352.65	1200	59.676077	0.0	1510054	216	1.2	29.347	8	1522	59.69030969030967
1634576356.66	1200	59.709235	0.0	1517434	236	1.2	33.347	8	1762	60
1634576360.38	1200	59.945562	0.0	1490166	205	1.2	37.347	24	2002	56
