1634580481.56	750	4	0.16	341125	74	-0.6829999999999999	0	0	0	0
1634580481.71	750	8	0.0	368384	56	0.75	0	0	0	0
1634580481.88	750	12	0.0	361115	58	0.75	0	0	0	0
1634580482.06	750	16	0.0	351432	86	0.75	0	0	0	0
1634580482.22	750	20	0.0	415108	65	0.75	0	0	0	0
1634580482.37	750	24	0.0	405152	68	0.75	0	0	0	0
1634580482.52	750	28	0.0	418745	63	0.75	0	0	0	0
1634580482.68	750	32	0.0	422888	71	0.75	0	0	0	0
1634580482.83	750	36	0.0	332222	50	0.75	0	0	0	0
1634580483.0	750	40	0.0	390526	64	0.75	0	0	0	0
1634580483.17	750	43.863191	0.0	394909	71	0.75	0	0	0	0
1634580483.33	750	47.742071	0.0	391304	62	0.75	0	0	0	0
1634580483.51	750	51.540184	0.0	354894	57	0.75	0	0	0	0
1634580483.66	750	55.378926	0.0	377564	55	0.75	0	0	0	0
1634580483.83	750	59.217744	0.0	396139	67	0.75	0	0	0	0
1634580487.57	750	59.738052	0.0	398301	63	0.75	5.322	0	56	0
1634580491.27	750	59.857014	0.0	411967	51	0.75	9.321	0	176	30.00750187546887
1634580495.53	750	59.576379	0.0	371247	71	0.75	13.327	0	296	29.955067398901647
1634580499.26	750	59.87743	0.0	416520	85	0.75	17.344	0	416	29.873039581777437
1634580503.51	750	59.6	0.0	408407	73	0.75	21.344	0	536	30
1634580507.25	750	59.897364	0.0	403983	76	0.75	25.344	0	656	30
1634580511.48	750	59.687098	0.0	369757	79	0.75	29.345	0	776	29.992501874531385
1634580515.22	750	59.991037	0.0	404235	78	0.75	33.345	0	896	30
1634580519.46	750	59.719351	0.0	418487	66	0.75	37.345	0	1016	30
1634580523.87	750	59.451538	0.0	416581	79	0.75	41.345	0	1136	30
1634580527.58	750	59.740716	0.0	404280	72	0.75	45.346	0	1256	29.992501874531385
1634580531.32	750	59.752662	0.0	413252	62	0.75	49.345	0	1376	30.00750187546885
1634580535.52	750	59.784773	0.0	399762	72	0.75	53.345	0	1496	30
1634580539.22	750	59.827359	0.0	438319	86	0.75	57.346	0	1616	29.992501874531385
1634580543.44	750	59.871929	0.0	371901	72	0.75	61.346	0	1736	30
1634580547.67	750	59.610081	0.0	404985	77	0.75	65.347	0	1856	29.992501874531385
1634580551.42	750	59.909524	0.0	419455	71	0.75	69.348	0	1976	29.99250187453133
1634580555.16	750	59.929282	0.0	389992	39	0.75	73.348	0	2096	30
1634580559.44	750	59.652596	0.0	447110	83	0.75	77.348	0	2216	30
1634580563.14	750	59.979001	0.0	428402	68	0.75	81.348	0	2336	30
1634580567.36	750	59.704447	0.0	430629	59	0.75	85.349	0	2456	29.99250187453133
1634580571.11	750	59.989341	0.0	399369	67	0.75	89.349	0	2576	30
1634580575.34	750	59.993343	0.0	388328	78	0.75	93.349	0	2696	30
1634580579.59	750	59.468135	0.0	391315	77	0.75	97.35	0	2816	29.99250187453144
1634580583.37	750	59.802399	0.0	404526	90	0.75	101.349	0	2936	30.007501875468797
1634580587.64	750	59.531162	0.0	396577	75	0.75	105.349	0	3056	30
1634580591.34	750	59.916502	0.0	403873	65	0.75	109.35	0	3176	29.99250187453144
1634580595.54	750	59.644937	0.0	389389	63	0.75	113.349	0	3296	30.007501875468797
1634580599.24	750	59.94019	0.0	399698	73	0.75	117.35	0	3416	29.99250187453144
1634580603.43	750	59.669555	0.0	380869	59	0.75	121.35	0	3536	30
