1634585855.56	750	4	0.377	1562159	271	-1.6160999999999999	0	0	0	0
1634585856.08	1850	8	0.0	1791954	299	0.75	0	0	0	0
1634585856.54	1850	11.716447	0.0	1733238	295	1.85	0	0	0	0
1634585856.99	1850	15.231899	0.0	1695568	295	1.85	0	0	0	0
1634585857.53	1850	18.707113	0.0	1876072	317	1.85	0	0	0	0
1634585858.01	1850	22.262463	0.0	1864973	313	1.85	0	0	0	0
1634585858.51	1850	25.737907	0.0	1957023	341	1.85	0	0	0	0
1634585858.99	1850	29.253171	0.0	1854182	295	1.85	4.73	0	77	0
1634585859.38	1850	32.845574	0.0	1496997	241	1.85	4.73	0	77	0
1634585859.85	1850	36.40128	0.0	1833873	308	1.85	4.73	0	77	0
1634585860.32	1850	39.956206	0.0	1729619	290	1.85	4.73	0	77	0
1634585860.79	1850	43.471295	0.0	1693515	275	1.85	4.73	0	77	0
1634585861.23	1850	47.025056	0.0	1564016	256	1.85	4.73	0	77	0
1634585861.64	1850	50.581422	0.0	1677838	266	1.85	4.73	0	77	0
1634585862.1	1850	54.137567	0.0	1707508	286	1.85	4.73	0	77	0
1634585862.53	1850	57.734261	0.0	1731328	281	1.85	4.73	0	77	0
1634585864.51	1850	59.791023	0.0	1872514	307	1.85	8.73	0	197	30
1634585868.49	1850	59.811957	0.0	1679554	235	1.85	12.73	0	317	30
1634585872.59	1850	59.822038	0.0	1919701	336	1.85	16.73	0	437	30
1634585876.63	1850	59.827348	0.0	1890366	290	1.85	20.731	0	557	29.992501874531357
1634585880.7	1850	59.833334	0.0	1893526	263	1.85	24.73	0	677	30.007501875468876
1634585884.72	1850	59.559984	0.0	1696244	297	1.85	28.731	0	797	29.992501874531357
1634585888.82	1850	59.570387	0.0	1892733	305	1.85	32.731	0	917	30
1634585892.36	1850	59.889477	0.0	1865187	309	1.85	36.731	0	1037	30
1634585896.42	1850	59.891478	0.0	1930734	309	1.85	40.732	0	1157	29.992501874531385
1634585900.46	1850	59.903311	0.0	1763518	311	1.85	44.732	0	1277	30
1634585904.53	1850	59.919254	0.0	1887305	311	1.85	48.733	0	1397	29.992501874531385
1634585908.61	1850	59.925132	0.0	1849633	315	1.85	52.734	0	1517	29.99250187453133
1634585912.68	1850	59.685923	0.0	2054697	312	1.85	56.734	0	1637	30
1634585916.7	1850	59.701793	0.0	1603027	279	1.85	60.751	0	1758	30.12198157829229
1634585920.79	1850	59.741523	0.0	1789549	283	1.85	64.749	0	1878	30.015007503751896
1634585924.8	1850	59.495422	0.0	1832812	305	1.85	68.749	0	1998	30
1634585928.83	1850	59.502259	0.0	1776833	301	1.85	72.75	0	2118	29.99250187453133
1634585932.94	1850	59.522517	0.0	1910926	308	1.85	76.751	0	2238	29.99250187453133
1634585936.51	1850	59.876186	0.0	1884086	333	1.85	80.75	0	2358	30.007501875468904
1634585940.52	1850	59.910771	0.0	1918239	338	1.85	84.75	0	2478	30
1634585944.53	1850	59.928716	0.0	1783739	285	1.85	88.751	0	2598	29.99250187453133
1634585948.55	1850	59.933572	0.0	1780429	295	1.85	92.751	0	2718	30
1634585952.63	1850	59.705563	0.0	1734830	326	1.85	96.751	0	2838	30
1634585956.69	1850	59.71165	0.0	1685239	288	1.85	100.751	0	2958	30
1634585960.66	1850	59.769825	0.0	1663462	283	1.85	104.752	0	3078	29.99250187453144
1634585964.71	1850	59.784936	0.0	1744428	277	1.85	108.753	0	3198	29.99250187453133
1634585968.69	1850	59.834524	0.0	1789345	287	1.85	112.753	0	3318	30
1634585972.72	1850	59.57747	0.0	1785956	314	1.85	116.755	0	3438	29.98500749625191
1634585976.72	1850	59.593133	0.0	1826034	323	1.85	120.756	0	3558	29.99250187453133
