1634572515.91	750	4	0.846	1562159	726	-3.6328	0	0	0	0
1634572516.85	1850	8	0.0	1791954	715	0.75	0	0	0	0
1634572517.65	1850	11.675456	0.0	1733238	611	1.85	0	0	0	0
1634572518.39	1850	14.949956	0.0	1695568	554	1.85	0	0	0	0
1634572519.27	1850	18.062066	0.0	1876072	647	1.85	5.383	0	36	0
1634572520.01	1850	21.336555	0.0	1864973	505	1.85	5.383	0	36	0
1634572520.52	1850	24.772853	0.0	1957023	317	1.85	5.383	0	36	0
1634572520.97	1850	28.370084	0.0	1854182	284	1.85	5.383	0	36	0
1634572521.37	1850	31.967	0.0	1496997	236	1.85	5.383	0	36	0
1634572521.94	1850	35.400941	0.0	1833873	332	1.85	5.383	0	36	0
1634572522.42	1850	38.916444	0.0	1729619	278	1.85	5.383	0	36	0
1634572522.88	1850	42.431878	0.0	1693515	275	1.85	9.382	0	156	30.00750187546887
1634572523.3	1850	46.028649	0.0	1564016	243	1.85	9.382	0	156	30.00750187546887
1634572523.76	1850	49.584386	0.0	1677838	271	1.85	9.382	0	156	30.00750187546887
1634572524.18	1850	53.14046	0.0	1707508	293	1.85	9.382	0	156	30.00750187546887
1634572524.64	1850	56.697175	0.0	1731328	302	1.85	9.382	0	156	30.00750187546887
1634572525.71	1850	59.609622	0.0	1872514	359	1.85	9.382	0	156	30.00750187546887
1634572529.73	1850	59.654307	0.0	1679554	325	1.85	13.382	0	276	30
1634572533.79	1850	59.700506	0.0	1919701	366	1.85	17.398	0	396	29.8804780876494
1634572537.79	1850	59.745911	0.0	1890366	308	1.85	21.399	0	516	29.992501874531357
1634572541.88	1850	59.528481	0.0	1893526	334	1.85	25.4	0	636	29.992501874531385
1634572545.87	1850	59.557158	0.0	1696244	308	1.85	29.4	0	756	30
1634572550.16	1850	59.631648	0.0	1892733	298	1.85	33.4	0	876	30
1634572553.97	1850	59.558546	0.0	1865187	296	1.85	37.411	0	997	30.167040638244806
1634572557.54	1850	59.875502	0.0	1930734	297	1.85	41.4	1	1116	29.581348708949633
