1634581788.35	750	4	0.78	3409329	584	-3.349	0	0	0	0
1634581789.42	2850	8	0.0	4109292	736	0.75	0	0	0	0
1634581790.37	2850	11.55	0.0	4208764	713	2.85	0	0	0	0
1634581791.38	2850	14.566667	0.0	4152807	741	2.85	5.199	6	73	0
1634581792.29	2850	17.633334	0.0	4223571	669	2.85	5.199	6	73	0
1634581793.18	2850	20.733334	0.0	4136789	655	2.85	5.199	6	73	0
1634581794.07	2850	23.833334	0.0	4145327	676	2.85	5.199	6	73	0
1634581794.98	2850	26.933334	0.0	4052604	654	2.85	5.199	6	73	0
1634581795.9	2850	30.05	0.0	3713120	635	2.85	9.198	33	313	53.26331582895723
1634581796.84	2850	33.1	0.0	4133696	679	2.85	9.198	33	313	53.26331582895723
1634581797.75	2850	36.166667	0.0	3980239	623	2.85	9.198	33	313	53.26331582895723
1634581798.6	2850	39.316667	0.0	3657565	605	2.85	9.198	33	313	53.26331582895723
1634581799.41	2850	42.516667	0.0	3583686	564	2.85	13.199	59	553	53.48662834291428
1634581800.31	2850	45.616667	0.0	3671100	666	2.85	13.199	59	553	53.48662834291428
1634581801.33	2850	48.633334	0.0	4396316	669	2.85	13.199	59	553	53.48662834291428
1634581802.28	2850	51.666667	0.0	3912179	646	2.85	13.199	59	553	53.48662834291428
1634581803.22	2850	54.716667	0.0	4091282	689	2.85	17.213	95	794	51.071250622820116
1634581804.13	2850	57.816667	0.0	3778762	613	2.85	17.213	95	794	51.071250622820116
1634581806.11	2850	59.91102	0.0	4120325	680	2.85	17.213	95	794	51.071250622820116
1634581810.24	2850	59.7	0.0	4313705	672	2.85	21.213	124	1029	51.5
1634581814.24	2850	59.724343	0.0	4244508	674	2.85	25.214	141	1274	56.985753561609634
1634581818.54	2850	59.78911	0.0	4192065	698	2.85	29.215	151	1514	57.48562859285177
1634581822.54	2850	59.694219	0.0	4272707	694	2.85	33.219	161	1754	57.44255744255742
