1634594869.44	750	4	0.107	178505	32	-0.45509999999999995	0	0	0	0
1634594869.6	300	8	0.0	195551	38	-0.15000000000000002	0	0	0	0
1634594869.72	300	12	0.0	195736	24	0.3	0	0	0	0
1634594869.83	300	16	0.0	193965	31	0.3	0	0	0	0
1634594869.96	300	20	0.0	229913	39	0.3	0	0	0	0
1634594870.12	300	23.959034	0.0	216612	52	0.3	0	0	0	0
1634594870.26	300	27.838132	0.0	223275	38	0.3	0	0	0	0
1634594870.39	300	31.717118	0.0	224716	34	0.3	0	0	0	0
1634594870.51	300	35.596468	0.0	200997	32	0.3	0	0	0	0
1634594870.66	300	39.435093	0.0	207273	46	0.3	0	0	0	0
1634594870.78	300	43.314226	0.0	212686	30	0.3	0	0	0	0
1634594870.91	300	47.193279	0.0	204029	23	0.3	0	0	0	0
1634594871.05	300	51.030352	0.0	196940	27	0.3	0	0	0	0
1634594871.24	300	54.868181	0.0	205069	36	0.3	0	0	0	0
1634594871.39	300	58.706152	0.0	215029	27	0.3	0	0	0	0
1634594874.59	300	59.740466	0.0	214721	42	0.3	4.694	0	86	0
1634594878.33	300	59.864361	0.0	216444	45	0.3	8.695	0	206	29.992501874531364
1634594882.56	300	59.673953	0.0	193188	50	0.3	12.695	0	326	30
1634594886.76	300	59.418907	0.0	218231	43	0.3	16.695	0	446	30
1634594890.47	300	59.707298	0.0	216640	40	0.3	20.695	0	566	30
1634594894.7	300	59.480744	0.0	214788	37	0.3	24.695	0	686	30
1634594898.39	300	59.778143	0.0	209977	38	0.3	28.696	0	806	29.992501874531357
1634594902.64	300	59.504083	0.0	217083	39	0.3	32.695	0	926	30.007501875468876
1634594906.35	300	59.781654	0.0	223801	41	0.3	36.695	0	1046	30
1634594910.62	300	59.536629	0.0	218143	39	0.3	40.696	0	1166	29.992501874531385
1634594914.33	300	59.866916	0.0	209949	53	0.3	44.696	0	1286	30
1634594918.52	300	59.596464	0.0	219778	41	0.3	48.696	0	1406	30
1634594922.26	300	59.867569	0.0	217255	49	0.3	52.697	0	1526	29.99250187453133
1634594926.41	300	59.910087	0.0	225772	48	0.3	56.697	0	1646	30
1634594930.57	300	59.636385	0.0	198145	38	0.3	60.697	0	1766	30
1634594934.31	300	59.967301	0.0	218647	45	0.3	64.699	0	1886	29.98500749625191
1634594938.57	300	59.716151	0.0	227093	32	0.3	68.699	0	2006	30
1634594942.78	300	59.44594	0.0	209981	46	0.3	72.7	0	2126	29.99250187453133
1634594946.51	300	59.786963	0.0	227397	32	0.3	76.7	0	2246	30
1634594950.7	300	59.538037	0.0	229724	38	0.3	80.7	0	2366	30
1634594954.36	300	59.897767	0.0	222308	36	0.3	84.701	0	2486	29.99250187453144
1634594958.62	300	59.664262	0.0	210900	27	0.3	88.701	0	2606	30
1634594962.32	300	59.959473	0.0	207120	37	0.3	92.701	0	2726	30
1634594966.48	300	59.677779	0.0	212721	40	0.3	96.701	0	2846	30
1634594970.19	300	59.971971	0.0	217950	49	0.3	100.739	0	2967	29.96532937097565
1634594974.39	300	59.726113	0.0	209403	44	0.3	104.739	0	3087	30
1634594978.61	300	59.757325	0.0	221030	36	0.3	108.739	0	3207	30
1634594982.79	300	59.48399	0.0	218348	37	0.3	112.739	0	3327	30
1634594986.43	300	59.781618	0.0	215558	36	0.3	116.74	0	3447	29.99250187453144
1634594990.63	300	59.502153	0.0	212674	36	0.3	120.74	0	3567	30
