1634572276.47	750	4	0.534	2352295	382	-2.2912	0	0	0	0
1634572277.12	2850	8	0.0	2695463	430	0.75	0	0	0	0
1634572277.78	2850	11.473544	0.0	2691416	458	2.85	0	0	0	0
1634572278.48	2850	14.785597	0.0	2698966	474	2.85	0	0	0	0
1634572279.2	2850	18.058643	0.0	3054744	505	2.85	0	0	0	0
1634572279.93	2850	21.333334	0.0	3082641	518	2.85	4.585	0	69	0
1634572280.67	2850	24.603535	0.0	3085527	357	2.85	4.585	0	69	0
1634572281.38	2850	27.878004	0.0	2917405	487	2.85	4.585	0	69	0
1634572282.53	2850	30.745746	0.0	2163184	893	2.85	4.585	0	69	0
1634572283.29	2850	33.979906	0.0	2697447	521	2.85	4.585	0	69	0
1634572284.07	2850	37.233334	0.0	2539930	475	2.85	8.585	0	189	29.999999999999993
1634572284.8	2850	40.480543	0.0	2598995	477	2.85	8.585	0	189	29.999999999999993
1634572285.42	2850	43.833714	0.0	2362663	445	2.85	8.585	0	189	29.999999999999993
1634572286.15	2850	47.133334	0.0	2550338	474	2.85	8.585	0	189	29.999999999999993
1634572286.84	2850	50.417939	0.0	2718005	488	2.85	8.585	0	189	29.999999999999993
1634572287.49	2850	53.773461	0.0	2612918	486	2.85	8.585	0	189	29.999999999999993
1634572288.2	2850	57.087482	0.0	2716616	485	2.85	12.594	0	309	29.9326515340484
1634572289.91	2850	59.543622	0.0	2560410	459	2.85	12.594	0	309	29.9326515340484
1634572293.67	2850	59.844188	0.0	3007277	515	2.85	16.594	0	429	29.999999999999986
1634572297.5	2850	59.853132	0.0	2976441	536	2.85	20.595	0	549	29.992501874531385
1634572301.76	2850	59.611825	0.0	2976345	474	2.85	24.594	0	669	30.00750187546885
1634572305.53	2850	59.918297	0.0	2746751	483	2.85	28.595	0	789	29.992501874531385
1634572309.63	2850	59.655069	0.0	2900044	1229	2.85	32.595	0	909	30
1634572313.42	2850	59.994152	0.0	3029105	540	2.85	36.597	0	1029	29.985007496251857
1634572317.64	2850	59.754652	0.0	2714552	437	2.85	40.597	0	1149	30
1634572321.88	2850	59.479097	0.0	2789766	473	2.85	44.597	0	1269	30
1634572325.58	2850	59.785676	0.0	2625718	473	2.85	48.597	0	1389	30
1634572329.81	2850	59.517875	0.0	2871556	452	2.85	52.598	0	1509	29.992501874531385
1634572333.74	2850	59.813819	0.0	3384908	508	2.85	56.6	1	1629	29.73513243378309
1634572337.89	2850	59.540964	0.0	2433713	425	2.85	60.6	1	1749	30
1634572341.57	2850	59.847151	0.0	2603914	411	2.85	64.601	1	1869	29.992501874531385
1634572345.91	2850	59.615911	0.0	2850305	475	2.85	68.607	1	1990	30.20469296055916
1634572349.69	2850	59.634242	0.0	2877374	519	2.85	72.607	1	2110	30
1634572353.98	2850	59.467	0.0	3026289	511	2.85	76.607	1	2230	30
1634572357.68	2850	59.766667	0.0	2855071	454	2.85	80.607	1	2350	30
1634572361.95	2850	59.530235	0.0	2922391	469	2.85	84.607	1	2470	30
1634572365.65	2850	59.874139	0.0	2861931	472	2.85	88.609	1	2590	29.98500749625191
1634572369.38	2850	59.91939	0.0	2854030	484	2.85	92.61	1	2710	29.99250187453133
1634572373.57	2850	59.718922	0.0	2576826	456	2.85	96.611	1	2830	29.99250187453133
1634572377.76	2850	59.760378	0.0	2417861	402	2.85	100.61	1	2950	30.007501875468904
1634572381.95	2850	59.5284	0.0	2608825	477	2.85	104.61	1	3070	30
1634572385.71	2850	59.576973	0.0	2761808	478	2.85	108.61	1	3190	30
1634572389.47	2850	59.872148	0.0	2761816	507	2.85	112.611	1	3310	29.99250187453133
1634572393.7	2850	59.668035	0.0	2676405	443	2.85	116.612	2	3430	29.742564358910343
1634572397.91	2850	59.435119	0.0	2779031	449	2.85	120.614	2	3550	29.985007496251804
