1634571286.45	750	4	0.427	364579	338	-1.8310999999999997	0	0	0	0
1634571286.87	300	8	0.0	407628	220	-0.15000000000000002	0	0	0	0
1634571287.23	300	12	0.0	409537	228	0.3	0	0	0	0
1634571287.54	300	16	0.0	401138	176	0.3	0	0	0	0
1634571287.88	300	20	0.0	457731	183	0.3	0	0	0	0
1634571288.29	300	23.753458	0.0	411393	179	0.3	0	0	0	0
1634571288.62	300	27.430498	0.0	419665	162	0.3	0	0	0	0
1634571288.98	300	31.066667	0.0	415391	170	0.3	0	0	0	0
1634571289.32	300	34.70264	0.0	441412	201	0.3	0	0	0	0
1634571289.68	300	38.339125	0.0	412981	222	0.3	5.189	0	94	0
1634571290.11	300	41.974209	0.0	413415	227	0.3	5.189	0	94	0
1634571290.31	300	45.690647	0.0	419863	88	0.3	5.189	0	94	0
1634571290.5	300	49.489199	0.0	408917	73	0.3	5.189	0	94	0
1634571290.7	300	53.327194	0.0	455566	86	0.3	5.189	0	94	0
1634571290.89	300	57.125333	0.0	410034	87	0.3	5.189	0	94	0
1634571292.6	300	59.462179	0.0	416850	92	0.3	5.189	0	94	0
1634571296.34	300	59.7718	0.0	441997	97	0.3	9.189	0	334	60
1634571300.57	300	59.511383	0.0	407136	66	0.3	13.19	0	574	59.98500374906274
1634571304.33	300	59.861978	0.0	439658	77	0.3	17.19	0	814	59.99999999999997
1634571308.56	300	59.596628	0.0	427305	67	0.3	21.193	0	1054	59.95503372470647
1634571312.3	300	59.917066	0.0	418162	82	0.3	25.193	0	1294	60
1634571316.52	300	59.660653	0.0	428282	69	0.3	29.194	0	1534	59.98500374906277
1634571320.28	300	59.967946	0.0	427342	55	0.3	33.194	0	1774	59.99999999999995
1634571324.53	300	59.75	0.0	439784	81	0.3	37.195	0	2014	59.98500374906277
1634571328.26	300	59.77002	0.0	424118	69	0.3	41.195	0	2254	60
1634571332.49	300	59.788479	0.0	429401	70	0.3	45.197	0	2494	59.970014992503714
1634571336.23	300	59.806502	0.0	421101	73	0.3	49.197	0	2734	60
1634571340.45	300	59.830941	0.0	440588	55	0.3	53.197	0	2974	60
1634571344.17	300	59.867279	0.0	454532	80	0.3	57.197	0	3214	60
1634571348.39	300	59.89809	0.0	413236	74	0.3	61.197	0	3454	60
1634571352.12	300	59.939964	0.0	449077	75	0.3	65.205	0	3694	59.88023952095815
1634571356.36	300	59.676935	0.0	454485	85	0.3	69.204	0	3935	60.26506626656671
1634571360.09	300	59.983384	0.0	414614	65	0.3	73.205	0	4175	59.98500374906266
1634571364.33	300	59.722997	0.0	439642	78	0.3	77.205	0	4415	60
1634571368.57	300	59.455604	0.0	443772	72	0.3	81.208	0	4655	59.95503372470647
1634571372.31	300	59.761983	0.0	422133	74	0.3	85.208	0	4895	60
1634571376.53	300	59.486242	0.0	398606	70	0.3	89.208	0	5135	60
1634571380.25	300	59.812097	0.0	399361	81	0.3	93.208	0	5375	60
1634571384.53	300	59.578837	0.0	418002	97	0.3	97.209	0	5615	59.98500374906266
1634571388.25	300	59.89028	0.0	454350	82	0.3	101.212	0	5855	59.95503372470647
1634571392.45	300	59.636017	0.0	443556	76	0.3	105.212	0	6095	60
1634571396.19	300	59.942313	0.0	470803	87	0.3	109.214	0	6335	59.97001499250382
1634571400.51	300	59.677506	0.0	451385	173	0.3	113.214	0	6575	60
1634571404.23	300	59.990184	0.0	459078	78	0.3	117.214	0	6815	60
1634571408.49	300	59.730264	0.0	439363	94	0.3	121.215	0	7055	59.98500374906266
