1634577187.78	750	4	0.176	519773	61	-0.7517999999999999	0	0	0	0
1634577188.07	750	8	0.0	563743	95	0.75	0	0	0	0
1634577188.25	750	12	0.0	557560	85	0.75	0	0	0	0
1634577188.5	750	16	0.0	562449	90	0.75	0	0	0	0
1634577188.74	750	20	0.0	642669	111	0.75	0	0	0	0
1634577188.94	750	24	0.0	565799	87	0.75	0	0	0	0
1634577189.13	750	28	0.0	553943	54	0.75	0	0	0	0
1634577189.32	750	32	0.0	572526	89	0.75	0	0	0	0
1634577189.54	750	35.87387	0.0	586914	77	0.75	0	0	0	0
1634577189.75	750	39.672339	0.0	544162	111	0.75	0	0	0	0
1634577189.95	750	43.470732	0.0	580100	95	0.75	0	0	0	0
1634577190.19	750	47.228914	0.0	568055	98	0.75	0	0	0	0
1634577190.42	750	50.986619	0.0	574364	95	0.75	0	0	0	0
1634577190.65	750	54.784318	0.0	568805	98	0.75	0	0	0	0
1634577190.87	750	58.540719	0.0	586886	85	0.75	0	0	0	0
1634577193.68	750	59.990773	0.0	574974	167	0.75	5.263	0	97	0
1634577198.04	750	59.440172	0.0	602967	112	0.75	9.262	0	337	60.01500375093772
1634577201.79	750	59.742868	0.0	557010	77	0.75	13.262	0	577	60
1634577206.1	750	59.486219	0.0	604882	107	0.75	17.263	0	817	59.98500374906271
1634577209.98	750	59.508584	0.0	595562	172	0.75	21.263	0	1057	60
1634577213.74	750	59.818819	0.0	569334	91	0.75	25.263	0	1297	60
1634577218.03	750	59.544982	0.0	590495	82	0.75	29.263	0	1537	60
1634577221.79	750	59.845292	0.0	597755	91	0.75	33.264	0	1777	59.98500374906271
1634577225.59	750	59.868576	0.0	596132	91	0.75	37.265	0	2017	59.98500374906277
1634577229.86	750	59.602594	0.0	578308	98	0.75	41.265	0	2257	60
1634577233.64	750	59.894234	0.0	585221	108	0.75	45.265	0	2497	60
1634577237.89	750	59.619114	0.0	576292	77	0.75	49.265	0	2737	60
1634577241.66	750	59.920919	0.0	599693	121	0.75	53.265	0	2977	60
1634577245.93	750	59.669318	0.0	606614	114	0.75	57.265	0	3217	60
1634577249.68	750	59.974254	0.0	557031	96	0.75	61.266	0	3457	59.98500374906277
1634577253.94	750	59.7	0.0	592360	88	0.75	65.266	0	3697	59.99999999999989
1634577257.75	750	59.750166	0.0	618972	106	0.75	69.266	0	3937	60
1634577262.06	750	59.524506	0.0	576161	109	0.75	73.266	0	4177	60
1634577265.86	750	59.838019	0.0	616169	77	0.75	77.277	0	4418	60.084766891049675
1634577269.64	750	59.86171	0.0	601096	104	0.75	81.277	0	4658	60
1634577273.92	750	59.590448	0.0	589398	103	0.75	85.278	0	4898	59.98500374906266
1634577277.71	750	59.900897	0.0	552073	107	0.75	89.277	0	5138	60.01500375093781
1634577281.52	750	59.914618	0.0	547291	136	0.75	93.278	0	5378	59.98500374906266
1634577285.79	750	59.657041	0.0	578974	85	0.75	97.278	0	5618	60
1634577289.58	750	59.989203	0.0	595429	124	0.75	101.278	0	5858	60
1634577293.85	750	59.726907	0.0	576032	101	0.75	105.279	0	6098	59.98500374906288
1634577297.67	750	59.780862	0.0	620837	89	0.75	109.279	0	6338	60
1634577301.94	750	59.506005	0.0	596051	101	0.75	113.281	0	6578	59.97001499250361
1634577305.67	750	59.816667	0.0	614627	114	0.75	117.28	0	6818	60.01500375093781
1634577309.92	750	59.555426	0.0	579381	104	0.75	121.28	0	7058	60
