1634597818.41	750	4	0.158	364579	60	-0.6744	0	0	0	0
1634597818.58	300	8	0.0	407628	64	-0.15000000000000002	0	0	0	0
1634597818.74	300	12	0.0	409537	60	0.3	0	0	0	0
1634597818.92	300	16	0.0	401138	80	0.3	0	0	0	0
1634597819.13	300	20	0.0	457731	70	0.3	0	0	0	0
1634597819.29	300	24	0.0	411393	67	0.3	0	0	0	0
1634597819.49	300	28	0.0	419665	90	0.3	0	0	0	0
1634597819.66	300	32	0.0	415391	72	0.3	0	0	0	0
1634597819.84	300	36	0.0	441412	78	0.3	0	0	0	0
1634597820.07	300	39.914405	0.0	412981	95	0.3	0	0	0	0
1634597820.27	300	43.672527	0.0	413415	71	0.3	0	0	0	0
1634597820.47	300	47.470385	0.0	419863	89	0.3	0	0	0	0
1634597820.65	300	51.268883	0.0	408917	61	0.3	0	0	0	0
1634597820.85	300	55.066707	0.0	455566	79	0.3	0	0	0	0
1634597821.07	300	58.864236	0.0	410034	67	0.3	0	0	0	0
1634597824.3	300	59.689325	0.0	416850	66	0.3	5.315	0	106	0
1634597828.03	300	59.983334	0.0	441997	79	0.3	9.314	0	346	60.01500375093774
1634597832.3	300	59.718855	0.0	407136	86	0.3	13.315	0	586	59.98500374906274
1634597836.56	300	59.458236	0.0	439658	68	0.3	17.316	0	826	59.98500374906274
1634597840.31	300	59.795924	0.0	427305	72	0.3	21.318	0	1066	59.970014992503714
1634597844.55	300	59.521998	0.0	418162	68	0.3	25.319	0	1306	59.98500374906277
1634597848.32	300	59.826546	0.0	428282	80	0.3	29.319	0	1546	60
1634597852.55	300	59.553948	0.0	427342	63	0.3	33.319	0	1786	59.99999999999995
1634597856.31	300	59.863588	0.0	439784	73	0.3	37.32	0	2026	59.98500374906277
1634597860.55	300	59.589834	0.0	424118	79	0.3	41.319	0	2266	60.0150037509377
1634597864.29	300	59.883477	0.0	429401	69	0.3	45.32	0	2506	59.98500374906277
1634597868.51	300	59.625846	0.0	421101	70	0.3	49.32	0	2746	60
1634597872.2	300	59.941415	0.0	440588	48	0.3	53.32	0	2986	60
1634597876.4	300	59.687481	0.0	454532	75	0.3	57.321	0	3226	59.98500374906277
1634597880.12	300	59.9925	0.0	413236	70	0.3	61.321	0	3466	60
1634597884.34	300	59.737761	0.0	449077	71	0.3	65.321	0	3706	60
1634597888.56	300	59.466667	0.0	454485	69	0.3	69.322	0	3946	59.98500374906266
1634597892.27	300	59.770016	0.0	414614	39	0.3	73.322	0	4186	60
1634597896.47	300	59.511063	0.0	439642	67	0.3	77.322	0	4426	60
1634597900.25	300	59.809354	0.0	443772	85	0.3	81.322	0	4666	60
1634597904.45	300	59.589446	0.0	422133	52	0.3	85.322	0	4906	60
1634597908.17	300	59.896421	0.0	398606	64	0.3	89.322	0	5146	60
1634597912.39	300	59.662836	0.0	399361	75	0.3	93.327	0	5386	59.92509363295887
1634597916.1	300	59.961494	0.0	418002	65	0.3	97.341	0	5627	60.03986048829105
1634597920.31	300	59.7	0.0	454350	77	0.3	101.342	0	5867	59.98500374906266
1634597924.55	300	59.434995	0.0	443556	71	0.3	105.342	0	6107	60
1634597928.28	300	59.726743	0.0	470803	75	0.3	109.343	0	6347	59.98500374906266
1634597932.51	300	59.46915	0.0	451385	82	0.3	113.343	0	6587	60
1634597936.19	300	59.785851	0.0	459078	70	0.3	117.344	0	6828	60.23494126468397
1634597940.37	300	59.810201	0.0	439363	67	0.3	121.344	0	7067	59.75
