1634567936.02	750	4	0.805	3409329	618	-3.4565	0	0	0	0
1634567936.98	2850	8	0.0	4109292	702	0.75	0	0	0	0
1634567937.91	2850	11.75	0.0	4208764	707	2.85	0	0	0	0
1634567939.05	2850	14.633334	0.0	4152807	884	2.85	5.27	4	67	0
1634567940.03	2850	17.65	0.0	4223571	759	2.85	5.27	4	67	0
1634567941.01	2850	20.7	0.0	4136789	712	2.85	5.27	4	67	0
1634567942.01	2850	23.716667	0.0	4145327	655	2.85	5.27	4	67	0
1634567942.93	2850	26.766667	0.0	4052604	666	2.85	9.27	38	307	51.5
1634567943.76	2850	29.916667	0.0	3713120	559	2.85	9.27	38	307	51.5
1634567944.72	2850	32.983334	0.0	4133696	667	2.85	9.27	38	307	51.5
1634567945.62	2850	36.083334	0.0	3980239	621	2.85	9.27	38	307	51.5
1634567946.4	2850	39.25	0.0	3657565	556	2.85	9.27	38	307	51.5
1634567947.2	2850	42.466667	0.0	3583686	574	2.85	13.27	68	547	52.5
1634567947.99	2850	45.65	0.0	3671100	563	2.85	13.27	68	547	52.5
1634567949.05	2850	48.65	0.0	4396316	761	2.85	13.27	68	547	52.5
1634567949.94	2850	51.75	0.0	3912179	631	2.85	13.27	68	547	52.5
1634567950.89	2850	54.783334	0.0	4091282	709	2.85	17.273	86	787	55.45840619535348
