1634596638.38	750	4	0.332	1348025	213	-1.4226	0	0	0	0
1634596638.82	1200	8	0.0	1461552	231	0.75	0	0	0	0
1634596639.23	1200	11.791985	0.0	1497347	279	1.2	0	0	0	0
1634596639.63	1200	15.388623	0.0	1497151	244	1.2	0	0	0	0
1634596640.08	1200	18.95	0.0	1500642	252	1.2	0	0	0	0
1634596640.48	1200	22.54037	0.0	1415806	240	1.2	0	0	0	0
1634596640.95	1200	26.083334	0.0	1526374	261	1.2	0	0	0	0
1634596641.36	1200	29.650634	0.0	1458651	227	1.2	0	0	0	0
1634596641.73	1200	33.288242	0.0	1416629	230	1.2	4.633	5	162	0
1634596642.2	1200	36.85	0.0	1455680	237	1.2	4.633	5	162	0
1634596642.61	1200	40.4	0.0	1468719	235	1.2	4.633	5	162	0
1634596642.98	1200	44.033665	0.0	1417021	225	1.2	4.633	5	162	0
1634596643.41	1200	47.589883	0.0	1458794	255	1.2	4.633	5	162	0
1634596643.82	1200	51.184926	0.0	1458259	231	1.2	4.633	5	162	0
1634596644.22	1200	54.781007	0.0	1487239	246	1.2	4.633	5	162	0
1634596644.62	1200	58.383334	0.0	1459670	235	1.2	4.633	5	162	0
1634596647.54	1200	59.495725	0.0	1513781	242	1.2	8.633	7	402	59.500000000000014
1634596651.49	1200	59.54679	0.0	1480432	240	1.2	12.632	7	642	60.01500375093772
1634596655.46	1200	59.564519	0.0	1537900	252	1.2	16.633	8	882	59.73506623344165
1634596659.4	1200	59.861084	0.0	1503057	246	1.2	20.633	8	1122	60
1634596663.31	1200	59.885994	0.0	1447121	239	1.2	24.638	8	1362	59.92509363295876
1634596667.27	1200	59.908092	0.0	1510054	222	1.2	28.636	8	1602	60.03001500750379
1634596671.25	1200	59.922092	0.0	1517434	259	1.2	32.636	9	1842	59.74999999999995
1634596675.19	1200	59.936107	0.0	1490166	204	1.2	36.637	9	2082	59.98500374906277
1634596679.65	1200	59.450191	0.0	1451026	235	1.2	40.636	9	2322	60.0150037509377
1634596683.57	1200	59.480689	0.0	1447249	229	1.2	44.637	9	2562	59.98500374906277
1634596687.53	1200	59.492206	0.0	1480049	220	1.2	48.637	11	2802	59.5
1634596691.45	1200	59.793208	0.0	1475389	232	1.2	52.637	11	3042	60
1634596695.4	1200	59.808881	0.0	1594426	254	1.2	56.638	11	3282	59.98500374906277
1634596699.36	1200	59.822643	0.0	1445128	247	1.2	60.638	13	3522	59.5
1634596703.39	1200	59.839105	0.0	1538455	271	1.2	64.639	13	3762	59.98500374906277
1634596707.3	1200	59.906698	0.0	1603269	240	1.2	68.639	13	4002	60
1634596711.26	1200	59.923493	0.0	1447021	247	1.2	72.639	13	4242	60
1634596715.25	1200	59.935953	0.0	1545473	261	1.2	76.639	14	4482	59.75
1634596719.17	1200	59.946211	0.0	1455383	219	1.2	80.64	14	4722	59.98500374906266
1634596723.14	1200	59.951186	0.0	1546087	246	1.2	84.64	14	4962	60
1634596727.07	1200	59.964579	0.0	1404300	238	1.2	88.639	14	5202	60.01500375093781
1634596731.49	1200	59.682151	0.0	1350682	215	1.2	92.64	14	5442	59.98500374906266
1634596735.48	1200	59.69431	0.0	1454743	237	1.2	96.641	14	5682	59.98500374906266
1634596739.42	1200	59.754004	0.0	1455864	233	1.2	100.64	14	5922	60.01500375093781
1634596743.36	1200	59.764046	0.0	1458942	208	1.2	104.641	14	6162	59.98500374906266
1634596747.27	1200	59.783467	0.0	1475192	217	1.2	108.641	14	6402	60
1634596751.2	1200	59.800577	0.0	1519778	236	1.2	112.641	14	6642	60
1634596755.64	1200	59.535983	0.0	1556293	257	1.2	116.642	14	6882	59.98500374906288
1634596759.57	1200	59.589703	0.0	1475264	222	1.2	120.642	15	7122	59.75
