1634589268.99	750	4	0.342	1348025	187	-1.4655999999999998	0	0	0	0
1634589269.47	1200	8	0.0	1461552	221	0.75	0	0	0	0
1634589269.83	1200	12	0.0	1497347	231	1.2	0	0	0	0
1634589270.23	1200	16	0.0	1497151	263	1.2	0	0	0	0
1634589270.66	1200	19.917407	0.0	1500642	296	1.2	0	0	0	0
1634589271.03	1200	23.513877	0.0	1415806	233	1.2	0	0	0	0
1634589271.47	1200	27.110194	0.0	1526374	260	1.2	0	0	0	0
1634589271.88	1200	30.683334	0.0	1458651	232	1.2	0	0	0	0
1634589272.24	1200	34.302713	0.0	1416629	231	1.2	5.344	1	96	0
1634589272.78	1200	37.777178	0.0	1455680	284	1.2	5.344	1	96	0
1634589273.18	1200	41.367782	0.0	1468719	239	1.2	5.344	1	96	0
1634589273.58	1200	44.983334	0.0	1417021	231	1.2	5.344	1	96	0
1634589273.99	1200	48.560729	0.0	1458794	252	1.2	5.344	1	96	0
1634589274.47	1200	52.114469	0.0	1458259	319	1.2	5.344	1	96	0
1634589274.89	1200	55.671221	0.0	1487239	242	1.2	5.344	1	96	0
1634589275.32	1200	59.25	0.0	1459670	240	1.2	5.344	1	96	0
1634589279.29	1200	59.441564	0.0	1513781	261	1.2	9.343	6	336	58.764691172793206
1634589283.27	1200	59.462549	0.0	1480432	229	1.2	13.343	7	576	59.75
1634589287.22	1200	59.502829	0.0	1537900	201	1.2	17.344	8	816	59.73506623344162
1634589291.18	1200	59.522221	0.0	1503057	233	1.2	21.344	8	1056	60
1634589295.08	1200	59.593624	0.0	1447121	183	1.2	25.344	8	1296	60
1634589299.05	1200	59.617192	0.0	1510054	247	1.2	29.345	8	1536	59.98500374906277
1634589303.29	1200	59.602516	0.0	1517434	269	1.2	33.345	8	1776	60
1634589306.98	1200	59.912039	0.0	1490166	260	1.2	37.348	10	2016	59.455408443667245
1634589310.95	1200	59.704187	0.0	1451026	256	1.2	41.358	10	2257	60.09975062344142
1634589314.89	1200	59.736056	0.0	1447249	230	1.2	45.353	11	2497	59.824780976220204
1634589318.86	1200	59.750175	0.0	1480049	283	1.2	49.347	12	2736	59.58938407611417
1634589322.87	1200	59.77541	0.0	1475389	300	1.2	53.349	13	2976	59.72013993003505
