1634591855.53	750	4	0.579	2352295	395	-2.4847	0	0	0	0
1634591856.21	2850	8	0.0	2695463	339	0.75	0	0	0	0
1634591856.9	2850	12	0.0	2691416	493	2.85	0	0	0	0
1634591857.57	2850	15.745175	0.0	2698966	421	2.85	0	0	0	0
1634591858.27	2850	19.01859	0.0	3054744	512	2.85	0	0	0	0
1634591858.94	2850	22.373621	0.0	3082641	489	2.85	5.318	0	34	0
1634591859.63	2850	25.687736	0.0	3085527	511	2.85	5.318	0	34	0
1634591860.3	2850	29.002416	0.0	2917405	466	2.85	5.318	0	34	0
1634591860.88	2850	32.437148	0.0	2163184	372	2.85	5.318	0	34	0
1634591861.54	2850	35.790013	0.0	2697447	448	2.85	5.318	0	34	0
1634591862.16	2850	39.144427	0.0	2539930	442	2.85	5.318	0	34	0
1634591862.8	2850	42.539394	0.0	2598995	406	2.85	9.317	0	154	30.00750187546886
1634591863.43	2850	45.893562	0.0	2362663	418	2.85	9.317	0	154	30.00750187546886
1634591864.09	2850	49.247186	0.0	2550338	439	2.85	9.317	0	154	30.00750187546886
1634591864.75	2850	52.561014	0.0	2718005	435	2.85	9.317	0	154	30.00750187546886
1634591865.39	2850	55.91451	0.0	2612918	438	2.85	9.317	0	154	30.00750187546886
1634591866.01	2850	59.308583	0.0	2716616	405	2.85	9.317	0	154	30.00750187546886
1634591869.69	2850	59.873519	0.0	2560410	432	2.85	13.317	0	274	30
