1634597345.23	750	4	0.187	519773	110	-0.7991	0	0	0	0
1634597345.46	750	8	0.0	563743	95	0.75	0	0	0	0
1634597345.7	750	12	0.0	557560	101	0.75	0	0	0	0
1634597345.95	750	15.837144	0.0	562449	101	0.75	0	0	0	0
1634597346.17	750	19.554995	0.0	642669	92	0.75	0	0	0	0
1634597346.37	750	23.353096	0.0	565799	83	0.75	0	0	0	0
1634597346.57	750	27.150892	0.0	553943	91	0.75	0	0	0	0
1634597346.76	750	30.989348	0.0	572526	83	0.75	0	0	0	0
1634597347.0	750	34.74585	0.0	586914	107	0.75	0	0	0	0
1634597347.24	750	38.503066	0.0	544162	97	0.75	0	0	0	0
1634597347.43	750	42.3	0.0	580100	88	0.75	0	0	0	0
1634597347.66	750	46.055735	0.0	568055	92	0.75	0	0	0	0
1634597347.88	750	49.853995	0.0	574364	94	0.75	0	0	0	0
1634597348.09	750	53.651753	0.0	568805	83	0.75	0	0	0	0
1634597348.3	750	57.45	0.0	586886	95	0.75	0	0	0	0
1634597350.02	750	59.825639	0.0	574974	89	0.75	4.601	0	176	0
1634597354.28	750	59.550372	0.0	602967	103	0.75	8.601	0	416	59.999999999999986
1634597358.03	750	59.854611	0.0	557010	95	0.75	12.601	0	656	60
1634597362.27	750	59.632077	0.0	604882	91	0.75	16.602	0	896	59.98500374906274
1634597366.05	750	59.930394	0.0	595562	85	0.75	20.62	0	1137	59.980089596814324
1634597370.3	750	59.656428	0.0	569334	98	0.75	24.621	0	1377	59.98500374906277
1634597374.08	750	59.680416	0.0	590495	99	0.75	28.622	0	1617	59.98500374906271
1634597377.82	750	59.985135	0.0	597755	93	0.75	32.621	0	1857	60.0150037509377
1634597382.08	750	59.728792	0.0	596132	122	0.75	36.622	0	2097	59.98500374906277
1634597386.36	750	59.472017	0.0	578308	93	0.75	40.622	0	2338	60.25
1634597390.14	750	59.806218	0.0	585221	90	0.75	44.622	0	2578	60
1634597393.89	750	59.830487	0.0	576292	110	0.75	48.621	0	2818	60.0150037509377
1634597398.12	750	59.611619	0.0	599693	101	0.75	52.622	0	3058	59.98500374906277
1634597401.95	750	59.907128	0.0	606614	107	0.75	56.623	0	3298	59.98500374906277
1634597406.19	750	59.638822	0.0	557031	96	0.75	60.624	0	3538	59.98500374906266
1634597409.91	750	59.946238	0.0	592360	89	0.75	64.624	0	3778	60.00000000000011
1634597414.19	750	59.683334	0.0	618972	103	0.75	68.625	0	4018	59.98500374906266
1634597417.97	750	59.979483	0.0	576161	103	0.75	72.625	0	4258	60
1634597421.78	750	59.997484	0.0	616169	99	0.75	76.627	0	4498	59.97001499250382
1634597426.08	750	59.730934	0.0	601096	106	0.75	80.626	0	4738	60.015003750937595
1634597430.32	750	59.467387	0.0	589398	90	0.75	84.627	0	4978	59.98500374906288
1634597434.09	750	59.769898	0.0	552073	92	0.75	88.627	0	5218	60
1634597438.36	750	59.505613	0.0	547291	91	0.75	92.628	0	5458	59.98500374906266
1634597442.11	750	59.811454	0.0	578974	86	0.75	96.628	0	5698	60
1634597446.39	750	59.539038	0.0	595429	91	0.75	100.628	0	5938	60
1634597450.17	750	59.845708	0.0	576032	84	0.75	104.628	0	6178	60
1634597453.94	750	59.866667	0.0	620837	104	0.75	108.631	0	6418	59.95503372470647
1634597458.17	750	59.6	0.0	596051	101	0.75	112.631	0	6658	60
1634597461.91	750	59.938959	0.0	614627	84	0.75	116.632	0	6898	59.98500374906266
1634597466.13	750	59.671635	0.0	579381	87	0.75	120.632	0	7138	60
