1634574323.31	750	4	0.139	341125	56	-0.5926999999999999	0	0	0	0
1634574323.49	750	8	0.0	368384	83	0.75	0	0	0	0
1634574323.67	750	12	0.0	361115	68	0.75	0	0	0	0
1634574323.82	750	16	0.0	351432	34	0.75	0	0	0	0
1634574324.04	750	19.833636	0.0	415108	90	0.75	0	0	0	0
1634574324.2	750	23.672089	0.0	405152	76	0.75	0	0	0	0
1634574324.38	750	27.510896	0.0	418745	85	0.75	0	0	0	0
1634574324.57	750	31.309271	0.0	422888	71	0.75	0	0	0	0
1634574324.73	750	35.147712	0.0	332222	52	0.75	0	0	0	0
1634574324.94	750	38.946067	0.0	390526	85	0.75	0	0	0	0
1634574325.13	750	42.743883	0.0	394909	63	0.75	0	0	0	0
1634574325.32	750	46.542394	0.0	391304	70	0.75	0	0	0	0
1634574325.5	750	50.380835	0.0	354894	47	0.75	0	0	0	0
1634574325.68	750	54.178477	0.0	377564	59	0.75	0	0	0	0
1634574325.87	750	58.01724	0.0	396139	64	0.75	0	0	0	0
1634574328.61	750	59.454517	0.0	398301	60	0.75	4.651	0	88	0
1634574332.43	750	59.745579	0.0	411967	64	0.75	8.65	0	208	30.00750187546886
1634574336.16	750	59.752408	0.0	371247	62	0.75	12.651	0	328	29.99250187453137
1634574340.45	750	59.521974	0.0	416520	97	0.75	16.65	0	448	30.007501875468876
1634574344.17	750	59.81384	0.0	408407	89	0.75	20.651	0	568	29.992501874531357
1634574348.39	750	59.541604	0.0	403983	83	0.75	24.65	0	688	30.007501875468876
1634574352.11	750	59.842673	0.0	369757	57	0.75	28.651	0	808	29.992501874531357
1634574356.34	750	59.605826	0.0	404235	73	0.75	32.652	0	928	29.992501874531357
1634574360.07	750	59.901383	0.0	418487	87	0.75	36.692	0	1049	29.95049504950496
1634574364.31	750	59.662455	0.0	416581	72	0.75	40.696	0	1170	30.219780219780237
1634574368.07	750	59.959092	0.0	404280	86	0.75	44.692	0	1290	30.030030030030012
1634574372.28	750	59.718396	0.0	413252	65	0.75	48.692	0	1409	29.75
1634574376.48	750	59.47947	0.0	399762	59	0.75	52.692	0	1529	30
1634574380.25	750	59.819817	0.0	438319	87	0.75	56.693	0	1649	29.992501874531385
1634574384.44	750	59.551541	0.0	371901	58	0.75	60.694	0	1770	30.242439390152427
1634574388.2	750	59.851073	0.0	404985	84	0.75	64.695	0	1890	29.99250187453144
1634574392.49	750	59.579925	0.0	419455	64	0.75	68.701	0	2010	29.955067398901647
1634574396.23	750	59.871241	0.0	389992	73	0.75	72.702	0	2130	29.99250187453133
1634574399.99	750	59.894225	0.0	447110	94	0.75	76.702	0	2250	30
1634574404.24	750	59.897533	0.0	428402	82	0.75	80.703	0	2370	29.99250187453133
1634574407.99	750	59.909041	0.0	430629	78	0.75	84.704	0	2490	29.99250187453144
1634574412.22	750	59.91784	0.0	399369	57	0.75	88.704	0	2610	30
1634574415.96	750	59.922768	0.0	388328	79	0.75	92.704	0	2730	30
1634574420.24	750	59.65559	0.0	391315	56	0.75	96.704	0	2850	30
1634574424.0	750	59.955467	0.0	404526	68	0.75	100.704	0	2970	30
1634574428.24	750	59.687197	0.0	396577	69	0.75	104.704	0	3090	30
1634574432.49	750	59.485792	0.0	403873	49	0.75	108.705	0	3210	29.99250187453133
1634574436.29	750	59.82723	0.0	389389	75	0.75	112.705	0	3330	30
1634574440.48	750	59.556712	0.0	399698	68	0.75	116.705	0	3450	30
1634574444.22	750	59.856892	0.0	380869	67	0.75	120.735	0	3571	30.02481389578163
