1634579776.64	750	4	0.253	831922	132	-1.0829	0	0	0	0
1634579776.94	1200	8	0.0	886242	152	0.75	0	0	0	0
1634579777.19	1200	12	0.0	897501	100	1.2	0	0	0	0
1634579777.46	1200	16	0.0	860360	146	1.2	0	0	0	0
1634579777.76	1200	20	0.0	979231	187	1.2	0	0	0	0
1634579778.09	1200	23.950993	0.0	946205	159	1.2	0	0	0	0
1634579778.4	1200	27.628824	0.0	984003	165	1.2	0	0	0	0
1634579778.77	1200	31.264852	0.0	995218	168	1.2	0	0	0	0
1634579779.22	1200	35.022974	0.0	787199	121	1.2	0	0	0	0
1634579779.51	1200	38.495683	0.0	938351	146	1.2	0	0	0	0
1634579779.97	1200	42.052374	0.0	924632	238	1.2	5.246	0	53	0
1634579780.26	1200	45.768676	0.0	914478	154	1.2	5.246	0	53	0
1634579780.57	1200	49.446712	0.0	843854	152	1.2	5.246	0	53	0
1634579780.83	1200	53.20509	0.0	885779	137	1.2	5.246	0	53	0
1634579781.14	1200	56.88171	0.0	947769	154	1.2	5.246	0	53	0
1634579782.44	1200	59.74402	0.0	919643	150	1.2	5.246	0	53	0
1634579786.34	1200	59.762338	0.0	949024	141	1.2	9.246	0	173	30
1634579790.65	1200	59.491894	0.0	878532	143	1.2	13.246	0	293	30
1634579794.53	1200	59.552139	0.0	991165	150	1.2	17.247	0	413	29.99250187453137
1634579798.4	1200	59.836937	0.0	996180	158	1.2	21.247	0	533	30
1634579802.21	1200	59.848518	0.0	974291	158	1.2	25.248	0	653	29.992501874531357
1634579806.58	1200	59.56691	0.0	886731	142	1.2	29.247	0	773	30.007501875468876
1634579810.46	1200	59.582841	0.0	986318	178	1.2	33.249	0	893	29.985007496251857
1634579814.27	1200	59.918713	0.0	958557	140	1.2	37.25	0	1013	29.992501874531385
1634579818.12	1200	59.925997	0.0	995799	180	1.2	41.25	0	1133	30
1634579822.44	1200	59.69583	0.0	940136	153	1.2	45.251	0	1253	29.992501874531385
1634579826.31	1200	59.753692	0.0	989191	220	1.2	49.251	0	1373	30
1634579830.67	1200	59.500225	0.0	964221	166	1.2	53.251	0	1493	30
1634579834.54	1200	59.516834	0.0	1079824	134	1.2	57.253	0	1613	29.985007496251857
1634579838.31	1200	59.815884	0.0	860712	132	1.2	61.252	0	1733	30.00750187546885
1634579842.65	1200	59.561002	0.0	947460	153	1.2	65.252	0	1853	30.000000000000053
1634579846.56	1200	59.612732	0.0	984252	162	1.2	69.253	0	1973	29.99250187453133
1634579850.4	1200	59.625153	0.0	918770	113	1.2	73.253	0	2093	30
1634579854.23	1200	59.918557	0.0	999452	161	1.2	77.253	0	2213	30
1634579858.56	1200	59.651449	0.0	960631	146	1.2	81.254	0	2333	29.99250187453133
1634579862.42	1200	59.667929	0.0	1045458	165	1.2	85.257	0	2453	29.977516862353234
1634579866.26	1200	59.972629	0.0	926993	152	1.2	89.258	0	2573	29.99250187453144
1634579870.08	1200	59.994246	0.0	910046	144	1.2	93.258	0	2693	30
1634579874.43	1200	59.727052	0.0	942012	147	1.2	97.258	0	2813	30
1634579878.28	1200	59.781656	0.0	906955	137	1.2	101.258	0	2933	30
1634579882.64	1200	59.544712	0.0	914647	189	1.2	105.26	0	3053	29.985007496251804
1634579886.49	1200	59.546369	0.0	945230	155	1.2	109.261	0	3173	29.99250187453144
1634579890.28	1200	59.905694	0.0	939882	149	1.2	113.26	0	3293	30.007501875468797
1634579894.09	1200	59.933334	0.0	1008520	168	1.2	117.26	0	3413	30
1634579898.42	1200	59.693569	0.0	951407	166	1.2	121.26	0	3533	30
