1634599931.26	750	4	0.268	831922	160	-1.1473999999999998	0	0	0	0
1634599931.55	1200	8	0.0	886242	149	0.75	0	0	0	0
1634599931.83	1200	12	0.0	897501	147	1.2	0	0	0	0
1634599932.12	1200	15.752959	0.0	860360	138	1.2	0	0	0	0
1634599932.45	1200	19.430989	0.0	979231	180	1.2	0	0	0	0
1634599932.71	1200	23.149086	0.0	946205	145	1.2	0	0	0	0
1634599933.0	1200	26.867071	0.0	984003	169	1.2	0	0	0	0
1634599933.3	1200	30.584229	0.0	995218	145	1.2	0	0	0	0
1634599933.58	1200	34.30162	0.0	787199	131	1.2	0	0	0	0
1634599933.86	1200	38.01834	0.0	938351	145	1.2	0	0	0	0
1634599934.14	1200	41.735422	0.0	924632	160	1.2	0	0	0	0
1634599934.44	1200	45.452168	0.0	914478	150	1.2	0	0	0	0
1634599934.8	1200	49.087468	0.0	843854	202	1.2	4.624	0	83	0
1634599935.24	1200	52.764898	0.0	885779	147	1.2	4.624	0	83	0
1634599935.54	1200	56.321303	0.0	947769	129	1.2	4.624	0	83	0
1634599936.38	1200	59.55379	0.0	919643	153	1.2	4.624	0	83	0
1634599940.19	1200	59.854243	0.0	949024	145	1.2	8.623	0	203	30.00750187546887
1634599944.13	1200	59.871227	0.0	878532	148	1.2	12.623	0	323	30
1634599948.04	1200	59.90805	0.0	991165	155	1.2	16.623	0	443	29.999999999999986
1634599952.46	1200	59.461428	0.0	996180	151	1.2	20.623	0	563	30
1634599956.4	1200	59.480808	0.0	974291	174	1.2	24.623	0	683	30
1634599960.23	1200	59.772857	0.0	886731	141	1.2	28.623	0	803	30
1634599964.09	1200	59.788118	0.0	986318	153	1.2	32.624	0	923	29.992501874531357
1634599968.42	1200	59.496779	0.0	958557	153	1.2	36.624	0	1043	30
1634599972.29	1200	59.798099	0.0	995799	153	1.2	40.625	0	1163	29.992501874531385
1634599976.17	1200	59.802667	0.0	940136	154	1.2	44.631	0	1283	29.955067398901647
1634599980.51	1200	59.529451	0.0	989191	170	1.2	48.631	0	1403	30
1634599984.42	1200	59.570674	0.0	964221	161	1.2	52.631	0	1523	30
1634599988.27	1200	59.620465	0.0	1079824	174	1.2	56.631	0	1643	30
1634599992.12	1200	59.917159	0.0	860712	135	1.2	60.632	0	1763	29.992501874531385
1634599995.98	1200	59.927396	0.0	947460	159	1.2	64.633	0	1883	29.992501874531385
1634600000.34	1200	59.686477	0.0	984252	170	1.2	68.633	0	2003	30
1634600004.23	1200	59.773512	0.0	918770	148	1.2	72.633	0	2123	30
1634600008.58	1200	59.500186	0.0	999452	163	1.2	76.634	0	2243	29.99250187453133
1634600012.4	1200	59.54042	0.0	960631	148	1.2	80.635	0	2363	29.99250187453133
1634600016.31	1200	59.836937	0.0	1045458	169	1.2	84.635	0	2483	30
1634600020.15	1200	59.852973	0.0	926993	151	1.2	88.636	0	2603	29.99250187453144
1634600024.47	1200	59.617556	0.0	910046	147	1.2	92.636	0	2723	30
1634600028.3	1200	59.626072	0.0	942012	150	1.2	96.637	0	2843	29.99250187453133
1634600032.18	1200	59.925933	0.0	906955	178	1.2	100.636	0	2963	30.007501875468904
1634600036.0	1200	59.983238	0.0	914647	141	1.2	104.637	0	3083	29.99250187453133
1634600040.33	1200	59.738697	0.0	945230	131	1.2	108.637	0	3203	30
1634600044.14	1200	59.744187	0.0	939882	154	1.2	112.638	0	3323	29.99250187453133
1634600048.45	1200	59.468489	0.0	1008520	157	1.2	116.637	0	3443	30.007501875468904
1634600052.28	1200	59.767289	0.0	951407	156	1.2	120.638	0	3563	29.99250187453133
