1634582535.34	750	4	0.647	2364266	487	-2.7771	0	0	0	0
1634582536.02	1850	8	0.0	2702234	449	0.75	0	0	0	0
1634582536.73	1850	11.35	0.0	2698759	462	1.85	0	0	0	0
1634582537.44	1850	14.633334	0.0	2726329	485	1.85	0	0	0	0
1634582538.16	1850	17.95	0.0	2796160	456	1.85	0	0	0	0
1634582538.91	1850	21.166893	0.0	2703878	541	1.85	4.694	21	136	0
1634582539.55	1850	24.516667	0.0	2747707	433	1.85	4.694	21	136	0
1634582540.19	1850	27.883334	0.0	2590022	425	1.85	4.694	21	136	0
1634582540.79	1850	31.269773	0.0	2440705	405	1.85	4.694	21	136	0
1634582541.43	1850	34.633334	0.0	2706304	441	1.85	4.694	21	136	0
1634582542.08	1850	38	0.0	2616156	432	1.85	4.694	21	136	0
1634582542.72	1850	41.366667	0.0	2484837	401	1.85	8.693	37	376	56.014003500875226
1634582543.33	1850	44.75	0.0	2520833	399	1.85	8.693	37	376	56.014003500875226
1634582543.91	1850	48.158164	0.0	2450375	386	1.85	8.693	37	376	56.014003500875226
1634582544.53	1850	51.533334	0.0	2648021	415	1.85	8.693	37	376	56.014003500875226
1634582545.18	1850	54.9	0.0	2584938	422	1.85	8.693	37	376	56.014003500875226
1634582545.84	1850	58.233334	0.0	2753591	427	1.85	8.693	37	376	56.014003500875226
1634582548.52	1850	59.58051	0.0	2590312	437	1.85	12.695	55	616	55.47226386806596
1634582552.25	1850	59.879728	0.0	2803841	464	1.85	16.695	62	856	58.25
1634582556.49	1850	59.613433	0.0	2702423	469	1.85	20.695	66	1096	59
1634582560.18	1850	59.916667	0.0	2667915	452	1.85	24.696	68	1336	59.48512871782053
1634582564.42	1850	59.646855	0.0	2656424	425	1.85	28.696	73	1576	58.75
1634582568.12	1850	59.956522	0.0	2700847	438	1.85	32.696	74	1816	59.75000000000005
1634582572.34	1850	59.969266	0.0	2710093	433	1.85	36.697	82	2056	57.98550362409391
1634582576.54	1850	59.700637	0.0	2634927	413	1.85	40.696	87	2296	58.76469117279327
1634582580.74	1850	59.434087	0.0	2610609	421	1.85	44.697	88	2536	59.73506623344157
1634582584.42	1850	59.75	0.0	2679192	429	1.85	48.697	90	2776	59.5
1634582588.59	1850	59.487989	0.0	2702866	437	1.85	52.697	92	3016	59.5
1634582592.35	1850	59.797973	0.0	2926779	479	1.85	56.697	96	3256	59
1634582596.53	1850	59.571371	0.0	2512972	416	1.85	60.698	99	3496	59.23519120219949
1634582600.24	1850	59.878297	0.0	2642993	437	1.85	64.698	103	3736	59.00000000000011
1634582604.47	1850	59.612678	0.0	2839732	461	1.85	68.698	112	3976	57.75
1634582608.16	1850	59.952653	0.0	2585927	420	1.85	72.698	116	4216	59
1634582612.36	1850	59.728792	0.0	2751950	434	1.85	76.698	119	4456	59.25
1634582616.56	1850	59.493587	0.0	2616237	399	1.85	80.7	139	4696	54.9725137431283
1634582620.73	1850	59.511457	0.0	2815780	448	1.85	84.7	142	4936	59.25
1634582624.41	1850	59.82267	0.0	2502589	385	1.85	88.699	145	5176	59.26481620405109
1634582628.59	1850	59.553703	0.0	2492428	379	1.85	92.7	149	5416	58.98525368657828
1634582632.3	1850	59.862408	0.0	2702509	440	1.85	96.701	153	5656	58.985253686578496
1634582636.44	1850	59.63773	0.0	2644520	415	1.85	100.702	154	5896	59.73506623344157
1634582640.17	1850	59.943956	0.0	2669148	470	1.85	104.701	156	6136	59.51487871967999
1634582644.35	1850	59.962715	0.0	2592380	416	1.85	108.702	159	6376	59.23519120219938
1634582648.51	1850	59.7	0.0	2699169	448	1.85	112.702	160	6616	59.75
1634582652.74	1850	59.473518	0.0	2735368	463	1.85	116.702	162	6856	59.5
1634582656.38	1850	59.821321	0.0	2575922	403	1.85	120.703	166	7096	58.98525368657828
