1634569109.6	750	4	0.845	3409329	655	-3.6285000000000003	0	0	0	0
1634569110.55	2850	7.8	0.0	4109292	694	0.75	0	0	0	0
1634569111.49	2850	10.883334	0.0	4208764	678	2.85	0	0	0	0
1634569112.45	2850	13.933334	0.0	4152807	688	2.85	4.563	18	123	0
1634569113.44	2850	16.9	0.0	4223571	762	2.85	4.563	18	123	0
1634569114.47	2850	19.866667	0.0	4136789	782	2.85	4.563	18	123	0
1634569115.41	2850	22.916667	0.0	4145327	697	2.85	4.563	18	123	0
1634569116.39	2850	25.966667	0.0	4052604	741	2.85	8.568	46	365	53.433208489388264
1634569117.29	2850	29.066667	0.0	3713120	656	2.85	8.568	46	365	53.433208489388264
1634569118.41	2850	32	0.0	4133696	792	2.85	8.568	46	365	53.433208489388264
1634569119.35	2850	35	0.0	3980239	661	2.85	8.568	46	365	53.433208489388264
1634569120.29	2850	38.05	0.0	3657565	698	2.85	8.568	46	365	53.433208489388264
1634569121.15	2850	41.183334	0.0	3583686	641	2.85	12.569	80	606	51.737065733566595
1634569122.11	2850	44.333334	0.0	3671100	622	2.85	12.569	80	606	51.737065733566595
1634569123.1	2850	47.25	0.0	4396316	713	2.85	12.569	80	606	51.737065733566595
1634569123.96	2850	50.366667	0.0	3912179	651	2.85	12.569	80	606	51.737065733566595
1634569124.84	2850	53.483334	0.0	4091282	673	2.85	16.568	104	846	54.01350337584395
1634569125.84	2850	56.516667	0.0	3778762	756	2.85	16.568	104	846	54.01350337584395
1634569126.81	2850	59.566667	0.0	4120325	709	2.85	16.568	104	846	54.01350337584395
1634569130.78	2850	59.60808	0.0	4313705	704	2.85	20.568	130	1086	53.5
1634569134.81	2850	59.624716	0.0	4244508	719	2.85	24.572	139	1326	57.69230769230772
1634569138.86	2850	59.606464	0.0	4192065	709	2.85	28.572	149	1566	57.5
1634569142.49	2850	59.908502	0.0	4272707	836	2.85	32.573	160	1806	57.235691077230676
1634569146.66	2850	59.686028	0.0	4387810	863	2.85	36.574	172	2046	56.985753561609634
1634569150.76	2850	59.695583	0.0	4236760	804	2.85	40.574	180	2286	58
1634569154.33	2850	59.997252	0.0	4195178	728	2.85	44.575	188	2526	57.98550362409391
1634569159.01	2850	59.450231	0.0	4315675	869	2.85	48.575	199	2766	57.25
1634569162.75	2850	59.758439	0.0	4115897	868	2.85	52.575	208	3006	57.75
1634569166.72	2850	59.733438	0.0	4308050	2525	2.85	56.576	208	3246	59.98500374906277
1634569170.95	2850	59.472245	0.0	3780414	839	2.85	60.575	232	3486	54.01350337584393
1634569174.46	2850	59.847568	0.0	4174824	1157	2.85	64.576	232	3721	58.7353161709574
1634569178.87	2850	59.619852	0.0	4169509	1135	2.85	68.576	257	3967	55.25
1634569182.58	2850	59.91941	0.0	3792793	870	2.85	72.577	268	4207	57.235691077230626
1634569186.71	2850	59.695657	0.0	4047432	790	2.85	76.579	276	4447	57.97101449275369
1634569190.9	2850	59.471953	0.0	3950062	811	2.85	80.578	288	4687	57.01425356339071
1634569194.68	2850	59.813529	0.0	4362772	915	2.85	84.579	299	4927	57.235691077230825
1634569198.64	2850	59.79005	0.0	3992387	684	2.85	88.58	308	5167	57.73556610847281
1634569202.59	2850	59.813349	0.0	3790359	665	2.85	92.579	314	5407	58.51462865716436
1634569206.64	2850	59.79476	0.0	4013779	771	2.85	96.582	321	5647	58.206345241069194
1634569210.72	2850	59.566667	0.0	4009835	785	2.85	100.581	333	5887	57.01425356339071
1634569214.81	2850	59.622821	0.0	4256139	782	2.85	104.581	342	6127	57.75
1634569218.81	2850	59.600583	0.0	4171712	699	2.85	108.606	353	6368	57.14285714285727
1634569222.4	2850	59.908745	0.0	4205689	803	2.85	112.606	361	6608	58
1634569226.49	2850	59.928242	0.0	4365287	804	2.85	116.607	368	6848	58.235441139715
1634569230.48	2850	59.989176	0.0	3946300	693	2.85	120.607	375	7088	58.25
