1634595386.81	750	4	0.727	3409329	563	-3.1211	0	0	0	0
1634595387.71	2850	7.8	0.0	4109292	650	0.75	0	0	0	0
1634595388.65	2850	10.883334	0.0	4208764	675	2.85	0	0	0	0
1634595389.57	2850	13.916667	0.0	4152807	678	2.85	0	0	0	0
1634595390.53	2850	17.016667	0.0	4223571	700	2.85	4.609	15	135	0
1634595391.49	2850	20.083334	0.0	4136789	681	2.85	4.609	15	135	0
1634595392.37	2850	23.116667	0.0	4145327	655	2.85	4.609	15	135	0
1634595393.25	2850	26.266667	0.0	4052604	639	2.85	4.609	15	135	0
1634595394.24	2850	29.3	0.0	3713120	597	2.85	8.608	52	375	50.76269067266816
1634595395.18	2850	32.316667	0.0	4133696	716	2.85	8.608	52	375	50.76269067266816
1634595396.1	2850	35.433334	0.0	3980239	661	2.85	8.608	52	375	50.76269067266816
1634595397.03	2850	38.483334	0.0	3657565	681	2.85	8.608	52	375	50.76269067266816
1634595397.91	2850	41.633334	0.0	3583686	611	2.85	12.608	78	615	53.5
1634595398.73	2850	44.783334	0.0	3671100	578	2.85	12.608	78	615	53.5
1634595399.78	2850	47.816667	0.0	4396316	716	2.85	12.608	78	615	53.5
1634595400.69	2850	50.85	0.0	3912179	647	2.85	12.608	78	615	53.5
1634595401.56	2850	53.933334	0.0	4091282	652	2.85	12.608	78	615	53.5
1634595402.39	2850	57.1	0.0	3778762	616	2.85	16.608	131	855	46.75
1634595403.94	2850	59.744367	0.0	4120325	668	2.85	16.608	131	855	46.75
1634595407.96	2850	59.568103	0.0	4313705	717	2.85	20.609	164	1095	51.737065733566595
1634595411.95	2850	59.597723	0.0	4244508	680	2.85	24.609	173	1335	57.75
1634595415.95	2850	59.620704	0.0	4192065	667	2.85	28.609	185	1575	57
1634595419.95	2850	59.65	0.0	4272707	681	2.85	32.61	193	1815	57.98550362409401
1634595423.98	2850	59.624307	0.0	4387810	677	2.85	36.61	206	2055	56.75
1634595428.01	2850	59.593196	0.0	4236760	667	2.85	40.61	221	2295	56.25
1634595432.01	2850	59.612342	0.0	4195178	676	2.85	44.61	229	2535	58
1634595436.03	2850	59.594665	0.0	4315675	669	2.85	48.61	241	2775	57
1634595439.99	2850	59.614493	0.0	4115897	618	2.85	52.611	250	3015	57.735566108472916
1634595443.55	2850	59.956324	0.0	4308050	716	2.85	56.611	261	3255	57.25
1634595447.98	2850	59.733334	0.0	3780414	617	2.85	60.611	268	3495	58.25
1634595451.98	2850	59.75	0.0	4174824	673	2.85	64.611	276	3735	57.9999999999999
1634595456.01	2850	59.477746	0.0	4169509	691	2.85	68.624	283	3976	58.31049090456031
1634595459.93	2850	59.783334	0.0	3792793	613	2.85	72.626	292	4216	57.72113943028472
1634595463.89	2850	59.791797	0.0	4047432	644	2.85	76.626	299	4456	58.25
1634595467.84	2850	59.85646	0.0	3950062	631	2.85	80.626	308	4696	57.75
1634595471.86	2850	59.882259	0.0	4362772	702	2.85	84.627	318	4936	57.485628592851924
1634595475.8	2850	59.894994	0.0	3992387	633	2.85	88.627	329	5176	57.25
1634595479.7	2850	59.9218	0.0	3790359	612	2.85	92.627	334	5416	58.75
1634595483.69	2850	59.939199	0.0	4013779	652	2.85	96.628	342	5656	57.98550362409391
1634595487.62	2850	59.991742	0.0	4009835	606	2.85	100.628	353	5896	57.25
1634595492.11	2850	59.438413	0.0	4256139	669	2.85	104.628	360	6136	58.25
1634595496.11	2850	59.457491	0.0	4171712	676	2.85	108.632	372	6376	56.943056943056874
1634595500.1	2850	59.462184	0.0	4205689	706	2.85	112.632	379	6616	58.25
1634595504.07	2850	59.480408	0.0	4365287	703	2.85	116.632	386	6856	58.25
1634595508.02	2850	59.546288	0.0	3946300	648	2.85	120.632	400	7096	56.5
