1634572912.16	750	4	0.409	1562159	311	-1.7536999999999998	0	0	0	0
1634572912.62	1850	8	0.0	1791954	280	0.75	0	0	0	0
1634572913.08	1850	11.75508	0.0	1733238	308	1.85	0	0	0	0
1634572913.56	1850	15.270379	0.0	1695568	295	1.85	0	0	0	0
1634572914.1	1850	18.745703	0.0	1876072	313	1.85	0	0	0	0
1634572914.63	1850	22.220352	0.0	1864973	299	1.85	0	0	0	0
1634572915.14	1850	25.695216	0.0	1957023	320	1.85	0	0	0	0
1634572915.62	1850	29.210988	0.0	1854182	307	1.85	4.589	0	77	0
1634572916.07	1850	32.805775	0.0	1496997	299	1.85	4.589	0	77	0
1634572916.52	1850	36.320834	0.0	1833873	285	1.85	4.589	0	77	0
1634572916.98	1850	39.875475	0.0	1729619	308	1.85	4.589	0	77	0
1634572917.45	1850	43.391001	0.0	1693515	278	1.85	4.589	0	77	0
1634572917.87	1850	46.987683	0.0	1564016	266	1.85	4.589	0	77	0
1634572918.31	1850	50.542839	0.0	1677838	291	1.85	4.589	0	77	0
1634572918.81	1850	54.018977	0.0	1707508	290	1.85	4.589	0	77	0
1634572919.29	1850	57.5746	0.0	1731328	289	1.85	4.589	0	77	0
1634572921.33	1850	59.59115	0.0	1872514	315	1.85	8.591	0	197	29.98500749625188
1634572925.37	1850	59.611464	0.0	1679554	279	1.85	12.591	0	317	30
1634572929.02	1850	59.912593	0.0	1919701	892	1.85	16.591	0	437	29.999999999999986
1634572933.04	1850	59.929918	0.0	1890366	291	1.85	20.594	0	557	29.977516862353234
1634572937.11	1850	59.988872	0.0	1893526	328	1.85	24.595	0	677	29.992501874531385
1634572941.1	1850	59.756714	0.0	1696244	301	1.85	28.599	0	797	29.97002997002996
1634572945.23	1850	59.772665	0.0	1892733	334	1.85	32.599	0	917	30.00000000000003
1634572949.33	1850	59.774058	0.0	1865187	308	1.85	36.599	0	1037	30
1634572953.37	1850	59.500047	0.0	1930734	319	1.85	40.599	0	1157	30
1634572957.43	1850	59.507722	0.0	1763518	306	1.85	44.599	0	1277	30
1634572961.49	1850	59.519155	0.0	1887305	309	1.85	48.6	0	1397	29.99250187453133
1634572965.11	1850	59.856996	0.0	1849633	326	1.85	52.602	0	1517	29.98500749625191
1634572969.2	1850	59.903592	0.0	2054697	353	1.85	56.602	0	1637	30
1634572973.16	1850	59.90988	0.0	1603027	264	1.85	60.603	0	1757	29.99250187453133
1634572977.22	1850	59.87273	0.0	1789549	317	1.85	64.603	0	1877	30.000000000000053
1634572981.24	1850	59.633334	0.0	1832812	313	1.85	68.604	0	1997	29.99250187453133
1634572985.32	1850	59.679737	0.0	1776833	307	1.85	72.604	0	2117	30
1634572989.47	1850	59.44847	0.0	1910926	300	1.85	76.608	0	2237	29.970029970029934
1634572993.59	1850	59.463729	0.0	1884086	345	1.85	80.608	0	2357	30
1634572997.18	1850	59.791786	0.0	1918239	333	1.85	84.609	0	2477	29.99250187453144
1634573001.24	1850	59.806605	0.0	1783739	271	1.85	88.609	0	2597	30
1634573005.28	1850	59.847067	0.0	1780429	305	1.85	92.61	0	2717	29.99250187453133
1634573009.25	1850	59.609321	0.0	1734830	293	1.85	96.61	0	2837	30
1634573013.26	1850	59.617676	0.0	1685239	288	1.85	100.61	0	2957	30
1634573017.24	1850	59.905241	0.0	1663462	276	1.85	104.61	0	3077	30
1634573021.21	1850	59.668829	0.0	1744428	285	1.85	108.611	0	3197	29.99250187453133
1634573025.25	1850	59.716912	0.0	1789345	297	1.85	112.614	0	3317	29.977516862353234
1634573029.21	1850	59.715195	0.0	1785956	293	1.85	116.619	0	3437	29.962546816479435
1634573033.16	1850	59.728342	0.0	1826034	705	1.85	120.62	0	3557	29.99250187453133
