1634591992.05	750	4	0.541	2352295	378	-2.3213	0	0	0	0
1634591992.7	2850	8	0.0	2695463	424	0.75	0	0	0	0
1634591993.28	2850	12	0.0	2691416	428	2.85	0	0	0	0
1634591993.94	2850	16	0.0	2698966	433	2.85	0	0	0	0
1634591994.62	2850	19.75373	0.0	3054744	497	2.85	0	0	0	0
1634591995.3	2850	23.067529	0.0	3082641	477	2.85	5.394	0	18	0
1634591996.02	2850	26.342647	0.0	3085527	497	2.85	5.394	0	18	0
1634591996.69	2850	29.695669	0.0	2917405	470	2.85	5.394	0	18	0
1634591997.21	2850	33.167207	0.0	2163184	347	2.85	5.394	0	18	0
1634591997.87	2850	36.5	0.0	2697447	423	2.85	5.394	0	18	0
1634591998.55	2850	39.834258	0.0	2539930	401	2.85	5.394	0	18	0
1634591999.2	2850	43.1879	0.0	2598995	416	2.85	9.393	0	138	30.00750187546886
1634591999.72	2850	46.662893	0.0	2362663	364	2.85	9.393	0	138	30.00750187546886
1634592000.37	2850	49.975188	0.0	2550338	428	2.85	9.393	0	138	30.00750187546886
1634592001.01	2850	53.36845	0.0	2718005	458	2.85	9.393	0	138	30.00750187546886
1634592001.57	2850	56.803579	0.0	2612918	393	2.85	9.393	0	138	30.00750187546886
1634592002.67	2850	59.835126	0.0	2716616	432	2.85	9.393	0	138	30.00750187546886
1634592006.82	2850	59.581939	0.0	2560410	435	2.85	13.394	0	258	29.99250187453137
1634592010.51	2850	59.901176	0.0	3007277	441	2.85	17.409	0	378	29.887920298879212
1634592014.94	2850	59.626408	0.0	2976441	467	2.85	21.412	0	498	29.977516862353234
