1634593224.71	750	4	0.244	831922	144	-1.0442	0	0	0	0
1634593225.0	1200	8	0.0	886242	159	0.75	0	0	0	0
1634593225.25	1200	12	0.0	897501	138	1.2	0	0	0	0
1634593225.55	1200	16	0.0	860360	133	1.2	0	0	0	0
1634593225.81	1200	20	0.0	979231	157	1.2	0	0	0	0
1634593226.09	1200	24	0.0	946205	161	1.2	0	0	0	0
1634593226.39	1200	27.955057	0.0	984003	186	1.2	0	0	0	0
1634593226.71	1200	31.633334	0.0	995218	171	1.2	0	0	0	0
1634593226.98	1200	35.390777	0.0	787199	149	1.2	0	0	0	0
1634593227.28	1200	39.067911	0.0	938351	138	1.2	0	0	0	0
1634593227.63	1200	42.745476	0.0	924632	186	1.2	0	0	0	0
1634593227.93	1200	46.422298	0.0	914478	147	1.2	0	0	0	0
1634593228.33	1200	50.018914	0.0	843854	137	1.2	5.476	0	53	0
1634593228.66	1200	53.695955	0.0	885779	174	1.2	5.476	0	53	0
1634593229.0	1200	57.373177	0.0	947769	195	1.2	5.476	0	53	0
1634593230.83	1200	59.790494	0.0	919643	148	1.2	5.476	0	53	0
1634593234.73	1200	59.846464	0.0	949024	168	1.2	9.477	0	173	29.992501874531364
1634593238.6	1200	59.863221	0.0	878532	182	1.2	13.476	0	293	30.00750187546886
1634593242.49	1200	59.924856	0.0	991165	158	1.2	17.476	0	413	30.000000000000014
1634593246.92	1200	59.659939	0.0	996180	175	1.2	21.482	0	533	29.955067398901647
1634593250.77	1200	59.669961	0.0	974291	171	1.2	25.494	0	654	30.159521435692916
1634593254.66	1200	59.971629	0.0	886731	208	1.2	29.495	0	774	29.992501874531357
1634593258.48	1200	59.996465	0.0	986318	155	1.2	33.494	0	894	30.007501875468876
1634593262.81	1200	59.74967	0.0	958557	153	1.2	37.495	0	1014	29.992501874531385
1634593266.7	1200	59.754975	0.0	995799	174	1.2	41.495	0	1134	30
1634593271.08	1200	59.491277	0.0	940136	166	1.2	45.496	0	1254	29.99250187453133
1634593274.89	1200	59.506954	0.0	989191	159	1.2	49.495	0	1374	30.007501875468904
1634593278.7	1200	59.800981	0.0	964221	167	1.2	53.496	0	1494	29.99250187453133
1634593282.52	1200	59.83646	0.0	1079824	178	1.2	57.496	0	1614	30
1634593286.81	1200	59.596148	0.0	860712	154	1.2	61.496	0	1734	30
1634593290.68	1200	59.943484	0.0	947460	186	1.2	65.497	0	1854	29.992501874531385
1634593294.6	1200	59.994975	0.0	984252	168	1.2	69.497	0	1974	30
1634593298.94	1200	59.433754	0.0	918770	159	1.2	73.498	0	2094	29.99250187453133
1634593302.81	1200	59.726477	0.0	999452	184	1.2	77.498	0	2214	30
1634593306.65	1200	59.736182	0.0	960631	152	1.2	81.498	0	2334	30
1634593310.97	1200	59.474508	0.0	1045458	175	1.2	85.5	0	2454	29.98500749625191
1634593314.81	1200	59.822899	0.0	926993	147	1.2	89.5	0	2574	30
1634593318.68	1200	59.833334	0.0	910046	175	1.2	93.5	0	2694	30
1634593322.55	1200	59.851269	0.0	942012	161	1.2	97.5	0	2814	30
1634593326.9	1200	59.593196	0.0	906955	153	1.2	101.501	0	2934	29.99250187453133
1634593330.72	1200	59.916578	0.0	914647	161	1.2	105.501	0	3054	30
1634593334.5	1200	59.960316	0.0	945230	144	1.2	109.502	0	3174	29.99250187453144
1634593338.81	1200	59.692931	0.0	939882	152	1.2	113.502	0	3294	30
1634593342.77	1200	59.733497	0.0	1008520	272	1.2	117.502	0	3414	30
1634593347.08	1200	59.50646	0.0	951407	165	1.2	121.502	0	3534	30
