1634578124.91	750	4	0.141	364579	60	-0.6013	0	0	0	0
1634578125.12	300	8	0.0	407628	63	-0.15000000000000002	0	0	0	0
1634578125.3	300	12	0.0	409537	66	0.3	0	0	0	0
1634578125.51	300	16	0.0	401138	59	0.3	0	0	0	0
1634578125.69	300	19.869703	0.0	457731	79	0.3	0	0	0	0
1634578125.85	300	23.701352	0.0	411393	67	0.3	0	0	0	0
1634578126.03	300	27.500022	0.0	419665	86	0.3	0	0	0	0
1634578126.2	300	31.338991	0.0	415391	73	0.3	0	0	0	0
1634578126.39	300	35.177897	0.0	441412	86	0.3	0	0	0	0
1634578126.59	300	38.976017	0.0	412981	69	0.3	0	0	0	0
1634578126.8	300	42.77379	0.0	413415	81	0.3	0	0	0	0
1634578127.02	300	46.5294	0.0	419863	70	0.3	0	0	0	0
1634578127.24	300	50.326477	0.0	408917	71	0.3	0	0	0	0
1634578127.49	300	54.083848	0.0	455566	95	0.3	0	0	0	0
1634578127.75	300	57.800993	0.0	410034	78	0.3	0	0	0	0
1634578130.06	300	59.729868	0.0	416850	120	0.3	4.581	0	170	0
1634578133.8	300	59.795369	0.0	441997	77	0.3	8.58	0	410	60.01500375093774
1634578138.03	300	59.537776	0.0	407136	62	0.3	12.582	0	650	59.970014992503735
1634578141.75	300	59.852638	0.0	439658	71	0.3	16.583	0	890	59.98500374906277
1634578145.98	300	59.592288	0.0	427305	84	0.3	20.583	0	1130	60
1634578149.73	300	59.9	0.0	418162	77	0.3	24.583	0	1370	60
1634578153.98	300	59.638368	0.0	428282	78	0.3	28.583	0	1610	60
1634578157.72	300	59.942199	0.0	427342	69	0.3	32.584	0	1850	59.98500374906266
1634578161.94	300	59.680928	0.0	439784	74	0.3	36.584	0	2090	60
1634578165.67	300	59.992125	0.0	424118	60	0.3	40.585	0	2330	59.98500374906277
1634578169.92	300	59.729927	0.0	429401	90	0.3	44.584	0	2570	60.0150037509377
1634578174.14	300	59.467209	0.0	421101	65	0.3	48.585	0	2810	59.98500374906277
1634578177.94	300	59.811266	0.0	440588	74	0.3	52.585	0	3050	60
1634578182.19	300	59.550808	0.0	454532	70	0.3	56.585	0	3290	60
1634578185.9	300	59.852322	0.0	413236	45	0.3	60.586	0	3530	59.98500374906277
1634578190.15	300	59.573181	0.0	449077	64	0.3	64.586	0	3770	60
1634578193.94	300	59.637022	0.0	454485	87	0.3	68.586	0	4010	60
1634578197.69	300	59.933334	0.0	414614	82	0.3	72.586	0	4250	60
1634578201.94	300	59.664263	0.0	439642	88	0.3	76.587	0	4490	59.98500374906266
1634578206.19	300	59.445784	0.0	443772	84	0.3	80.587	0	4730	60
1634578209.89	300	59.755091	0.0	422133	71	0.3	84.587	0	4970	60
1634578214.14	300	59.490457	0.0	398606	96	0.3	88.588	0	5210	59.98500374906288
1634578217.85	300	59.793677	0.0	399361	59	0.3	92.588	0	5450	60
1634578222.11	300	59.529125	0.0	418002	93	0.3	96.587	0	5690	60.015003750937595
1634578225.85	300	59.838495	0.0	454350	79	0.3	100.588	0	5930	59.98500374906288
1634578230.06	300	59.572357	0.0	443556	71	0.3	104.588	0	6170	60
1634578233.8	300	59.885614	0.0	470803	88	0.3	108.589	0	6410	59.98500374906266
1634578238.05	300	59.630896	0.0	451385	72	0.3	112.588	0	6650	60.01500375093781
1634578241.82	300	59.940836	0.0	459078	56	0.3	116.589	0	6890	59.98500374906266
1634578246.05	300	59.670308	0.0	439363	56	0.3	120.589	0	7130	60
