1634576482.48	750	4	0.365	1348025	224	-1.5644999999999998	0	0	0	0
1634576482.92	1200	8	0.0	1461552	245	0.75	0	0	0	0
1634576483.3	1200	12	0.0	1497347	241	1.2	0	0	0	0
1634576483.72	1200	16	0.0	1497151	248	1.2	0	0	0	0
1634576484.16	1200	19.671907	0.0	1500642	234	1.2	0	0	0	0
1634576484.53	1200	23.268227	0.0	1415806	223	1.2	0	0	0	0
1634576484.95	1200	26.865155	0.0	1526374	260	1.2	0	0	0	0
1634576485.39	1200	30.433334	0.0	1458651	253	1.2	0	0	0	0
1634576485.86	1200	33.966667	0.0	1416629	190	1.2	5.38	3	109	0
1634576486.26	1200	37.55	0.0	1455680	227	1.2	5.38	3	109	0
1634576486.66	1200	41.145731	0.0	1468719	193	1.2	5.38	3	109	0
1634576487.09	1200	44.783334	0.0	1417021	215	1.2	5.38	3	109	0
1634576487.47	1200	48.338891	0.0	1458794	225	1.2	5.38	3	109	0
1634576487.87	1200	51.95	0.0	1458259	229	1.2	5.38	3	109	0
1634576488.3	1200	55.531474	0.0	1487239	253	1.2	5.38	3	109	0
1634576488.71	1200	59.1	0.0	1459670	235	1.2	5.38	3	109	0
1634576492.19	1200	59.757169	0.0	1513781	243	1.2	9.379	7	349	59.01475368842211
1634576496.13	1200	59.768018	0.0	1480432	221	1.2	13.38	7	589	59.98500374906271
1634576500.08	1200	59.787818	0.0	1537900	220	1.2	17.38	7	829	60.00000000000003
1634576504.49	1200	59.523435	0.0	1503057	223	1.2	21.38	7	1069	60
1634576508.4	1200	59.562476	0.0	1447121	229	1.2	25.381	7	1309	59.98500374906271
1634576512.31	1200	59.624828	0.0	1510054	190	1.2	29.401	7	1550	59.95024875621891
1634576516.26	1200	59.65	0.0	1517434	230	1.2	33.401	8	1790	59.74999999999995
1634576520.19	1200	59.672906	0.0	1490166	234	1.2	37.402	8	2030	59.98500374906277
1634576524.14	1200	59.696711	0.0	1451026	257	1.2	41.402	8	2270	60
1634576528.57	1200	59.438641	0.0	1447249	245	1.2	45.402	8	2510	60
1634576532.56	1200	59.446338	0.0	1480049	234	1.2	49.403	10	2750	59.48512871782058
1634576536.52	1200	59.470082	0.0	1475389	241	1.2	53.402	10	2990	60.0150037509377
1634576540.45	1200	59.500128	0.0	1594426	241	1.2	57.403	10	3230	59.98500374906277
1634576544.41	1200	59.555642	0.0	1445128	244	1.2	61.402	10	3470	60.0150037509377
1634576548.36	1200	59.569163	0.0	1538455	241	1.2	65.403	10	3710	59.98500374906266
1634576551.91	1200	59.947476	0.0	1603269	246	1.2	69.403	11	3950	59.75
1634576556.32	1200	59.677793	0.0	1447021	244	1.2	73.403	11	4190	60
1634576560.27	1200	59.717094	0.0	1545473	224	1.2	77.404	11	4430	59.98500374906288
1634576564.24	1200	59.740064	0.0	1455383	232	1.2	81.404	11	4670	60
1634576568.21	1200	59.761125	0.0	1546087	271	1.2	85.404	11	4910	60
1634576572.14	1200	59.774508	0.0	1404300	253	1.2	89.405	11	5150	59.98500374906266
1634576576.06	1200	59.79507	0.0	1350682	222	1.2	93.405	11	5390	60
1634576580.06	1200	59.79665	0.0	1454743	228	1.2	97.405	13	5630	59.5
1634576584.0	1200	59.835327	0.0	1455864	237	1.2	101.405	13	5870	60
1634576588.5	1200	59.548108	0.0	1458942	238	1.2	105.406	13	6110	59.98500374906266
1634576591.97	1200	59.856081	0.0	1475192	259	1.2	109.406	14	6350	59.75
1634576596.41	1200	59.585492	0.0	1519778	242	1.2	113.406	15	6591	60
1634576600.38	1200	59.613359	0.0	1556293	254	1.2	117.408	16	6831	59.72013993003505
1634576604.33	1200	59.670948	0.0	1475264	238	1.2	121.407	18	7071	59.51487871967999
