1634583250.44	750	4	0.328	1348025	239	-1.4053999999999998	0	0	0	0
1634583250.87	1200	8	0.0	1461552	266	0.75	0	0	0	0
1634583251.24	1200	11.797985	0.0	1497347	249	1.2	0	0	0	0
1634583251.66	1200	15.393064	0.0	1497151	258	1.2	0	0	0	0
1634583252.1	1200	18.966667	0.0	1500642	263	1.2	0	0	0	0
1634583252.52	1200	22.542869	0.0	1415806	232	1.2	0	0	0	0
1634583252.93	1200	26.139497	0.0	1526374	253	1.2	0	0	0	0
1634583253.34	1200	29.736146	0.0	1458651	248	1.2	0	0	0	0
1634583253.77	1200	33.316667	0.0	1416629	228	1.2	4.574	3	160	0
1634583254.33	1200	36.866667	0.0	1455680	236	1.2	4.574	3	160	0
1634583254.76	1200	40.3	0.0	1468719	223	1.2	4.574	3	160	0
1634583255.17	1200	43.877696	0.0	1417021	227	1.2	4.574	3	160	0
1634583255.59	1200	47.483334	0.0	1458794	229	1.2	4.574	3	160	0
1634583255.99	1200	51.110591	0.0	1458259	235	1.2	4.574	3	160	0
1634583256.45	1200	54.616667	0.0	1487239	249	1.2	4.574	3	160	0
1634583256.9	1200	58.166667	0.0	1459670	255	1.2	4.574	3	160	0
1634583259.38	1200	59.864237	0.0	1513781	259	1.2	8.574	15	400	57
1634583263.33	1200	59.880183	0.0	1480432	233	1.2	12.574	15	640	60
1634583267.33	1200	59.901447	0.0	1537900	237	1.2	16.575	16	880	59.73506623344165
1634583271.27	1200	59.916899	0.0	1503057	248	1.2	20.59	16	1121	60.02490660024906
1634583275.22	1200	59.933334	0.0	1447121	230	1.2	24.589	16	1361	60.01500375093775
1634583279.19	1200	59.954962	0.0	1510054	261	1.2	28.589	16	1601	60
1634583283.16	1200	59.97532	0.0	1517434	251	1.2	32.589	16	1841	60
1634583287.15	1200	59.992092	0.0	1490166	289	1.2	36.59	16	2081	59.98500374906266
1634583291.6	1200	59.72403	0.0	1451026	258	1.2	40.591	16	2321	59.98500374906277
1634583295.56	1200	59.745498	0.0	1447249	237	1.2	44.592	16	2561	59.98500374906277
1634583299.49	1200	59.805061	0.0	1480049	228	1.2	48.592	16	2801	60
1634583303.47	1200	59.828868	0.0	1475389	269	1.2	52.592	16	3041	60
1634583307.49	1200	59.602906	0.0	1594426	286	1.2	56.599	18	3281	59.39605690042429
1634583311.45	1200	59.61667	0.0	1445128	240	1.2	60.599	18	3521	60
1634583315.41	1200	59.633334	0.0	1538455	245	1.2	64.599	18	3761	59.99999999999989
1634583319.44	1200	59.658837	0.0	1603269	277	1.2	68.6	19	4001	59.73506623344178
1634583323.45	1200	59.678007	0.0	1447021	269	1.2	72.6	19	4241	60
1634583327.46	1200	59.702391	0.0	1545473	267	1.2	76.601	20	4481	59.73506623344157
1634583331.5	1200	59.71444	0.0	1455383	249	1.2	80.601	20	4721	60
1634583335.41	1200	59.739053	0.0	1546087	228	1.2	84.601	20	4961	60
1634583339.34	1200	59.759634	0.0	1404300	238	1.2	88.601	20	5201	60
1634583343.28	1200	59.788446	0.0	1350682	232	1.2	92.601	20	5441	60
1634583347.28	1200	59.883334	0.0	1454743	254	1.2	96.601	20	5681	60
1634583351.28	1200	59.890735	0.0	1455864	232	1.2	100.607	20	5922	60.159760359460805
1634583355.32	1200	59.912491	0.0	1458942	275	1.2	104.608	21	6162	59.73506623344157
1634583359.26	1200	59.937165	0.0	1475192	225	1.2	108.608	21	6402	60
1634583363.18	1200	59.952148	0.0	1519778	231	1.2	112.608	21	6642	60
1634583367.14	1200	59.96004	0.0	1556293	249	1.2	116.608	23	6882	59.5
1634583371.09	1200	59.981613	0.0	1475264	234	1.2	120.608	25	7122	59.5
