1634573384.79	750	4	0.259	831922	157	-1.1087000000000002	0	0	0	0
1634573385.12	1200	8	0.0	886242	151	0.75	0	0	0	0
1634573385.39	1200	12	0.0	897501	149	1.2	0	0	0	0
1634573385.64	1200	16	0.0	860360	149	1.2	0	0	0	0
1634573385.91	1200	20	0.0	979231	147	1.2	0	0	0	0
1634573386.2	1200	24	0.0	946205	146	1.2	0	0	0	0
1634573386.48	1200	27.906191	0.0	984003	164	1.2	0	0	0	0
1634573386.77	1200	31.623164	0.0	995218	165	1.2	0	0	0	0
1634573387.08	1200	35.300801	0.0	787199	139	1.2	0	0	0	0
1634573387.39	1200	38.977345	0.0	938351	157	1.2	0	0	0	0
1634573387.75	1200	42.613719	0.0	924632	158	1.2	0	0	0	0
1634573388.01	1200	46.372107	0.0	914478	143	1.2	0	0	0	0
1634573388.62	1200	49.766955	0.0	843854	463	1.2	5.361	0	51	0
1634573388.88	1200	53.484074	0.0	885779	155	1.2	5.361	0	51	0
1634573389.21	1200	57.201439	0.0	947769	197	1.2	5.361	0	51	0
1634573391.01	1200	59.463271	0.0	919643	171	1.2	5.361	0	51	0
1634573394.89	1200	59.77724	0.0	949024	176	1.2	9.36	0	171	30.00750187546887
1634573398.72	1200	59.790959	0.0	878532	147	1.2	13.36	0	291	30
1634573402.64	1200	59.814051	0.0	991165	201	1.2	17.361	0	411	29.992501874531357
1634573407.06	1200	59.533697	0.0	996180	146	1.2	21.361	0	531	30
1634573410.9	1200	59.538853	0.0	974291	168	1.2	25.362	0	651	29.992501874531385
1634573414.8	1200	59.838505	0.0	886731	155	1.2	29.362	0	771	30
1634573418.7	1200	59.922363	0.0	986318	200	1.2	33.362	0	891	29.999999999999975
1634573422.58	1200	59.978482	0.0	958557	221	1.2	37.363	0	1011	29.992501874531385
1634573426.95	1200	59.443106	0.0	995799	181	1.2	41.365	0	1131	29.985007496251857
1634573430.82	1200	59.747756	0.0	940136	198	1.2	45.373	0	1252	30.189620758483066
1634573434.72	1200	59.756913	0.0	989191	171	1.2	49.365	0	1371	29.80961923847692
1634573439.09	1200	59.488934	0.0	964221	166	1.2	53.366	0	1491	29.992501874531385
1634573442.98	1200	59.506396	0.0	1079824	194	1.2	57.366	0	1611	30
1634573446.8	1200	59.830301	0.0	860712	145	1.2	61.367	0	1732	30.24243939015248
1634573450.65	1200	59.937256	0.0	947460	158	1.2	65.367	0	1852	29.999999999999947
1634573455.06	1200	59.446682	0.0	984252	179	1.2	69.383	0	1972	29.880478087649468
1634573458.9	1200	59.754907	0.0	918770	166	1.2	73.383	0	2092	30
1634573462.75	1200	59.821101	0.0	999452	180	1.2	77.383	0	2212	30
1634573466.56	1200	59.872519	0.0	960631	154	1.2	81.384	0	2332	29.99250187453133
1634573470.91	1200	59.609379	0.0	1045458	177	1.2	85.384	0	2452	30
1634573474.79	1200	59.661923	0.0	926993	152	1.2	89.384	0	2572	30
1634573478.61	1200	59.959904	0.0	910046	146	1.2	93.385	0	2692	29.99250187453133
1634573482.94	1200	59.721259	0.0	942012	150	1.2	97.385	0	2812	30
1634573486.8	1200	59.730444	0.0	906955	195	1.2	101.388	0	2932	29.977516862353234
1634573491.13	1200	59.469294	0.0	914647	183	1.2	105.387	0	3052	30.007501875468904
1634573494.96	1200	59.494635	0.0	945230	132	1.2	109.389	0	3172	29.98500749625191
1634573498.82	1200	59.794192	0.0	939882	168	1.2	113.388	0	3292	30.007501875468797
1634573502.64	1200	59.801555	0.0	1008520	158	1.2	117.389	0	3412	29.99250187453144
1634573507.02	1200	59.582779	0.0	951407	149	1.2	121.389	0	3532	30
