1634590626.33	750	4	0.19	364579	62	-0.8119999999999999	0	0	0	0
1634590626.5	300	8	0.0	407628	59	-0.15000000000000002	0	0	0	0
1634590626.67	300	12	0.0	409537	69	0.3	0	0	0	0
1634590626.84	300	16	0.0	401138	64	0.3	0	0	0	0
1634590627.01	300	20	0.0	457731	76	0.3	0	0	0	0
1634590627.31	300	24	0.0	411393	204	0.3	0	0	0	0
1634590627.47	300	28	0.0	419665	63	0.3	0	0	0	0
1634590627.63	300	32	0.0	415391	63	0.3	0	0	0	0
1634590627.78	300	36	0.0	441412	68	0.3	0	0	0	0
1634590627.95	300	40	0.0	412981	65	0.3	0	0	0	0
1634590628.12	300	44	0.0	413415	69	0.3	0	0	0	0
1634590628.31	300	48	0.0	419863	56	0.3	0	0	0	0
1634590628.47	300	51.916736	0.0	408917	38	0.3	0	0	0	0
1634590628.66	300	55.714979	0.0	455566	85	0.3	0	0	0	0
1634590628.85	300	59.513199	0.0	410034	70	0.3	0	0	0	0
1634590633.06	300	59.447433	0.0	416850	67	0.3	5.325	0	75	0
1634590636.79	300	59.750986	0.0	441997	80	0.3	9.325	0	315	60.000000000000014
1634590641.02	300	59.528914	0.0	407136	44	0.3	13.325	0	555	60
1634590644.77	300	59.834229	0.0	439658	56	0.3	17.325	0	795	60
1634590649.0	300	59.559419	0.0	427305	67	0.3	21.326	0	1035	59.98500374906271
1634590652.71	300	59.865127	0.0	418162	70	0.3	25.326	0	1275	60
1634590656.93	300	59.615398	0.0	428282	64	0.3	29.326	0	1515	60
1634590660.64	300	59.924045	0.0	427342	63	0.3	33.326	0	1755	60
1634590664.86	300	59.648425	0.0	439784	67	0.3	37.326	0	1995	60
1634590668.6	300	59.957483	0.0	424118	89	0.3	41.326	0	2235	60
1634590672.82	300	59.689269	0.0	429401	63	0.3	45.327	0	2475	59.98500374906277
1634590677.05	300	59.462603	0.0	421101	55	0.3	49.327	0	2715	60
1634590680.83	300	59.764852	0.0	440588	89	0.3	53.328	0	2955	59.98500374906266
1634590685.04	300	59.502134	0.0	454532	69	0.3	57.328	0	3195	60
1634590688.77	300	59.854238	0.0	413236	67	0.3	61.329	0	3435	59.98500374906277
1634590692.49	300	59.908342	0.0	449077	48	0.3	65.328	0	3675	60.0150037509377
1634590696.79	300	59.673795	0.0	454485	88	0.3	69.329	0	3915	59.98500374906288
1634590700.51	300	59.986019	0.0	414614	63	0.3	73.33	0	4155	59.98500374906266
1634590704.76	300	59.724618	0.0	439642	75	0.3	77.33	0	4395	60
1634590709.0	300	59.461446	0.0	443772	68	0.3	81.33	0	4635	60
1634590712.72	300	59.791699	0.0	422133	75	0.3	85.33	0	4875	60
1634590716.96	300	59.528135	0.0	398606	72	0.3	89.33	0	5115	60
1634590720.69	300	59.822133	0.0	399361	71	0.3	93.331	0	5355	59.98500374906266
1634590724.93	300	59.563289	0.0	418002	66	0.3	97.33	0	5595	60.01500375093781
1634590728.67	300	59.866667	0.0	454350	86	0.3	101.332	0	5835	59.97001499250382
1634590732.9	300	59.637297	0.0	443556	64	0.3	105.334	0	6076	60.21989005497237
1634590736.62	300	59.95	0.0	470803	81	0.3	109.332	0	6315	59.77988994497263
1634590740.84	300	59.685717	0.0	451385	57	0.3	113.333	0	6555	59.98500374906266
1634590744.56	300	59.988262	0.0	459078	76	0.3	117.333	0	6796	60.25
1634590748.77	300	59.72179	0.0	439363	59	0.3	121.333	0	7035	59.75
