1634582178.85	750	4	0.595	2364266	365	-2.5535	0	0	0	0
1634582179.59	1850	8	0.0	2702234	413	0.75	0	0	0	0
1634582180.24	1850	12	0.0	2698759	442	1.85	0	0	0	0
1634582180.9	1850	15.471791	0.0	2726329	423	1.85	0	0	0	0
1634582181.56	1850	18.816667	0.0	2796160	463	1.85	0	0	0	0
1634582182.23	1850	22.166667	0.0	2703878	445	1.85	5.792	4	77	0
1634582182.91	1850	25.5	0.0	2747707	446	1.85	5.792	4	77	0
1634582183.55	1850	28.866667	0.0	2590022	406	1.85	5.792	4	77	0
1634582184.15	1850	32.216667	0.0	2440705	390	1.85	5.792	4	77	0
1634582184.82	1850	35.583334	0.0	2706304	396	1.85	5.792	4	77	0
1634582185.46	1850	38.916667	0.0	2616156	414	1.85	5.792	4	77	0
1634582186.1	1850	42.316667	0.0	2484837	392	1.85	9.792	26	317	54.5
1634582186.75	1850	45.65	0.0	2520833	421	1.85	9.792	26	317	54.5
1634582187.33	1850	49.04612	0.0	2450375	385	1.85	9.792	26	317	54.5
1634582188.05	1850	52.333334	0.0	2648021	493	1.85	9.792	26	317	54.5
1634582188.67	1850	55.708837	0.0	2584938	425	1.85	9.792	26	317	54.5
1634582189.34	1850	59.066667	0.0	2753591	445	1.85	9.792	26	317	54.5
1634582193.02	1850	59.467997	0.0	2590312	430	1.85	13.793	43	558	55.986003499125225
1634582196.86	1850	59.747128	0.0	2803841	472	1.85	17.792	50	798	58.26456614153535
