1634570112.05	750	4	0.38	1348025	244	-1.629	0	0	0	0
1634570112.48	1200	8	0.0	1461552	241	0.75	0	0	0	0
1634570112.91	1200	12	0.0	1497347	254	1.2	0	0	0	0
1634570113.29	1200	16	0.0	1497151	248	1.2	0	0	0	0
1634570113.7	1200	19.766667	0.0	1500642	264	1.2	0	0	0	0
1634570114.15	1200	23.316667	0.0	1415806	258	1.2	0	0	0	0
1634570114.56	1200	26.902916	0.0	1526374	243	1.2	0	0	0	0
1634570115.07	1200	30.498279	0.0	1458651	232	1.2	0	0	0	0
1634570115.51	1200	33.972046	0.0	1416629	236	1.2	5.451	7	102	0
1634570116.0	1200	37.516667	0.0	1455680	247	1.2	5.451	7	102	0
1634570116.41	1200	41.084885	0.0	1468719	241	1.2	5.451	7	102	0
1634570116.81	1200	44.641133	0.0	1417021	260	1.2	5.451	7	102	0
1634570117.3	1200	48.183334	0.0	1458794	302	1.2	5.451	7	102	0
1634570117.71	1200	51.751886	0.0	1458259	222	1.2	5.451	7	102	0
1634570118.19	1200	55.316667	0.0	1487239	256	1.2	5.451	7	102	0
1634570118.59	1200	58.866667	0.0	1459670	219	1.2	5.451	7	102	0
1634570122.03	1200	59.52385	0.0	1513781	238	1.2	9.451	15	342	57.999999999999986
1634570125.98	1200	59.548178	0.0	1480432	248	1.2	13.452	15	582	59.98500374906274
1634570129.96	1200	59.557745	0.0	1537900	252	1.2	17.452	15	822	59.99999999999997
1634570133.86	1200	59.856689	0.0	1503057	233	1.2	21.453	15	1062	59.98500374906277
1634570137.82	1200	59.869935	0.0	1447121	231	1.2	25.453	15	1302	60
1634570141.78	1200	59.884134	0.0	1510054	241	1.2	29.453	16	1542	59.75
1634570145.77	1200	59.90287	0.0	1517434	245	1.2	33.453	16	1782	59.99999999999995
1634570149.72	1200	59.903221	0.0	1490166	237	1.2	37.454	16	2022	59.98500374906277
1634570153.63	1200	59.920473	0.0	1451026	230	1.2	41.454	16	2262	60
1634570157.58	1200	59.94661	0.0	1447249	236	1.2	45.454	16	2502	60
1634570161.53	1200	59.963311	0.0	1480049	250	1.2	49.454	16	2742	60
1634570165.51	1200	59.980764	0.0	1475389	240	1.2	53.455	17	2982	59.73506623344167
1634570169.99	1200	59.729759	0.0	1594426	252	1.2	57.455	18	3222	59.75
1634570174.01	1200	59.751852	0.0	1445128	244	1.2	61.455	18	3462	60
1634570177.9	1200	59.774249	0.0	1538455	562	1.2	65.456	20	3702	59.48512871782047
1634570181.95	1200	59.51502	0.0	1603269	769	1.2	69.455	23	3942	59.26481620405109
1634570185.89	1200	59.822765	0.0	1447021	230	1.2	73.456	23	4182	59.98500374906266
1634570189.87	1200	59.62195	0.0	1545473	234	1.2	77.455	23	4422	60.01500375093781
1634570193.85	1200	59.633334	0.0	1455383	228	1.2	81.456	25	4662	59.48512871782047
1634570197.85	1200	59.663792	0.0	1546087	273	1.2	85.456	25	4902	60
1634570201.81	1200	59.683334	0.0	1404300	226	1.2	89.457	26	5142	59.73506623344178
1634570205.74	1200	59.731216	0.0	1350682	236	1.2	93.457	26	5383	60.25
1634570210.2	1200	59.459293	0.0	1454743	269	1.2	97.457	26	5623	60
1634570214.17	1200	59.468983	0.0	1455864	239	1.2	101.457	27	5863	59.75
1634570218.14	1200	59.471721	0.0	1458942	222	1.2	105.457	28	6103	59.75
1634570222.12	1200	59.529733	0.0	1475192	214	1.2	109.457	28	6343	60
1634570225.61	1200	59.841121	0.0	1519778	295	1.2	113.457	29	6583	59.75
1634570229.61	1200	59.860871	0.0	1556293	284	1.2	117.457	29	6823	60
1634570234.04	1200	59.610889	0.0	1475264	270	1.2	121.457	29	7062	59.75
