1634589919.3	750	4	0.361	519773	10	-1.5473	0	0	0	0
1634589919.59	750	8	0.0	563743	86	0.75	0	0	0	0
1634589919.81	750	12	0.0	557560	91	0.75	0	0	0	0
1634589920.01	750	16	0.0	562449	103	0.75	0	0	0	0
1634589920.23	750	20	0.0	642669	98	0.75	0	0	0	0
1634589920.44	750	24	0.0	565799	106	0.75	0	0	0	0
1634589920.63	750	28	0.0	553943	74	0.75	0	0	0	0
1634589920.82	750	32	0.0	572526	88	0.75	0	0	0	0
1634589921.08	750	36	0.0	586914	96	0.75	0	0	0	0
1634589921.29	750	40	0.0	544162	95	0.75	0	0	0	0
1634589921.48	750	44	0.0	580100	91	0.75	0	0	0	0
1634589921.7	750	48	0.0	568055	99	0.75	0	0	0	0
1634589921.89	750	52	0.0	574364	79	0.75	5.424	0	0	0
1634589922.23	750	55.747715	0.0	568805	101	0.75	5.424	0	0	0
1634589922.44	750	59.543351	0.0	586886	90	0.75	5.424	0	0	0
1634589926.7	750	59.454269	0.0	574974	93	0.75	9.423	0	230	57.51437859464867
1634589930.5	750	59.523402	0.0	602967	97	0.75	13.424	0	470	59.98500374906274
1634589934.27	750	59.830107	0.0	557010	89	0.75	17.423	0	710	60.01500375093775
1634589938.54	750	59.577291	0.0	604882	106	0.75	21.424	0	950	59.98500374906271
1634589942.31	750	59.921407	0.0	595562	84	0.75	25.424	0	1190	60
1634589946.09	750	59.953745	0.0	569334	96	0.75	29.425	0	1430	59.98500374906271
1634589950.4	750	59.675353	0.0	590495	116	0.75	33.425	0	1670	60.00000000000006
1634589954.17	750	59.986901	0.0	597755	93	0.75	37.425	0	1910	60
1634589958.43	750	59.712085	0.0	596132	79	0.75	41.425	0	2150	60
1634589962.7	750	59.443957	0.0	578308	73	0.75	45.426	0	2390	59.98500374906266
1634589966.47	750	59.504048	0.0	585221	84	0.75	49.425	0	2630	60.01500375093781
1634589970.27	750	59.857736	0.0	576292	95	0.75	53.426	0	2870	59.98500374906266
1634589974.05	750	59.920707	0.0	599693	95	0.75	57.426	0	3110	60
1634589978.32	750	59.648107	0.0	606614	93	0.75	61.426	0	3350	60
1634589982.09	750	59.955689	0.0	557031	95	0.75	65.427	0	3590	59.98500374906266
1634589986.34	750	59.689646	0.0	592360	108	0.75	69.427	0	3830	60
1634589990.19	750	59.993349	0.0	618972	107	0.75	73.427	0	4070	60
1634589994.51	750	59.731145	0.0	576161	104	0.75	77.428	0	4310	59.98500374906288
1634589998.29	750	59.747214	0.0	616169	118	0.75	81.428	0	4550	60
1634590002.57	750	59.483334	0.0	601096	107	0.75	85.429	0	4790	59.98500374906266
1634590006.35	750	59.786139	0.0	589398	105	0.75	89.429	0	5030	60
1634590010.62	750	59.517646	0.0	552073	84	0.75	93.43	0	5270	59.98500374906266
1634590014.39	750	59.578732	0.0	547291	111	0.75	97.43	0	5510	60
1634590018.13	750	59.885433	0.0	578974	98	0.75	101.432	0	5750	59.97001499250382
1634590022.42	750	59.65114	0.0	595429	98	0.75	105.432	0	5990	60
1634590026.19	750	59.957915	0.0	576032	85	0.75	109.432	0	6230	60
1634590030.44	750	59.700495	0.0	620837	110	0.75	113.433	0	6470	59.98500374906266
1634590034.71	750	59.441028	0.0	596051	98	0.75	117.432	0	6710	60.01500375093781
1634590038.5	750	59.748583	0.0	614627	106	0.75	121.433	0	6950	59.98500374906266
1634590042.23	750	59.783334	0.0	579381	109	0.75	125.433	0	7190	60
