1634575262.87	750	4	0.856	3409329	672	-3.6757999999999997	0	0	0	0
1634575263.85	2850	8	0.0	4109292	682	0.75	0	0	0	0
1634575264.82	2850	11.75	0.0	4208764	689	2.85	0	0	0	0
1634575265.87	2850	14.683334	0.0	4152807	800	2.85	5.258	10	60	0
1634575266.88	2850	17.666667	0.0	4223571	759	2.85	5.258	10	60	0
1634575267.79	2850	20.75	0.0	4136789	675	2.85	5.258	10	60	0
1634575268.67	2850	23.866667	0.0	4145327	647	2.85	5.258	10	60	0
1634575269.64	2850	26.883334	0.0	4052604	687	2.85	9.304	38	303	53.13890261987147
1634575270.45	2850	30.066667	0.0	3713120	591	2.85	9.304	38	303	53.13890261987147
1634575271.34	2850	33.183334	0.0	4133696	619	2.85	9.304	38	303	53.13890261987147
1634575272.2	2850	36.35	0.0	3980239	600	2.85	9.304	38	303	53.13890261987147
