1634576715.3	750	4	0.339	1348025	243	-1.4527	0	0	0	0
1634576715.71	1200	8	0.0	1461552	248	0.75	0	0	0	0
1634576716.12	1200	11.797367	0.0	1497347	277	1.2	0	0	0	0
1634576716.55	1200	15.366667	0.0	1497151	256	1.2	0	0	0	0
1634576716.98	1200	18.95	0.0	1500642	264	1.2	0	0	0	0
1634576717.49	1200	22.424366	0.0	1415806	367	1.2	0	0	0	0
1634576717.93	1200	26	0.0	1526374	255	1.2	0	0	0	0
1634576718.36	1200	29.574497	0.0	1458651	264	1.2	0	0	0	0
1634576718.79	1200	33.133334	0.0	1416629	254	1.2	4.602	3	162	0
1634576719.28	1200	36.644393	0.0	1455680	317	1.2	4.602	3	162	0
1634576719.69	1200	40.240865	0.0	1468719	237	1.2	4.602	3	162	0
1634576720.09	1200	43.837179	0.0	1417021	234	1.2	4.602	3	162	0
1634576720.5	1200	47.430823	0.0	1458794	243	1.2	4.602	3	162	0
1634576720.96	1200	50.966667	0.0	1458259	272	1.2	4.602	3	162	0
1634576721.38	1200	54.54068	0.0	1487239	249	1.2	4.602	3	162	0
1634576721.82	1200	58.116667	0.0	1459670	253	1.2	4.602	3	162	0
1634576724.29	1200	59.780357	0.0	1513781	235	1.2	8.601	10	402	58.264566141535376
1634576728.26	1200	59.840947	0.0	1480432	251	1.2	12.601	10	642	60
1634576732.27	1200	59.861417	0.0	1537900	229	1.2	16.616	12	883	59.52677459526777
1634576736.26	1200	59.92333	0.0	1503057	262	1.2	20.616	13	1123	59.75
1634576740.24	1200	59.692706	0.0	1447121	241	1.2	24.617	13	1363	59.98500374906271
1634576744.2	1200	59.992103	0.0	1510054	264	1.2	28.617	13	1603	60
1634576748.2	1200	59.731201	0.0	1517434	274	1.2	32.617	14	1843	59.75000000000005
1634576752.62	1200	59.495606	0.0	1490166	232	1.2	36.617	14	2083	60
1634576756.58	1200	59.51132	0.0	1451026	238	1.2	40.617	14	2323	60
1634576760.51	1200	59.535456	0.0	1447249	205	1.2	44.618	14	2563	59.98500374906266
1634576764.47	1200	59.547233	0.0	1480049	251	1.2	48.618	14	2803	60
1634576768.4	1200	59.563259	0.0	1475389	226	1.2	52.634	15	3044	59.76095617529883
1634576772.45	1200	59.585619	0.0	1594426	330	1.2	56.635	15	3284	59.98500374906277
1634576776.38	1200	59.639836	0.0	1445128	251	1.2	60.635	15	3524	60
1634576780.38	1200	59.765205	0.0	1538455	223	1.2	64.635	15	3764	59.99999999999989
1634576784.4	1200	59.525697	0.0	1603269	282	1.2	68.636	16	4004	59.73506623344178
1634576788.41	1200	59.526493	0.0	1447021	251	1.2	72.637	17	4244	59.73506623344157
1634576792.41	1200	59.540003	0.0	1545473	229	1.2	76.64	19	4485	59.70522108418686
1634576796.34	1200	59.837395	0.0	1455383	233	1.2	80.641	19	4725	59.98500374906266
1634576800.33	1200	59.857555	0.0	1546087	242	1.2	84.642	21	4965	59.485128717820686
1634576804.26	1200	59.880591	0.0	1404300	225	1.2	88.643	22	5205	59.73506623344157
1634576808.21	1200	59.921213	0.0	1350682	217	1.2	92.643	22	5445	60
1634576812.11	1200	59.931648	0.0	1454743	230	1.2	96.643	22	5685	60
1634576816.04	1200	59.947034	0.0	1455864	231	1.2	100.643	22	5925	60
1634576819.97	1200	59.96226	0.0	1458942	205	1.2	104.643	22	6165	60
1634576823.95	1200	59.975642	0.0	1475192	232	1.2	108.643	23	6405	59.75
1634576828.36	1200	59.711088	0.0	1519778	239	1.2	112.644	23	6645	59.98500374906266
1634576832.35	1200	59.7258	0.0	1556293	302	1.2	116.644	23	6885	60
1634576836.27	1200	59.745272	0.0	1475264	241	1.2	120.644	23	7125	60
