1634596405.54	750	4	0.368	1348025	210	-1.5774	0	0	0	0
1634596405.96	1200	8	0.0	1461552	250	0.75	0	0	0	0
1634596406.34	1200	12	0.0	1497347	244	1.2	0	0	0	0
1634596406.74	1200	16	0.0	1497151	249	1.2	0	0	0	0
1634596407.14	1200	19.781982	0.0	1500642	270	1.2	0	0	0	0
1634596407.53	1200	23.418948	0.0	1415806	236	1.2	0	0	0	0
1634596407.96	1200	26.974925	0.0	1526374	257	1.2	0	0	0	0
1634596408.4	1200	30.55	0.0	1458651	243	1.2	0	0	0	0
1634596408.83	1200	34.12599	0.0	1416629	231	1.2	5.153	3	103	0
1634596409.28	1200	37.683334	0.0	1455680	244	1.2	5.153	3	103	0
1634596409.66	1200	41.278919	0.0	1468719	229	1.2	5.153	3	103	0
1634596410.09	1200	44.831676	0.0	1417021	215	1.2	5.153	3	103	0
1634596410.5	1200	48.426818	0.0	1458794	265	1.2	5.153	3	103	0
1634596410.91	1200	52.0237	0.0	1458259	230	1.2	5.153	3	103	0
1634596411.34	1200	55.6	0.0	1487239	253	1.2	5.153	3	103	0
1634596411.79	1200	59.166667	0.0	1459670	244	1.2	5.153	3	103	0
1634596415.25	1200	59.738936	0.0	1513781	247	1.2	9.152	9	343	58.514628657164295
1634596419.19	1200	59.75817	0.0	1480432	261	1.2	13.152	9	583	60
1634596423.17	1200	59.775723	0.0	1537900	246	1.2	17.154	10	823	59.720139930034975
1634596427.62	1200	59.515022	0.0	1503057	235	1.2	21.154	10	1063	60
1634596431.55	1200	59.528336	0.0	1447121	236	1.2	25.154	10	1303	60
1634596435.08	1200	59.875533	0.0	1510054	245	1.2	29.155	12	1543	59.48512871782053
1634596439.06	1200	59.903065	0.0	1517434	234	1.2	33.156	12	1783	59.98500374906277
1634596443.53	1200	59.433474	0.0	1490166	234	1.2	37.157	14	2023	59.48512871782058
1634596447.52	1200	59.457486	0.0	1451026	256	1.2	41.157	16	2263	59.5
1634596451.44	1200	59.757257	0.0	1447249	229	1.2	45.158	16	2503	59.98500374906266
1634596455.4	1200	59.783334	0.0	1480049	218	1.2	49.158	16	2743	60
1634596459.39	1200	59.817308	0.0	1475389	264	1.2	53.158	18	2983	59.5
1634596463.38	1200	59.567131	0.0	1594426	251	1.2	57.158	19	3223	59.75
1634596467.3	1200	59.88778	0.0	1445128	238	1.2	61.159	21	3463	59.48512871782058
1634596471.24	1200	59.921506	0.0	1538455	245	1.2	65.159	21	3703	59.99999999999989
1634596475.25	1200	59.7019	0.0	1603269	261	1.2	69.16	22	3943	59.73506623344178
1634596479.22	1200	59.725441	0.0	1447021	233	1.2	73.162	23	4183	59.72013993003484
1634596483.22	1200	59.750561	0.0	1545473	254	1.2	77.164	23	4423	59.97001499250382
1634596487.15	1200	59.780752	0.0	1455383	226	1.2	81.164	23	4664	60.25
1634596491.15	1200	59.802388	0.0	1546087	257	1.2	85.165	23	4904	59.98500374906266
1634596495.56	1200	59.539583	0.0	1404300	209	1.2	89.165	23	5144	60
1634596499.48	1200	59.566667	0.0	1350682	220	1.2	93.165	23	5384	60
1634596503.46	1200	59.592648	0.0	1454743	236	1.2	97.166	24	5624	59.73506623344178
1634596507.42	1200	59.618972	0.0	1455864	240	1.2	101.167	25	5864	59.73506623344157
1634596511.34	1200	59.643058	0.0	1458942	241	1.2	105.167	25	6104	60
1634596515.29	1200	59.661435	0.0	1475192	247	1.2	109.176	25	6344	59.86530306809678
1634596519.2	1200	59.9668	0.0	1519778	235	1.2	113.168	25	6584	60.120240480961854
1634596523.13	1200	59.993783	0.0	1556293	267	1.2	117.168	25	6824	60
1634596527.58	1200	59.45	0.0	1475264	228	1.2	121.168	26	7064	59.75
