1634601109.12	750	4	0.114	178505	42	-0.48519999999999996	0	0	0	0
1634601109.26	300	8	0.0	195551	32	-0.15000000000000002	0	0	0	0
1634601109.39	300	12	0.0	195736	35	0.3	0	0	0	0
1634601109.55	300	16	0.0	193965	71	0.3	0	0	0	0
1634601109.68	300	20	0.0	229913	43	0.3	0	0	0	0
1634601109.81	300	24	0.0	216612	40	0.3	0	0	0	0
1634601109.94	300	28	0.0	223275	38	0.3	0	0	0	0
1634601110.06	300	32	0.0	224716	33	0.3	0	0	0	0
1634601110.19	300	36	0.0	200997	34	0.3	0	0	0	0
1634601110.31	300	40	0.0	207273	40	0.3	0	0	0	0
1634601110.43	300	44	0.0	212686	32	0.3	0	0	0	0
1634601110.56	300	48	0.0	204029	33	0.3	0	0	0	0
1634601110.67	300	52	0.0	196940	27	0.3	0	0	0	0
1634601110.81	300	55.953628	0.0	205069	56	0.3	0	0	0	0
1634601110.92	300	59.831837	0.0	215029	34	0.3	0	0	0	0
1634601115.08	300	59.750451	0.0	214721	42	0.3	5.331	0	51	0
1634601119.31	300	59.760704	0.0	216444	28	0.3	9.347	0	171	29.880478087649408
1634601123.48	300	59.489045	0.0	193188	25	0.3	13.347	0	291	30
1634601127.17	300	59.78553	0.0	218231	39	0.3	17.348	0	411	29.99250187453137
1634601131.36	300	59.531886	0.0	216640	26	0.3	21.348	0	531	30
1634601135.02	300	59.823999	0.0	214788	31	0.3	25.348	0	651	30
1634601139.21	300	59.828904	0.0	209977	36	0.3	29.348	0	771	30
1634601143.41	300	59.553591	0.0	217083	40	0.3	33.349	0	891	29.992501874531385
1634601147.12	300	59.847542	0.0	223801	17	0.3	37.348	0	1011	30.00750187546885
1634601151.36	300	59.606544	0.0	218143	68	0.3	41.348	0	1131	30
1634601155.03	300	59.90365	0.0	209949	32	0.3	45.35	0	1251	29.985007496251857
1634601159.19	300	59.688798	0.0	219778	17	0.3	49.349	0	1371	30.007501875468904
1634601162.87	300	59.994733	0.0	217255	38	0.3	53.35	0	1491	29.99250187453133
1634601167.03	300	59.7495	0.0	225772	43	0.3	57.353	0	1611	29.977516862353234
1634601171.16	300	59.802602	0.0	198145	33	0.3	61.354	0	1731	29.992501874531385
1634601175.37	300	59.53406	0.0	218647	9	0.3	65.354	0	1851	30
1634601179.05	300	59.830013	0.0	227093	38	0.3	69.355	0	1971	29.99250187453133
1634601183.25	300	59.559056	0.0	209981	38	0.3	73.355	0	2091	30
1634601186.93	300	59.852211	0.0	227397	51	0.3	77.355	0	2211	30
1634601191.11	300	59.864417	0.0	229724	41	0.3	81.356	0	2331	29.99250187453144
1634601195.31	300	59.596197	0.0	222308	30	0.3	85.359	0	2451	29.977516862353234
1634601198.96	300	59.920371	0.0	210900	37	0.3	89.359	0	2571	30
1634601203.13	300	59.657444	0.0	207120	37	0.3	93.359	0	2691	30
1634601207.32	300	59.66925	0.0	212721	37	0.3	97.359	0	2811	30
1634601210.99	300	59.969981	0.0	217950	35	0.3	101.36	0	2931	29.99250187453133
1634601215.15	300	59.712183	0.0	209403	30	0.3	105.36	0	3051	30
1634601219.38	300	59.441528	0.0	221030	43	0.3	109.36	0	3171	30
1634601223.08	300	59.734591	0.0	218348	37	0.3	113.36	0	3291	30
1634601227.26	300	59.745051	0.0	215558	40	0.3	117.361	0	3411	29.99250187453133
1634601231.41	300	59.516566	0.0	212674	35	0.3	121.361	0	3531	30
