1634584192.98	750	4	0.155	364579	58	-0.6615	0	0	0	0
1634584193.16	300	8	0.0	407628	59	-0.15000000000000002	0	0	0	0
1634584193.33	300	12	0.0	409537	77	0.3	0	0	0	0
1634584193.57	300	16	0.0	401138	62	0.3	0	0	0	0
1634584193.76	300	20	0.0	457731	80	0.3	0	0	0	0
1634584193.93	300	24	0.0	411393	75	0.3	0	0	0	0
1634584194.12	300	28	0.0	419665	84	0.3	0	0	0	0
1634584194.27	300	32	0.0	415391	55	0.3	0	0	0	0
1634584194.45	300	36	0.0	441412	78	0.3	0	0	0	0
1634584194.64	300	39.946839	0.0	412981	73	0.3	0	0	0	0
1634584194.83	300	43.744921	0.0	413415	72	0.3	0	0	0	0
1634584195.03	300	47.54352	0.0	419863	73	0.3	0	0	0	0
1634584195.2	300	51.381417	0.0	408917	65	0.3	0	0	0	0
1634584195.4	300	55.179732	0.0	455566	82	0.3	0	0	0	0
1634584195.58	300	58.977951	0.0	410034	70	0.3	0	0	0	0
1634584199.28	300	59.5	0.0	416850	62	0.3	5.261	0	101	0
1634584203.04	300	59.556565	0.0	441997	80	0.3	9.261	0	341	60.000000000000014
1634584206.8	300	59.89004	0.0	407136	70	0.3	13.261	0	581	60
1634584211.04	300	59.623201	0.0	439658	78	0.3	17.262	0	821	59.98500374906271
1634584214.82	300	59.916921	0.0	427305	111	0.3	21.263	0	1061	59.98500374906271
1634584219.11	300	59.647437	0.0	418162	71	0.3	25.262	0	1301	60.01500375093775
1634584222.88	300	59.944653	0.0	428282	95	0.3	29.264	0	1541	59.97001499250376
1634584226.63	300	59.972287	0.0	427342	81	0.3	33.263	0	1781	60.01500375093775
1634584230.85	300	59.71868	0.0	439784	90	0.3	37.264	0	2021	59.98500374906266
1634584235.11	300	59.726424	0.0	424118	90	0.3	41.264	0	2261	60
1634584238.83	300	59.745396	0.0	429401	78	0.3	45.266	0	2501	59.97001499250382
1634584243.09	300	59.762878	0.0	421101	70	0.3	49.27	0	2741	59.94005994005987
1634584246.84	300	59.777118	0.0	440588	67	0.3	53.27	0	2981	60
1634584251.12	300	59.519249	0.0	454532	83	0.3	57.271	0	3221	59.98500374906277
1634584254.86	300	59.823814	0.0	413236	64	0.3	61.271	0	3461	60
1634584259.21	300	59.561809	0.0	449077	125	0.3	65.271	0	3701	60
1634584263.0	300	59.583334	0.0	454485	106	0.3	69.271	0	3941	60
1634584266.76	300	59.881158	0.0	414614	81	0.3	73.271	0	4181	60
1634584270.99	300	59.621502	0.0	439642	84	0.3	77.272	0	4421	59.98500374906266
1634584274.71	300	59.926431	0.0	443772	67	0.3	81.272	0	4661	60
1634584278.96	300	59.660275	0.0	422133	79	0.3	85.272	0	4901	60
1634584282.74	300	59.954247	0.0	398606	87	0.3	89.273	0	5141	59.98500374906288
1634584286.96	300	59.683334	0.0	399361	65	0.3	93.273	0	5381	60
1634584291.22	300	59.445121	0.0	418002	71	0.3	97.275	0	5622	60.21989005497237
1634584294.97	300	59.751406	0.0	454350	79	0.3	101.273	0	5862	60.0300150075039
1634584299.21	300	59.471336	0.0	443556	73	0.3	105.273	0	6102	60
1634584302.98	300	59.77196	0.0	470803	82	0.3	109.277	0	6342	59.94005994005987
1634584307.22	300	59.498022	0.0	451385	84	0.3	113.279	0	6582	59.97001499250382
1634584310.89	300	59.791875	0.0	459078	75	0.3	117.281	0	6822	59.97001499250361
1634584315.15	300	59.552195	0.0	439363	89	0.3	121.278	0	7062	60.0450337753315
