1634570817.27	750	4	0.206	519773	89	-0.8807999999999999	0	0	0	0
1634570817.52	750	8	0.0	563743	39	0.75	0	0	0	0
1634570817.74	750	12	0.0	557560	68	0.75	0	0	0	0
1634570817.95	750	16	0.0	562449	121	0.75	0	0	0	0
1634570818.16	750	20	0.0	642669	117	0.75	0	0	0	0
1634570818.4	750	24	0.0	565799	144	0.75	0	0	0	0
1634570818.64	750	28	0.0	553943	102	0.75	0	0	0	0
1634570818.85	750	31.91291	0.0	572526	107	0.75	0	0	0	0
1634570819.08	750	35.670143	0.0	586914	106	0.75	0	0	0	0
1634570819.34	750	39.427946	0.0	544162	108	0.75	0	0	0	0
1634570819.62	750	43.144706	0.0	580100	129	0.75	0	0	0	0
1634570819.86	750	46.902643	0.0	568055	108	0.75	0	0	0	0
1634570820.07	750	50.700826	0.0	574364	103	0.75	0	0	0	0
1634570820.27	750	54.5	0.0	568805	100	0.75	0	0	0	0
1634570820.67	750	58.258127	0.0	586886	110	0.75	5.191	0	104	0
1634570823.43	750	59.454085	0.0	574974	116	0.75	5.191	0	104	0
1634570827.25	750	59.75598	0.0	602967	141	0.75	9.191	0	344	59.999999999999986
1634570831.03	750	59.7798	0.0	557010	108	0.75	13.191	0	584	60
1634570835.32	750	59.51877	0.0	604882	135	0.75	17.191	0	824	60.00000000000003
1634570839.09	750	59.823281	0.0	595562	114	0.75	21.191	0	1064	60
1634570843.36	750	59.573859	0.0	569334	111	0.75	25.192	0	1304	59.98500374906271
1634570847.13	750	59.886577	0.0	590495	117	0.75	29.193	0	1544	59.98500374906271
1634570850.88	750	59.901873	0.0	597755	107	0.75	33.194	0	1784	59.98500374906271
1634570855.16	750	59.633334	0.0	596132	129	0.75	37.194	0	2024	60
1634570858.92	750	59.950218	0.0	578308	99	0.75	41.195	0	2264	59.98500374906277
1634570863.18	750	59.697312	0.0	585221	110	0.75	45.195	0	2504	60
1634570866.94	750	59.991671	0.0	576292	99	0.75	49.199	0	2744	59.940059940059975
1634570871.22	750	59.728289	0.0	599693	73	0.75	53.199	0	2984	60
1634570875.05	750	59.750566	0.0	606614	108	0.75	57.199	0	3224	60
1634570879.32	750	59.492203	0.0	557031	103	0.75	61.2	0	3464	59.98500374906266
1634570883.08	750	59.790606	0.0	592360	103	0.75	65.2	0	3704	60
1634570887.36	750	59.526016	0.0	618972	112	0.75	69.2	0	3944	60
1634570891.14	750	59.831373	0.0	576161	119	0.75	73.2	0	4184	60
1634570895.21	750	59.566667	0.0	616169	329	0.75	77.2	0	4424	60
1634570898.98	750	59.877267	0.0	601096	104	0.75	81.201	0	4664	59.98500374906288
1634570903.25	750	59.613738	0.0	589398	115	0.75	85.202	0	4904	59.98500374906266
1634570907.03	750	59.913135	0.0	552073	108	0.75	89.202	0	5144	60
1634570911.29	750	59.651877	0.0	547291	83	0.75	93.201	0	5384	60.01500375093781
1634570915.05	750	59.961961	0.0	578974	95	0.75	97.201	0	5624	60
1634570918.81	750	59.984971	0.0	595429	89	0.75	101.214	0	5865	60.05482182905549
1634570923.05	750	59.741036	0.0	576032	115	0.75	105.215	0	6105	59.98500374906266
1634570927.33	750	59.478927	0.0	620837	89	0.75	109.215	0	6345	60
1634570931.08	750	59.787616	0.0	596051	85	0.75	113.215	0	6585	60
1634570935.33	750	59.52628	0.0	614627	116	0.75	117.215	0	6825	60
1634570939.08	750	59.835454	0.0	579381	77	0.75	121.219	0	7065	59.94005994006008
