1634581658.05	750	4	0.729	3409329	513	-3.1296999999999997	0	0	0	0
1634581658.99	2850	8	0.0	4109292	661	0.75	0	0	0	0
1634581659.95	2850	11.733334	0.0	4208764	714	2.85	0	0	0	0
1634581661.01	2850	14.716667	0.0	4152807	780	2.85	5.442	3	69	0
1634581661.96	2850	17.716667	0.0	4223571	726	2.85	5.442	3	69	0
1634581662.95	2850	20.8	0.0	4136789	701	2.85	5.442	3	69	0
1634581663.95	2850	23.8	0.0	4145327	666	2.85	5.442	3	69	0
1634581664.88	2850	26.8	0.0	4052604	684	2.85	9.443	42	309	50.237440639840045
1634581665.74	2850	29.966667	0.0	3713120	597	2.85	9.443	42	309	50.237440639840045
1634581666.68	2850	33.033334	0.0	4133696	653	2.85	9.443	42	309	50.237440639840045
1634581667.54	2850	36.133334	0.0	3980239	637	2.85	9.443	42	309	50.237440639840045
1634581668.36	2850	39.316667	0.0	3657565	587	2.85	9.443	42	309	50.237440639840045
1634581669.18	2850	42.516667	0.0	3583686	559	2.85	13.442	70	549	53.01325331332833
