1634594636.65	750	4	0.116	178505	33	-0.49379999999999996	0	0	0	0
1634594636.84	300	8	0.0	195551	27	-0.15000000000000002	0	0	0	0
1634594636.95	300	12	0.0	195736	31	0.3	0	0	0	0
1634594637.07	300	16	0.0	193965	38	0.3	0	0	0	0
1634594637.22	300	20	0.0	229913	64	0.3	0	0	0	0
1634594637.34	300	24	0.0	216612	36	0.3	0	0	0	0
1634594637.46	300	28	0.0	223275	41	0.3	0	0	0	0
1634594637.59	300	32	0.0	224716	37	0.3	0	0	0	0
1634594637.73	300	36	0.0	200997	34	0.3	0	0	0	0
1634594637.85	300	40	0.0	207273	28	0.3	0	0	0	0
1634594637.97	300	44	0.0	212686	31	0.3	0	0	0	0
1634594638.11	300	47.91333	0.0	204029	37	0.3	0	0	0	0
1634594638.24	300	51.792473	0.0	196940	38	0.3	0	0	0	0
1634594638.4	300	55.630979	0.0	205069	30	0.3	0	0	0	0
1634594638.53	300	59.510033	0.0	215029	33	0.3	0	0	0	0
1634594642.67	300	59.483342	0.0	214721	43	0.3	5.267	0	60	0
1634594646.35	300	59.775479	0.0	216444	30	0.3	9.266	0	180	30.00750187546887
1634594650.55	300	59.542229	0.0	193188	29	0.3	13.266	0	300	30
1634594654.25	300	59.87798	0.0	218231	36	0.3	17.266	0	420	30.000000000000014
1634594658.43	300	59.639542	0.0	216640	37	0.3	21.267	0	540	29.992501874531357
1634594662.13	300	59.9448	0.0	214788	48	0.3	25.267	0	660	30
1634594666.35	300	59.947968	0.0	209977	34	0.3	29.267	0	780	30
1634594670.52	300	59.700817	0.0	217083	32	0.3	33.268	0	900	29.992501874531357
1634594674.74	300	59.454644	0.0	223801	31	0.3	37.272	0	1020	29.970029970029987
1634594678.44	300	59.788684	0.0	218143	49	0.3	41.272	0	1140	30
1634594682.62	300	59.516164	0.0	209949	35	0.3	45.273	0	1260	29.99250187453133
1634594686.36	300	59.844867	0.0	219778	43	0.3	49.272	0	1380	30.007501875468904
1634594690.56	300	59.598749	0.0	217255	39	0.3	53.272	0	1500	30
1634594694.22	300	59.92619	0.0	225772	38	0.3	57.272	0	1620	30
1634594698.39	300	59.693549	0.0	198145	21	0.3	61.273	0	1740	29.99250187453133
1634594702.61	300	59.494875	0.0	218647	54	0.3	65.281	0	1861	30.189620758483013
1634594706.3	300	59.802156	0.0	227093	38	0.3	69.289	0	1981	29.940119760479075
1634594710.46	300	59.574675	0.0	209981	34	0.3	73.286	0	2101	30.02251688766575
1634594714.67	300	59.57167	0.0	227397	40	0.3	77.286	0	2221	30
1634594718.36	300	59.870264	0.0	229724	41	0.3	81.286	0	2341	30
1634594722.55	300	59.639309	0.0	222308	41	0.3	85.288	0	2461	29.98500749625191
1634594726.24	300	59.920757	0.0	210900	38	0.3	89.289	0	2581	29.99250187453133
1634594730.45	300	59.640194	0.0	207120	41	0.3	93.289	0	2701	30
1634594734.15	300	59.97556	0.0	212721	29	0.3	97.294	0	2821	29.962546816479435
1634594738.29	300	59.976042	0.0	217950	37	0.3	101.294	0	2941	30
1634594742.49	300	59.770992	0.0	209403	39	0.3	105.295	0	3061	29.99250187453133
1634594746.67	300	59.50312	0.0	221030	39	0.3	109.295	0	3181	30
1634594750.37	300	59.805615	0.0	218348	38	0.3	113.295	0	3301	30
1634594754.54	300	59.533944	0.0	215558	22	0.3	117.295	0	3421	30
1634594758.69	300	59.581761	0.0	212674	34	0.3	121.296	0	3541	29.99250187453133
