1634601342.05	750	4	0.108	178505	45	-0.4594	0	0	0	0
1634601342.22	300	8	0.0	195551	65	-0.15000000000000002	0	0	0	0
1634601342.36	300	12	0.0	195736	10	0.3	0	0	0	0
1634601342.49	300	16	0.0	193965	33	0.3	0	0	0	0
1634601342.62	300	20	0.0	229913	36	0.3	0	0	0	0
1634601342.74	300	24	0.0	216612	37	0.3	0	0	0	0
1634601342.88	300	27.954542	0.0	223275	20	0.3	0	0	0	0
1634601343.02	300	31.833334	0.0	224716	44	0.3	0	0	0	0
1634601343.15	300	35.671936	0.0	200997	33	0.3	0	0	0	0
1634601343.28	300	39.550584	0.0	207273	37	0.3	0	0	0	0
1634601343.42	300	43.42962	0.0	212686	38	0.3	0	0	0	0
1634601343.56	300	47.268469	0.0	204029	33	0.3	0	0	0	0
1634601343.72	300	51.106877	0.0	196940	44	0.3	0	0	0	0
1634601343.87	300	54.985791	0.0	205069	26	0.3	0	0	0	0
1634601344.02	300	58.823722	0.0	215029	27	0.3	0	0	0	0
1634601347.22	300	59.775121	0.0	214721	36	0.3	4.632	0	81	0
1634601351.44	300	59.543956	0.0	216444	29	0.3	8.633	0	201	29.99250187453137
1634601355.13	300	59.919721	0.0	193188	21	0.3	12.632	0	321	30.00750187546886
1634601359.35	300	59.647121	0.0	218231	56	0.3	16.632	0	441	29.999999999999986
1634601363.09	300	59.981405	0.0	216640	22	0.3	20.633	0	561	29.992501874531385
1634601367.34	300	59.705074	0.0	214788	82	0.3	24.633	0	681	30
1634601371.53	300	59.427116	0.0	209977	31	0.3	28.634	0	801	29.992501874531357
1634601375.24	300	59.71459	0.0	217083	44	0.3	32.634	0	921	30
1634601379.49	300	59.477285	0.0	223801	46	0.3	36.634	0	1041	30
1634601383.21	300	59.84017	0.0	218143	35	0.3	40.635	0	1161	29.992501874531385
1634601387.4	300	59.556027	0.0	209949	39	0.3	44.648	0	1282	30.152005980563132
1634601391.1	300	59.893182	0.0	219778	36	0.3	48.657	0	1402	29.932651534048443
1634601395.29	300	59.623611	0.0	217255	47	0.3	52.658	0	1522	29.99250187453133
1634601399.0	300	59.915843	0.0	225772	23	0.3	56.658	0	1642	30
1634601403.2	300	59.645934	0.0	198145	35	0.3	60.658	0	1762	30
1634601406.87	300	59.98841	0.0	218647	38	0.3	64.659	0	1882	29.99250187453133
1634601411.07	300	59.995254	0.0	227093	45	0.3	68.658	0	2002	30.007501875468904
1634601415.33	300	59.807819	0.0	209981	41	0.3	72.658	0	2122	30
1634601419.05	300	59.848361	0.0	227397	45	0.3	76.659	0	2242	29.99250187453133
1634601423.26	300	59.856839	0.0	229724	39	0.3	80.673	0	2363	30.14449427005484
1634601427.48	300	59.586045	0.0	222308	34	0.3	84.677	0	2483	29.970029970029934
1634601431.16	300	59.882732	0.0	210900	16	0.3	88.677	0	2603	30
1634601435.37	300	59.605545	0.0	207120	35	0.3	92.677	0	2723	30
1634601439.08	300	59.930317	0.0	212721	39	0.3	96.678	0	2843	29.99250187453144
1634601443.26	300	59.645211	0.0	217950	34	0.3	100.678	0	2963	30
1634601446.98	300	59.973591	0.0	209403	31	0.3	104.682	0	3083	29.970029970029934
1634601451.23	300	59.696573	0.0	221030	55	0.3	108.682	0	3203	30
1634601454.9	300	59.991591	0.0	218348	34	0.3	112.683	0	3323	29.99250187453133
1634601459.64	300	59.429874	0.0	215558	43	0.3	116.683	0	3443	30
1634601463.31	300	59.758185	0.0	212674	27	0.3	120.683	0	3563	30
