1634581421.19	750	4	0.108	178505	42	-0.4594	0	0	0	0
1634581421.34	300	8	0.0	195551	32	-0.15000000000000002	0	0	0	0
1634581421.47	300	12	0.0	195736	34	0.3	0	0	0	0
1634581421.59	300	16	0.0	193965	25	0.3	0	0	0	0
1634581421.74	300	20	0.0	229913	38	0.3	0	0	0	0
1634581421.91	300	23.985983	0.0	216612	40	0.3	0	0	0	0
1634581422.03	300	27.822467	0.0	223275	41	0.3	0	0	0	0
1634581422.16	300	31.741917	0.0	224716	38	0.3	0	0	0	0
1634581422.29	300	35.580778	0.0	200997	31	0.3	0	0	0	0
1634581422.42	300	39.460024	0.0	207273	32	0.3	0	0	0	0
1634581422.55	300	43.33927	0.0	212686	35	0.3	0	0	0	0
1634581422.69	300	47.177701	0.0	204029	40	0.3	0	0	0	0
1634581422.83	300	51.054552	0.0	196940	39	0.3	0	0	0	0
1634581422.98	300	54.892381	0.0	205069	33	0.3	0	0	0	0
1634581423.14	300	58.7308	0.0	215029	34	0.3	0	0	0	0
1634581426.33	300	59.723255	0.0	214721	39	0.3	4.622	0	86	0
1634581430.54	300	59.440794	0.0	216444	12	0.3	8.622	0	206	30
1634581434.25	300	59.742923	0.0	193188	37	0.3	12.622	0	326	30
1634581438.48	300	59.509887	0.0	218231	42	0.3	16.621	0	446	30.007501875468876
1634581442.2	300	59.805264	0.0	216640	40	0.3	20.622	0	566	29.992501874531357
1634581446.39	300	59.568748	0.0	214788	41	0.3	24.623	0	686	29.992501874531357
1634581450.12	300	59.866667	0.0	209977	37	0.3	28.626	0	806	29.977516862353234
1634581454.3	300	59.672201	0.0	217083	41	0.3	32.626	0	926	30.00000000000003
1634581458.04	300	59.959701	0.0	223801	38	0.3	36.627	0	1046	29.99250187453133
1634581462.25	300	59.689576	0.0	218143	36	0.3	40.667	0	1167	29.95049504950496
1634581465.95	300	59.984262	0.0	209949	49	0.3	44.668	0	1287	29.992501874531385
1634581470.12	300	59.988946	0.0	219778	38	0.3	48.667	0	1407	30.00750187546885
1634581474.3	300	59.745891	0.0	217255	33	0.3	52.668	0	1527	29.992501874531385
1634581478.52	300	59.478674	0.0	225772	11	0.3	56.668	0	1647	30
1634581482.24	300	59.768757	0.0	198145	27	0.3	60.669	0	1767	29.992501874531385
1634581486.41	300	59.485404	0.0	218647	36	0.3	64.669	0	1887	30
1634581490.1	300	59.816299	0.0	227093	49	0.3	68.669	0	2007	30
1634581494.27	300	59.82143	0.0	209981	39	0.3	72.669	0	2127	30
1634581498.46	300	59.543143	0.0	227397	43	0.3	76.669	0	2247	30
1634581502.18	300	59.830037	0.0	229724	45	0.3	80.673	0	2368	30.219780219780183
1634581506.4	300	59.556935	0.0	222308	44	0.3	84.673	0	2488	30
1634581510.1	300	59.84387	0.0	210900	40	0.3	88.674	0	2608	29.99250187453133
1634581514.38	300	59.641317	0.0	207120	29	0.3	92.675	0	2728	29.99250187453144
1634581518.1	300	59.936489	0.0	212721	1	0.3	96.676	0	2848	29.99250187453133
1634581522.31	300	59.659715	0.0	217950	24	0.3	100.68	0	2968	29.970029970029934
1634581526.0	300	59.995941	0.0	209403	32	0.3	104.681	0	3088	29.99250187453144
1634581530.18	300	59.723997	0.0	221030	40	0.3	108.681	0	3208	30
1634581534.36	300	59.733924	0.0	218348	43	0.3	112.681	0	3328	30
1634581538.54	300	59.453885	0.0	215558	36	0.3	116.681	0	3448	30
1634581542.24	300	59.738234	0.0	212674	35	0.3	120.682	0	3568	29.99250187453133
