1634598051.11	750	4	0.137	364579	58	-0.5841000000000001	0	0	0	0
1634598051.28	300	8	0.0	407628	61	-0.15000000000000002	0	0	0	0
1634598051.46	300	12	0.0	409537	71	0.3	0	0	0	0
1634598051.63	300	16	0.0	401138	70	0.3	0	0	0	0
1634598051.8	300	20	0.0	457731	70	0.3	0	0	0	0
1634598051.95	300	23.877987	0.0	411393	61	0.3	0	0	0	0
1634598052.13	300	27.716667	0.0	419665	60	0.3	0	0	0	0
1634598052.28	300	31.555251	0.0	415391	61	0.3	0	0	0	0
1634598052.46	300	35.394127	0.0	441412	75	0.3	0	0	0	0
1634598052.64	300	39.192565	0.0	412981	66	0.3	0	0	0	0
1634598052.83	300	43.031786	0.0	413415	71	0.3	0	0	0	0
1634598053.02	300	46.829415	0.0	419863	75	0.3	0	0	0	0
1634598053.2	300	50.667607	0.0	408917	70	0.3	0	0	0	0
1634598053.43	300	54.425301	0.0	455566	73	0.3	0	0	0	0
1634598053.59	300	58.263982	0.0	410034	69	0.3	0	0	0	0
1634598056.28	300	59.743911	0.0	416850	60	0.3	4.555	0	166	0
1634598060.53	300	59.484607	0.0	441997	30	0.3	8.554	0	406	60.01500375093772
1634598064.27	300	59.828886	0.0	407136	65	0.3	12.555	0	646	59.98500374906274
1634598068.02	300	59.886229	0.0	439658	70	0.3	16.555	0	886	60
1634598072.27	300	59.616667	0.0	427305	68	0.3	20.555	0	1126	60
1634598076.01	300	59.913637	0.0	418162	75	0.3	24.556	0	1366	59.98500374906271
1634598080.26	300	59.650169	0.0	428282	73	0.3	28.556	0	1606	60
1634598083.97	300	59.956554	0.0	427342	78	0.3	32.556	0	1846	60.00000000000006
1634598088.22	300	59.689544	0.0	439784	67	0.3	36.557	0	2086	59.98500374906266
1634598091.92	300	59.992274	0.0	424118	73	0.3	40.557	0	2326	60
1634598096.17	300	59.719114	0.0	429401	67	0.3	44.557	0	2566	60
1634598100.43	300	59.44803	0.0	421101	76	0.3	48.557	0	2806	60
1634598104.15	300	59.756372	0.0	440588	72	0.3	52.557	0	3046	60
1634598108.43	300	59.494944	0.0	454532	61	0.3	56.558	0	3286	59.98500374906277
1634598112.2	300	59.80238	0.0	413236	91	0.3	60.565	0	3527	60.14474669328678
1634598116.41	300	59.541281	0.0	449077	73	0.3	64.566	0	3767	59.98500374906266
1634598120.14	300	59.840004	0.0	454485	97	0.3	68.565	0	4007	60.01500375093781
1634598124.37	300	59.566667	0.0	414614	62	0.3	72.565	0	4247	60
1634598128.11	300	59.869378	0.0	439642	69	0.3	76.566	0	4487	59.98500374906266
1634598132.36	300	59.604597	0.0	443772	80	0.3	80.566	0	4727	60
1634598136.1	300	59.919085	0.0	422133	69	0.3	84.566	0	4967	60
1634598140.33	300	59.656377	0.0	398606	25	0.3	88.567	0	5207	59.98500374906288
1634598144.08	300	59.962745	0.0	399361	80	0.3	92.567	0	5447	60
1634598148.3	300	59.693278	0.0	418002	74	0.3	96.567	0	5687	60
1634598152.04	300	59.997187	0.0	454350	70	0.3	100.57	0	5927	59.95503372470647
1634598156.35	300	59.732009	0.0	443556	73	0.3	104.57	0	6167	60
1634598160.59	300	59.471207	0.0	470803	85	0.3	108.571	0	6407	59.98500374906266
1634598164.3	300	59.76921	0.0	451385	69	0.3	112.572	0	6647	59.98500374906266
1634598168.52	300	59.509335	0.0	459078	72	0.3	116.575	0	6887	59.95503372470647
1634598172.24	300	59.856334	0.0	439363	57	0.3	120.575	0	7127	60
