1634571049.86	750	4	0.178	519773	98	-0.7604	0	0	0	0
1634571050.09	750	8	0.0	563743	86	0.75	0	0	0	0
1634571050.3	750	12	0.0	557560	97	0.75	0	0	0	0
1634571050.5	750	15.914473	0.0	562449	93	0.75	0	0	0	0
1634571050.72	750	19.672659	0.0	642669	105	0.75	0	0	0	0
1634571050.92	750	23.471161	0.0	565799	99	0.75	0	0	0	0
1634571051.14	750	27.269386	0.0	553943	98	0.75	0	0	0	0
1634571051.36	750	31.067671	0.0	572526	95	0.75	0	0	0	0
1634571051.6	750	34.784376	0.0	586914	113	0.75	0	0	0	0
1634571051.82	750	38.583334	0.0	544162	102	0.75	0	0	0	0
1634571052.05	750	42.340007	0.0	580100	89	0.75	0	0	0	0
1634571052.28	750	46.137716	0.0	568055	98	0.75	0	0	0	0
1634571052.48	750	49.936141	0.0	574364	98	0.75	0	0	0	0
1634571052.72	750	53.69324	0.0	568805	101	0.75	0	0	0	0
1634571052.97	750	57.450163	0.0	586886	98	0.75	0	0	0	0
1634571054.74	750	59.707334	0.0	574974	93	0.75	4.575	0	172	0
1634571059.02	750	59.440043	0.0	602967	101	0.75	8.576	0	413	60.234941264683826
1634571062.83	750	59.743681	0.0	557010	136	0.75	12.576	0	652	59.75
1634571067.09	750	59.477168	0.0	604882	65	0.75	16.577	0	893	60.23494126468381
1634571070.91	750	59.774291	0.0	595562	106	0.75	20.576	0	1133	60.01500375093775
1634571074.7	750	59.792433	0.0	569334	129	0.75	24.576	0	1373	60
1634571078.97	750	59.568295	0.0	590495	104	0.75	28.577	0	1612	59.73506623344162
1634571082.77	750	59.871038	0.0	597755	124	0.75	32.579	0	1853	60.21989005497253
1634571086.62	750	59.890224	0.0	596132	202	0.75	36.579	0	2093	60
1634571090.93	750	59.630616	0.0	578308	113	0.75	40.579	0	2333	60
1634571094.73	750	59.971088	0.0	585221	135	0.75	44.58	0	2573	59.98500374906277
1634571098.88	750	59.708882	0.0	576292	483	0.75	48.587	0	2813	59.895183428999175
1634571103.15	750	59.440739	0.0	599693	109	0.75	52.588	0	3053	59.98500374906277
1634571106.99	750	59.462927	0.0	606614	126	0.75	56.588	0	3293	60
1634571110.74	750	59.761861	0.0	557031	94	0.75	60.589	0	3533	59.98500374906277
1634571115.03	750	59.494678	0.0	592360	110	0.75	64.589	0	3773	60
1634571118.8	750	59.8	0.0	618972	111	0.75	68.589	0	4013	60
1634571122.63	750	59.818955	0.0	576161	110	0.75	72.589	0	4253	60
1634571126.97	750	59.544492	0.0	616169	132	0.75	76.59	0	4493	59.98500374906266
1634571130.72	750	59.844737	0.0	601096	98	0.75	80.59	0	4733	60
1634571134.99	750	59.604693	0.0	589398	93	0.75	84.59	0	4973	60
1634571138.8	750	59.903693	0.0	552073	112	0.75	88.59	0	5213	60
1634571142.53	750	59.922416	0.0	547291	101	0.75	92.591	0	5453	59.98500374906288
1634571146.8	750	59.656034	0.0	578974	101	0.75	96.59	0	5693	60.015003750937595
1634571150.56	750	59.959574	0.0	595429	110	0.75	100.591	0	5933	59.98500374906288
1634571154.83	750	59.73554	0.0	576032	100	0.75	104.591	0	6173	60
1634571159.14	750	59.473491	0.0	620837	107	0.75	108.592	0	6413	59.98500374906266
1634571163.03	750	59.483334	0.0	596051	108	0.75	112.592	0	6653	60
1634571166.78	750	59.818203	0.0	614627	107	0.75	116.592	0	6893	60
1634571171.04	750	59.552498	0.0	579381	71	0.75	120.592	0	7133	60
