1634589032.05	750	4	0.584	2364266	427	-2.5061999999999998	0	0	0	0
1634589032.74	1850	8	0.0	2702234	457	0.75	0	0	0	0
1634589033.41	1850	11.383334	0.0	2698759	457	1.85	0	0	0	0
1634589034.13	1850	14.7	0.0	2726329	485	1.85	0	0	0	0
1634589034.86	1850	17.934865	0.0	2796160	502	1.85	0	0	0	0
1634589035.54	1850	21.283334	0.0	2703878	438	1.85	4.658	7	138	0
1634589036.28	1850	24.566667	0.0	2747707	483	1.85	4.658	7	138	0
1634589036.98	1850	27.85	0.0	2590022	462	1.85	4.658	7	138	0
1634589037.6	1850	31.185078	0.0	2440705	430	1.85	4.658	7	138	0
1634589038.26	1850	34.533334	0.0	2706304	467	1.85	4.658	7	138	0
1634589038.98	1850	37.866667	0.0	2616156	476	1.85	4.658	7	138	0
1634589039.72	1850	41.066667	0.0	2484837	436	1.85	8.755	42	381	50.7688552599463
1634589040.43	1850	44.383334	0.0	2520833	478	1.85	8.755	42	381	50.7688552599463
1634589041.07	1850	47.733334	0.0	2450375	426	1.85	8.755	42	381	50.7688552599463
1634589041.72	1850	51.1	0.0	2648021	428	1.85	8.755	42	381	50.7688552599463
1634589042.42	1850	54.4	0.0	2584938	468	1.85	8.755	42	381	50.7688552599463
1634589043.1	1850	57.716667	0.0	2753591	467	1.85	8.755	42	381	50.7688552599463
1634589045.29	1850	59.495962	0.0	2590312	444	1.85	12.782	72	625	53.14129625031042
1634589049.01	1850	59.789921	0.0	2803841	473	1.85	16.783	78	865	58.48537865533615
1634589053.2	1850	59.813868	0.0	2702423	425	1.85	20.782	82	1105	59.014753688422125
1634589057.37	1850	59.552643	0.0	2667915	417	1.85	24.783	87	1345	58.73531617095724
1634589061.14	1850	59.889791	0.0	2656424	505	1.85	28.783	89	1585	59.5
1634589064.89	1850	59.905937	0.0	2700847	460	1.85	32.783	92	1825	59.25
1634589069.14	1850	59.922438	0.0	2710093	463	1.85	36.783	97	2065	58.75
1634589073.29	1850	59.643159	0.0	2634927	419	1.85	40.784	98	2305	59.73506623344167
1634589076.96	1850	59.946871	0.0	2610609	367	1.85	44.783	102	2545	59.01475368842207
1634589081.13	1850	59.68079	0.0	2679192	431	1.85	48.784	104	2785	59.48512871782058
1634589084.84	1850	59.987447	0.0	2702866	458	1.85	52.785	107	3025	59.23519120219949
1634589089.12	1850	59.707288	0.0	2926779	475	1.85	56.784	113	3265	58.51462865716426
1634589093.28	1850	59.729146	0.0	2512972	403	1.85	60.785	115	3505	59.48512871782058
1634589097.46	1850	59.511552	0.0	2642993	462	1.85	64.785	116	3745	59.75
1634589101.25	1850	59.572344	0.0	2839732	447	1.85	68.785	133	3985	55.75
1634589104.92	1850	59.872984	0.0	2585927	434	1.85	72.788	135	4225	59.455408443667245
1634589108.94	1850	59.892918	0.0	2751950	743	1.85	76.79	150	4465	56.22188905547213
1634589113.17	1850	59.628313	0.0	2616237	440	1.85	80.79	154	4706	59.25
1634589116.88	1850	59.962503	0.0	2815780	470	1.85	84.791	157	4945	58.985253686578496
1634589121.09	1850	59.697204	0.0	2502589	474	1.85	88.792	161	5186	59.23519120219938
1634589125.25	1850	59.709518	0.0	2492428	400	1.85	92.792	164	5426	59.25
1634589128.95	1850	59.977532	0.0	2702509	425	1.85	96.794	169	5666	58.72063968015999
1634589133.16	1850	59.669014	0.0	2644520	451	1.85	100.793	173	5906	59.01475368842197
1634589136.85	1850	59.979403	0.0	2669148	439	1.85	104.795	174	6146	59.72013993003505
1634589141.48	1850	59.468631	0.0	2592380	425	1.85	108.795	175	6386	59.75
1634589145.17	1850	59.770957	0.0	2699169	426	1.85	112.795	180	6626	58.75
1634589149.33	1850	59.579883	0.0	2735368	422	1.85	116.796	182	6866	59.48512871782047
1634589153.0	1850	59.883334	0.0	2575922	417	1.85	120.796	185	7106	59.25
