1634586799.41	750	4	0.208	341125	4	-0.8894	0	0	0	0
1634586799.64	750	8	0.0	368384	56	0.75	0	0	0	0
1634586799.82	750	12	0.0	361115	57	0.75	0	0	0	0
1634586799.99	750	16	0.0	351432	69	0.75	0	0	0	0
1634586800.17	750	20	0.0	415108	79	0.75	0	0	0	0
1634586800.36	750	24	0.0	405152	50	0.75	0	0	0	0
1634586800.53	750	28	0.0	418745	74	0.75	0	0	0	0
1634586800.69	750	32	0.0	422888	70	0.75	0	0	0	0
1634586800.85	750	36	0.0	332222	58	0.75	0	0	0	0
1634586801.01	750	40	0.0	390526	63	0.75	0	0	0	0
1634586801.21	750	44	0.0	394909	66	0.75	0	0	0	0
1634586801.37	750	48	0.0	391304	68	0.75	0	0	0	0
1634586801.52	750	52	0.0	354894	58	0.75	0	0	0	0
1634586801.67	750	56	0.0	377564	63	0.75	0	0	0	0
1634586802.41	750	59.991144	0.0	396139	67	0.75	6.175	0	1	0
1634586806.68	750	59.730038	0.0	398301	80	0.75	10.175	0	121	29.999999999999993
1634586810.46	750	59.786911	0.0	411967	70	0.75	14.175	0	241	30
1634586814.71	750	59.513334	0.0	371247	48	0.75	18.175	0	361	30
1634586818.49	750	59.818418	0.0	416520	88	0.75	22.175	0	481	30
1634586822.72	750	59.542353	0.0	408407	80	0.75	26.176	0	601	29.992501874531385
1634586826.46	750	59.841822	0.0	403983	70	0.75	30.176	0	721	30
1634586830.72	750	59.601922	0.0	369757	79	0.75	34.178	0	841	29.98500749625188
1634586834.48	750	59.939291	0.0	404235	78	0.75	38.178	0	961	30
1634586838.72	750	59.663301	0.0	418487	79	0.75	42.184	0	1081	29.955067398901647
1634586842.47	750	59.952309	0.0	416581	84	0.75	46.196	0	1202	30.159521435692916
1634586846.73	750	59.68893	0.0	404280	83	0.75	50.191	0	1322	30.03754693366705
1634586850.52	750	59.707156	0.0	413252	70	0.75	54.192	0	1442	29.992501874531385
1634586854.72	750	59.476945	0.0	399762	67	0.75	58.192	0	1562	30
1634586858.44	750	59.779308	0.0	438319	85	0.75	62.192	0	1682	30
1634586862.68	750	59.790041	0.0	371901	45	0.75	66.193	0	1802	29.992501874531385
1634586866.47	750	59.786615	0.0	404985	70	0.75	70.193	0	1922	30
1634586870.74	750	59.553999	0.0	419455	74	0.75	74.196	0	2042	29.977516862353234
1634586874.53	750	59.846867	0.0	389992	94	0.75	78.195	0	2162	30.007501875468904
1634586878.86	750	59.578988	0.0	447110	67	0.75	82.195	0	2282	30
1634586882.62	750	59.633334	0.0	428402	69	0.75	86.195	0	2402	30
1634586886.35	750	59.931304	0.0	430629	65	0.75	90.2	0	2522	29.96254681647933
1634586890.59	750	59.659081	0.0	399369	57	0.75	94.206	0	2642	29.955067398901647
1634586894.37	750	59.948738	0.0	388328	63	0.75	98.207	0	2762	29.99250187453144
1634586898.58	750	59.671857	0.0	391315	69	0.75	102.206	0	2882	30.007501875468797
1634586902.8	750	59.452589	0.0	404526	73	0.75	106.207	0	3002	29.99250187453144
1634586906.51	750	59.748994	0.0	396577	53	0.75	110.208	0	3122	29.99250187453133
1634586910.71	750	59.772761	0.0	403873	62	0.75	114.208	0	3242	30
1634586914.44	750	59.792723	0.0	389389	57	0.75	118.208	0	3362	30
1634586918.69	750	59.806305	0.0	399698	85	0.75	122.208	0	3482	30
1634586922.88	750	59.530658	0.0	380869	62	0.75	126.208	0	3602	30
