1634572679.18	750	4	0.437	1562159	262	-1.8740999999999999	0	0	0	0
1634572679.63	1850	8	0.0	1791954	287	0.75	0	0	0	0
1634572680.09	1850	12	0.0	1733238	301	1.85	0	0	0	0
1634572680.49	1850	16	0.0	1695568	257	1.85	0	0	0	0
1634572680.97	1850	20	0.0	1876072	300	1.85	0	0	0	0
1634572681.46	1850	23.524	0.0	1864973	306	1.85	0	0	0	0
1634572681.97	1850	27.035316	0.0	1957023	343	1.85	0	0	0	0
1634572682.5	1850	30.510668	0.0	1854182	338	1.85	5.248	0	35	0
1634572682.9	1850	34.108177	0.0	1496997	249	1.85	5.248	0	35	0
1634572683.41	1850	37.584784	0.0	1833873	296	1.85	5.248	0	35	0
1634572683.86	1850	41.140641	0.0	1729619	276	1.85	5.248	0	35	0
1634572684.3	1850	44.696296	0.0	1693515	277	1.85	5.248	0	35	0
1634572684.7	1850	48.290963	0.0	1564016	243	1.85	5.248	0	35	0
1634572685.15	1850	51.842425	0.0	1677838	275	1.85	5.248	0	35	0
1634572685.63	1850	55.358027	0.0	1707508	301	1.85	5.248	0	35	0
1634572686.08	1850	58.913358	0.0	1731328	282	1.85	5.248	0	35	0
1634572689.61	1850	59.463553	0.0	1872514	332	1.85	9.272	0	156	30.069582504970178
1634572693.61	1850	59.5	0.0	1679554	300	1.85	13.272	0	276	30
1634572697.18	1850	59.821202	0.0	1919701	363	1.85	17.273	0	396	29.99250187453137
1634572701.26	1850	59.833334	0.0	1890366	320	1.85	21.273	0	516	30
1634572705.36	1850	59.853241	0.0	1893526	310	1.85	25.273	0	636	30
1634572709.4	1850	59.868361	0.0	1696244	251	1.85	29.273	0	756	30
1634572713.42	1850	59.598107	0.0	1892733	332	1.85	33.279	0	876	29.95506739890162
1634572717.43	1850	59.676664	0.0	1865187	335	1.85	37.279	0	996	30
1634572721.49	1850	59.704869	0.0	1930734	313	1.85	41.279	0	1116	30
1634572725.48	1850	59.744741	0.0	1763518	296	1.85	45.279	0	1236	30
1634572729.54	1850	59.492265	0.0	1887305	324	1.85	49.28	0	1356	29.992501874531385
1634572733.54	1850	59.557013	0.0	1849633	699	1.85	53.28	0	1476	30
1634572737.3	1850	59.870297	0.0	2054697	475	1.85	57.28	0	1596	30
1634572741.26	1850	59.912419	0.0	1603027	267	1.85	61.281	0	1716	29.992501874531385
1634572745.34	1850	59.683505	0.0	1789549	284	1.85	65.281	0	1836	29.999999999999947
1634572749.45	1850	59.727747	0.0	1832812	321	1.85	69.282	0	1956	29.99250187453144
1634572753.49	1850	59.735357	0.0	1776833	275	1.85	73.283	0	2076	29.99250187453133
1634572757.53	1850	59.492832	0.0	1910926	296	1.85	77.282	0	2196	30.007501875468904
1634572761.63	1850	59.505554	0.0	1884086	340	1.85	81.282	0	2316	30
1634572765.25	1850	59.804933	0.0	1918239	381	1.85	85.283	0	2436	29.99250187453133
1634572769.27	1850	59.816044	0.0	1783739	257	1.85	89.283	0	2556	30
1634572773.37	1850	59.833334	0.0	1780429	306	1.85	93.283	0	2676	30
1634572777.36	1850	59.884727	0.0	1734830	313	1.85	97.283	0	2796	30
1634572781.37	1850	59.635567	0.0	1685239	291	1.85	101.284	0	2916	29.99250187453133
1634572785.37	1850	59.659733	0.0	1663462	326	1.85	105.288	0	3036	29.97002997003004
1634572789.36	1850	59.691613	0.0	1744428	310	1.85	109.289	0	3156	29.99250187453133
1634572793.39	1850	59.72729	0.0	1789345	299	1.85	113.289	0	3276	30
1634572797.34	1850	59.767589	0.0	1785956	307	1.85	117.289	0	3396	30
1634572801.37	1850	59.782259	0.0	1826034	331	1.85	121.291	0	3516	29.98500749625191
