1634577656.54	750	4	0.155	364579	45	-0.6615	0	0	0	0
1634577656.87	300	8	0.0	407628	71	-0.15000000000000002	0	0	0	0
1634577657.04	300	12	0.0	409537	61	0.3	0	0	0	0
1634577657.2	300	16	0.0	401138	64	0.3	0	0	0	0
1634577657.42	300	20	0.0	457731	64	0.3	0	0	0	0
1634577657.58	300	24	0.0	411393	67	0.3	0	0	0	0
1634577657.79	300	28	0.0	419665	83	0.3	0	0	0	0
1634577658.0	300	32	0.0	415391	92	0.3	0	0	0	0
1634577658.19	300	35.875052	0.0	441412	59	0.3	0	0	0	0
1634577658.37	300	39.713916	0.0	412981	74	0.3	0	0	0	0
1634577658.55	300	43.512544	0.0	413415	61	0.3	0	0	0	0
1634577658.74	300	47.350101	0.0	419863	54	0.3	0	0	0	0
1634577658.93	300	51.148168	0.0	408917	82	0.3	0	0	0	0
1634577659.15	300	54.906964	0.0	455566	80	0.3	0	0	0	0
1634577659.34	300	58.744715	0.0	410034	73	0.3	0	0	0	0
1634577662.53	300	59.752723	0.0	416850	67	0.3	5.251	0	109	0
1634577666.8	300	59.495012	0.0	441997	78	0.3	9.251	0	349	60.000000000000014
1634577670.55	300	59.802238	0.0	407136	70	0.3	13.251	0	589	60
1634577674.3	300	59.821776	0.0	439658	82	0.3	17.251	0	829	59.99999999999997
1634577678.55	300	59.553688	0.0	427305	85	0.3	21.251	0	1069	60
1634577682.27	300	59.867783	0.0	418162	66	0.3	25.252	0	1309	59.98500374906277
1634577686.51	300	59.608272	0.0	428282	74	0.3	29.251	0	1549	60.0150037509377
1634577690.24	300	59.911873	0.0	427342	68	0.3	33.253	0	1789	59.97001499250376
1634577694.49	300	59.648216	0.0	439784	67	0.3	37.252	0	2029	60.0150037509377
1634577698.26	300	59.995871	0.0	424118	72	0.3	41.254	0	2269	59.97001499250382
1634577702.47	300	59.774308	0.0	429401	35	0.3	45.254	0	2509	60
1634577706.7	300	59.514281	0.0	421101	35	0.3	49.254	0	2749	60
1634577710.46	300	59.820609	0.0	440588	95	0.3	53.254	0	2989	60
1634577714.71	300	59.557684	0.0	454532	92	0.3	57.254	0	3229	60
1634577718.44	300	59.864232	0.0	413236	63	0.3	61.254	0	3469	60
1634577722.21	300	59.880381	0.0	449077	71	0.3	65.254	0	3709	59.99999999999989
1634577726.5	300	59.619382	0.0	454485	69	0.3	69.254	0	3950	60.25
1634577730.24	300	59.972194	0.0	414614	71	0.3	73.255	0	4190	59.98500374906288
1634577734.5	300	59.701606	0.0	439642	79	0.3	77.256	0	4430	59.98500374906266
1634577738.77	300	59.4308	0.0	443772	72	0.3	81.256	0	4670	60
1634577742.49	300	59.742066	0.0	422133	75	0.3	85.256	0	4910	60
1634577746.71	300	59.490814	0.0	398606	64	0.3	89.257	0	5150	59.98500374906266
1634577750.44	300	59.790912	0.0	399361	62	0.3	93.257	0	5390	60
1634577754.68	300	59.57682	0.0	418002	66	0.3	97.257	0	5630	60
1634577758.43	300	59.879054	0.0	454350	69	0.3	101.258	0	5870	59.98500374906288
1634577762.66	300	59.620076	0.0	443556	74	0.3	105.262	0	6110	59.94005994005987
1634577766.45	300	59.636536	0.0	470803	79	0.3	109.263	0	6350	59.98500374906266
1634577770.21	300	59.933334	0.0	451385	71	0.3	113.263	0	6590	60
1634577774.46	300	59.676606	0.0	459078	88	0.3	117.263	0	6830	60
1634577778.19	300	59.989556	0.0	439363	87	0.3	121.264	0	7070	59.98500374906288
