1634585622.66	750	4	0.385	1562159	245	-1.6505	0	0	0	0
1634585623.25	1850	8	0.0	1791954	296	0.75	0	0	0	0
1634585623.66	1850	12	0.0	1733238	272	1.85	0	0	0	0
1634585624.13	1850	16	0.0	1695568	212	1.85	0	0	0	0
1634585624.62	1850	19.553571	0.0	1876072	300	1.85	0	0	0	0
1634585625.09	1850	23.069501	0.0	1864973	310	1.85	0	0	0	0
1634585625.59	1850	26.585775	0.0	1957023	323	1.85	0	0	0	0
1634585626.19	1850	29.979699	0.0	1854182	294	1.85	5.498	0	49	0
1634585626.61	1850	33.575551	0.0	1496997	251	1.85	5.498	0	49	0
1634585627.11	1850	37.090254	0.0	1833873	303	1.85	5.498	0	49	0
1634585627.57	1850	40.606345	0.0	1729619	298	1.85	5.498	0	49	0
1634585628.02	1850	44.161957	0.0	1693515	280	1.85	5.498	0	49	0
1634585628.47	1850	47.717472	0.0	1564016	268	1.85	5.498	0	49	0
1634585628.98	1850	51.233334	0.0	1677838	267	1.85	5.498	0	49	0
1634585629.45	1850	54.706447	0.0	1707508	282	1.85	5.498	0	49	0
1634585629.9	1850	58.262381	0.0	1731328	284	1.85	9.499	0	169	29.992501874531364
1634585632.45	1850	59.789519	0.0	1872514	319	1.85	9.499	0	169	29.992501874531364
1634585636.44	1850	59.80274	0.0	1679554	278	1.85	13.514	0	289	29.887920298879212
1634585640.51	1850	59.812133	0.0	1919701	290	1.85	17.514	0	409	30
1634585644.55	1850	59.866667	0.0	1890366	274	1.85	21.514	0	529	30
1634585648.61	1850	59.586638	0.0	1893526	309	1.85	25.514	0	649	30
1634585652.65	1850	59.611665	0.0	1696244	252	1.85	29.515	0	769	29.992501874531357
1634585656.64	1850	59.646944	0.0	1892733	292	1.85	33.515	0	889	30
1634585660.64	1850	59.693791	0.0	1865187	302	1.85	37.515	0	1009	30
1634585664.69	1850	59.708539	0.0	1930734	297	1.85	41.517	0	1129	29.985007496251857
1634585668.71	1850	59.737856	0.0	1763518	283	1.85	45.516	0	1249	30.007501875468904
1634585672.71	1850	59.504333	0.0	1887305	307	1.85	49.548	0	1370	30.009920634920608
1634585676.71	1850	59.511947	0.0	1849633	273	1.85	53.548	0	1490	30
1634585680.82	1850	59.546284	0.0	2054697	307	1.85	57.548	0	1610	30
1634585684.31	1850	59.863963	0.0	1603027	230	1.85	61.549	0	1730	29.992501874531385
1634585688.36	1850	59.843557	0.0	1789549	306	1.85	65.549	0	1850	29.999999999999947
1634585692.46	1850	59.90828	0.0	1832812	294	1.85	69.55	0	1970	29.99250187453144
1634585696.44	1850	59.908701	0.0	1776833	294	1.85	73.551	0	2090	29.99250187453133
1634585700.45	1850	59.94761	0.0	1910926	317	1.85	77.551	0	2210	30
1634585704.96	1850	59.44202	0.0	1884086	297	1.85	81.551	0	2330	30
1634585708.54	1850	59.743307	0.0	1918239	394	1.85	85.552	0	2450	29.99250187453133
1634585712.56	1850	59.785579	0.0	1783739	314	1.85	89.552	0	2570	30
1634585716.6	1850	59.804748	0.0	1780429	290	1.85	93.552	0	2690	30
1634585720.61	1850	59.590721	0.0	1734830	316	1.85	97.552	0	2810	30
1634585724.59	1850	59.629308	0.0	1685239	290	1.85	101.552	0	2930	30
1634585728.53	1850	59.670527	0.0	1663462	260	1.85	105.555	0	3050	29.977516862353234
1634585732.54	1850	59.721552	0.0	1744428	300	1.85	109.561	0	3170	29.955067398901647
1634585736.54	1850	59.75298	0.0	1789345	272	1.85	113.559	0	3290	30.01500750375195
1634585740.54	1850	59.767183	0.0	1785956	290	1.85	117.559	0	3410	30
1634585744.54	1850	59.785971	0.0	1826034	262	1.85	121.56	0	3530	29.99250187453133
