1634583016.84	750	4	0.38	1348025	213	-1.629	0	0	0	0
1634583017.28	1200	8	0.0	1461552	223	0.75	0	0	0	0
1634583017.67	1200	12	0.0	1497347	236	1.2	0	0	0	0
1634583018.06	1200	16	0.0	1497151	232	1.2	0	0	0	0
1634583018.48	1200	19.954014	0.0	1500642	264	1.2	0	0	0	0
1634583018.95	1200	23.511243	0.0	1415806	300	1.2	0	0	0	0
1634583019.4	1200	27.05	0.0	1526374	247	1.2	0	0	0	0
1634583019.82	1200	30.622282	0.0	1458651	239	1.2	0	0	0	0
1634583020.2	1200	34.256828	0.0	1416629	28	1.2	5.232	1	89	0
1634583020.61	1200	37.853489	0.0	1455680	232	1.2	5.232	1	89	0
1634583021.01	1200	41.44882	0.0	1468719	223	1.2	5.232	1	89	0
1634583021.43	1200	45.045766	0.0	1417021	236	1.2	5.232	1	89	0
1634583021.85	1200	48.598465	0.0	1458794	219	1.2	5.232	1	89	0
1634583022.28	1200	52.166667	0.0	1458259	246	1.2	5.232	1	89	0
1634583022.71	1200	55.74672	0.0	1487239	244	1.2	5.232	1	89	0
1634583023.12	1200	59.316667	0.0	1459670	246	1.2	5.232	1	89	0
1634583027.09	1200	59.526354	0.0	1513781	242	1.2	9.231	3	329	59.51487871967993
1634583031.06	1200	59.547833	0.0	1480432	228	1.2	13.232	3	569	59.98500374906274
1634583034.56	1200	59.861644	0.0	1537900	254	1.2	17.233	4	809	59.73506623344162
1634583039.04	1200	59.597632	0.0	1503057	256	1.2	21.233	5	1049	59.75
1634583042.99	1200	59.619166	0.0	1447121	248	1.2	25.233	5	1289	60
1634583046.99	1200	59.645017	0.0	1510054	241	1.2	29.233	7	1529	59.5
1634583050.51	1200	59.942434	0.0	1517434	243	1.2	33.234	8	1769	59.73506623344162
1634583054.51	1200	59.962106	0.0	1490166	262	1.2	37.237	9	2009	59.70522108418686
1634583058.96	1200	59.689869	0.0	1451026	222	1.2	41.241	9	2249	59.940059940059975
1634583062.91	1200	59.726644	0.0	1447249	230	1.2	45.238	11	2489	59.54465849387041
1634583066.87	1200	59.748331	0.0	1480049	232	1.2	49.238	13	2729	59.5
1634583070.79	1200	59.780572	0.0	1475389	230	1.2	53.24	13	2969	59.970014992503714
1634583074.77	1200	59.852533	0.0	1594426	239	1.2	57.24	14	3209	59.75
1634583078.69	1200	59.878878	0.0	1445128	243	1.2	61.24	14	3449	60
1634583082.68	1200	59.951005	0.0	1538455	246	1.2	65.24	14	3689	60.00000000000011
1634583086.75	1200	59.972599	0.0	1603269	274	1.2	69.241	16	3929	59.48512871782047
1634583090.78	1200	59.705002	0.0	1447021	262	1.2	73.242	18	4169	59.48512871782047
1634583094.76	1200	59.725011	0.0	1545473	262	1.2	77.242	18	4409	60
1634583098.75	1200	59.745215	0.0	1455383	224	1.2	81.242	20	4649	59.5
1634583102.73	1200	59.759195	0.0	1546087	257	1.2	85.242	21	4889	59.75
1634583107.15	1200	59.490581	0.0	1404300	219	1.2	89.242	21	5129	60
1634583111.11	1200	59.514737	0.0	1350682	219	1.2	93.242	22	5369	59.75
1634583115.04	1200	59.571471	0.0	1454743	229	1.2	97.243	22	5609	59.98500374906288
1634583118.56	1200	59.947938	0.0	1455864	307	1.2	101.277	22	5851	59.9900842835894
1634583122.54	1200	59.962309	0.0	1458942	262	1.2	105.277	23	6091	59.75
1634583126.49	1200	59.978147	0.0	1475192	248	1.2	109.278	24	6331	59.73506623344157
1634583130.94	1200	59.720059	0.0	1519778	231	1.2	113.278	25	6571	59.75
1634583134.9	1200	59.751538	0.0	1556293	254	1.2	117.278	25	6812	60.25
1634583138.84	1200	59.766667	0.0	1475264	213	1.2	121.278	26	7051	59.5
