1634583723.59	750	4	0.185	519773	86	-0.7905	0	0	0	0
1634583723.86	750	8	0.0	563743	92	0.75	0	0	0	0
1634583724.09	750	12	0.0	557560	118	0.75	0	0	0	0
1634583724.29	750	16	0.0	562449	93	0.75	0	0	0	0
1634583724.5	750	20	0.0	642669	107	0.75	0	0	0	0
1634583724.72	750	24	0.0	565799	97	0.75	0	0	0	0
1634583724.94	750	28	0.0	553943	95	0.75	0	0	0	0
1634583725.16	750	32	0.0	572526	91	0.75	0	0	0	0
1634583725.38	750	35.833518	0.0	586914	102	0.75	0	0	0	0
1634583725.61	750	39.591581	0.0	544162	103	0.75	0	0	0	0
1634583725.83	750	43.390131	0.0	580100	101	0.75	0	0	0	0
1634583726.06	750	47.146818	0.0	568055	104	0.75	0	0	0	0
1634583726.28	750	50.945489	0.0	574364	84	0.75	0	0	0	0
1634583726.51	750	54.703953	0.0	568805	96	0.75	0	0	0	0
1634583726.95	750	58.259751	0.0	586886	267	0.75	5.298	0	96	0
1634583729.79	750	59.751938	0.0	574974	93	0.75	5.298	0	96	0
1634583733.6	750	59.814174	0.0	602967	107	0.75	9.299	0	336	59.98500374906274
1634583737.89	750	59.55	0.0	557010	78	0.75	13.299	0	576	60
1634583741.67	750	59.570036	0.0	604882	94	0.75	17.299	0	816	60
1634583745.43	750	59.876765	0.0	595562	87	0.75	21.299	0	1056	60
1634583749.72	750	59.622724	0.0	569334	101	0.75	25.3	0	1297	60.23494126468381
1634583753.49	750	59.920728	0.0	590495	91	0.75	29.3	0	1537	60
1634583757.76	750	59.652598	0.0	597755	94	0.75	33.3	0	1777	60.00000000000006
1634583761.51	750	59.957245	0.0	596132	94	0.75	37.301	0	2017	59.98500374906266
1634583765.26	750	59.98819	0.0	578308	88	0.75	41.301	0	2257	60
1634583769.55	750	59.725168	0.0	585221	85	0.75	45.301	0	2497	60
1634583773.86	750	59.490492	0.0	576292	125	0.75	49.301	0	2737	60
1634583777.64	750	59.8	0.0	599693	116	0.75	53.302	0	2977	59.98500374906277
1634583781.43	750	59.82283	0.0	606614	97	0.75	57.302	0	3217	60
1634583785.69	750	59.561984	0.0	557031	105	0.75	61.302	0	3457	60
1634583789.47	750	59.867978	0.0	592360	108	0.75	65.302	0	3697	59.99999999999989
1634583793.76	750	59.601102	0.0	618972	90	0.75	69.303	0	3937	59.98500374906288
1634583797.52	750	59.943379	0.0	576161	99	0.75	73.303	0	4177	60
1634583801.29	750	59.967392	0.0	616169	114	0.75	77.303	0	4417	60
1634583805.57	750	59.707037	0.0	601096	98	0.75	81.303	0	4657	60
1634583809.91	750	59.442168	0.0	589398	121	0.75	85.303	0	4897	60
1634583813.72	750	59.752755	0.0	552073	99	0.75	89.304	0	5137	59.98500374906266
1634583817.47	750	59.820634	0.0	547291	99	0.75	93.304	0	5377	60
1634583821.78	750	59.556639	0.0	578974	105	0.75	97.305	0	5617	59.98500374906266
1634583825.58	750	59.859233	0.0	595429	100	0.75	101.305	0	5857	60
1634583829.34	750	59.883334	0.0	576032	122	0.75	105.305	0	6097	60
1634583833.62	750	59.618342	0.0	620837	104	0.75	109.305	0	6337	60
1634583837.42	750	59.918648	0.0	596051	110	0.75	113.305	0	6577	60
1634583841.68	750	59.672312	0.0	614627	105	0.75	117.305	0	6817	60
1634583845.95	750	59.446072	0.0	579381	91	0.75	121.305	0	7057	60
