1634598577.95	750	4	0.533	2352295	358	-2.2869	0	0	0	0
1634598578.61	2850	8	0.0	2695463	431	0.75	0	0	0	0
1634598579.22	2850	11.515156	0.0	2691416	416	2.85	0	0	0	0
1634598579.87	2850	14.869413	0.0	2698966	427	2.85	0	0	0	0
1634598580.59	2850	18.141815	0.0	3054744	487	2.85	0	0	0	0
1634598581.29	2850	21.415627	0.0	3082641	490	2.85	4.617	0	67	0
1634598582.09	2850	24.7	0.0	3085527	502	2.85	4.617	0	67	0
1634598582.83	2850	27.920117	0.0	2917405	444	2.85	4.617	0	67	0
1634598583.43	2850	31.274516	0.0	2163184	376	2.85	4.617	0	67	0
1634598584.14	2850	34.627778	0.0	2697447	456	2.85	4.617	0	67	0
1634598584.72	2850	38.02061	0.0	2539930	394	2.85	4.617	0	67	0
1634598585.33	2850	41.375407	0.0	2598995	418	2.85	8.618	2	187	29.492626843289177
1634598585.88	2850	44.850234	0.0	2362663	404	2.85	8.618	2	187	29.492626843289177
1634598586.48	2850	48.245687	0.0	2550338	403	2.85	8.618	2	187	29.492626843289177
1634598587.11	2850	51.600593	0.0	2718005	432	2.85	8.618	2	187	29.492626843289177
1634598587.72	2850	54.994185	0.0	2612918	389	2.85	8.618	2	187	29.492626843289177
1634598588.33	2850	58.390182	0.0	2716616	428	2.85	8.618	2	187	29.492626843289177
1634598591.02	2850	59.87258	0.0	2560410	428	2.85	12.618	2	307	30
1634598595.31	2850	59.603381	0.0	3007277	456	2.85	16.62	2	427	29.985007496251868
1634598599.09	2850	59.9	0.0	2976441	481	2.85	20.619	2	547	30.007501875468876
1634598602.82	2850	59.911088	0.0	2976345	485	2.85	24.62	2	667	29.992501874531357
1634598607.05	2850	59.926643	0.0	2746751	416	2.85	28.62	2	787	30
1634598610.81	2850	59.940008	0.0	2900044	442	2.85	32.622	2	907	29.98500749625188
1634598615.06	2850	59.676198	0.0	3029105	448	2.85	36.622	2	1027	30
1634598619.22	2850	59.684627	0.0	2714552	426	2.85	40.622	2	1147	30
1634598622.96	2850	59.980701	0.0	2789766	439	2.85	44.623	2	1267	29.992501874531385
1634598627.16	2850	59.72279	0.0	2625718	425	2.85	48.623	2	1387	30
1634598631.38	2850	59.443829	0.0	2871556	415	2.85	52.623	2	1507	30
1634598635.23	2850	59.748046	0.0	3384908	540	2.85	56.647	2	1628	30.06958250497017
1634598639.35	2850	59.521627	0.0	2433713	390	2.85	60.648	2	1748	29.99250187453133
1634598643.04	2850	59.818645	0.0	2603914	389	2.85	64.648	2	1868	30.000000000000053
1634598647.25	2850	59.580456	0.0	2850305	481	2.85	68.649	2	1988	29.99250187453133
1634598651.03	2850	59.880248	0.0	2877374	490	2.85	72.649	2	2108	30
1634598654.85	2850	59.895875	0.0	3026289	487	2.85	76.649	2	2228	30
1634598659.06	2850	59.915563	0.0	2855071	443	2.85	80.65	2	2348	29.99250187453133
1634598662.82	2850	59.938266	0.0	2922391	452	2.85	84.65	2	2468	30
1634598667.05	2850	59.710809	0.0	2861931	458	2.85	88.65	2	2588	30
1634598671.3	2850	59.442411	0.0	2854030	445	2.85	92.651	2	2708	29.99250187453144
1634598675.47	2850	59.461546	0.0	2576826	418	2.85	96.653	2	2828	29.985007496251804
1634598679.08	2850	59.758728	0.0	2417861	394	2.85	100.654	2	2948	29.99250187453144
1634598683.26	2850	59.493449	0.0	2608825	399	2.85	104.653	2	3068	30.007501875468797
1634598687.01	2850	59.790104	0.0	2761808	494	2.85	108.654	2	3188	29.99250187453144
1634598691.25	2850	59.513256	0.0	2761816	461	2.85	112.655	2	3308	29.99250187453133
1634598694.93	2850	59.812763	0.0	2676405	413	2.85	116.654	2	3428	30.007501875468904
1634598699.15	2850	59.834127	0.0	2779031	465	2.85	120.655	2	3548	29.99250187453133
