1634571755.46	750	4	0.191	364579	97	-0.8162999999999999	0	0	0	0
1634571755.67	300	8	0.0	407628	80	-0.15000000000000002	0	0	0	0
1634571755.87	300	12	0.0	409537	75	0.3	0	0	0	0
1634571756.09	300	16	0.0	401138	89	0.3	0	0	0	0
1634571756.27	300	19.831747	0.0	457731	84	0.3	0	0	0	0
1634571756.46	300	23.630207	0.0	411393	70	0.3	0	0	0	0
1634571756.67	300	27.429032	0.0	419665	95	0.3	0	0	0	0
1634571756.88	300	31.186179	0.0	415391	93	0.3	0	0	0	0
1634571757.11	300	34.984424	0.0	441412	89	0.3	0	0	0	0
1634571757.32	300	38.783334	0.0	412981	77	0.3	0	0	0	0
1634571757.55	300	42.540231	0.0	413415	81	0.3	0	0	0	0
1634571757.76	300	46.338379	0.0	419863	79	0.3	0	0	0	0
1634571758.03	300	50.096043	0.0	408917	68	0.3	0	0	0	0
1634571758.27	300	53.812886	0.0	455566	84	0.3	0	0	0	0
1634571758.48	300	57.60711	0.0	410034	69	0.3	0	0	0	0
1634571760.72	300	59.501988	0.0	416850	80	0.3	4.623	0	167	0
1634571764.49	300	59.808923	0.0	441997	109	0.3	8.623	0	407	60.000000000000014
1634571768.76	300	59.543102	0.0	407136	89	0.3	12.623	0	647	60
1634571772.52	300	59.848034	0.0	439658	81	0.3	16.623	0	887	59.99999999999997
1634571776.28	300	59.866667	0.0	427305	99	0.3	20.624	0	1127	59.98500374906277
1634571780.56	300	59.604106	0.0	418162	76	0.3	24.624	0	1367	60
1634571784.29	300	59.901919	0.0	428282	72	0.3	28.624	0	1607	60
1634571788.54	300	59.633334	0.0	427342	74	0.3	32.624	0	1847	59.99999999999995
1634571792.27	300	59.936003	0.0	439784	74	0.3	36.625	0	2087	59.98500374906277
1634571796.51	300	59.668774	0.0	424118	79	0.3	40.625	0	2327	60
1634571800.26	300	59.972154	0.0	429401	65	0.3	44.627	0	2568	60.219890054972474
1634571804.49	300	59.712755	0.0	421101	82	0.3	48.627	0	2808	60
1634571808.75	300	59.430956	0.0	440588	72	0.3	52.626	0	3047	59.764941235308896
1634571812.53	300	59.77842	0.0	454532	108	0.3	56.627	0	3288	60.234941264683755
1634571816.42	300	59.794798	0.0	413236	185	0.3	60.627	0	3528	60
1634571820.66	300	59.573808	0.0	449077	65	0.3	64.629	0	3768	59.970014992503714
1634571824.43	300	59.871957	0.0	454485	60	0.3	68.63	0	4008	59.98500374906288
1634571828.69	300	59.604276	0.0	414614	98	0.3	72.631	0	4248	59.98500374906266
1634571832.5	300	59.622493	0.0	439642	99	0.3	76.63	0	4488	60.01500375093781
1634571836.25	300	59.918687	0.0	443772	84	0.3	80.631	0	4728	59.98500374906266
1634571840.53	300	59.65507	0.0	422133	74	0.3	84.631	0	4968	60
1634571844.26	300	59.959235	0.0	398606	76	0.3	88.632	0	5208	59.98500374906266
1634571848.51	300	59.692337	0.0	399361	86	0.3	92.633	0	5448	59.98500374906288
1634571852.74	300	59.430209	0.0	418002	70	0.3	96.634	0	5688	59.98500374906266
1634571856.47	300	59.738338	0.0	454350	74	0.3	100.633	0	5928	60.01500375093781
1634571860.75	300	59.473464	0.0	443556	98	0.3	104.634	0	6168	59.98500374906266
1634571864.51	300	59.821281	0.0	470803	84	0.3	108.634	0	6408	60
1634571868.27	300	59.838309	0.0	451385	77	0.3	112.634	0	6648	60
1634571872.54	300	59.573964	0.0	459078	70	0.3	116.635	0	6888	59.98500374906266
1634571876.25	300	59.872961	0.0	439363	70	0.3	120.635	0	7128	60
