1634588863.24	750	4	0.576	2364266	413	-2.4718	0	0	0	0
1634588864.0	1850	8	0.0	2702234	498	0.75	0	0	0	0
1634588864.69	1850	12	0.0	2698759	465	1.85	0	0	0	0
1634588865.39	1850	15.35	0.0	2726329	459	1.85	0	0	0	0
1634588866.12	1850	18.616667	0.0	2796160	484	1.85	5.446	7	82	0
1634588866.95	1850	21.783334	0.0	2703878	444	1.85	5.446	7	82	0
1634588867.65	1850	25.066667	0.0	2747707	481	1.85	5.446	7	82	0
1634588868.31	1850	28.4	0.0	2590022	449	1.85	5.446	7	82	0
1634588868.99	1850	31.733334	0.0	2440705	465	1.85	5.446	7	82	0
1634588869.7	1850	35.05	0.0	2706304	463	1.85	5.446	7	82	0
1634588870.43	1850	38.316667	0.0	2616156	479	1.85	9.446	27	326	56
1634588871.08	1850	41.607913	0.0	2484837	424	1.85	9.446	27	326	56
1634588871.73	1850	45	0.0	2520833	399	1.85	9.446	27	326	56
1634588872.35	1850	48.366667	0.0	2450375	396	1.85	9.446	27	326	56
1634588873.0	1850	51.716667	0.0	2648021	443	1.85	9.446	27	326	56
1634588873.61	1850	55.083334	0.0	2584938	396	1.85	9.446	27	326	56
1634588874.28	1850	58.45	0.0	2753591	451	1.85	13.447	43	566	55.986003499125225
1634588876.96	1850	59.781036	0.0	2590312	430	1.85	13.447	43	566	55.986003499125225
1634588881.18	1850	59.529945	0.0	2803841	447	1.85	17.448	56	806	56.735816045988486
1634588884.89	1850	59.83536	0.0	2702423	434	1.85	21.448	60	1046	59
1634588889.08	1850	59.874647	0.0	2667915	443	1.85	25.448	63	1286	59.25
1634588893.28	1850	59.616667	0.0	2656424	466	1.85	29.449	65	1526	59.48512871782053
1634588896.96	1850	59.925802	0.0	2700847	433	1.85	33.45	66	1766	59.73506623344162
1634588900.75	1850	59.961628	0.0	2710093	505	1.85	37.451	69	2006	59.23519120219949
1634588906.12	1850	59.440773	0.0	2634927	447	1.85	41.45	73	2246	59.01475368842207
1634588909.15	1850	59.89826	0.0	2610609	368	1.85	45.637	73	2497	59.94745641270603
