1634580952.55	750	4	0.123	178505	17	-0.5238999999999999	0	0	0	0
1634580952.75	300	8	0.0	195551	37	-0.15000000000000002	0	0	0	0
1634580952.87	300	12	0.0	195736	4	0.3	0	0	0	0
1634580953.01	300	16	0.0	193965	41	0.3	0	0	0	0
1634580953.14	300	20	0.0	229913	36	0.3	0	0	0	0
1634580953.26	300	24	0.0	216612	32	0.3	0	0	0	0
1634580953.39	300	28	0.0	223275	41	0.3	0	0	0	0
1634580953.52	300	32	0.0	224716	35	0.3	0	0	0	0
1634580953.63	300	36	0.0	200997	27	0.3	0	0	0	0
1634580953.76	300	40	0.0	207273	27	0.3	0	0	0	0
1634580953.88	300	44	0.0	212686	31	0.3	0	0	0	0
1634580954.01	300	48	0.0	204029	40	0.3	0	0	0	0
1634580954.18	300	51.955318	0.0	196940	72	0.3	0	0	0	0
1634580954.32	300	55.834631	0.0	205069	34	0.3	0	0	0	0
1634580954.45	300	59.713808	0.0	215029	31	0.3	0	0	0	0
1634580958.62	300	59.685199	0.0	214721	33	0.3	5.125	0	53	0
1634580962.35	300	59.985869	0.0	216444	59	0.3	9.125	0	173	30
1634580966.58	300	59.695781	0.0	193188	25	0.3	13.125	0	293	30
1634580970.28	300	59.983571	0.0	218231	38	0.3	17.125	0	413	30
1634580974.54	300	59.778249	0.0	216640	42	0.3	21.125	0	533	30
1634580978.75	300	59.511214	0.0	214788	50	0.3	25.125	0	653	30
1634580982.44	300	59.824636	0.0	209977	42	0.3	29.125	0	773	30
1634580986.6	300	59.573636	0.0	217083	37	0.3	33.126	0	893	29.992501874531385
1634580990.29	300	59.896614	0.0	223801	38	0.3	37.127	0	1013	29.99250187453133
1634580994.51	300	59.660212	0.0	218143	54	0.3	41.126	0	1133	30.007501875468904
1634580998.2	300	59.957158	0.0	209949	39	0.3	45.127	0	1253	29.99250187453133
1634581002.41	300	59.963705	0.0	219778	47	0.3	49.127	0	1373	30
1634581006.62	300	59.695289	0.0	217255	39	0.3	53.127	0	1493	30
1634581010.28	300	59.981949	0.0	225772	43	0.3	57.128	0	1613	29.992501874531385
1634581014.51	300	59.746506	0.0	198145	41	0.3	61.128	0	1733	30
1634581018.73	300	59.520777	0.0	218647	52	0.3	65.128	0	1853	30
1634581022.53	300	59.814545	0.0	227093	56	0.3	69.128	0	1973	30
1634581026.71	300	59.615134	0.0	209981	34	0.3	73.129	0	2093	29.99250187453133
1634581030.46	300	59.914145	0.0	227397	11	0.3	77.129	0	2213	30
1634581034.66	300	59.638261	0.0	229724	39	0.3	81.13	0	2333	29.99250187453144
1634581038.34	300	59.939495	0.0	222308	38	0.3	85.131	0	2453	29.99250187453133
1634581042.5	300	59.678383	0.0	210900	36	0.3	89.131	0	2573	30
1634581046.18	300	59.957576	0.0	207120	41	0.3	93.131	0	2693	30
1634581050.37	300	59.969808	0.0	212721	41	0.3	97.131	0	2813	30
1634581054.58	300	59.68656	0.0	217950	36	0.3	101.131	0	2933	30
1634581058.27	300	59.975595	0.0	209403	47	0.3	105.132	0	3053	29.99250187453133
1634581062.46	300	59.697791	0.0	221030	49	0.3	109.132	0	3173	30
1634581066.7	300	59.722701	0.0	218348	52	0.3	113.133	0	3293	29.99250187453144
1634581070.83	300	59.502168	0.0	215558	34	0.3	117.132	0	3413	30.007501875468797
1634581074.51	300	59.796164	0.0	212674	51	0.3	121.133	0	3533	29.99250187453144
