1634587269.44	750	4	0.126	341125	65	-0.5367999999999999	0	0	0	0
1634587269.58	750	8	0.0	368384	53	0.75	0	0	0	0
1634587269.74	750	12	0.0	361115	27	0.75	0	0	0	0
1634587269.9	750	16	0.0	351432	56	0.75	0	0	0	0
1634587270.09	750	19.958684	0.0	415108	82	0.75	0	0	0	0
1634587270.28	750	23.756521	0.0	405152	70	0.75	0	0	0	0
1634587270.45	750	27.595483	0.0	418745	82	0.75	0	0	0	0
1634587270.64	750	31.393847	0.0	422888	68	0.75	0	0	0	0
1634587270.79	750	35.232148	0.0	332222	54	0.75	0	0	0	0
1634587270.96	750	39.070788	0.0	390526	68	0.75	0	0	0	0
1634587271.13	750	42.909524	0.0	394909	59	0.75	0	0	0	0
1634587271.3	750	46.748427	0.0	391304	58	0.75	0	0	0	0
1634587271.47	750	50.546881	0.0	354894	57	0.75	0	0	0	0
1634587271.66	750	54.385634	0.0	377564	68	0.75	0	0	0	0
1634587271.83	750	58.183803	0.0	396139	67	0.75	0	0	0	0
1634587274.54	750	59.747341	0.0	398301	70	0.75	4.594	0	89	0
1634587278.76	750	59.476275	0.0	411967	66	0.75	8.594	0	209	30.000000000000007
1634587282.54	750	59.77515	0.0	371247	67	0.75	12.594	0	329	30
1634587286.27	750	59.818762	0.0	416520	83	0.75	16.596	0	449	29.985007496251868
1634587290.49	750	59.82404	0.0	408407	69	0.75	20.596	0	569	30
1634587294.2	750	59.844803	0.0	403983	72	0.75	24.596	0	689	30
1634587298.44	750	59.839599	0.0	369757	63	0.75	28.596	0	809	30
1634587302.16	750	59.892227	0.0	404235	63	0.75	32.601	0	930	30.212234706616737
1634587306.39	750	59.900266	0.0	418487	66	0.75	36.597	0	1050	30.030030030030012
1634587310.63	750	59.621594	0.0	416581	68	0.75	40.601	0	1170	29.970029970029987
1634587314.38	750	59.918565	0.0	404280	63	0.75	44.601	0	1290	30
1634587318.11	750	59.96231	0.0	413252	74	0.75	48.601	0	1410	30
1634587322.37	750	59.714548	0.0	399762	71	0.75	52.601	0	1530	30
1634587326.59	750	59.480556	0.0	438319	71	0.75	56.601	0	1650	30
1634587330.29	750	59.774992	0.0	371901	55	0.75	60.601	0	1770	30
1634587334.52	750	59.54201	0.0	404985	64	0.75	64.608	0	1890	29.947591714499588
1634587338.26	750	59.837615	0.0	419455	68	0.75	68.613	0	2010	29.962546816479435
1634587342.51	750	59.576106	0.0	389992	71	0.75	72.612	0	2130	30.007501875468904
1634587346.3	750	59.867778	0.0	447110	77	0.75	76.622	0	2250	29.925187032418915
1634587350.6	750	59.59064	0.0	428402	77	0.75	80.622	0	2370	30
1634587354.35	750	59.949462	0.0	430629	78	0.75	84.623	0	2490	29.99250187453133
1634587358.08	750	59.996624	0.0	399369	61	0.75	88.623	0	2610	30
1634587362.83	750	59.430322	0.0	388328	78	0.75	92.624	0	2730	29.99250187453144
1634587366.56	750	59.508306	0.0	391315	66	0.75	96.624	0	2850	30
1634587370.27	750	59.840193	0.0	404526	52	0.75	100.666	0	2972	30.183077684314682
1634587374.48	750	59.558307	0.0	396577	69	0.75	104.666	0	3092	30
1634587378.17	750	59.92596	0.0	403873	66	0.75	108.667	0	3212	29.99250187453133
1634587382.39	750	59.686833	0.0	389389	65	0.75	112.667	0	3331	29.75
1634587386.65	750	59.446407	0.0	399698	40	0.75	116.669	0	3452	30.234882558720674
1634587390.35	750	59.776679	0.0	380869	65	0.75	120.669	0	3572	30
