1634581940.62	750	4	0.705	3409329	548	-3.0265	0	0	0	0
1634581941.54	2850	7.816667	0.0	4109292	676	0.75	0	0	0	0
1634581942.45	2850	10.933334	0.0	4208764	640	2.85	0	0	0	0
1634581943.36	2850	14.033334	0.0	4152807	647	2.85	0	0	0	0
1634581944.29	2850	17.1	0.0	4223571	673	2.85	4.657	20	136	0
1634581945.19	2850	20.183334	0.0	4136789	659	2.85	4.657	20	136	0
1634581946.17	2850	23.233334	0.0	4145327	690	2.85	4.657	20	136	0
1634581947.12	2850	26.3	0.0	4052604	674	2.85	4.657	20	136	0
1634581947.96	2850	29.45	0.0	3713120	556	2.85	8.656	58	376	50.51262815703925
1634581948.88	2850	32.5	0.0	4133696	648	2.85	8.656	58	376	50.51262815703925
1634581949.76	2850	35.6	0.0	3980239	662	2.85	8.656	58	376	50.51262815703925
1634581950.6	2850	38.783334	0.0	3657565	593	2.85	8.656	58	376	50.51262815703925
1634581951.4	2850	41.966667	0.0	3583686	575	2.85	8.656	58	376	50.51262815703925
1634581952.19	2850	45.15	0.0	3671100	603	2.85	12.658	88	616	52.47376311844079
1634581953.22	2850	48.2	0.0	4396316	732	2.85	12.658	88	616	52.47376311844079
1634581954.15	2850	51.283334	0.0	3912179	629	2.85	12.658	88	616	52.47376311844079
1634581955.06	2850	54.333334	0.0	4091282	667	2.85	12.658	88	616	52.47376311844079
1634581955.96	2850	57.416667	0.0	3778762	605	2.85	16.658	128	856	49.99999999999998
1634581957.89	2850	59.506187	0.0	4120325	657	2.85	16.658	128	856	49.99999999999998
1634581961.82	2850	59.52304	0.0	4313705	682	2.85	20.658	144	1096	56
1634581965.83	2850	59.546025	0.0	4244508	697	2.85	24.658	156	1336	57
1634581969.82	2850	59.612077	0.0	4192065	675	2.85	28.658	167	1576	57.25
1634581973.81	2850	59.636705	0.0	4272707	713	2.85	32.659	174	1816	58.23544113971511
1634581977.83	2850	59.661197	0.0	4387810	700	2.85	36.66	185	2056	57.235691077230726
1634581981.84	2850	59.647391	0.0	4236760	670	2.85	40.66	196	2296	57.25
1634581985.83	2850	59.626772	0.0	4195178	633	2.85	44.66	203	2536	58.25
1634581989.82	2850	59.683567	0.0	4315675	693	2.85	48.66	211	2776	58
1634581993.8	2850	59.664222	0.0	4115897	667	2.85	52.661	222	3016	57.235691077230626
1634581997.85	2850	59.720832	0.0	4308050	720	2.85	56.661	231	3256	57.75
1634582001.79	2850	59.666667	0.0	3780414	625	2.85	60.661	243	3496	57
1634582005.82	2850	59.64074	0.0	4174824	686	2.85	64.662	255	3736	56.98575356160953
1634582009.82	2850	59.666667	0.0	4169509	668	2.85	68.662	264	3976	57.75
1634582013.76	2850	59.72671	0.0	3792793	582	2.85	72.662	277	4216	56.75
1634582017.75	2850	59.743007	0.0	4047432	656	2.85	76.675	291	4457	56.56615998006492
1634582021.67	2850	59.771713	0.0	3950062	601	2.85	80.676	298	4697	58.235441139715
1634582025.7	2850	59.790026	0.0	4362772	694	2.85	84.675	309	4937	57.26431607901982
1634582029.67	2850	59.81508	0.0	3992387	658	2.85	88.675	318	5177	57.75
1634582033.58	2850	59.838587	0.0	3790359	556	2.85	92.676	326	5417	57.98550362409391
1634582037.53	2850	59.859885	0.0	4013779	652	2.85	96.677	334	5657	57.98550362409391
1634582041.52	2850	59.875831	0.0	4009835	677	2.85	100.677	341	5897	58.25
1634582045.61	2850	59.85901	0.0	4256139	720	2.85	104.676	353	6137	57.014253563390916
1634582049.62	2850	59.839659	0.0	4171712	691	2.85	108.677	363	6377	57.48562859285172
1634582053.62	2850	59.862896	0.0	4205689	694	2.85	112.678	369	6617	58.485378655336305
1634582057.6	2850	59.881837	0.0	4365287	721	2.85	116.677	375	6857	58.51462865716415
1634582061.57	2850	59.90021	0.0	3946300	678	2.85	120.678	386	7097	57.235691077230825
