1634574557.97	750	4	0.164	178505	61	-0.7001999999999999	0	0	0	0
1634574558.15	300	8	0.0	195551	36	-0.15000000000000002	0	0	0	0
1634574558.28	300	12	0.0	195736	39	0.3	0	0	0	0
1634574558.41	300	16	0.0	193965	50	0.3	0	0	0	0
1634574558.8	300	20	0.0	229913	39	0.3	0	0	0	0
1634574558.93	300	24	0.0	216612	38	0.3	0	0	0	0
1634574559.05	300	28	0.0	223275	37	0.3	0	0	0	0
1634574559.19	300	32	0.0	224716	24	0.3	0	0	0	0
1634574559.32	300	36	0.0	200997	42	0.3	0	0	0	0
1634574559.46	300	40	0.0	207273	49	0.3	0	0	0	0
1634574559.57	300	44	0.0	212686	27	0.3	0	0	0	0
1634574559.74	300	48	0.0	204029	43	0.3	0	0	0	0
1634574559.87	300	52	0.0	196940	31	0.3	0	0	0	0
1634574559.99	300	56	0.0	205069	35	0.3	0	0	0	0
1634574560.63	300	59.992716	0.0	215029	46	0.3	0	0	0	0
1634574564.85	300	59.731186	0.0	214721	48	0.3	5.123	0	23	0
1634574569.07	300	59.492132	0.0	216444	36	0.3	9.123	0	143	30.000000000000007
1634574572.75	300	59.796488	0.0	193188	43	0.3	13.138	0	264	30.13698630136986
1634574576.95	300	59.812473	0.0	218231	37	0.3	17.14	0	384	29.985007496251868
1634574581.16	300	59.536781	0.0	216640	41	0.3	21.141	0	504	29.992501874531385
1634574584.88	300	59.819964	0.0	214788	34	0.3	25.144	0	624	29.977516862353234
1634574588.62	300	59.987032	0.0	209977	45	0.3	29.145	0	744	29.992501874531357
1634574592.81	300	59.760537	0.0	217083	46	0.3	33.146	0	864	29.992501874531357
1634574596.99	300	59.773486	0.0	223801	37	0.3	37.146	0	984	30
1634574601.17	300	59.511111	0.0	218143	39	0.3	41.146	0	1104	30
1634574604.88	300	59.804371	0.0	209949	32	0.3	45.16	0	1224	29.895366218236205
1634574609.11	300	59.548624	0.0	219778	39	0.3	49.147	0	1344	30.09781790820164
1634574612.76	300	59.846453	0.0	217255	33	0.3	53.147	0	1464	30
1634574616.97	300	59.582844	0.0	225772	48	0.3	57.147	0	1584	30
1634574620.63	300	59.908977	0.0	198145	36	0.3	61.147	0	1704	30
1634574624.87	300	59.913874	0.0	218647	62	0.3	65.147	0	1824	29.999999999999947
1634574628.62	300	59.937095	0.0	227093	45	0.3	69.148	0	1944	29.99250187453144
1634574632.85	300	59.946904	0.0	209981	29	0.3	73.149	0	2064	29.99250187453133
1634574637.02	300	59.704189	0.0	227397	40	0.3	77.148	0	2184	30.007501875468904
1634574640.78	300	59.992528	0.0	229724	46	0.3	81.149	0	2304	29.99250187453133
1634574645.02	300	59.723318	0.0	222308	35	0.3	85.15	0	2424	29.99250187453133
1634574649.23	300	59.449742	0.0	210900	35	0.3	89.15	0	2544	30
1634574652.91	300	59.793731	0.0	207120	33	0.3	93.158	0	2664	29.940119760479075
1634574657.14	300	59.52174	0.0	212721	28	0.3	97.158	0	2784	30
1634574660.8	300	59.809957	0.0	217950	50	0.3	101.159	0	2904	29.99250187453133
1634574665.02	300	59.528209	0.0	209403	48	0.3	105.159	0	3024	30
1634574668.72	300	59.837096	0.0	221030	51	0.3	109.16	0	3144	29.99250187453144
1634574672.95	300	59.62879	0.0	218348	35	0.3	113.159	0	3264	30.007501875468797
1634574676.63	300	59.95188	0.0	215558	39	0.3	117.16	0	3384	29.99250187453144
1634574680.83	300	59.968706	0.0	212674	42	0.3	121.16	0	3504	30
