1634592132.7	750	4	0.538	2352295	418	-2.3084000000000002	0	0	0	0
1634592133.34	2850	8	0.0	2695463	459	0.75	0	0	0	0
1634592134.02	2850	11.394752	0.0	2691416	447	2.85	0	0	0	0
1634592134.75	2850	14.7	0.0	2698966	459	2.85	0	0	0	0
1634592135.49	2850	17.901912	0.0	3054744	531	2.85	0	0	0	0
1634592136.26	2850	21.134141	0.0	3082641	552	2.85	4.583	1	73	0
1634592137.03	2850	24.4	0.0	3085527	515	2.85	4.583	1	73	0
1634592137.81	2850	27.601959	0.0	2917405	480	2.85	4.583	1	73	0
1634592138.46	2850	30.956179	0.0	2163184	415	2.85	4.583	1	73	0
1634592139.15	2850	34.270052	0.0	2697447	471	2.85	4.583	1	73	0
1634592139.78	2850	37.623986	0.0	2539930	423	2.85	4.583	1	73	0
1634592140.43	2850	40.978532	0.0	2598995	443	2.85	8.601	2	194	29.86560477849676
1634592141.07	2850	44.333334	0.0	2362663	424	2.85	8.601	2	194	29.86560477849676
1634592141.71	2850	47.687709	0.0	2550338	425	2.85	8.601	2	194	29.86560477849676
1634592142.34	2850	51.042125	0.0	2718005	449	2.85	8.601	2	194	29.86560477849676
1634592143.07	2850	54.356099	0.0	2612918	511	2.85	8.601	2	194	29.86560477849676
1634592143.78	2850	57.630218	0.0	2716616	507	2.85	8.601	2	194	29.86560477849676
1634592145.94	2850	59.548065	0.0	2560410	420	2.85	12.606	2	314	29.962546816479406
1634592149.76	2850	59.883992	0.0	3007277	501	2.85	16.608	2	434	29.985007496251868
1634592153.48	2850	59.937043	0.0	2976441	495	2.85	20.609	2	554	29.992501874531357
1634592157.75	2850	59.691391	0.0	2976345	494	2.85	24.607	2	674	30.015007503751896
1634592162.0	2850	59.42765	0.0	2746751	1066	2.85	28.608	2	794	29.992501874531357
1634592165.82	2850	59.723868	0.0	2900044	520	2.85	32.608	2	914	30.00000000000003
1634592170.09	2850	59.4483	0.0	3029105	505	2.85	36.609	2	1034	29.99250187453133
1634592173.82	2850	59.813126	0.0	2714552	453	2.85	40.63	2	1155	30.09201691121611
1634592178.01	2850	59.572692	0.0	2789766	476	2.85	44.631	2	1275	29.992501874531385
1634592181.77	2850	59.903753	0.0	2625718	525	2.85	48.631	2	1395	30
1634592185.61	2850	59.921159	0.0	2871556	542	2.85	52.631	2	1515	30
1634592189.97	2850	59.654154	0.0	3384908	555	2.85	56.631	2	1635	30
1634592193.67	2850	59.950786	0.0	2433713	424	2.85	60.631	2	1755	30
1634592197.95	2850	59.478483	0.0	2603914	490	2.85	64.632	2	1875	29.99250187453133
1634592201.72	2850	59.816368	0.0	2850305	491	2.85	68.632	2	1995	30
1634592205.96	2850	59.547344	0.0	2877374	492	2.85	72.631	2	2115	30.007501875468904
1634592209.76	2850	59.852095	0.0	3026289	497	2.85	76.633	2	2235	29.98500749625191
1634592213.56	2850	59.862694	0.0	2855071	556	2.85	80.632	2	2355	30.007501875468797
1634592218.02	2850	59.591886	0.0	2922391	638	2.85	84.632	2	2475	30
1634592221.83	2850	59.607272	0.0	2861931	533	2.85	88.634	2	2595	29.98500749625191
1634592225.75	2850	59.909054	0.0	2854030	631	2.85	92.633	2	2715	30.007501875468904
1634592229.52	2850	59.917082	0.0	2576826	514	2.85	96.634	2	2835	29.99250187453133
1634592233.65	2850	59.929491	0.0	2417861	399	2.85	100.634	2	2955	30
1634592237.9	2850	59.652759	0.0	2608825	466	2.85	104.634	2	3075	30
1634592241.59	2850	59.99259	0.0	2761808	422	2.85	108.634	2	3195	30
1634592245.83	2850	59.753037	0.0	2761816	489	2.85	112.635	2	3315	29.99250187453133
1634592250.03	2850	59.522075	0.0	2676405	461	2.85	116.636	2	3435	29.99250187453144
1634592253.71	2850	59.867081	0.0	2779031	445	2.85	120.635	2	3555	30.007501875468797
