1634577420.73	750	4	0.182	519773	107	-0.7776000000000001	0	0	0	0
1634577420.96	750	8	0.0	563743	91	0.75	0	0	0	0
1634577421.19	750	12	0.0	557560	101	0.75	0	0	0	0
1634577421.4	750	15.87804	0.0	562449	92	0.75	0	0	0	0
1634577421.59	750	19.676852	0.0	642669	96	0.75	0	0	0	0
1634577421.81	750	23.474719	0.0	565799	99	0.75	0	0	0	0
1634577422.05	750	27.233334	0.0	553943	84	0.75	0	0	0	0
1634577422.29	750	30.989659	0.0	572526	90	0.75	0	0	0	0
1634577422.49	750	34.787792	0.0	586914	84	0.75	0	0	0	0
1634577422.68	750	38.586344	0.0	544162	79	0.75	0	0	0	0
1634577422.91	750	42.382101	0.0	580100	94	0.75	0	0	0	0
1634577423.18	750	46.1	0.0	568055	103	0.75	0	0	0	0
1634577423.42	750	49.856926	0.0	574364	97	0.75	0	0	0	0
1634577423.62	750	53.654975	0.0	568805	93	0.75	0	0	0	0
1634577423.84	750	57.412772	0.0	586886	98	0.75	0	0	0	0
1634577425.63	750	59.75	0.0	574974	101	0.75	4.63	0	173	0
1634577429.9	750	59.48563	0.0	602967	94	0.75	8.63	0	413	59.999999999999986
1634577433.7	750	59.78663	0.0	557010	102	0.75	12.63	0	653	60
1634577437.94	750	59.522054	0.0	604882	93	0.75	16.631	0	893	59.98500374906274
1634577441.73	750	59.577635	0.0	595562	114	0.75	20.631	0	1133	60
1634577445.47	750	59.933334	0.0	569334	105	0.75	24.63	1	1373	59.76494123530885
1634577449.72	750	59.661519	0.0	590495	92	0.75	28.631	1	1613	59.98500374906271
1634577453.48	750	59.95	0.0	597755	98	0.75	32.631	1	1853	60
1634577457.75	750	59.722787	0.0	596132	87	0.75	36.631	1	2093	60
1634577462.02	750	59.466667	0.0	578308	84	0.75	40.632	1	2333	59.98500374906277
1634577465.82	750	59.486008	0.0	585221	103	0.75	44.632	1	2574	60.25
1634577469.57	750	59.779989	0.0	576292	97	0.75	48.632	1	2814	60
1634577473.82	750	59.501035	0.0	599693	108	0.75	52.632	1	3054	60
1634577477.56	750	59.806674	0.0	606614	100	0.75	56.632	1	3294	60
1634577481.86	750	59.536534	0.0	557031	111	0.75	60.633	1	3534	59.98500374906266
1634577485.6	750	59.844064	0.0	592360	91	0.75	64.633	1	3774	60.00000000000011
1634577489.9	750	59.578213	0.0	618972	84	0.75	68.634	1	4014	59.98500374906266
1634577493.7	750	59.594626	0.0	576161	104	0.75	72.633	1	4254	60.01500375093781
1634577497.49	750	59.897203	0.0	616169	106	0.75	76.634	1	4494	59.98500374906266
1634577501.77	750	59.66224	0.0	601096	103	0.75	80.634	1	4734	60
1634577505.57	750	59.967191	0.0	589398	111	0.75	84.636	1	4974	59.97001499250382
1634577509.32	750	59.990581	0.0	552073	106	0.75	88.637	1	5214	59.98500374906266
1634577513.61	750	59.730206	0.0	547291	107	0.75	92.637	1	5454	60
1634577517.85	750	59.458833	0.0	578974	103	0.75	96.637	1	5694	60
1634577521.6	750	59.793019	0.0	595429	92	0.75	100.638	1	5934	59.98500374906266
1634577525.84	750	59.533668	0.0	576032	84	0.75	104.638	1	6174	60
1634577529.62	750	59.833334	0.0	620837	106	0.75	108.639	1	6414	59.98500374906288
1634577533.84	750	59.560651	0.0	596051	102	0.75	112.639	1	6654	60
1634577537.59	750	59.859131	0.0	614627	109	0.75	116.639	1	6894	60
1634577541.85	750	59.631805	0.0	579381	82	0.75	120.64	1	7134	59.98500374906266
