1634588342.82	750	4	0.818	3409329	647	-3.5123999999999995	0	0	0	0
1634588343.8	2850	8	0.0	4109292	666	0.75	0	0	0	0
1634588344.73	2850	11.716667	0.0	4208764	669	2.85	0	0	0	0
1634588345.88	2850	14.566667	0.0	4152807	874	2.85	5.255	9	69	0
1634588346.85	2850	17.566667	0.0	4223571	729	2.85	5.255	9	69	0
1634588347.79	2850	20.616667	0.0	4136789	687	2.85	5.255	9	69	0
1634588348.76	2850	23.683334	0.0	4145327	703	2.85	5.255	9	69	0
1634588350.2	2850	26.333334	0.0	4052604	1066	2.85	9.252	29	309	55.04128096072053
1634588351.19	2850	29.25	0.0	3713120	679	2.85	9.252	29	309	55.04128096072053
1634588352.34	2850	32.116667	0.0	4133696	870	2.85	9.252	29	309	55.04128096072053
1634588353.23	2850	35.183334	0.0	3980239	635	2.85	9.252	29	309	55.04128096072053
1634588354.12	2850	38.316667	0.0	3657565	635	2.85	13.254	61	549	51.974012993503266
1634588354.93	2850	41.466667	0.0	3583686	572	2.85	13.254	61	549	51.974012993503266
1634588355.73	2850	44.666667	0.0	3671100	586	2.85	13.254	61	549	51.974012993503266
1634588356.68	2850	47.75	0.0	4396316	687	2.85	13.254	61	549	51.974012993503266
1634588357.57	2850	50.883334	0.0	3912179	604	2.85	17.253	77	786	55.26381595398849
1634588358.49	2850	53.95	0.0	4091282	610	2.85	17.253	77	786	55.26381595398849
1634588359.31	2850	57.1	0.0	3778762	564	2.85	17.253	77	786	55.26381595398849
