1634582321.31	750	4	0.69	2364266	407	-2.962	0	0	0	0
1634582322.01	1850	8	0.0	2702234	456	0.75	0	0	0	0
1634582322.68	1850	11.933334	0.0	2698759	459	1.85	0	0	0	0
1634582323.36	1850	15.266667	0.0	2726329	446	1.85	0	0	0	0
1634582324.14	1850	18.483334	0.0	2796160	470	1.85	5.387	9	87	0
1634582324.78	1850	21.816667	0.0	2703878	443	1.85	5.387	9	87	0
1634582325.42	1850	25.183334	0.0	2747707	426	1.85	5.387	9	87	0
1634582326.03	1850	28.566667	0.0	2590022	386	1.85	5.387	9	87	0
1634582326.68	1850	31.95	0.0	2440705	403	1.85	5.387	9	87	0
1634582327.36	1850	35.266667	0.0	2706304	456	1.85	5.387	9	87	0
1634582328.03	1850	38.6	0.0	2616156	392	1.85	9.394	34	327	53.65610182181182
1634582328.64	1850	41.966667	0.0	2484837	382	1.85	9.394	34	327	53.65610182181182
1634582329.31	1850	45.366667	0.0	2520833	392	1.85	9.394	34	327	53.65610182181182
1634582330.02	1850	48.6	0.0	2450375	400	1.85	9.394	34	327	53.65610182181182
1634582330.63	1850	51.95	0.0	2648021	414	1.85	9.394	34	327	53.65610182181182
1634582331.26	1850	55.35	0.0	2584938	429	1.85	9.394	34	327	53.65610182181182
1634582331.92	1850	58.683334	0.0	2753591	454	1.85	9.394	34	327	53.65610182181182
1634582335.06	1850	59.581883	0.0	2590312	410	1.85	13.402	64	568	52.64471057884233
1634582338.8	1850	59.886354	0.0	2803841	465	1.85	17.402	72	808	57.99999999999997
1634582343.04	1850	59.663782	0.0	2702423	440	1.85	21.402	75	1048	59.25
1634582346.73	1850	59.977659	0.0	2667915	453	1.85	25.403	80	1288	58.7353161709573
1634582350.91	1850	59.757489	0.0	2656424	423	1.85	29.403	82	1528	59.5
1634582355.11	1850	59.498714	0.0	2700847	418	1.85	33.403	83	1768	59.75
1634582358.75	1850	59.812917	0.0	2710093	441	1.85	37.403	84	2008	59.75
1634582362.96	1850	59.833334	0.0	2634927	404	1.85	41.404	96	2248	56.98575356160953
1634582367.17	1850	59.607759	0.0	2610609	423	1.85	45.405	102	2488	58.4853786553362
1634582371.24	1850	59.679207	0.0	2679192	403	1.85	49.411	116	2728	56.4153769345981
1634582375.13	1850	59.531701	0.0	2702866	371	1.85	53.41	123	2966	57.76444111027764
1634582379.34	1850	59.580984	0.0	2926779	532	1.85	57.405	134	3202	56.320400500625716
1634582383.12	1850	59.60819	0.0	2512972	382	1.85	61.404	178	3447	50.262565641410326
1634582386.9	1850	59.709144	0.0	2642993	438	1.85	65.405	188	3688	57.735566108472916
1634582390.81	1850	59.938118	0.0	2839732	1549	1.85	69.405	188	3919	57.75
1634582395.01	1850	59.680782	0.0	2585927	353	1.85	73.405	242	4168	48.75
1634582398.74	1850	59.992756	0.0	2751950	440	1.85	77.406	248	4408	58.4853786553361
1634582402.98	1850	59.771401	0.0	2616237	409	1.85	81.406	255	4648	58.25
1634582406.76	1850	59.82753	0.0	2815780	485	1.85	85.406	263	4888	58
1634582411.01	1850	59.855496	0.0	2502589	445	1.85	89.407	271	5128	57.985503624094115
1634582415.17	1850	59.602702	0.0	2492428	415	1.85	93.407	274	5368	59.25
