1634600636.89	750	4	0.134	341125	67	-0.5711999999999999	0	0	0	0
1634600637.05	750	8	0.0	368384	63	0.75	0	0	0	0
1634600637.2	750	12	0.0	361115	56	0.75	0	0	0	0
1634600637.37	750	16	0.0	351432	64	0.75	0	0	0	0
1634600637.54	750	19.956819	0.0	415108	73	0.75	0	0	0	0
1634600637.69	750	23.795774	0.0	405152	68	0.75	0	0	0	0
1634600637.83	750	27.634595	0.0	418745	65	0.75	0	0	0	0
1634600638.02	750	31.47352	0.0	422888	74	0.75	0	0	0	0
1634600638.17	750	35.312809	0.0	332222	56	0.75	0	0	0	0
1634600638.36	750	39.145289	0.0	390526	59	0.75	0	0	0	0
1634600638.53	750	42.943421	0.0	394909	68	0.75	0	0	0	0
1634600638.69	750	46.782574	0.0	391304	54	0.75	0	0	0	0
1634600638.85	750	50.620452	0.0	354894	52	0.75	0	0	0	0
1634600639.02	750	54.45896	0.0	377564	58	0.75	0	0	0	0
1634600639.19	750	58.297474	0.0	396139	66	0.75	0	0	0	0
1634600641.91	750	59.738995	0.0	398301	73	0.75	4.66	0	87	0
1634600646.15	750	59.491229	0.0	411967	37	0.75	8.661	0	207	29.99250187453137
1634600649.85	750	59.818199	0.0	371247	56	0.75	12.66	0	327	30.00750187546886
1634600654.08	750	59.577544	0.0	416520	44	0.75	16.66	0	447	30
1634600657.82	750	59.873836	0.0	408407	65	0.75	20.661	0	567	29.992501874531357
1634600661.58	750	59.926627	0.0	403983	66	0.75	24.661	0	687	30
1634600665.86	750	59.656634	0.0	369757	85	0.75	28.662	0	807	29.992501874531385
1634600669.57	750	59.969032	0.0	404235	74	0.75	32.662	0	927	30
1634600673.79	750	59.724663	0.0	418487	77	0.75	36.663	0	1047	29.992501874531385
1634600678.03	750	59.471923	0.0	416581	69	0.75	40.662	0	1167	30.00750187546885
1634600681.76	750	59.76147	0.0	404280	60	0.75	44.663	0	1287	29.992501874531385
1634600685.99	750	59.759499	0.0	413252	67	0.75	48.663	0	1407	30
1634600689.8	750	59.812517	0.0	399762	59	0.75	52.664	0	1527	29.99250187453133
1634600694.03	750	59.541416	0.0	438319	74	0.75	56.664	0	1647	30
1634600697.76	750	59.836256	0.0	371901	58	0.75	60.664	0	1767	30
1634600701.96	750	59.564548	0.0	404985	71	0.75	64.665	0	1887	29.99250187453133
1634600705.73	750	59.8588	0.0	419455	102	0.75	68.665	0	2007	30
1634600709.95	750	59.589148	0.0	389992	53	0.75	72.665	0	2127	30
1634600713.69	750	59.917253	0.0	447110	71	0.75	76.666	0	2247	29.99250187453144
1634600717.91	750	59.640135	0.0	428402	60	0.75	80.666	0	2367	30
1634600721.62	750	59.944269	0.0	430629	52	0.75	84.674	0	2488	30.18962075848296
1634600725.92	750	59.697651	0.0	399369	83	0.75	88.675	0	2608	29.99250187453144
1634600730.15	750	59.460681	0.0	388328	65	0.75	92.675	0	2728	30
1634600733.9	750	59.787903	0.0	391315	60	0.75	96.676	0	2848	29.99250187453133
1634600738.12	750	59.518067	0.0	404526	83	0.75	100.676	0	2968	30
1634600741.87	750	59.844699	0.0	396577	76	0.75	104.676	0	3088	30
1634600746.11	750	59.608431	0.0	403873	69	0.75	108.678	0	3208	29.98500749625191
1634600749.85	750	59.907137	0.0	389389	64	0.75	112.677	0	3328	30.007501875468797
1634600753.62	750	59.949809	0.0	399698	77	0.75	116.686	0	3448	29.93265153404839
1634600757.84	750	59.717668	0.0	380869	65	0.75	120.686	0	3568	30
