1634595930.78	750	4	0.592	2364266	453	-2.5406	0	0	0	0
1634595931.5	1850	7.916667	0.0	2702234	524	0.75	0	0	0	0
1634595932.23	1850	11.216667	0.0	2698759	508	1.85	0	0	0	0
1634595932.89	1850	14.55	0.0	2726329	440	1.85	0	0	0	0
1634595933.57	1850	17.883334	0.0	2796160	463	1.85	0	0	0	0
1634595934.23	1850	21.216667	0.0	2703878	424	1.85	4.615	13	143	0
1634595935.06	1850	24.433334	0.0	2747707	464	1.85	4.615	13	143	0
1634595935.73	1850	27.766667	0.0	2590022	414	1.85	4.615	13	143	0
1634595936.38	1850	31.033334	0.0	2440705	437	1.85	4.615	13	143	0
1634595937.01	1850	34.414695	0.0	2706304	426	1.85	4.615	13	143	0
1634595937.67	1850	37.783334	0.0	2616156	425	1.85	4.615	13	143	0
1634595938.32	1850	41.116667	0.0	2484837	413	1.85	8.613	77	383	44.02201100550276
1634595938.96	1850	44.466667	0.0	2520833	425	1.85	8.613	77	383	44.02201100550276
1634595939.62	1850	47.833334	0.0	2450375	426	1.85	8.613	77	383	44.02201100550276
1634595940.24	1850	51.17999	0.0	2648021	440	1.85	8.613	77	383	44.02201100550276
1634595940.88	1850	54.55	0.0	2584938	438	1.85	8.613	77	383	44.02201100550276
1634595941.54	1850	57.866667	0.0	2753591	483	1.85	8.613	77	383	44.02201100550276
1634595943.69	1850	59.983334	0.0	2590312	431	1.85	12.613	89	623	57
1634595947.96	1850	59.443211	0.0	2803841	486	1.85	16.614	95	863	58.48537865533615
1634595951.69	1850	59.754513	0.0	2702423	474	1.85	20.614	97	1103	59.5
1634595955.9	1850	59.773633	0.0	2667915	441	1.85	24.615	98	1343	59.73506623344167
1634595960.09	1850	59.509895	0.0	2656424	452	1.85	28.614	100	1583	59.514878719679885
1634595963.81	1850	59.82074	0.0	2700847	435	1.85	32.615	103	1823	59.23519120219943
1634595968.0	1850	59.554514	0.0	2710093	437	1.85	36.616	105	2063	59.48512871782058
1634595971.75	1850	59.904709	0.0	2634927	487	1.85	40.616	107	2303	59.5
1634595975.95	1850	59.65	0.0	2610609	425	1.85	44.617	113	2543	58.4853786553362
1634595979.69	1850	59.960523	0.0	2679192	483	1.85	48.616	117	2783	59.01475368842207
1634595983.86	1850	59.7	0.0	2702866	432	1.85	52.617	120	3023	59.23519120219949
1634595988.07	1850	59.437765	0.0	2926779	475	1.85	56.618	121	3263	59.73506623344157
1634595991.71	1850	59.733334	0.0	2512972	399	1.85	60.617	123	3503	59.51487871967999
1634595995.87	1850	59.76153	0.0	2642993	427	1.85	64.618	124	3743	59.73506623344167
1634595999.63	1850	59.783661	0.0	2839732	498	1.85	68.619	126	3983	59.48512871782047
1634596003.81	1850	59.806683	0.0	2585927	422	1.85	72.618	129	4223	59.26481620405109
1634596007.99	1850	59.542391	0.0	2751950	429	1.85	76.618	131	4463	59.5
1634596011.77	1850	59.846355	0.0	2616237	496	1.85	80.619	134	4703	59.23519120219938
1634596016.02	1850	59.587455	0.0	2815780	492	1.85	84.619	138	4943	59
1634596019.66	1850	59.898146	0.0	2502589	404	1.85	88.619	139	5183	59.75
1634596023.8	1850	59.717957	0.0	2492428	379	1.85	92.622	140	5423	59.70522108418686
1634596028.03	1850	59.478842	0.0	2702509	437	1.85	96.621	144	5663	59.014753688422175
1634596031.72	1850	59.7854	0.0	2644520	436	1.85	100.622	148	5903	58.98525368657828
1634596035.96	1850	59.52622	0.0	2669148	484	1.85	104.622	151	6143	59.25
1634596039.64	1850	59.861915	0.0	2592380	441	1.85	108.623	155	6383	58.98525368657828
1634596043.82	1850	59.602565	0.0	2699169	458	1.85	112.623	156	6623	59.75
1634596047.52	1850	59.910119	0.0	2735368	438	1.85	116.628	159	6863	59.176029962546885
1634596051.71	1850	59.93867	0.0	2575922	432	1.85	120.627	161	7103	59.51487871967999
