1634585035.13	750	4	0.745	2352295	571	-3.1985	0	0	0	0
1634585035.84	2850	8	0.0	2695463	469	0.75	0	0	0	0
1634585036.49	2850	12	0.0	2691416	431	2.85	0	0	0	0
1634585037.18	2850	15.391502	0.0	2698966	445	2.85	0	0	0	0
1634585038.11	2850	18.5	0.0	3054744	620	2.85	5.292	0	37	0
1634585038.85	2850	21.732003	0.0	3082641	495	2.85	5.292	0	37	0
1634585039.55	2850	25.00548	0.0	3085527	471	2.85	5.292	0	37	0
1634585040.22	2850	28.360166	0.0	2917405	473	2.85	5.292	0	37	0
1634585040.78	2850	31.795805	0.0	2163184	383	2.85	5.292	0	37	0
1634585041.4	2850	35.148972	0.0	2697447	432	2.85	5.292	0	37	0
1634585042.05	2850	38.535373	0.0	2539930	397	2.85	9.293	1	157	29.742564358910276
1634585042.69	2850	41.884155	0.0	2598995	409	2.85	9.293	1	157	29.742564358910276
1634585043.27	2850	45.31982	0.0	2362663	380	2.85	9.293	1	157	29.742564358910276
1634585043.85	2850	48.714218	0.0	2550338	403	2.85	9.293	1	157	29.742564358910276
1634585044.55	2850	52.029149	0.0	2718005	451	2.85	9.293	1	157	29.742564358910276
1634585045.18	2850	55.383474	0.0	2612918	371	2.85	9.293	1	157	29.742564358910276
1634585045.79	2850	58.779583	0.0	2716616	426	2.85	9.293	1	157	29.742564358910276
1634585049.01	2850	59.61359	0.0	2560410	402	2.85	13.354	1	279	30.04186161044078
1634585052.74	2850	59.92714	0.0	3007277	471	2.85	17.356	2	399	29.73513243378309
1634585057.21	2850	59.705724	0.0	2976441	438	2.85	21.356	2	519	30
1634585061.37	2850	59.477298	0.0	2976345	448	2.85	25.437	2	642	30.139671649105615
1634585065.57	2850	59.54854	0.0	2746751	428	2.85	29.424	4	761	29.345372460496627
1634585068.86	2850	59.716228	0.0	2900044	430	2.85	33.43	4	881	29.955067398901647
1634585073.11	2850	59.476832	0.0	3029105	483	2.85	37.424	7	1001	29.293940911367052
1634585076.81	2850	59.821717	0.0	2714552	437	2.85	41.428	7	1121	29.970029970029987
1634585081.06	2850	59.568186	0.0	2789766	489	2.85	45.437	7	1242	30.182090296832126
1634585085.16	2850	59.844393	0.0	2625718	467	2.85	49.429	7	1361	29.80961923847692
1634585088.9	2850	59.92033	0.0	2871556	361	2.85	53.44	7	1482	30.16704063824486
1634585093.19	2850	59.955388	0.0	3384908	585	2.85	57.442	10	1602	29.23538230884556
1634585097.69	2850	59.502223	0.0	2433713	451	2.85	61.44	10	1722	30.015007503751896
