1634587505.65	750	4	0.117	178505	30	-0.4981	0	0	0	0
1634587505.85	300	8	0.0	195551	18	-0.15000000000000002	0	0	0	0
1634587506.03	300	12	0.0	195736	26	0.3	0	0	0	0
1634587506.14	300	16	0.0	193965	23	0.3	0	0	0	0
1634587506.26	300	20	0.0	229913	37	0.3	0	0	0	0
1634587506.4	300	24	0.0	216612	38	0.3	0	0	0	0
1634587506.52	300	28	0.0	223275	36	0.3	0	0	0	0
1634587506.64	300	32	0.0	224716	30	0.3	0	0	0	0
1634587506.76	300	36	0.0	200997	36	0.3	0	0	0	0
1634587506.88	300	40	0.0	207273	31	0.3	0	0	0	0
1634587507.0	300	44	0.0	212686	32	0.3	0	0	0	0
1634587507.14	300	48	0.0	204029	50	0.3	0	0	0	0
1634587507.26	300	52	0.0	196940	30	0.3	0	0	0	0
1634587507.38	300	56	0.0	205069	39	0.3	0	0	0	0
1634587507.58	300	59.911566	0.0	215029	36	0.3	0	0	0	0
1634587511.74	300	59.981158	0.0	214721	34	0.3	5.556	0	44	0
1634587515.93	300	59.708529	0.0	216444	33	0.3	9.557	0	164	29.992501874531364
1634587520.17	300	59.446596	0.0	193188	28	0.3	13.557	0	284	30
1634587523.86	300	59.748488	0.0	218231	46	0.3	17.556	0	404	30.00750187546886
1634587528.08	300	59.513393	0.0	216640	37	0.3	21.557	0	524	29.992501874531385
1634587531.78	300	59.845654	0.0	214788	40	0.3	25.557	0	644	30
1634587535.98	300	59.580358	0.0	209977	41	0.3	29.558	0	764	29.992501874531357
1634587539.64	300	59.901099	0.0	217083	38	0.3	33.557	0	884	30.00750187546885
1634587543.81	300	59.92089	0.0	223801	44	0.3	37.558	0	1004	29.992501874531385
1634587548.0	300	59.644233	0.0	218143	33	0.3	41.559	0	1124	29.992501874531385
1634587551.74	300	59.985278	0.0	209949	41	0.3	45.566	0	1244	29.947591714499588
1634587555.96	300	59.727681	0.0	219778	44	0.3	49.56	0	1364	30.045067601402106
1634587560.14	300	59.45918	0.0	217255	25	0.3	53.561	0	1484	29.992501874531385
1634587563.89	300	59.758816	0.0	225772	51	0.3	57.561	0	1604	30
1634587568.1	300	59.488441	0.0	198145	35	0.3	61.562	0	1724	29.992501874531385
1634587571.8	300	59.824626	0.0	218647	39	0.3	65.561	0	1844	30.007501875468797
1634587576.01	300	59.55253	0.0	227093	40	0.3	69.562	0	1964	29.99250187453144
1634587579.74	300	59.889246	0.0	209981	36	0.3	73.562	0	2084	30
1634587583.92	300	59.659809	0.0	227397	40	0.3	77.563	0	2204	29.99250187453133
1634587587.62	300	59.952855	0.0	229724	32	0.3	81.572	0	2324	29.93265153404839
1634587591.8	300	59.720758	0.0	222308	40	0.3	85.571	0	2444	30.007501875468904
1634587596.07	300	59.446088	0.0	210900	51	0.3	89.572	0	2564	29.99250187453133
1634587599.77	300	59.733334	0.0	207120	45	0.3	93.572	0	2684	30
1634587603.97	300	59.786701	0.0	212721	41	0.3	97.573	0	2804	29.99250187453144
1634587608.16	300	59.521934	0.0	217950	20	0.3	101.573	0	2924	30
1634587611.9	300	59.814344	0.0	209403	75	0.3	105.573	0	3044	30
1634587616.06	300	59.540853	0.0	221030	35	0.3	109.574	0	3164	29.99250187453133
1634587619.77	300	59.829211	0.0	218348	50	0.3	113.574	0	3284	30
1634587623.99	300	59.55451	0.0	215558	66	0.3	117.574	0	3404	30
1634587627.66	300	59.84759	0.0	212674	34	0.3	121.574	0	3524	30
