1634577892.69	750	4	0.137	364579	54	-0.5841000000000001	0	0	0	0
1634577892.88	300	8	0.0	407628	64	-0.15000000000000002	0	0	0	0
1634577893.14	300	12	0.0	409537	53	0.3	0	0	0	0
1634577893.32	300	16	0.0	401138	68	0.3	0	0	0	0
1634577893.49	300	20	0.0	457731	67	0.3	0	0	0	0
1634577893.67	300	24	0.0	411393	74	0.3	0	0	0	0
1634577893.83	300	28	0.0	419665	60	0.3	0	0	0	0
1634577894.04	300	32	0.0	415391	75	0.3	0	0	0	0
1634577894.23	300	35.954822	0.0	441412	76	0.3	0	0	0	0
1634577894.41	300	39.793261	0.0	412981	78	0.3	0	0	0	0
1634577894.59	300	43.591115	0.0	413415	72	0.3	0	0	0	0
1634577894.82	300	47.389131	0.0	419863	63	0.3	0	0	0	0
1634577894.99	300	51.187038	0.0	408917	71	0.3	0	0	0	0
1634577895.2	300	54.984675	0.0	455566	80	0.3	0	0	0	0
1634577895.4	300	58.78215	0.0	410034	77	0.3	0	0	0	0
1634577898.6	300	59.700187	0.0	416850	59	0.3	5.45	0	114	0
1634577902.38	300	59.997834	0.0	441997	94	0.3	9.45	0	354	60.000000000000014
1634577906.63	300	59.726354	0.0	407136	38	0.3	13.45	0	594	60
1634577910.89	300	59.454774	0.0	439658	61	0.3	17.451	0	834	59.98500374906271
1634577914.62	300	59.790394	0.0	427305	45	0.3	21.452	0	1074	59.98500374906271
1634577918.82	300	59.517957	0.0	418162	65	0.3	25.451	0	1314	60.01500375093775
1634577922.57	300	59.860177	0.0	428282	73	0.3	29.452	0	1554	59.98500374906271
1634577926.8	300	59.594044	0.0	427342	86	0.3	33.455	0	1794	59.955033724706524
1634577930.57	300	59.907644	0.0	439784	61	0.3	37.455	0	2034	60
1634577934.29	300	59.916934	0.0	424118	74	0.3	41.455	0	2274	60
1634577938.54	300	59.931484	0.0	429401	81	0.3	45.457	0	2514	59.970014992503714
1634577942.27	300	59.956486	0.0	421101	66	0.3	49.457	0	2754	60
1634577946.49	300	59.691107	0.0	440588	92	0.3	53.457	0	2994	60
1634577950.2	300	59.995972	0.0	454532	83	0.3	57.457	0	3234	60
1634577954.91	300	59.444412	0.0	413236	69	0.3	61.457	0	3474	60
1634577958.63	300	59.743854	0.0	449077	84	0.3	65.457	0	3714	60.00000000000011
1634577962.9	300	59.47807	0.0	454485	75	0.3	69.458	0	3954	59.98500374906266
1634577966.6	300	59.779922	0.0	414614	54	0.3	73.459	0	4194	59.98500374906266
1634577970.82	300	59.505827	0.0	439642	80	0.3	77.459	0	4434	60
1634577974.55	300	59.846187	0.0	443772	73	0.3	81.459	0	4674	60
1634577978.29	300	59.903606	0.0	422133	69	0.3	85.459	0	4914	60
1634577982.5	300	59.928359	0.0	398606	73	0.3	89.46	0	5154	59.98500374906288
1634577986.72	300	59.657009	0.0	399361	82	0.3	93.46	0	5394	60
1634577990.48	300	59.995884	0.0	418002	64	0.3	97.46	0	5635	60.25
1634577994.72	300	59.722298	0.0	454350	91	0.3	101.46	0	5875	60
1634577998.94	300	59.463889	0.0	443556	60	0.3	105.461	0	6114	59.73506623344157
1634578002.66	300	59.803486	0.0	470803	58	0.3	109.46	0	6355	60.26506626656671
1634578006.37	300	59.824572	0.0	451385	86	0.3	113.461	0	6595	59.98500374906266
1634578010.58	300	59.881293	0.0	459078	67	0.3	117.461	0	6835	60
1634578014.3	300	59.907568	0.0	439363	79	0.3	121.462	0	7075	59.98500374906266
