1634573148.68	750	4	0.377	831922	128	-1.6160999999999999	0	0	0	0
1634573148.99	1200	8	0.0	886242	153	0.75	0	0	0	0
1634573149.25	1200	12	0.0	897501	148	1.2	0	0	0	0
1634573149.5	1200	16	0.0	860360	146	1.2	0	0	0	0
1634573149.79	1200	20	0.0	979231	171	1.2	0	0	0	0
1634573150.09	1200	24	0.0	946205	163	1.2	0	0	0	0
1634573150.39	1200	27.917239	0.0	984003	161	1.2	0	0	0	0
1634573150.78	1200	31.514683	0.0	995218	244	1.2	0	0	0	0
1634573151.04	1200	35.273116	0.0	787199	133	1.2	0	0	0	0
1634573151.33	1200	38.990292	0.0	938351	143	1.2	6.089	0	30	0
1634573151.63	1200	42.667426	0.0	924632	144	1.2	6.089	0	30	0
1634573151.93	1200	46.384566	0.0	914478	139	1.2	6.089	0	30	0
1634573152.21	1200	50.102055	0.0	843854	141	1.2	6.089	0	30	0
1634573152.48	1200	53.819512	0.0	885779	159	1.2	6.089	0	30	0
1634573152.81	1200	57.497399	0.0	947769	186	1.2	6.089	0	30	0
1634573154.6	1200	59.759468	0.0	919643	148	1.2	6.089	0	30	0
1634573158.95	1200	59.486781	0.0	949024	182	1.2	10.088	0	150	30.007501875468876
1634573162.82	1200	59.543973	0.0	878532	153	1.2	14.088	0	270	30
1634573166.66	1200	59.859288	0.0	991165	177	1.2	18.115	0	391	30.047181524708225
1634573170.49	1200	59.90528	0.0	996180	174	1.2	22.114	0	511	30.00750187546885
1634573174.4	1200	59.913175	0.0	974291	180	1.2	26.115	0	631	29.992501874531385
1634573178.76	1200	59.673156	0.0	886731	157	1.2	30.115	0	751	30
1634573182.62	1200	59.706269	0.0	986318	185	1.2	34.116	0	871	29.992501874531357
1634573186.98	1200	59.449039	0.0	958557	171	1.2	38.116	0	991	30
1634573190.85	1200	59.730191	0.0	995799	182	1.2	42.117	0	1111	29.992501874531385
1634573194.68	1200	59.78252	0.0	940136	150	1.2	46.118	0	1231	29.99250187453133
1634573198.51	1200	59.800265	0.0	989191	162	1.2	50.117	0	1351	30.007501875468904
1634573202.85	1200	59.521385	0.0	964221	170	1.2	54.123	0	1471	29.955067398901647
1634573206.7	1200	59.855692	0.0	1079824	184	1.2	58.124	0	1591	29.99250187453133
1634573210.51	1200	59.870975	0.0	860712	139	1.2	62.124	0	1711	30
1634573214.9	1200	59.59178	0.0	947460	167	1.2	66.124	0	1831	30.000000000000053
1634573218.9	1200	59.649164	0.0	984252	168	1.2	70.124	0	1951	30
1634573222.74	1200	59.662575	0.0	918770	145	1.2	74.125	0	2071	29.99250187453133
1634573226.61	1200	59.685969	0.0	999452	155	1.2	78.125	0	2191	30
1634573230.46	1200	59.98603	0.0	960631	188	1.2	82.125	0	2311	30
1634573234.85	1200	59.501246	0.0	1045458	166	1.2	86.125	0	2431	30
1634573238.64	1200	59.79581	0.0	926993	136	1.2	90.132	0	2552	30.197154978787086
1634573242.92	1200	59.561092	0.0	910046	144	1.2	94.133	0	2672	29.99250187453144
1634573246.78	1200	59.578508	0.0	942012	120	1.2	98.133	0	2792	30
1634573250.64	1200	59.872778	0.0	906955	146	1.2	102.133	0	2912	30
1634573254.49	1200	59.880773	0.0	914647	163	1.2	106.133	0	3032	30
1634573258.84	1200	59.623449	0.0	945230	136	1.2	110.134	0	3152	29.99250187453133
1634573262.66	1200	59.927415	0.0	939882	151	1.2	114.134	0	3272	30
1634573266.45	1200	59.938013	0.0	1008520	168	1.2	118.134	0	3392	30
1634573270.82	1200	59.683061	0.0	951407	158	1.2	122.134	0	3512	30
