1634594400.64	750	4	0.12	178505	45	-0.511	0	0	0	0
1634594400.79	300	8	0.0	195551	32	-0.15000000000000002	0	0	0	0
1634594400.9	300	12	0.0	195736	29	0.3	0	0	0	0
1634594401.02	300	16	0.0	193965	26	0.3	0	0	0	0
1634594401.14	300	20	0.0	229913	38	0.3	0	0	0	0
1634594401.28	300	24	0.0	216612	43	0.3	0	0	0	0
1634594401.43	300	28	0.0	223275	38	0.3	0	0	0	0
1634594401.55	300	32	0.0	224716	37	0.3	0	0	0	0
1634594401.7	300	36	0.0	200997	33	0.3	0	0	0	0
1634594401.82	300	40	0.0	207273	35	0.3	0	0	0	0
1634594402.02	300	44	0.0	212686	46	0.3	0	0	0	0
1634594402.14	300	48	0.0	204029	34	0.3	0	0	0	0
1634594402.28	300	52	0.0	196940	45	0.3	0	0	0	0
1634594402.39	300	56	0.0	205069	33	0.3	0	0	0	0
1634594402.52	300	59.915953	0.0	215029	20	0.3	0	0	0	0
1634594406.73	300	59.741593	0.0	214721	57	0.3	5.213	0	47	0
1634594410.93	300	59.541694	0.0	216444	30	0.3	9.213	0	167	30.000000000000007
1634594414.61	300	59.869973	0.0	193188	42	0.3	13.213	0	287	30
1634594418.82	300	59.885931	0.0	218231	45	0.3	17.22	0	407	29.947591714499627
1634594423.05	300	59.608702	0.0	216640	40	0.3	21.216	0	527	30.030030030030012
1634594426.77	300	59.890997	0.0	214788	28	0.3	25.217	0	647	29.992501874531385
1634594430.69	300	59.922861	0.0	209977	262	0.3	29.217	0	767	30
1634594434.89	300	59.666956	0.0	217083	44	0.3	33.217	0	887	30
1634594438.61	300	59.952599	0.0	223801	19	0.3	37.217	0	1007	30
1634594442.79	300	59.686673	0.0	218143	36	0.3	41.218	0	1127	29.99250187453133
1634594446.51	300	59.981644	0.0	209949	29	0.3	45.219	0	1247	29.992501874531385
1634594450.69	300	59.988772	0.0	219778	38	0.3	49.218	0	1367	30.00750187546885
1634594454.89	300	59.720744	0.0	217255	38	0.3	53.218	0	1487	30
1634594459.16	300	59.443813	0.0	225772	49	0.3	57.219	0	1607	29.992501874531385
1634594462.88	300	59.739738	0.0	198145	3	0.3	61.219	0	1727	30
1634594467.14	300	59.50604	0.0	218647	37	0.3	65.22	0	1847	29.992501874531385
1634594470.93	300	59.560994	0.0	227093	38	0.3	69.221	0	1967	29.99250187453133
1634594474.61	300	59.85725	0.0	209981	41	0.3	73.24	0	2088	30.106991789002304
1634594478.82	300	59.861769	0.0	227397	42	0.3	77.24	0	2208	30
1634594482.54	300	59.95628	0.0	229724	46	0.3	81.241	0	2328	29.99250187453133
1634594486.74	300	59.962548	0.0	222308	41	0.3	85.241	0	2448	30
1634594490.44	300	59.993726	0.0	210900	31	0.3	89.241	0	2568	30
1634594495.15	300	59.437114	0.0	207120	32	0.3	93.242	0	2688	29.99250187453133
1634594498.86	300	59.739383	0.0	212721	51	0.3	97.241	0	2808	30.007501875468904
1634594503.05	300	59.54942	0.0	217950	35	0.3	101.242	0	2928	29.99250187453133
1634594506.75	300	59.882446	0.0	209403	15	0.3	105.242	0	3048	30
1634594510.94	300	59.618269	0.0	221030	30	0.3	109.243	0	3168	29.99250187453144
1634594514.63	300	59.914015	0.0	218348	28	0.3	113.243	0	3288	30
1634594518.78	300	59.917668	0.0	215558	25	0.3	117.243	0	3408	30
1634594522.92	300	59.63968	0.0	212674	44	0.3	121.243	0	3528	30
