1634582773.88	750	4	0.366	1348025	235	-1.5688	0	0	0	0
1634582774.31	1200	8	0.0	1461552	230	0.75	0	0	0	0
1634582774.73	1200	12	0.0	1497347	266	1.2	0	0	0	0
1634582775.14	1200	16	0.0	1497151	253	1.2	0	0	0	0
1634582775.55	1200	19.876201	0.0	1500642	259	1.2	0	0	0	0
1634582775.96	1200	23.473152	0.0	1415806	243	1.2	0	0	0	0
1634582776.36	1200	27.070106	0.0	1526374	241	1.2	0	0	0	0
1634582776.76	1200	30.662929	0.0	1458651	249	1.2	0	0	0	0
1634582777.17	1200	34.293931	0.0	1416629	240	1.2	5.31	0	93	0
1634582777.57	1200	37.888903	0.0	1455680	252	1.2	5.31	0	93	0
1634582777.98	1200	41.485954	0.0	1468719	247	1.2	5.31	0	93	0
1634582778.41	1200	45.041993	0.0	1417021	233	1.2	5.31	0	93	0
1634582778.82	1200	48.637421	0.0	1458794	235	1.2	5.31	0	93	0
1634582779.23	1200	52.233334	0.0	1458259	235	1.2	5.31	0	93	0
1634582779.66	1200	55.787713	0.0	1487239	256	1.2	5.31	0	93	0
1634582780.1	1200	59.366667	0.0	1459670	244	1.2	5.31	0	93	0
1634582784.1	1200	59.492742	0.0	1513781	237	1.2	9.309	6	333	58.514628657164295
1634582788.07	1200	59.509065	0.0	1480432	215	1.2	13.31	7	573	59.73506623344162
1634582792.01	1200	59.544202	0.0	1537900	217	1.2	17.31	7	813	60.00000000000003
1634582795.98	1200	59.561416	0.0	1503057	246	1.2	21.309	9	1053	59.514878719679885
1634582799.95	1200	59.583334	0.0	1447121	235	1.2	25.31	10	1293	59.73506623344167
1634582803.92	1200	59.60291	0.0	1510054	245	1.2	29.31	10	1533	60
1634582807.89	1200	59.676792	0.0	1517434	248	1.2	33.31	11	1773	59.74999999999995
1634582811.86	1200	59.697196	0.0	1490166	264	1.2	37.311	11	2013	59.98500374906277
1634582815.79	1200	59.789959	0.0	1451026	216	1.2	41.311	11	2253	60
1634582819.75	1200	59.885761	0.0	1447249	239	1.2	45.329	12	2494	59.73120955699352
1634582823.71	1200	59.908763	0.0	1480049	230	1.2	49.311	12	2733	60.02009040683075
1634582827.66	1200	59.939623	0.0	1475389	276	1.2	53.311	12	2973	60
1634582832.08	1200	59.96754	0.0	1594426	312	1.2	57.314	13	3213	59.70522108418686
1634582836.13	1200	59.474805	0.0	1445128	223	1.2	61.312	13	3453	60.03001500750379
1634582839.68	1200	59.855769	0.0	1538455	255	1.2	65.368	14	3696	59.66469428007893
1634582843.75	1200	59.88369	0.0	1603269	250	1.2	69.37	16	3936	59.47026486756607
1634582847.74	1200	59.904422	0.0	1447021	240	1.2	73.368	17	4176	59.77988994497263
1634582851.69	1200	59.927397	0.0	1545473	245	1.2	77.369	18	4416	59.73506623344157
1634582855.62	1200	59.952214	0.0	1455383	229	1.2	81.369	18	4656	60
1634582859.57	1200	59.968976	0.0	1546087	230	1.2	85.37	18	4896	59.98500374906266
1634582864.04	1200	59.481151	0.0	1404300	218	1.2	89.369	18	5136	60.01500375093781
1634582868.0	1200	59.505567	0.0	1350682	211	1.2	93.369	18	5376	60
1634582871.97	1200	59.506929	0.0	1454743	228	1.2	97.37	20	5616	59.48512871782047
1634582875.89	1200	59.541069	0.0	1455864	249	1.2	101.371	20	5856	59.98500374906288
1634582879.9	1200	59.566667	0.0	1458942	235	1.2	105.37	21	6096	59.76494123530868
1634582883.83	1200	59.598234	0.0	1475192	248	1.2	109.378	21	6337	60.129740518962144
1634582887.79	1200	59.662137	0.0	1519778	253	1.2	113.371	23	6576	59.35386927122472
1634582891.7	1200	59.95746	0.0	1556293	225	1.2	117.371	23	6816	60
