1634594164.81	750	4	0.159	341125	76	-0.6787	0	0	0	0
1634594164.98	750	8	0.0	368384	70	0.75	0	0	0	0
1634594165.14	750	12	0.0	361115	60	0.75	0	0	0	0
1634594165.33	750	15.956398	0.0	351432	81	0.75	0	0	0	0
1634594165.5	750	19.795129	0.0	415108	80	0.75	0	0	0	0
1634594165.65	750	23.63404	0.0	405152	69	0.75	0	0	0	0
1634594165.85	750	27.432052	0.0	418745	75	0.75	0	0	0	0
1634594166.03	750	31.270973	0.0	422888	79	0.75	0	0	0	0
1634594166.19	750	35.109539	0.0	332222	62	0.75	0	0	0	0
1634594166.41	750	38.907807	0.0	390526	70	0.75	0	0	0	0
1634594166.61	750	42.70635	0.0	394909	66	0.75	0	0	0	0
1634594166.78	750	46.503905	0.0	391304	62	0.75	0	0	0	0
1634594166.96	750	50.342923	0.0	354894	66	0.75	0	0	0	0
1634594167.18	750	54.139774	0.0	377564	56	0.75	0	0	0	0
1634594167.38	750	57.89613	0.0	396139	81	0.75	0	0	0	0
1634594169.71	750	59.704451	0.0	398301	65	0.75	4.674	0	90	0
1634594174.06	750	59.477454	0.0	411967	86	0.75	8.674	0	210	30.000000000000007
1634594177.8	750	59.523064	0.0	371247	76	0.75	12.674	0	330	30
1634594181.55	750	59.854275	0.0	416520	92	0.75	16.675	0	450	29.992501874531357
1634594185.78	750	59.576642	0.0	408407	75	0.75	20.675	0	570	30
1634594189.53	750	59.872945	0.0	403983	76	0.75	24.676	0	690	29.992501874531385
1634594193.75	750	59.670068	0.0	369757	53	0.75	28.676	0	810	30
1634594197.46	750	59.973201	0.0	404235	75	0.75	32.676	0	930	29.999999999999975
1634594201.69	750	59.734375	0.0	418487	64	0.75	36.677	0	1050	29.992501874531385
1634594205.91	750	59.456789	0.0	416581	64	0.75	40.677	0	1170	30
1634594209.67	750	59.754185	0.0	404280	76	0.75	44.677	0	1290	30
1634594213.88	750	59.509753	0.0	413252	60	0.75	48.677	0	1410	30
1634594217.63	750	59.833334	0.0	399762	70	0.75	52.677	0	1530	30
1634594221.92	750	59.559674	0.0	438319	48	0.75	56.677	0	1650	30
1634594225.71	750	59.88181	0.0	371901	66	0.75	60.678	0	1770	29.992501874531385
1634594229.52	750	59.883671	0.0	404985	72	0.75	64.678	0	1890	30
1634594233.77	750	59.682814	0.0	419455	105	0.75	68.679	0	2010	29.99250187453133
1634594238.05	750	59.439082	0.0	389992	79	0.75	72.678	0	2130	30.007501875468904
1634594241.82	750	59.722412	0.0	447110	109	0.75	76.679	0	2250	29.99250187453133
1634594245.56	750	59.812985	0.0	428402	66	0.75	80.679	0	2370	30
1634594249.78	750	59.533334	0.0	430629	71	0.75	84.709	0	2491	30.02481389578163
1634594253.52	750	59.855688	0.0	399369	70	0.75	88.709	0	2611	30
1634594257.74	750	59.620246	0.0	388328	62	0.75	92.709	0	2731	30
1634594261.45	750	59.923495	0.0	391315	62	0.75	96.71	0	2851	29.99250187453144
1634594265.69	750	59.651846	0.0	404526	64	0.75	100.71	0	2971	30
1634594269.43	750	59.984095	0.0	396577	55	0.75	104.711	0	3091	29.99250187453133
1634594273.7	750	59.716225	0.0	403873	70	0.75	108.71	0	3211	30.007501875468904
1634594277.89	750	59.433835	0.0	389389	56	0.75	112.711	0	3331	29.99250187453133
1634594281.67	750	59.722428	0.0	399698	71	0.75	116.711	0	3451	30
1634594285.88	750	59.452359	0.0	380869	73	0.75	120.711	0	3571	30
