1634578654.94	750	4	0.508	2352295	385	-2.1794000000000002	0	0	0	0
1634578655.57	2850	8	0.0	2695463	442	0.75	0	0	0	0
1634578656.22	2850	11.435663	0.0	2691416	447	2.85	0	0	0	0
1634578656.9	2850	14.749309	0.0	2698966	445	2.85	0	0	0	0
1634578657.68	2850	17.982893	0.0	3054744	545	2.85	0	0	0	0
1634578658.39	2850	21.255773	0.0	3082641	494	2.85	4.614	0	72	0
1634578659.19	2850	24.448517	0.0	3085527	485	2.85	4.614	0	72	0
1634578659.86	2850	27.801922	0.0	2917405	446	2.85	4.614	0	72	0
1634578660.37	2850	31.276847	0.0	2163184	337	2.85	4.614	0	72	0
1634578661.06	2850	34.6	0.0	2697447	440	2.85	4.614	0	72	0
1634578661.65	2850	37.981941	0.0	2539930	383	2.85	4.614	0	72	0
1634578662.32	2850	41.33581	0.0	2598995	418	2.85	8.614	0	192	29.999999999999993
1634578662.94	2850	44.7	0.0	2362663	375	2.85	8.614	0	192	29.999999999999993
1634578663.56	2850	48.077357	0.0	2550338	410	2.85	8.614	0	192	29.999999999999993
1634578664.27	2850	51.391343	0.0	2718005	475	2.85	8.614	0	192	29.999999999999993
1634578664.91	2850	54.743492	0.0	2612918	429	2.85	8.614	0	192	29.999999999999993
1634578665.57	2850	58.09771	0.0	2716616	437	2.85	8.614	0	192	29.999999999999993
1634578668.24	2850	59.575006	0.0	2560410	418	2.85	12.614	1	312	29.75
1634578672.03	2850	59.880016	0.0	3007277	495	2.85	16.616	1	432	29.98500749625188
1634578675.8	2850	59.88844	0.0	2976441	491	2.85	20.616	1	552	30
1634578680.07	2850	59.687367	0.0	2976345	497	2.85	24.617	1	672	29.992501874531357
1634578683.75	2850	59.988581	0.0	2746751	443	2.85	28.617	1	792	30
1634578688.05	2850	59.721721	0.0	2900044	464	2.85	32.617	1	912	30.00000000000003
1634578692.29	2850	59.446728	0.0	3029105	455	2.85	36.617	1	1032	30
1634578695.99	2850	59.744725	0.0	2714552	460	2.85	40.618	1	1152	29.99250187453133
1634578700.22	2850	59.511063	0.0	2789766	442	2.85	44.618	1	1272	30
1634578703.93	2850	59.816024	0.0	2625718	479	2.85	48.618	1	1392	30
1634578708.17	2850	59.568155	0.0	2871556	454	2.85	52.618	1	1512	30
1634578712.05	2850	59.606401	0.0	3384908	543	2.85	56.619	1	1632	29.992501874531385
1634578715.74	2850	59.915537	0.0	2433713	419	2.85	60.619	1	1752	30
1634578719.94	2850	59.964849	0.0	2603914	438	2.85	64.619	1	1872	30
1634578723.86	2850	59.979918	0.0	2850305	589	2.85	68.619	1	1992	30
1634578728.13	2850	59.754891	0.0	2877374	462	2.85	72.62	1	2112	29.99250187453133
1634578731.94	2850	59.860816	0.0	3026289	1063	2.85	76.621	1	2232	29.99250187453144
1634578736.15	2850	59.601175	0.0	2855071	434	2.85	80.64	1	2353	30.106991789002198
1634578739.92	2850	59.91586	0.0	2922391	519	2.85	84.64	1	2473	30
1634578744.11	2850	59.676151	0.0	2861931	461	2.85	88.641	1	2593	29.99250187453133
1634578747.84	2850	59.994442	0.0	2854030	455	2.85	92.641	1	2713	30
1634578752.11	2850	59.733334	0.0	2576826	403	2.85	96.641	2	2833	29.75
1634578756.24	2850	59.463815	0.0	2417861	402	2.85	100.641	2	2953	30
1634578759.95	2850	59.767648	0.0	2608825	427	2.85	104.642	2	3073	29.99250187453144
1634578764.32	2850	59.541092	0.0	2761808	550	2.85	108.641	2	3193	30.007501875468797
1634578768.03	2850	59.876824	0.0	2761816	513	2.85	112.642	2	3313	29.99250187453144
1634578772.23	2850	59.604428	0.0	2676405	461	2.85	116.643	2	3433	29.99250187453133
1634578775.97	2850	59.910434	0.0	2779031	434	2.85	120.643	2	3553	30
