1634599462.72	750	4	0.245	831922	151	-1.0485000000000002	0	0	0	0
1634599463.0	1200	8	0.0	886242	153	0.75	0	0	0	0
1634599463.31	1200	12	0.0	897501	146	1.2	0	0	0	0
1634599463.55	1200	16	0.0	860360	143	1.2	0	0	0	0
1634599463.83	1200	20	0.0	979231	173	1.2	0	0	0	0
1634599464.14	1200	24	0.0	946205	154	1.2	0	0	0	0
1634599464.53	1200	27.754974	0.0	984003	154	1.2	0	0	0	0
1634599464.84	1200	31.433334	0.0	995218	161	1.2	0	0	0	0
1634599465.1	1200	35.189913	0.0	787199	140	1.2	0	0	0	0
1634599465.39	1200	38.908017	0.0	938351	148	1.2	0	0	0	0
1634599465.7	1200	42.585481	0.0	924632	150	1.2	0	0	0	0
1634599466.23	1200	46.060744	0.0	914478	394	1.2	5.251	0	51	0
1634599466.47	1200	49.816613	0.0	843854	130	1.2	5.251	0	51	0
1634599466.78	1200	53.534208	0.0	885779	152	1.2	5.251	0	51	0
1634599467.05	1200	57.21135	0.0	947769	132	1.2	5.251	0	51	0
1634599468.33	1200	59.998034	0.0	919643	142	1.2	5.251	0	51	0
1634599472.66	1200	59.770988	0.0	949024	150	1.2	9.256	0	172	30.21223470661673
1634599477.0	1200	59.500307	0.0	878532	144	1.2	13.257	0	292	29.99250187453137
1634599480.87	1200	59.516331	0.0	991165	157	1.2	17.258	0	412	29.99250187453137
1634599484.71	1200	59.814871	0.0	996180	163	1.2	21.258	0	532	30
1634599488.51	1200	59.848892	0.0	974291	156	1.2	25.258	0	652	30
1634599492.8	1200	59.603462	0.0	886731	157	1.2	29.259	0	772	29.992501874531357
1634599496.61	1200	59.92477	0.0	986318	156	1.2	33.259	0	892	30
1634599500.98	1200	59.451156	0.0	958557	138	1.2	37.259	0	1012	30
1634599504.79	1200	59.493084	0.0	995799	156	1.2	41.259	0	1132	30
1634599508.59	1200	59.79105	0.0	940136	146	1.2	45.265	0	1252	29.955067398901647
1634599512.96	1200	59.519485	0.0	989191	159	1.2	49.259	0	1372	30.045067601402106
1634599516.8	1200	59.534651	0.0	964221	153	1.2	53.26	0	1492	29.992501874531385
1634599520.71	1200	59.834286	0.0	1079824	173	1.2	57.26	0	1612	30
1634599524.51	1200	59.89309	0.0	860712	142	1.2	61.261	0	1732	29.99250187453133
1634599528.87	1200	59.638834	0.0	947460	173	1.2	65.262	0	1852	29.992501874531385
1634599532.72	1200	59.694133	0.0	984252	160	1.2	69.262	0	1972	30
1634599536.59	1200	59.708861	0.0	918770	155	1.2	73.305	0	2093	29.92827108582731
1634599541.01	1200	59.430141	0.0	999452	161	1.2	77.306	0	2213	29.99250187453144
1634599544.9	1200	59.490613	0.0	960631	147	1.2	81.307	0	2333	29.99250187453133
1634599548.76	1200	59.540176	0.0	1045458	154	1.2	85.307	0	2453	30
1634599552.63	1200	59.831704	0.0	926993	167	1.2	89.308	0	2573	29.99250187453133
1634599556.95	1200	59.55523	0.0	910046	145	1.2	93.308	0	2693	30
1634599560.75	1200	59.587017	0.0	942012	146	1.2	97.308	0	2813	30
1634599564.56	1200	59.932083	0.0	906955	150	1.2	101.309	0	2933	29.99250187453144
1634599568.38	1200	59.942503	0.0	914647	161	1.2	105.313	0	3053	29.970029970029934
1634599572.72	1200	59.679095	0.0	945230	160	1.2	109.314	0	3173	29.99250187453144
1634599576.6	1200	59.989526	0.0	939882	167	1.2	113.314	0	3293	30
1634599580.89	1200	59.466667	0.0	1008520	153	1.2	117.315	0	3413	29.99250187453133
1634599584.75	1200	59.794771	0.0	951407	159	1.2	121.314	0	3533	30.007501875468904
