1634576085.21	750	4	0.532	2364266	395	-2.2826	0	0	0	0
1634576085.91	1850	8	0.0	2702234	448	0.75	0	0	0	0
1634576086.54	1850	11.4	0.0	2698759	440	1.85	0	0	0	0
1634576087.21	1850	14.75	0.0	2726329	455	1.85	0	0	0	0
1634576087.95	1850	18.033334	0.0	2796160	502	1.85	0	0	0	0
1634576088.61	1850	21.35	0.0	2703878	452	1.85	4.631	9	140	0
1634576089.27	1850	24.687684	0.0	2747707	454	1.85	4.631	9	140	0
1634576089.88	1850	28.083334	0.0	2590022	401	1.85	4.631	9	140	0
1634576090.5	1850	31.45	0.0	2440705	399	1.85	4.631	9	140	0
1634576091.22	1850	34.816667	0.0	2706304	436	1.85	4.631	9	140	0
1634576091.86	1850	38.1	0.0	2616156	399	1.85	4.631	9	140	0
1634576092.49	1850	41.483334	0.0	2484837	396	1.85	8.631	43	380	51.5
1634576093.1	1850	44.866667	0.0	2520833	381	1.85	8.631	43	380	51.5
1634576093.83	1850	48.15	0.0	2450375	489	1.85	8.631	43	380	51.5
1634576094.49	1850	51.483334	0.0	2648021	433	1.85	8.631	43	380	51.5
1634576095.12	1850	54.85	0.0	2584938	404	1.85	8.631	43	380	51.5
1634576095.81	1850	58.166667	0.0	2753591	428	1.85	8.631	43	380	51.5
1634576098.47	1850	59.573728	0.0	2590312	425	1.85	12.631	60	620	55.75
1634576102.18	1850	59.913185	0.0	2803841	438	1.85	16.632	66	860	58.48537865533615
1634576106.36	1850	59.655465	0.0	2702423	461	1.85	20.632	67	1100	59.75
1634576110.01	1850	59.963972	0.0	2667915	422	1.85	24.664	69	1342	59.523809523809526
1634576114.24	1850	59.705786	0.0	2656424	478	1.85	28.664	71	1582	59.5
1634576118.43	1850	59.729174	0.0	2700847	447	1.85	32.664	73	1822	59.5
1634576122.62	1850	59.466667	0.0	2710093	447	1.85	36.664	76	2062	59.25
1634576126.34	1850	59.773506	0.0	2634927	446	1.85	40.664	78	2302	59.5
1634576130.58	1850	59.511955	0.0	2610609	483	1.85	44.665	81	2542	59.23519120219949
1634576134.3	1850	59.825683	0.0	2679192	440	1.85	48.666	85	2782	58.98525368657839
1634576138.54	1850	59.573094	0.0	2702866	424	1.85	52.665	89	3022	59.01475368842207
1634576142.06	1850	59.910344	0.0	2926779	709	1.85	56.666	96	3262	58.23544113971511
1634576146.24	1850	59.933334	0.0	2512972	425	1.85	60.666	98	3502	59.5
1634576150.42	1850	59.70518	0.0	2642993	434	1.85	64.666	100	3742	59.5
1634576154.68	1850	59.439298	0.0	2839732	451	1.85	68.667	102	3982	59.48512871782047
1634576158.39	1850	59.748198	0.0	2585927	471	1.85	72.667	104	4222	59.5
1634576162.18	1850	59.779105	0.0	2751950	476	1.85	76.668	109	4462	58.73531617095719
1634576166.39	1850	59.8	0.0	2616237	455	1.85	80.668	114	4702	58.75
1634576170.59	1850	59.545454	0.0	2815780	454	1.85	84.669	118	4942	58.985253686578496
1634576174.31	1850	59.859384	0.0	2502589	457	1.85	88.669	123	5182	58.75
1634576178.47	1850	59.635991	0.0	2492428	424	1.85	92.679	124	5423	59.85037406483783
1634576182.24	1850	59.94292	0.0	2702509	456	1.85	96.68	136	5663	56.98575356160953
1634576186.01	1850	59.962495	0.0	2644520	494	1.85	100.681	145	5903	57.735566108473016
1634576190.24	1850	59.700098	0.0	2669148	462	1.85	104.68	148	6143	59.264816204050874
1634576193.97	1850	59.997007	0.0	2592380	462	1.85	108.681	153	6383	58.7353161709574
1634576198.65	1850	59.447016	0.0	2699169	464	1.85	112.681	156	6623	59.25
1634576202.41	1850	59.761548	0.0	2735368	501	1.85	116.681	160	6863	59
1634576206.63	1850	59.503236	0.0	2575922	471	1.85	120.682	163	7103	59.23519120219938
