1634586563.5	750	4	0.226	831922	141	-0.9668	0	0	0	0
1634586563.81	1200	8	0.0	886242	161	0.75	0	0	0	0
1634586564.06	1200	12	0.0	897501	144	1.2	0	0	0	0
1634586564.32	1200	15.910917	0.0	860360	134	1.2	0	0	0	0
1634586564.59	1200	19.628357	0.0	979231	161	1.2	0	0	0	0
1634586564.89	1200	23.345602	0.0	946205	152	1.2	0	0	0	0
1634586565.23	1200	26.982521	0.0	984003	192	1.2	0	0	0	0
1634586565.55	1200	30.700315	0.0	995218	161	1.2	0	0	0	0
1634586565.83	1200	34.415597	0.0	787199	142	1.2	0	0	0	0
1634586566.14	1200	38.092928	0.0	938351	142	1.2	0	0	0	0
1634586566.46	1200	41.76972	0.0	924632	161	1.2	0	0	0	0
1634586566.76	1200	45.48701	0.0	914478	143	1.2	0	0	0	0
1634586567.02	1200	49.204763	0.0	843854	145	1.2	4.588	0	79	0
1634586567.42	1200	52.88182	0.0	885779	166	1.2	4.588	0	79	0
1634586567.7	1200	56.518947	0.0	947769	155	1.2	4.588	0	79	0
1634586568.52	1200	59.748871	0.0	919643	168	1.2	4.588	0	79	0
1634586572.83	1200	59.479635	0.0	949024	141	1.2	8.587	0	199	30.00750187546887
1634586576.64	1200	59.776742	0.0	878532	148	1.2	12.588	0	319	29.99250187453137
1634586580.47	1200	59.814817	0.0	991165	139	1.2	16.588	0	439	29.999999999999986
1634586584.82	1200	59.535876	0.0	996180	145	1.2	20.589	0	559	29.992501874531385
1634586588.71	1200	59.613583	0.0	974291	159	1.2	24.59	0	679	29.992501874531357
1634586592.59	1200	59.922174	0.0	886731	151	1.2	28.589	0	799	30.007501875468876
1634586596.43	1200	59.939367	0.0	986318	163	1.2	32.597	0	919	29.94011976047902
1634586600.77	1200	59.653918	0.0	958557	159	1.2	36.6	0	1039	29.977516862353234
1634586604.69	1200	59.662542	0.0	995799	162	1.2	40.621	0	1160	30.09201691121611
1634586608.55	1200	59.730856	0.0	940136	140	1.2	44.622	0	1280	29.992501874531385
1634586612.88	1200	59.461015	0.0	989191	164	1.2	48.622	0	1400	30
1634586616.75	1200	59.762022	0.0	964221	172	1.2	52.623	0	1520	29.992501874531385
1634586620.66	1200	59.800334	0.0	1079824	195	1.2	56.623	0	1640	30
1634586624.45	1200	59.813065	0.0	860712	138	1.2	60.623	0	1760	30
1634586628.75	1200	59.54114	0.0	947460	158	1.2	64.624	0	1880	29.992501874531385
1634586632.64	1200	59.833334	0.0	984252	151	1.2	68.623	0	2000	30.007501875468797
1634586636.44	1200	59.854395	0.0	918770	149	1.2	72.623	0	2120	30
1634586640.76	1200	59.624521	0.0	999452	166	1.2	76.624	0	2240	29.99250187453144
1634586644.62	1200	59.64544	0.0	960631	162	1.2	80.631	0	2360	29.947591714499588
1634586648.52	1200	59.933334	0.0	1045458	166	1.2	84.632	0	2480	29.99250187453133
1634586652.91	1200	59.472167	0.0	926993	170	1.2	88.631	0	2600	30.007501875468904
1634586656.75	1200	59.756295	0.0	910046	145	1.2	92.632	0	2720	29.99250187453133
1634586660.69	1200	59.810179	0.0	942012	215	1.2	96.632	0	2840	30
1634586664.57	1200	59.82173	0.0	906955	168	1.2	100.633	0	2960	29.99250187453144
1634586668.45	1200	59.87147	0.0	914647	154	1.2	104.632	0	3080	30.007501875468797
1634586672.37	1200	59.883383	0.0	945230	178	1.2	108.634	0	3200	29.98500749625191
1634586676.69	1200	59.611284	0.0	939882	157	1.2	112.635	0	3320	29.99250187453133
1634586680.56	1200	59.933334	0.0	1008520	181	1.2	116.634	0	3440	30.007501875468904
1634586684.4	1200	59.98329	0.0	951407	169	1.2	120.634	0	3560	30
