1634580245.85	750	4	0.141	341125	64	-0.6013	0	0	0	0
1634580246.02	750	8	0.0	368384	54	0.75	0	0	0	0
1634580246.16	750	12	0.0	361115	57	0.75	0	0	0	0
1634580246.33	750	16	0.0	351432	60	0.75	0	0	0	0
1634580246.52	750	20	0.0	415108	97	0.75	0	0	0	0
1634580246.68	750	24	0.0	405152	72	0.75	0	0	0	0
1634580246.84	750	28	0.0	418745	67	0.75	0	0	0	0
1634580247.01	750	32	0.0	422888	69	0.75	0	0	0	0
1634580247.16	750	36	0.0	332222	48	0.75	0	0	0	0
1634580247.32	750	40	0.0	390526	61	0.75	0	0	0	0
1634580247.5	750	44	0.0	394909	59	0.75	0	0	0	0
1634580247.66	750	48	0.0	391304	66	0.75	0	0	0	0
1634580247.81	750	51.916175	0.0	354894	37	0.75	0	0	0	0
1634580247.95	750	55.755125	0.0	377564	55	0.75	0	0	0	0
1634580248.11	750	59.594146	0.0	396139	63	0.75	0	0	0	0
1634580252.31	750	59.460813	0.0	398301	67	0.75	5.357	0	40	0
1634580256.06	750	59.787617	0.0	411967	72	0.75	9.357	0	160	30.000000000000007
1634580260.28	750	59.511136	0.0	371247	74	0.75	13.371	0	280	29.895366218236166
1634580263.98	750	59.805723	0.0	416520	65	0.75	17.371	0	400	30.000000000000014
1634580268.21	750	59.538236	0.0	408407	68	0.75	21.371	0	520	30
1634580271.89	750	59.846658	0.0	403983	62	0.75	25.372	0	640	29.992501874531357
1634580276.09	750	59.88415	0.0	369757	68	0.75	29.372	0	760	30
1634580280.3	750	59.640267	0.0	404235	81	0.75	33.371	0	880	30.00750187546885
1634580284.07	750	59.654284	0.0	418487	83	0.75	37.373	0	1000	29.98500749625191
1634580287.81	750	59.983938	0.0	416581	77	0.75	41.374	0	1121	30.242439390152427
1634580292.06	750	59.713192	0.0	404280	76	0.75	45.373	0	1241	30.007501875468904
1634580296.31	750	59.442725	0.0	413252	68	0.75	49.374	0	1361	29.99250187453133
1634580300.04	750	59.733565	0.0	399762	69	0.75	53.375	0	1481	29.992501874531385
1634580304.25	750	59.755645	0.0	438319	77	0.75	57.374	0	1601	30.00750187546885
1634580307.96	750	59.815221	0.0	371901	49	0.75	61.378	0	1721	29.970029970029987
1634580312.16	750	59.820521	0.0	404985	63	0.75	65.376	0	1841	30.015007503751843
1634580316.36	750	59.549436	0.0	419455	82	0.75	69.377	0	1961	29.99250187453144
1634580320.12	750	59.888262	0.0	389992	56	0.75	73.379	0	2081	29.985007496251804
1634580323.82	750	59.954462	0.0	447110	64	0.75	77.378	0	2201	30.007501875468904
1634580328.05	750	59.712423	0.0	428402	68	0.75	81.381	0	2321	29.977516862353234
1634580332.3	750	59.73722	0.0	430629	65	0.75	85.381	0	2441	30
1634580335.99	750	59.756363	0.0	399369	66	0.75	89.382	0	2561	29.99250187453133
1634580340.21	750	59.509614	0.0	388328	65	0.75	93.399	0	2681	29.873039581777476
1634580343.9	750	59.827926	0.0	391315	60	0.75	97.399	0	2801	30
1634580348.16	750	59.846078	0.0	404526	63	0.75	101.399	0	2921	30
1634580351.9	750	59.853056	0.0	396577	69	0.75	105.4	0	3041	29.99250187453133
1634580356.13	750	59.870576	0.0	403873	68	0.75	109.4	0	3161	30
1634580359.86	750	59.887204	0.0	389389	67	0.75	113.4	0	3281	30
1634580364.09	750	59.902225	0.0	399698	28	0.75	117.401	0	3401	29.99250187453144
1634580367.81	750	59.94819	0.0	380869	58	0.75	121.4	0	3521	30.007501875468797
