1634580009.13	750	4	0.24	831922	153	-1.0270000000000001	0	0	0	0
1634580009.41	1200	8	0.0	886242	140	0.75	0	0	0	0
1634580009.68	1200	12	0.0	897501	144	1.2	0	0	0	0
1634580009.94	1200	15.795371	0.0	860360	114	1.2	0	0	0	0
1634580010.23	1200	19.513628	0.0	979231	163	1.2	0	0	0	0
1634580010.54	1200	23.230964	0.0	946205	141	1.2	0	0	0	0
1634580010.86	1200	26.908628	0.0	984003	160	1.2	0	0	0	0
1634580011.21	1200	30.545114	0.0	995218	171	1.2	0	0	0	0
1634580011.49	1200	34.262911	0.0	787199	117	1.2	0	0	0	0
1634580011.78	1200	37.980611	0.0	938351	164	1.2	0	0	0	0
1634580012.08	1200	41.698456	0.0	924632	157	1.2	0	0	0	0
1634580012.38	1200	45.375455	0.0	914478	155	1.2	0	0	0	0
1634580012.64	1200	49.133838	0.0	843854	131	1.2	4.625	0	82	0
1634580012.91	1200	52.850947	0.0	885779	147	1.2	4.625	0	82	0
1634580013.25	1200	56.528455	0.0	947769	145	1.2	4.625	0	82	0
1634580014.04	1200	59.759052	0.0	919643	160	1.2	4.625	0	82	0
1634580018.41	1200	59.511862	0.0	949024	145	1.2	8.624	0	202	30.00750187546886
1634580022.22	1200	59.809072	0.0	878532	159	1.2	12.629	0	323	30.212234706616737
1634580026.07	1200	59.819824	0.0	991165	193	1.2	16.629	0	443	29.999999999999986
1634580029.9	1200	59.861713	0.0	996180	161	1.2	20.629	0	563	30
1634580034.31	1200	59.590452	0.0	974291	175	1.2	24.63	0	683	29.992501874531385
1634580038.15	1200	59.613413	0.0	886731	175	1.2	28.63	0	803	30
1634580042.01	1200	59.913586	0.0	986318	165	1.2	32.63	0	923	29.999999999999975
1634580046.37	1200	59.633334	0.0	958557	157	1.2	36.631	0	1043	29.992501874531385
1634580050.26	1200	59.676383	0.0	995799	177	1.2	40.632	0	1163	29.992501874531385
1634580054.08	1200	59.715728	0.0	940136	146	1.2	44.638	0	1283	29.955067398901647
1634580058.44	1200	59.446871	0.0	989191	158	1.2	48.633	0	1403	30.03754693366705
1634580062.3	1200	59.496842	0.0	964221	163	1.2	52.634	0	1523	29.992501874531385
1634580066.13	1200	59.802088	0.0	1079824	178	1.2	56.651	0	1643	29.873039581777423
1634580069.95	1200	59.85232	0.0	860712	139	1.2	60.653	0	1763	29.98500749625191
1634580074.26	1200	59.575261	0.0	947460	148	1.2	64.653	0	1883	29.999999999999947
1634580078.11	1200	59.913317	0.0	984252	171	1.2	68.653	0	2003	30
1634580081.95	1200	59.926437	0.0	918770	142	1.2	72.654	0	2123	29.99250187453144
1634580086.28	1200	59.654553	0.0	999452	148	1.2	76.655	0	2243	29.99250187453133
1634580090.12	1200	59.698065	0.0	960631	159	1.2	80.655	0	2363	30
1634580093.95	1200	59.99139	0.0	1045458	170	1.2	84.655	0	2483	30
1634580098.3	1200	59.748641	0.0	926993	141	1.2	88.655	0	2603	30
1634580102.1	1200	59.807477	0.0	910046	144	1.2	92.656	0	2723	29.99250187453133
1634580105.94	1200	59.845798	0.0	942012	163	1.2	96.655	0	2843	30.007501875468904
1634580110.25	1200	59.606924	0.0	906955	143	1.2	100.656	0	2963	29.99250187453133
1634580114.1	1200	59.911069	0.0	914647	138	1.2	104.656	0	3083	30
1634580117.92	1200	59.961321	0.0	945230	156	1.2	108.656	0	3203	30
1634580122.21	1200	59.700548	0.0	939882	154	1.2	112.656	0	3323	30
1634580126.03	1200	59.989057	0.0	1008520	180	1.2	116.657	0	3443	29.99250187453144
1634580130.34	1200	59.438561	0.0	951407	168	1.2	120.657	0	3563	30
