1634573618.07	750	4	0.302	831922	194	-1.2936	0	0	0	0
1634573618.35	1200	8	0.0	886242	159	0.75	0	0	0	0
1634573618.63	1200	12	0.0	897501	167	1.2	0	0	0	0
1634573618.93	1200	15.756855	0.0	860360	171	1.2	0	0	0	0
1634573619.26	1200	19.434451	0.0	979231	176	1.2	0	0	0	0
1634573619.58	1200	23.108821	0.0	946205	166	1.2	0	0	0	0
1634573619.9	1200	26.786527	0.0	984003	169	1.2	0	0	0	0
1634573620.24	1200	30.462815	0.0	995218	162	1.2	0	0	0	0
1634573620.52	1200	34.18042	0.0	787199	131	1.2	0	0	0	0
1634573620.85	1200	37.857849	0.0	938351	166	1.2	0	0	0	0
1634573621.15	1200	41.535329	0.0	924632	151	1.2	0	0	0	0
1634573621.45	1200	45.253059	0.0	914478	139	1.2	4.595	0	79	0
1634573621.74	1200	48.96982	0.0	843854	139	1.2	4.595	0	79	0
1634573622.13	1200	52.564663	0.0	885779	111	1.2	4.595	0	79	0
1634573622.41	1200	56.282424	0.0	947769	156	1.2	4.595	0	79	0
1634573622.72	1200	59.959525	0.0	919643	156	1.2	4.595	0	79	0
1634573627.09	1200	59.606433	0.0	949024	165	1.2	8.595	0	199	29.999999999999993
1634573631.0	1200	59.907702	0.0	878532	176	1.2	12.594	0	319	30.007501875468876
1634573634.88	1200	59.9087	0.0	991165	177	1.2	16.616	0	440	30.084535057185477
1634573639.26	1200	59.627665	0.0	996180	170	1.2	20.615	0	560	30.007501875468876
1634573643.11	1200	59.634833	0.0	974291	163	1.2	24.618	0	680	29.977516862353234
1634573646.97	1200	59.968153	0.0	886731	166	1.2	28.619	0	800	29.992501874531357
1634573651.36	1200	59.445839	0.0	986318	160	1.2	32.619	0	920	30
1634573655.22	1200	59.740447	0.0	958557	161	1.2	36.62	0	1040	29.992501874531385
1634573659.06	1200	59.757483	0.0	995799	168	1.2	40.62	0	1160	30
1634573663.43	1200	59.482074	0.0	940136	150	1.2	44.62	0	1280	30
1634573667.29	1200	59.537857	0.0	989191	177	1.2	48.62	0	1400	30
1634573671.18	1200	59.596141	0.0	964221	188	1.2	52.621	0	1520	29.99250187453133
1634573675.12	1200	59.614152	0.0	1079824	208	1.2	56.621	0	1640	30
1634573679.0	1200	59.910184	0.0	860712	167	1.2	60.631	0	1760	29.925187032418968
1634573682.82	1200	59.957633	0.0	947460	141	1.2	64.631	0	1880	30
1634573687.16	1200	59.717427	0.0	984252	132	1.2	68.631	0	2000	30
1634573691.0	1200	59.725456	0.0	918770	156	1.2	72.631	0	2120	30
1634573695.33	1200	59.463821	0.0	999452	167	1.2	76.632	0	2240	29.99250187453133
1634573699.2	1200	59.756165	0.0	960631	160	1.2	80.632	0	2360	30
1634573703.1	1200	59.76015	0.0	1045458	171	1.2	84.632	0	2480	30
1634573706.97	1200	59.782098	0.0	926993	119	1.2	88.633	0	2600	29.99250187453144
1634573711.34	1200	59.540463	0.0	910046	149	1.2	92.633	0	2721	30.25
1634573715.21	1200	59.554572	0.0	942012	161	1.2	96.634	0	2841	29.99250187453133
1634573719.11	1200	59.851044	0.0	906955	158	1.2	100.637	0	2961	29.977516862353234
1634573722.98	1200	59.811926	0.0	914647	140	1.2	104.634	0	3080	29.772329246935204
1634573727.33	1200	59.582344	0.0	945230	146	1.2	108.635	0	3201	30.242439390152427
1634573731.15	1200	59.598354	0.0	939882	156	1.2	112.639	0	3321	29.97002997003004
1634573735.02	1200	59.888018	0.0	1008520	165	1.2	116.639	0	3441	30
1634573738.87	1200	59.896159	0.0	951407	178	1.2	120.639	0	3561	30
