1634574794.46	750	4	0.11	178505	28	-0.46799999999999997	0	0	0	0
1634574794.67	300	8	0.0	195551	60	-0.15000000000000002	0	0	0	0
1634574794.78	300	12	0.0	195736	39	0.3	0	0	0	0
1634574794.92	300	16	0.0	193965	53	0.3	0	0	0	0
1634574795.06	300	20	0.0	229913	45	0.3	0	0	0	0
1634574795.2	300	24	0.0	216612	49	0.3	0	0	0	0
1634574795.32	300	28	0.0	223275	37	0.3	0	0	0	0
1634574795.46	300	32	0.0	224716	46	0.3	0	0	0	0
1634574795.64	300	36	0.0	200997	36	0.3	0	0	0	0
1634574795.78	300	40	0.0	207273	50	0.3	0	0	0	0
1634574795.89	300	44	0.0	212686	36	0.3	0	0	0	0
1634574796.03	300	47.915404	0.0	204029	38	0.3	0	0	0	0
1634574796.15	300	51.794518	0.0	196940	34	0.3	0	0	0	0
1634574796.29	300	55.671695	0.0	205069	43	0.3	0	0	0	0
1634574796.43	300	59.510276	0.0	215029	39	0.3	0	0	0	0
1634574800.62	300	59.47551	0.0	214721	50	0.3	5.246	0	53	0
1634574804.33	300	59.818515	0.0	216444	8	0.3	9.248	0	173	29.98500749625188
1634574808.58	300	59.574399	0.0	193188	19	0.3	13.248	0	293	30
1634574812.26	300	59.940445	0.0	218231	39	0.3	17.248	0	413	29.999999999999986
1634574816.46	300	59.659827	0.0	216640	44	0.3	21.252	0	533	29.970029970029987
1634574820.17	300	59.95739	0.0	214788	47	0.3	25.252	0	653	30
1634574824.44	300	59.681079	0.0	209977	36	0.3	29.253	0	773	29.992501874531357
1634574828.12	300	59.985087	0.0	217083	44	0.3	33.253	0	894	30.25
1634574832.31	300	59.706594	0.0	223801	53	0.3	37.253	0	1014	30
1634574836.54	300	59.468894	0.0	218143	45	0.3	41.255	0	1134	29.985007496251857
1634574840.23	300	59.766684	0.0	209949	42	0.3	45.255	0	1254	30
1634574844.46	300	59.772938	0.0	219778	54	0.3	49.255	0	1374	30
1634574848.15	300	59.796165	0.0	217255	57	0.3	53.255	0	1494	30
1634574852.33	300	59.84121	0.0	225772	37	0.3	57.255	0	1614	30
1634574856.51	300	59.612501	0.0	198145	32	0.3	61.257	0	1734	29.98500749625191
1634574860.2	300	59.940102	0.0	218647	45	0.3	65.26	0	1854	29.97751686235318
1634574864.41	300	59.706017	0.0	227093	24	0.3	69.258	0	1974	30.01500750375195
1634574868.62	300	59.468585	0.0	209981	27	0.3	73.259	0	2094	29.99250187453133
1634574872.34	300	59.767522	0.0	227397	39	0.3	77.259	0	2214	30
1634574876.6	300	59.564062	0.0	229724	36	0.3	81.259	0	2334	30
1634574880.33	300	59.902479	0.0	222308	38	0.3	85.265	0	2454	29.955067398901647
1634574884.03	300	59.933334	0.0	210900	41	0.3	89.26	0	2574	30.03754693366705
1634574888.21	300	59.947118	0.0	207120	41	0.3	93.261	0	2694	29.99250187453144
1634574892.41	300	59.671912	0.0	212721	27	0.3	97.265	0	2814	29.970029970029934
1634574896.11	300	59.962498	0.0	217950	49	0.3	101.265	0	2934	30
1634574900.3	300	59.688194	0.0	209403	36	0.3	105.265	0	3054	30
1634574904.01	300	59.988359	0.0	221030	62	0.3	109.266	0	3174	29.99250187453133
1634574908.73	300	59.437781	0.0	218348	50	0.3	113.266	0	3294	30
1634574912.41	300	59.727306	0.0	215558	45	0.3	117.267	0	3414	29.99250187453144
1634574916.55	300	59.455772	0.0	212674	44	0.3	121.267	0	3534	30
