1634569891.79	750	4	0.367	1348025	243	-1.5730999999999997	0	0	0	0
1634569892.22	1200	8	0.0	1461552	242	0.75	0	0	0	0
1634569892.6	1200	12	0.0	1497347	241	1.2	0	0	0	0
1634569893.0	1200	16	0.0	1497151	244	1.2	0	0	0	0
1634569893.4	1200	20	0.0	1500642	254	1.2	0	0	0	0
1634569893.8	1200	23.633844	0.0	1415806	241	1.2	0	0	0	0
1634569894.25	1200	27.2	0.0	1526374	258	1.2	0	0	0	0
1634569894.69	1200	30.75	0.0	1458651	248	1.2	0	0	0	0
1634569895.14	1200	34.316667	0.0	1416629	245	1.2	5.182	3	87	0
1634569895.56	1200	37.866667	0.0	1455680	259	1.2	5.182	3	87	0
1634569896.0	1200	41.453229	0.0	1468719	240	1.2	5.182	3	87	0
1634569896.46	1200	45	0.0	1417021	254	1.2	5.182	3	87	0
1634569896.92	1200	48.533334	0.0	1458794	223	1.2	5.182	3	87	0
1634569897.3	1200	52.15659	0.0	1458259	226	1.2	5.182	3	87	0
1634569897.74	1200	55.671299	0.0	1487239	288	1.2	5.182	3	87	0
1634569898.22	1200	59.233334	0.0	1459670	279	1.2	5.182	3	87	0
1634569901.75	1200	59.736508	0.0	1513781	260	1.2	9.182	11	327	58
1634569906.21	1200	59.246852	0.0	1480432	259	1.2	13.183	11	567	59.98500374906274
1634569909.68	1200	59.8446	0.0	1537900	270	1.2	17.183	38	807	53.25
1634569913.61	1200	59.896522	0.0	1503057	250	1.2	21.184	40	1047	59.48512871782053
1634569917.53	1200	59.919874	0.0	1447121	234	1.2	25.183	40	1287	60.01500375093775
1634569921.52	1200	59.939465	0.0	1510054	250	1.2	29.184	41	1527	59.73506623344162
1634569925.48	1200	59.962516	0.0	1517434	267	1.2	33.184	41	1767	60.00000000000006
1634569929.44	1200	59.993703	0.0	1490166	271	1.2	37.203	41	2008	59.965165464045704
1634569933.88	1200	59.741101	0.0	1451026	242	1.2	41.203	41	2248	60
1634569937.99	1200	59.489971	0.0	1447249	407	1.2	45.214	41	2489	60.084766891049675
1634569941.91	1200	59.801235	0.0	1480049	242	1.2	49.204	41	2728	59.89974937343355
1634569945.86	1200	59.831043	0.0	1475389	236	1.2	53.205	41	2968	59.98500374906277
1634569949.83	1200	59.620382	0.0	1594426	243	1.2	57.214	41	3209	60.11474183088051
1634569954.45	1200	59.650594	0.0	1445128	231	1.2	61.206	42	3448	59.61923847695384
1634569958.18	1200	59.440749	0.0	1538455	214	1.2	65.223	42	3689	59.99502116006976
1634569961.71	1200	59.752815	0.0	1603269	272	1.2	69.219	72	3929	52.55255255255262
1634569966.38	1200	59.49425	0.0	1447021	218	1.2	73.219	72	4169	60
1634569969.76	1200	59.767273	0.0	1545473	509	1.2	77.219	72	4409	60
1634569974.04	1200	59.506236	0.0	1455383	546	1.2	81.22	74	4649	59.48512871782047
1634569978.02	1200	59.528823	0.0	1546087	261	1.2	85.219	75	4889	59.764941235308896
1634569982.01	1200	59.60002	0.0	1404300	241	1.2	89.22	76	5129	59.73506623344157
1634569986.09	1200	59.621238	0.0	1350682	228	1.2	93.22	77	5369	59.75
1634569989.59	1200	59.936005	0.0	1454743	225	1.2	97.22	77	5609	60
