1634573854.87	750	4	0.149	341125	72	-0.6356999999999999	0	0	0	0
1634573855.02	750	8	0.0	368384	62	0.75	0	0	0	0
1634573855.19	750	12	0.0	361115	34	0.75	0	0	0	0
1634573855.35	750	16	0.0	351432	62	0.75	0	0	0	0
1634573855.6	750	20	0.0	415108	72	0.75	0	0	0	0
1634573855.75	750	24	0.0	405152	56	0.75	0	0	0	0
1634573855.91	750	28	0.0	418745	68	0.75	0	0	0	0
1634573856.07	750	32	0.0	422888	65	0.75	0	0	0	0
1634573856.23	750	36	0.0	332222	64	0.75	0	0	0	0
1634573856.4	750	40	0.0	390526	65	0.75	0	0	0	0
1634573856.58	750	44	0.0	394909	59	0.75	0	0	0	0
1634573856.73	750	47.914227	0.0	391304	50	0.75	0	0	0	0
1634573856.92	750	51.753145	0.0	354894	65	0.75	0	0	0	0
1634573857.07	750	55.59099	0.0	377564	49	0.75	0	0	0	0
1634573857.25	750	59.429598	0.0	396139	75	0.75	0	0	0	0
1634573860.94	750	59.772056	0.0	398301	62	0.75	5.755	0	41	0
1634573865.21	750	59.506307	0.0	411967	74	0.75	9.763	0	161	29.940119760479043
1634573868.96	750	59.809148	0.0	371247	62	0.75	13.777	0	281	29.895366218236177
1634573873.23	750	59.573175	0.0	416520	76	0.75	17.777	0	401	29.999999999999986
1634573876.94	750	59.888431	0.0	408407	77	0.75	21.777	0	521	30
1634573881.16	750	59.62913	0.0	403983	75	0.75	25.781	0	641	29.970029970029987
1634573884.86	750	59.934064	0.0	369757	62	0.75	29.781	0	761	30
1634573889.13	750	59.664543	0.0	404235	83	0.75	33.781	0	881	30
1634573893.39	750	59.430827	0.0	418487	65	0.75	37.782	0	1001	29.992501874531385
1634573897.15	750	59.717646	0.0	416581	46	0.75	41.782	0	1121	30
1634573901.4	750	59.489526	0.0	404280	74	0.75	45.783	0	1241	29.99250187453133
1634573905.16	750	59.517266	0.0	413252	85	0.75	49.783	0	1361	30
1634573908.87	750	59.828901	0.0	399762	84	0.75	53.782	0	1481	30.007501875468904
1634573913.14	750	59.628899	0.0	438319	61	0.75	57.783	0	1601	29.99250187453133
1634573916.88	750	59.92361	0.0	371901	67	0.75	61.783	0	1721	30
1634573921.15	750	59.6609	0.0	404985	74	0.75	65.784	0	1841	29.99250187453133
1634573925.4	750	59.431037	0.0	419455	78	0.75	69.785	0	1961	29.99250187453144
1634573929.15	750	59.797354	0.0	389992	68	0.75	73.787	0	2082	30.234882558720567
1634573932.9	750	59.811806	0.0	447110	76	0.75	77.789	0	2202	29.98500749625191
1634573937.14	750	59.533334	0.0	428402	83	0.75	81.789	0	2322	30
1634573940.88	750	59.824191	0.0	430629	89	0.75	85.79	0	2442	29.99250187453133
1634573945.16	750	59.55902	0.0	399369	65	0.75	89.795	0	2562	29.962546816479435
1634573948.87	750	59.847296	0.0	388328	67	0.75	93.795	0	2682	30
1634573953.08	750	59.855466	0.0	391315	71	0.75	97.797	0	2802	29.98500749625191
1634573956.83	750	59.870042	0.0	404526	64	0.75	101.797	0	2922	30
1634573961.05	750	59.877656	0.0	396577	68	0.75	105.798	0	3042	29.99250187453133
1634573965.28	750	59.603431	0.0	403873	75	0.75	109.799	0	3162	29.99250187453133
1634573968.99	750	59.940027	0.0	389389	61	0.75	113.798	0	3282	30.007501875468904
1634573973.19	750	59.714152	0.0	399698	75	0.75	117.799	0	3402	29.99250187453133
1634573976.95	750	59.769888	0.0	380869	89	0.75	121.8	0	3522	29.99250187453144
