1634597112.26	750	4	0.211	519773	94	-0.9023	0	0	0	0
1634597112.49	750	8	0.0	563743	85	0.75	0	0	0	0
1634597112.7	750	12	0.0	557560	98	0.75	0	0	0	0
1634597112.89	750	16	0.0	562449	87	0.75	0	0	0	0
1634597113.11	750	20	0.0	642669	113	0.75	0	0	0	0
1634597113.35	750	24	0.0	565799	103	0.75	0	0	0	0
1634597113.55	750	28	0.0	553943	76	0.75	0	0	0	0
1634597113.74	750	32	0.0	572526	87	0.75	0	0	0	0
1634597113.96	750	35.9	0.0	586914	97	0.75	0	0	0	0
1634597114.18	750	39.674637	0.0	544162	87	0.75	0	0	0	0
1634597114.43	750	43.433334	0.0	580100	105	0.75	0	0	0	0
1634597114.62	750	47.231044	0.0	568055	88	0.75	0	0	0	0
1634597114.84	750	51.02874	0.0	574364	87	0.75	0	0	0	0
1634597115.07	750	54.786625	0.0	568805	101	0.75	0	0	0	0
1634597115.27	750	58.584304	0.0	586886	93	0.75	0	0	0	0
1634597118.04	750	59.990631	0.0	574974	85	0.75	5.337	2	95	0
1634597122.4	750	59.728405	0.0	602967	114	0.75	9.335	2	335	60.030015007503735
1634597126.17	750	59.7394	0.0	557010	100	0.75	13.335	2	575	60
1634597130.48	750	59.481717	0.0	604882	91	0.75	17.336	2	815	59.98500374906277
1634597134.24	750	59.78751	0.0	595562	104	0.75	21.337	2	1055	59.98500374906271
1634597138.5	750	59.526922	0.0	569334	86	0.75	25.336	2	1295	60.01500375093775
1634597142.27	750	59.828626	0.0	590495	75	0.75	29.339	2	1535	59.95503372470647
1634597146.03	750	59.883967	0.0	597755	93	0.75	33.339	2	1775	60
1634597150.29	750	59.622151	0.0	596132	101	0.75	37.339	2	2015	60
1634597154.05	750	59.933334	0.0	578308	94	0.75	41.339	2	2255	60
1634597158.29	750	59.659176	0.0	585221	91	0.75	45.34	2	2495	59.98500374906266
1634597162.06	750	59.968357	0.0	576292	101	0.75	49.34	2	2735	60
1634597166.33	750	59.711342	0.0	599693	89	0.75	53.339	2	2975	60.01500375093781
1634597170.16	750	59.73011	0.0	606614	85	0.75	57.34	2	3215	59.98500374906266
1634597174.41	750	59.468053	0.0	557031	89	0.75	61.341	2	3455	59.98500374906277
1634597178.24	750	59.818421	0.0	592360	95	0.75	65.341	2	3695	60.00000000000011
1634597182.03	750	59.838335	0.0	618972	97	0.75	69.341	2	3935	60
1634597186.32	750	59.604951	0.0	576161	91	0.75	73.342	2	4175	59.98500374906266
1634597190.1	750	59.904039	0.0	616169	89	0.75	77.341	2	4415	60.01500375093781
1634597194.38	750	59.678044	0.0	601096	99	0.75	81.341	2	4655	60
1634597198.18	750	59.696249	0.0	589398	77	0.75	85.342	2	4895	59.98500374906266
1634597202.45	750	59.433334	0.0	552073	85	0.75	89.342	2	5135	60
1634597206.25	750	59.777319	0.0	547291	91	0.75	93.342	2	5375	60
1634597210.5	750	59.56029	0.0	578974	91	0.75	97.343	2	5615	59.98500374906266
1634597214.3	750	59.570509	0.0	595429	93	0.75	101.343	2	5855	60
1634597218.05	750	59.876341	0.0	576032	84	0.75	105.343	2	6095	60
1634597222.36	750	59.607777	0.0	620837	114	0.75	109.344	2	6335	59.98500374906288
1634597226.11	750	59.980862	0.0	596051	88	0.75	113.344	2	6575	60
1634597230.34	750	59.721135	0.0	614627	106	0.75	117.345	2	6815	59.98500374906266
1634597234.58	750	59.462048	0.0	579381	81	0.75	121.345	2	7055	60
