1634585453.7	750	4	0.381	1562159	249	-1.6332999999999998	0	0	0	0
1634585454.22	1850	8	0.0	1791954	292	0.75	0	0	0	0
1634585454.68	1850	12	0.0	1733238	314	1.85	0	0	0	0
1634585455.13	1850	16	0.0	1695568	315	1.85	0	0	0	0
1634585455.63	1850	19.635023	0.0	1876072	340	1.85	0	0	0	0
1634585456.14	1850	23.110596	0.0	1864973	335	1.85	0	0	0	0
1634585456.66	1850	26.626643	0.0	1957023	322	1.85	0	0	0	0
1634585457.19	1850	30.066667	0.0	1854182	332	1.85	5.245	0	48	0
1634585457.59	1850	33.697511	0.0	1496997	247	1.85	5.245	0	48	0
1634585458.11	1850	37.174147	0.0	1833873	286	1.85	5.245	0	48	0
1634585458.56	1850	40.729568	0.0	1729619	268	1.85	5.245	0	48	0
1634585459.17	1850	44.124521	0.0	1693515	390	1.85	5.245	0	48	0
1634585459.63	1850	47.639502	0.0	1564016	260	1.85	5.245	0	48	0
1634585460.11	1850	51.155878	0.0	1677838	289	1.85	5.245	0	48	0
1634585460.59	1850	54.672557	0.0	1707508	297	1.85	5.245	0	48	0
1634585461.03	1850	58.228811	0.0	1731328	280	1.85	9.252	0	168	29.947591714499623
1634585463.55	1850	59.87395	0.0	1872514	297	1.85	9.252	0	168	29.947591714499623
1634585467.54	1850	59.936293	0.0	1679554	277	1.85	13.254	0	288	29.98500749625188
1634585471.67	1850	59.674355	0.0	1919701	375	1.85	17.253	0	408	30.00750187546886
1634585475.82	1850	59.735562	0.0	1890366	323	1.85	21.254	0	528	29.992501874531357
1634585479.97	1850	59.486148	0.0	1893526	363	1.85	25.254	0	648	30
1634585483.93	1850	59.525869	0.0	1696244	293	1.85	29.254	0	768	30
1634585487.51	1850	59.857781	0.0	1892733	321	1.85	33.254	0	888	30.00000000000003
1634585491.51	1850	59.894815	0.0	1865187	302	1.85	37.254	0	1008	30
1634585495.65	1850	59.683569	0.0	1930734	326	1.85	41.257	0	1128	29.977516862353234
1634585499.71	1850	59.713106	0.0	1763518	293	1.85	45.266	0	1248	29.93265153404839
