1634584661.86	750	4	0.129	364579	55	-0.5497	0	0	0	0
1634584662.02	300	8	0.0	407628	66	-0.15000000000000002	0	0	0	0
1634584662.19	300	12	0.0	409537	69	0.3	0	0	0	0
1634584662.39	300	15.950691	0.0	401138	79	0.3	0	0	0	0
1634584662.55	300	19.789405	0.0	457731	70	0.3	0	0	0	0
1634584662.72	300	23.627701	0.0	411393	63	0.3	0	0	0	0
1634584662.88	300	27.466727	0.0	419665	70	0.3	0	0	0	0
1634584663.07	300	31.264917	0.0	415391	69	0.3	0	0	0	0
1634584663.25	300	35.103529	0.0	441412	71	0.3	0	0	0	0
1634584663.43	300	38.9	0.0	412981	72	0.3	0	0	0	0
1634584663.65	300	42.698077	0.0	413415	71	0.3	0	0	0	0
1634584663.84	300	46.496584	0.0	419863	68	0.3	0	0	0	0
1634584664.05	300	50.293547	0.0	408917	73	0.3	0	0	0	0
1634584664.25	300	54.090994	0.0	455566	79	0.3	0	0	0	0
1634584664.46	300	57.889145	0.0	410034	69	0.3	0	0	0	0
1634584666.68	300	59.823342	0.0	416850	72	0.3	4.575	0	184	0
1634584670.95	300	59.556587	0.0	441997	27	0.3	8.575	0	424	60.000000000000014
1634584674.7	300	59.896289	0.0	407136	67	0.3	12.575	0	664	60
1634584678.44	300	59.916668	0.0	439658	78	0.3	16.576	0	904	59.98500374906271
1634584682.67	300	59.929496	0.0	427305	81	0.3	20.576	0	1144	60
1634584686.44	300	59.957465	0.0	418162	69	0.3	24.577	0	1384	59.98500374906271
1634584690.72	300	59.685999	0.0	428282	98	0.3	28.577	0	1624	60
1634584694.47	300	59.989756	0.0	427342	80	0.3	32.578	0	1864	59.98500374906271
1634584698.75	300	59.723859	0.0	439784	76	0.3	36.578	0	2104	60
1634584703.03	300	59.462156	0.0	424118	88	0.3	40.578	0	2344	60
1634584706.79	300	59.806781	0.0	429401	53	0.3	44.585	0	2584	59.89518342899928
1634584710.5	300	59.864131	0.0	421101	68	0.3	48.585	0	2824	60
1634584714.84	300	59.603222	0.0	440588	69	0.3	52.585	0	3064	60
1634584718.56	300	59.913431	0.0	454532	71	0.3	56.586	0	3304	59.98500374906277
1634584722.77	300	59.65507	0.0	413236	71	0.3	60.586	0	3544	60
1634584727.01	300	59.435247	0.0	449077	88	0.3	64.587	0	3784	59.98500374906266
1634584730.8	300	59.774329	0.0	454485	86	0.3	68.587	0	4024	60
1634584735.04	300	59.511045	0.0	414614	67	0.3	72.594	0	4265	60.14474669328688
1634584738.81	300	59.533662	0.0	439642	72	0.3	76.595	0	4505	59.98500374906266
1634584742.57	300	59.833334	0.0	443772	82	0.3	80.595	0	4745	60
1634584746.82	300	59.570399	0.0	422133	70	0.3	84.596	0	4985	59.98500374906266
1634584750.56	300	59.880735	0.0	398606	69	0.3	88.596	0	5225	60
1634584754.81	300	59.627325	0.0	399361	71	0.3	92.597	0	5465	59.98500374906288
1634584758.53	300	59.930517	0.0	418002	63	0.3	96.597	0	5705	60
1634584762.8	300	59.670413	0.0	454350	89	0.3	100.598	0	5945	59.98500374906266
1634584767.06	300	59.479338	0.0	443556	78	0.3	104.597	0	6185	60.01500375093781
1634584770.81	300	59.814069	0.0	470803	62	0.3	108.602	0	6425	59.92509363295866
1634584774.55	300	59.827345	0.0	451385	71	0.3	112.602	0	6665	60
1634584778.76	300	59.853634	0.0	459078	76	0.3	116.602	0	6905	60
1634584782.5	300	59.875505	0.0	439363	67	0.3	120.602	0	7145	60
