1634588715.55	750	4	0.617	2364266	378	-2.6481	0	0	0	0
1634588716.22	1850	8	0.0	2702234	444	0.75	0	0	0	0
1634588716.86	1850	11.916667	0.0	2698759	376	1.85	0	0	0	0
1634588717.49	1850	15.283334	0.0	2726329	432	1.85	0	0	0	0
1634588718.2	1850	18.6	0.0	2796160	477	1.85	0	0	0	0
1634588718.83	1850	21.95	0.0	2703878	439	1.85	5.37	14	95	0
1634588719.59	1850	25.266667	0.0	2747707	482	1.85	5.37	14	95	0
1634588720.26	1850	28.55	0.0	2590022	411	1.85	5.37	14	95	0
1634588720.88	1850	31.916667	0.0	2440705	393	1.85	5.37	14	95	0
1634588721.54	1850	35.25	0.0	2706304	451	1.85	5.37	14	95	0
1634588722.17	1850	38.6	0.0	2616156	409	1.85	5.37	14	95	0
1634588722.81	1850	42	0.0	2484837	392	1.85	9.369	27	336	57.01425356339085
1634588723.46	1850	45.333334	0.0	2520833	404	1.85	9.369	27	336	57.01425356339085
1634588724.06	1850	48.733334	0.0	2450375	374	1.85	9.369	27	336	57.01425356339085
1634588724.73	1850	52.066667	0.0	2648021	442	1.85	9.369	27	336	57.01425356339085
1634588725.38	1850	55.416667	0.0	2584938	432	1.85	9.369	27	336	57.01425356339085
1634588726.07	1850	58.75	0.0	2753591	440	1.85	9.369	27	336	57.01425356339085
1634588729.26	1850	59.715451	0.0	2590312	405	1.85	13.37	48	576	54.73631592101975
1634588733.51	1850	59.467717	0.0	2803841	471	1.85	17.369	66	816	55.513878469617396
1634588737.45	1850	59.548423	0.0	2702423	412	1.85	21.379	74	1052	56.85785536159599
1634588741.28	1850	59.608384	0.0	2667915	449	1.85	25.372	93	1296	56.34861006761835
