1624829273.38	750	4	0.121	446149	47	-0.5153	0	0	0	0
1624829274.14	1850	8	0.0	3302713	313	0.75	0	0	0	0
1624829274.78	1850	11.766667	0.0	2780269	249	1.85	0	0	0	0
1624829275.41	1850	15.116667	0.0	3138830	292	1.85	0	0	0	0
1624829276.06	1850	18.483334	0.0	3252745	282	1.85	0	0	0	0
1624829276.78	1850	21.6	0.0	3175667	285	1.85	0	0	0	0
1624829277.3	1850	25.083334	0.0	2962628	323	1.85	5.034	46	154	0
1624829278.33	1850	28.116667	0.0	3242545	767	1.85	5.034	46	154	0
1624829278.85	1850	31.55	0.0	2999470	302	1.85	5.034	46	154	0
1624829279.34	1850	35.05	0.0	2926075	286	1.85	5.034	46	154	0
1624829279.86	1850	38.566667	0.0	3029009	279	1.85	5.034	46	154	0
1624829280.45	1850	41.95	0.0	3113599	377	1.85	5.034	46	154	0
1624829280.95	1850	45.45	0.0	3116790	291	1.85	9.032	78	392	51.52576288144072
1624829281.47	1850	48.95	0.0	3132453	285	1.85	9.032	78	392	51.52576288144072
1624829281.99	1850	52.416667	0.0	2994095	304	1.85	9.032	78	392	51.52576288144072
1624829282.53	1850	55.916667	0.0	3154088	275	1.85	9.032	78	392	51.52576288144072
1624829283.04	1850	59.4	0.0	2803553	236	1.85	9.032	78	392	51.52576288144072
1624829286.66	1850	59.753511	0.0	3039477	305	1.85	13.032	119	634	50.25
1624829290.86	1850	59.502672	0.0	3356332	379	1.85	17.038	129	874	57.413879181228154
1624829294.92	1850	59.470253	0.0	3105690	290	1.85	21.038	135	1114	58.5
1624829298.99	1850	59.479892	0.0	3008856	301	1.85	25.038	140	1354	58.75
1624829303.1	1850	59.509533	0.0	3066869	307	1.85	29.038	147	1595	58.5
1624829306.67	1850	59.784902	0.0	3178549	316	1.85	33.039	154	1835	58.23544113971505
1624829310.65	1850	59.836593	0.0	2577778	235	1.85	37.039	157	2075	59.25
1624829314.7	1850	59.840155	0.0	2819145	263	1.85	41.04	163	2315	58.4853786553362
1624829318.79	1850	59.833691	0.0	3037564	297	1.85	45.042	171	2555	57.97101449275359
1624829322.87	1850	59.488122	0.0	2852411	337	1.85	49.042	176	2795	58.75
1624829326.9	1850	59.49327	0.0	3004818	290	1.85	53.042	180	3035	59
1624829331.07	1850	59.494102	0.0	2930516	394	1.85	57.043	184	3275	58.98525368657839
1624829334.64	1850	59.822497	0.0	3381885	315	1.85	61.043	191	3515	58.25
1624829338.68	1850	59.895404	0.0	2812661	282	1.85	65.045	195	3755	58.97051474262865
1624829342.82	1850	59.60871	0.0	3529340	328	1.85	69.045	203	3995	58
1624829346.46	1850	59.906322	0.0	3274615	360	1.85	73.048	209	4235	58.45615788158881
1624829350.39	1850	59.976644	0.0	3020205	639	1.85	77.047	215	4475	58.51462865716436
1624829354.64	1850	59.728452	0.0	3084353	290	1.85	81.047	221	4715	58.5
1624829358.66	1850	59.77847	0.0	2743535	273	1.85	85.048	225	4955	58.98525368657828
1624829362.72	1850	59.802031	0.0	3049078	301	1.85	89.049	230	5195	58.73531617095719
1624829366.73	1850	59.839921	0.0	2866070	275	1.85	93.05	234	5435	58.985253686578496
1624829370.79	1850	59.575502	0.0	2786310	277	1.85	97.051	241	5675	58.235441139715
1624829374.85	1850	59.627792	0.0	2886749	293	1.85	101.052	248	5915	58.235441139715
1624829378.44	1850	59.93019	0.0	2928463	300	1.85	105.052	256	6155	58
1624829382.52	1850	59.92036	0.0	3115560	291	1.85	109.054	266	6395	57.47126436781616
1624829387.08	1850	59.463308	0.0	3008634	283	1.85	113.054	275	6635	57.75
1624829390.65	1850	59.787852	0.0	3111850	298	1.85	117.054	284	6875	57.75
1624829394.69	1850	59.746378	0.0	2982399	274	1.85	121.056	291	7115	58.220889555222456
