1624831974.26	750	4	0.251	446149	70	-1.0743	0	0	0	0
1624831975.33	2850	7.933334	0.0	5338027	562	0.75	0	0	0	0
1624831976.21	2850	11	0.0	4485847	423	2.85	0	0	0	0
1624831976.99	2850	14.166667	0.0	5004689	449	2.85	0	0	0	0
1624831977.76	2850	17.35	0.0	5182650	463	2.85	4.971	52	154	0
1624831978.58	2850	20.533334	0.0	5173280	439	2.85	4.971	52	154	0
1624831979.29	2850	23.8	0.0	4880493	443	2.85	4.971	52	154	0
1624831980.08	2850	27.016667	0.0	5406574	505	2.85	4.971	52	154	0
1624831980.77	2850	30.283334	0.0	4844720	430	2.85	4.971	52	154	0
1624831981.46	2850	33.583334	0.0	4832207	435	2.85	4.971	52	154	0
1624831982.29	2850	36.866667	0.0	4887638	466	2.85	8.979	108	394	45.90818363273454
1624831983.12	2850	40.033334	0.0	4995664	477	2.85	8.979	108	394	45.90818363273454
1624831983.94	2850	43.166667	0.0	5320325	498	2.85	8.979	108	394	45.90818363273454
1624831984.69	2850	46.383334	0.0	5320224	458	2.85	8.979	108	394	45.90818363273454
1624831985.67	2850	49.4	0.0	4822090	699	2.85	12.979	148	634	50
1624831986.42	2850	52.683334	0.0	5024811	433	2.85	12.979	148	634	50
1624831987.09	2850	55.983334	0.0	4620969	376	2.85	12.979	148	634	50
1624831987.86	2850	59.233334	0.0	4982065	478	2.85	12.979	148	634	50
1624831991.14	2850	59.934901	0.0	5333279	466	2.85	16.98	192	874	48.98775306173455
1624831995.46	2850	59.619853	0.0	5166435	504	2.85	20.984	203	1114	57.19280719280717
1624831999.26	2850	59.9112	0.0	4952219	473	2.85	24.984	213	1354	57.5
1624832003.08	2850	59.997462	0.0	5148296	521	2.85	28.984	222	1594	57.75
1624832007.69	2850	59.461752	0.0	5332212	536	2.85	32.985	262	1834	49.987503124218975
1624832011.43	2850	59.675878	0.0	4130375	396	2.85	36.985	275	2074	56.75
1624832015.64	2850	59.425006	0.0	4502091	437	2.85	40.996	282	2315	58.33956619296929
1624832019.2	2850	59.969114	0.0	4906417	754	2.85	44.996	293	2555	57.25
1624832023.44	2850	59.647328	0.0	4606683	447	2.85	48.997	300	2795	58.23544113971511
1624832027.71	2850	59.434099	0.0	4992827	472	2.85	52.997	309	3035	57.75
1624832031.48	2850	59.644894	0.0	4833092	474	2.85	56.997	317	3275	58
1624832035.36	2850	59.757226	0.0	5560086	534	2.85	60.998	331	3515	56.485878530367444
1624832039.61	2850	59.520496	0.0	4512973	443	2.85	64.999	339	3755	57.98550362409401
1624832043.47	2850	59.807074	0.0	5477056	527	2.85	68.999	349	3995	57.5
1624832047.2	2850	59.886726	0.0	5211665	945	2.85	73	358	4235	57.73556610847281
1624832051.51	2850	59.627564	0.0	5155066	498	2.85	77	367	4475	57.75
1624832055.26	2850	59.926464	0.0	5042047	456	2.85	81.005	377	4716	57.677902621722914
1624832059.31	2850	59.679209	0.0	4373848	714	2.85	85.006	385	4956	57.98550362409391
1624832063.55	2850	59.511375	0.0	4955552	803	2.85	89.007	396	5196	57.235691077230626
1624832067.46	2850	59.693207	0.0	4533309	428	2.85	93.007	429	5436	51.75
1624832071.23	2850	59.990834	0.0	4404309	997	2.85	97.007	436	5676	58.25
1624832075.44	2850	59.754527	0.0	4543808	422	2.85	101.008	444	5916	57.985503624094115
1624832079.17	2850	59.830146	0.0	4672100	442	2.85	105.009	453	6156	57.73556610847281
1624832083.45	2850	59.58038	0.0	5112917	480	2.85	109.009	462	6396	57.75
1624832087.18	2850	59.912816	0.0	4777608	456	2.85	113.01	470	6636	57.98550362409391
1624832091.45	2850	59.554838	0.0	5053470	468	2.85	117.01	483	6876	56.75
1624832095.18	2850	59.885907	0.0	4782473	446	2.85	121.01	494	7116	57.25
