1624835399.23	750	4	0.243	446149	177	-1.0398999999999998	0	0	0	0
1624835400.42	2850	7.716667	0.0	5338027	514	0.75	0	0	0	0
1624835401.25	2850	10.783334	0.0	4485847	394	2.85	0	0	0	0
1624835402.16	2850	13.9	0.0	5004689	427	2.85	0	0	0	0
1624835403.0	2850	16.916667	0.0	5182650	508	2.85	4.726	75	181	0
1624835404.34	2850	19.7	0.0	5173280	719	2.85	4.726	75	181	0
1624835405.07	2850	22.783334	0.0	4880493	471	2.85	4.726	75	181	0
1624835405.95	2850	26	0.0	5406574	500	2.85	4.726	75	181	0
1624835406.64	2850	29.2	0.0	4844720	432	2.85	4.726	75	181	0
1624835407.63	2850	32.483334	0.0	4832207	434	2.85	8.726	147	421	41.99999999999999
1624835408.39	2850	35.45	0.0	4887638	491	2.85	8.726	147	421	41.99999999999999
1624835409.12	2850	38.716667	0.0	4995664	468	2.85	8.726	147	421	41.99999999999999
1624835410.15	2850	41.95	0.0	5320325	537	2.85	8.726	147	421	41.99999999999999
1624835411.14	2850	44.966667	0.0	5320224	469	2.85	12.726	216	661	42.75
1624835411.83	2850	48	0.0	4822090	425	2.85	12.726	216	661	42.75
1624835412.77	2850	51.316667	0.0	5024811	429	2.85	12.726	216	661	42.75
1624835413.65	2850	54.383334	0.0	4620969	439	2.85	12.726	216	661	42.75
1624835414.36	2850	57.483334	0.0	4982065	441	2.85	12.726	216	661	42.75
1624835416.38	2850	59.572656	0.0	5333279	465	2.85	16.726	309	901	36.750000000000014
1624835420.22	2850	59.589093	0.0	5166435	518	2.85	20.727	361	1141	46.9882529367658
1624835424.01	2850	59.951961	0.0	4952219	435	2.85	24.728	374	1381	56.735816045988486
1624835428.28	2850	59.740413	0.0	5148296	480	2.85	28.73	385	1621	57.221389305347344
1624835432.05	2850	59.795878	0.0	5332212	462	2.85	32.729	395	1861	57.51437859464868
1624835436.23	2850	59.584799	0.0	4130375	401	2.85	36.731	401	2101	58.47076461769112
1624835439.93	2850	59.95216	0.0	4502091	394	2.85	40.731	409	2341	58
1624835444.22	2850	59.757712	0.0	4906417	479	2.85	44.732	419	2581	57.48562859285182
1624835448.41	2850	59.574863	0.0	4606683	413	2.85	48.736	425	2822	58.69130869130873
1624835452.14	2850	59.664229	0.0	4992827	434	2.85	52.736	436	3062	57.25
1624835455.89	2850	59.978008	0.0	4833092	468	2.85	56.737	446	3302	57.48562859285172
1624835460.26	2850	59.654758	0.0	5560086	553	2.85	60.738	457	3542	57.235691077230726
1624835463.98	2850	59.905976	0.0	4512973	440	2.85	64.739	465	3782	57.98550362409391
1624835468.35	2850	59.455694	0.0	5477056	538	2.85	68.74	475	4022	57.485628592851924
1624835472.17	2850	59.746021	0.0	5211665	501	2.85	72.74	483	4262	58
1624835476.0	2850	59.856504	0.0	5155066	513	2.85	76.746	494	4502	57.164253619570644
1624835480.29	2850	59.561489	0.0	5042047	495	2.85	80.746	504	4742	57.5
1624835484.04	2850	59.847873	0.0	4373848	446	2.85	84.748	513	4982	57.72113943028472
1624835488.17	2850	59.918847	0.0	4955552	489	2.85	88.749	519	5222	58.485378655336305
1624835491.92	2850	59.955097	0.0	4533309	467	2.85	92.749	528	5462	57.75
1624835496.13	2850	59.752441	0.0	4404309	410	2.85	96.749	535	5702	58.25
1624835500.36	2850	59.439457	0.0	4543808	457	2.85	100.749	543	5942	58
1624835504.09	2850	59.803909	0.0	4672100	457	2.85	104.75	550	6182	58.235441139715
1624835507.88	2850	59.929393	0.0	5112917	497	2.85	108.751	560	6423	57.73556610847281
1624835512.13	2850	59.717734	0.0	4777608	476	2.85	112.751	571	6663	57.25
1624835515.91	2850	59.930555	0.0	5053470	504	2.85	116.751	580	6903	57.75
1624835520.19	2850	59.64802	0.0	4782473	503	2.85	120.754	588	7143	57.956532600549586
