1624842944.42	750	4	0.207	447032	64	-0.8850999999999999	0	0	0	0
1624842945.0	1850	8	0.0	2254830	223	0.75	0	0	0	0
1624842945.47	1850	11.793349	0.0	1837501	334	1.85	0	0	0	0
1624842945.95	1850	15.333334	0.0	2108748	215	1.85	0	0	0	0
1624842946.52	1850	18.9	0.0	2229492	196	1.85	0	0	0	0
1624842946.92	1850	22.364028	0.0	2078237	174	1.85	0	0	0	0
1624842947.35	1850	25.933334	0.0	2030644	186	1.85	0	0	0	0
1624842947.9	1850	29.433334	0.0	2298831	266	1.85	5.284	4	72	0
1624842948.38	1850	32.933334	0.0	2164964	183	1.85	5.284	4	72	0
1624842948.76	1850	36.49619	0.0	2175479	191	1.85	5.284	4	72	0
1624842949.5	1850	40.044774	0.0	2156805	241	1.85	5.284	4	72	0
1624842949.9	1850	43.39264	0.0	2101523	180	1.85	5.284	4	72	0
1624842950.58	1850	46.945857	0.0	2344608	236	1.85	5.284	4	72	0
1624842951.33	1850	50.293793	0.0	2334646	196	1.85	5.284	4	72	0
1624842951.72	1850	53.554144	0.0	2109579	176	1.85	9.284	7	192	29.249999999999993
1624842952.08	1850	57.181343	0.0	2097243	181	1.85	9.284	7	192	29.249999999999993
1624842953.98	1850	59.494313	0.0	2054074	183	1.85	9.284	7	192	29.249999999999993
1624842957.41	1850	59.858214	0.0	2079344	190	1.85	13.285	7	312	29.99250187453137
1624842961.39	1850	59.89627	0.0	2353718	231	1.85	17.285	7	432	30
1624842965.33	1850	59.976706	0.0	2119053	203	1.85	21.301	7	552	29.880478087649415
1624842969.8	1850	59.549547	0.0	2145449	210	1.85	25.302	7	672	29.992501874531357
1624842973.81	1850	59.58793	0.0	2087310	247	1.85	29.302	7	793	30.25
1624842977.81	1850	59.693141	0.0	2348666	237	1.85	33.303	7	913	29.992501874531385
1624842981.73	1850	59.745661	0.0	1801794	178	1.85	37.303	7	1033	30
1624842985.63	1850	59.779301	0.0	1864524	178	1.85	41.304	7	1153	29.99250187453133
1624842989.54	1850	59.869387	0.0	2051691	197	1.85	45.306	7	1273	29.98500749625191
1624842993.49	1850	59.902655	0.0	1898420	188	1.85	49.309	7	1393	29.977516862353234
1624842997.44	1850	59.951145	0.0	2276304	207	1.85	53.311	7	1513	29.985007496251857
1624843001.88	1850	59.469215	0.0	2239013	206	1.85	57.311	7	1633	30
1624843005.86	1850	59.511895	0.0	2417622	221	1.85	61.313	7	1753	29.985007496251857
1624843009.79	1850	59.652933	0.0	1950728	180	1.85	65.315	7	1873	29.98500749625191
1624843013.81	1850	59.640292	0.0	2268079	265	1.85	69.319	7	1993	29.970029970029934
1624843017.76	1850	59.755008	0.0	2105954	204	1.85	73.317	7	2113	30.01500750375195
1624843021.68	1850	59.587934	0.0	2049597	182	1.85	77.326	7	2233	29.93265153404839
1624843025.64	1850	59.661717	0.0	2267452	217	1.85	81.327	7	2353	29.99250187453133
1624843029.58	1850	59.783117	0.0	1977775	194	1.85	85.328	7	2473	29.99250187453133
1624843033.52	1850	59.937549	0.0	2145766	196	1.85	89.328	7	2593	30
1624843037.93	1850	59.460087	0.0	2064567	188	1.85	93.329	7	2713	29.99250187453144
1624843041.89	1850	59.561275	0.0	1899367	214	1.85	97.331	7	2833	29.985007496251804
1624843045.83	1850	59.593889	0.0	2118078	190	1.85	101.343	7	2954	30.159521435692916
1624843049.79	1850	59.595014	0.0	2045638	208	1.85	105.343	7	3074	30
1624843053.72	1850	59.55301	0.0	2132751	191	1.85	109.345	7	3194	29.98500749625191
1624843057.64	1850	59.85991	0.0	2105800	195	1.85	113.344	7	3314	30.007501875468904
1624843061.55	1850	59.944553	0.0	2117310	204	1.85	117.345	7	3434	29.99250187453133
1624843065.99	1850	59.483734	0.0	2106167	190	1.85	121.345	7	3554	30
