1624840506.53	750	4	0.168	447032	73	-0.7173999999999999	0	0	0	0
1624840507.12	1850	8	0.0	2254830	239	0.75	0	0	0	0
1624840507.53	1850	11.75352	0.0	1837501	170	1.85	0	0	0	0
1624840507.87	1850	15.42231	0.0	2108748	192	1.85	0	0	0	0
1624840508.35	1850	18.966667	0.0	2229492	193	1.85	0	0	0	0
1624840508.87	1850	22.5	0.0	2078237	195	1.85	0	0	0	0
1624840509.28	1850	26	0.0	2030644	179	1.85	0	0	0	0
1624840509.8	1850	29.566667	0.0	2298831	205	1.85	0	0	0	0
1624840510.27	1850	33.066667	0.0	2164964	197	1.85	4.819	6	82	0
1624840510.83	1850	36.566667	0.0	2175479	223	1.85	4.819	6	82	0
1624840511.35	1850	40.033334	0.0	2156805	178	1.85	4.819	6	82	0
1624840511.71	1850	43.564233	0.0	2101523	185	1.85	4.819	6	82	0
1624840512.1	1850	47.2	0.0	2344608	198	1.85	4.819	6	82	0
1624840512.51	1850	50.791404	0.0	2334646	195	1.85	4.819	6	82	0
1624840512.86	1850	54.427852	0.0	2109579	176	1.85	4.819	6	82	0
1624840513.22	1850	58.063611	0.0	2097243	187	1.85	4.819	6	82	0
1624840515.6	1850	59.774373	0.0	2054074	179	1.85	8.818	14	202	28.007001750437613
1624840519.62	1850	59.795548	0.0	2079344	211	1.85	12.819	15	322	29.742564358910265
1624840523.67	1850	59.837636	0.0	2353718	279	1.85	16.82	15	442	29.99250187453137
1624840527.62	1850	59.802743	0.0	2119053	220	1.85	20.827	15	563	30.19715497878711
1624840531.54	1850	59.81131	0.0	2145449	192	1.85	24.828	15	683	29.992501874531385
1624840535.87	1850	59.570887	0.0	2087310	532	1.85	28.828	16	803	29.75
1624840539.85	1850	59.592115	0.0	2348666	212	1.85	32.828	16	923	29.999999999999975
1624840543.31	1850	59.983376	0.0	1801794	231	1.85	36.83	16	1043	29.98500749625191
1624840547.7	1850	59.738392	0.0	1864524	173	1.85	40.831	16	1163	29.99250187453133
1624840551.65	1850	59.82681	0.0	2051691	194	1.85	44.833	16	1283	29.98500749625191
1624840555.57	1850	59.727615	0.0	1898420	196	1.85	48.834	16	1403	29.99250187453133
1624840560.03	1850	59.453446	0.0	2276304	218	1.85	52.835	16	1523	29.992501874531385
1624840563.96	1850	59.528434	0.0	2239013	194	1.85	56.835	16	1643	30
1624840567.41	1850	59.88689	0.0	2417622	224	1.85	60.836	16	1763	29.992501874531385
1624840571.35	1850	59.960333	0.0	1950728	196	1.85	64.836	16	1883	30
1624840575.84	1850	59.471395	0.0	2268079	234	1.85	68.837	16	2003	29.99250187453133
1624840579.79	1850	59.506511	0.0	2105954	210	1.85	72.837	16	2123	30
1624840583.75	1850	59.539101	0.0	2049597	221	1.85	76.845	16	2243	29.940119760479075
1624840587.7	1850	59.608397	0.0	2267452	214	1.85	80.846	16	2363	29.99250187453133
1624840591.69	1850	59.627177	0.0	1977775	262	1.85	84.846	16	2483	30
1624840595.61	1850	59.69496	0.0	2145766	201	1.85	88.847	16	2603	29.99250187453144
1624840599.84	1850	59.483878	0.0	2064567	481	1.85	92.848	16	2723	29.99250187453133
1624840603.76	1850	59.560809	0.0	1899367	182	1.85	96.848	16	2843	30
1624840607.68	1850	59.634934	0.0	2118078	197	1.85	100.848	16	2963	30
1624840611.63	1850	59.786981	0.0	2045638	187	1.85	104.849	16	3083	29.99250187453133
1624840615.59	1850	59.869639	0.0	2132751	209	1.85	108.85	16	3203	29.99250187453144
1624840619.49	1850	59.901021	0.0	2105800	195	1.85	112.849	16	3323	30.007501875468797
1624840623.4	1850	59.919911	0.0	2117310	208	1.85	116.85	16	3443	29.99250187453144
1624840627.81	1850	59.627953	0.0	2106167	197	1.85	120.85	16	3563	30
