1624826814.93	750	4	0.225	447032	76	-0.9625	0	0	0	0
1624826815.75	2850	8	0.0	3731877	356	0.75	0	0	0	0
1624826816.36	2850	11.6	0.0	2988743	267	2.85	0	0	0	0
1624826817.02	2850	14.933334	0.0	3344033	294	2.85	0	0	0	0
1624826817.72	2850	18.266667	0.0	3588671	307	2.85	0	0	0	0
1624826818.25	2850	21.596571	0.0	3516436	310	2.85	0	0	0	0
1624826818.82	2850	24.983635	0.0	3520561	374	2.85	5.098	13	75	0
1624826819.35	2850	28.454653	0.0	3787958	323	2.85	5.098	13	75	0
1624826819.85	2850	32	0.0	3482140	296	2.85	5.098	13	75	0
1624826820.62	2850	35.366667	0.0	3620909	334	2.85	5.098	13	75	0
1624826821.16	2850	38.662114	0.0	3578596	305	2.85	5.098	13	75	0
1624826821.69	2850	42.133334	0.0	3430213	296	2.85	5.098	13	75	0
1624826822.27	2850	45.562661	0.0	3873343	358	2.85	5.098	13	75	0
1624826822.86	2850	48.966667	0.0	4055051	335	2.85	9.13	21	196	28.025793650793645
1624826823.37	2850	52.464596	0.0	3383484	286	2.85	9.13	21	196	28.025793650793645
1624826823.92	2850	55.934407	0.0	3439708	303	2.85	9.13	21	196	28.025793650793645
1624826824.43	2850	59.403176	0.0	3270011	281	2.85	9.13	21	196	28.025793650793645
1624826828.54	2850	59.5	0.0	3397053	301	2.85	13.131	21	316	29.99250187453137
1624826832.27	2850	59.591073	0.0	3855639	456	2.85	17.132	21	436	29.992501874531357
1624826835.89	2850	59.984145	0.0	3553518	328	2.85	21.132	21	556	30
1624826840.53	2850	59.458319	0.0	3560530	333	2.85	25.132	21	676	30
1624826844.12	2850	59.889943	0.0	3529545	304	2.85	29.133	21	796	29.992501874531385
1624826848.27	2850	59.673685	0.0	3944215	358	2.85	33.134	21	916	29.992501874531357
1624826852.34	2850	59.511936	0.0	2874206	265	2.85	37.138	21	1036	29.970029970029987
1624826856.0	2850	59.930119	0.0	3298545	370	2.85	41.14	21	1156	29.985007496251857
1624826860.06	2850	59.929512	0.0	3406141	306	2.85	45.141	21	1276	29.992501874531385
1624826864.13	2850	59.92285	0.0	3134119	281	2.85	49.142	21	1396	29.99250187453133
1624826868.23	2850	59.677645	0.0	3769859	344	2.85	53.143	21	1516	29.992501874531385
1624826872.32	2850	59.674392	0.0	3566857	316	2.85	57.144	21	1636	29.992501874531385
1624826876.0	2850	59.833334	0.0	3935536	354	2.85	61.15	21	1757	30.20469296055916
1624826880.04	2850	59.939838	0.0	3251953	288	2.85	65.15	23	1877	29.499999999999947
1624826884.15	2850	59.696583	0.0	3744840	336	2.85	69.151	23	1997	29.99250187453144
1624826888.22	2850	59.841371	0.0	3455854	309	2.85	73.159	23	2117	29.940119760478968
1624826892.3	2850	59.578051	0.0	3548731	332	2.85	77.159	23	2237	30
1624826895.89	2850	59.975883	0.0	3573884	343	2.85	81.161	23	2357	29.98500749625191
1624826900.44	2850	59.554103	0.0	3124748	280	2.85	85.16	23	2477	30.007501875468904
1624826904.04	2850	59.834881	0.0	3671669	331	2.85	89.161	23	2597	29.99250187453133
1624826908.11	2850	59.920302	0.0	3397624	313	2.85	93.161	23	2717	30
1624826912.15	2850	59.954162	0.0	3070410	269	2.85	97.162	23	2837	29.99250187453133
1624826916.27	2850	59.783721	0.0	3480718	333	2.85	101.163	23	2957	29.99250187453144
1624826920.35	2850	59.553218	0.0	3396325	325	2.85	105.163	23	3077	30
1624826924.47	2850	59.540015	0.0	3538812	354	2.85	109.164	23	3197	29.99250187453133
1624826928.03	2850	59.834978	0.0	3440498	309	2.85	113.165	23	3317	29.99250187453133
1624826932.11	2850	59.838739	0.0	3504086	317	2.85	117.165	23	3437	30
1624826936.18	2850	59.914712	0.0	3345088	318	2.85	121.166	23	3557	29.99250187453144
