1624824384.91	750	4	0.142	447032	72	-0.6056	0	0	0	0
1624824385.73	2850	8	0.0	3731877	395	0.75	0	0	0	0
1624824386.34	2850	11.533334	0.0	2988743	278	2.85	0	0	0	0
1624824386.85	2850	14.925337	0.0	3344033	284	2.85	0	0	0	0
1624824387.35	2850	18.395221	0.0	3588671	307	2.85	0	0	0	0
1624824387.86	2850	21.90185	0.0	3516436	296	2.85	0	0	0	0
1624824388.37	2850	25.41156	0.0	3520561	279	2.85	0	0	0	0
1624824388.95	2850	28.803975	0.0	3787958	341	2.85	4.638	3	81	0
1624824389.53	2850	32.237685	0.0	3482140	285	2.85	4.638	3	81	0
1624824390.19	2850	35.585218	0.0	3620909	431	2.85	4.638	3	81	0
1624824390.74	2850	39.01979	0.0	3578596	338	2.85	4.638	3	81	0
1624824391.25	2850	42.535145	0.0	3430213	293	2.85	4.638	3	81	0
1624824391.87	2850	45.933334	0.0	3873343	355	2.85	4.638	3	81	0
1624824392.45	2850	49.31516	0.0	4055051	361	2.85	8.637	6	200	29.007251812953236
1624824392.97	2850	52.788097	0.0	3383484	312	2.85	8.637	6	200	29.007251812953236
1624824393.47	2850	56.301071	0.0	3439708	298	2.85	8.637	6	200	29.007251812953236
1624824393.96	2850	59.812195	0.0	3270011	275	2.85	8.637	6	200	29.007251812953236
1624824398.01	2850	59.886282	0.0	3397053	282	2.85	12.638	6	321	30.242439390152466
1624824402.17	2850	59.862503	0.0	3855639	376	2.85	16.642	6	441	29.970029970029973
1624824405.98	2850	59.986393	0.0	3553518	341	2.85	20.642	6	561	30
1624824410.1	2850	59.672922	0.0	3560530	344	2.85	24.643	6	681	29.992501874531357
1624824414.21	2850	59.64118	0.0	3529545	324	2.85	28.645	6	801	29.98500749625188
1624824418.31	2850	59.625704	0.0	3944215	334	2.85	32.645	6	921	29.999999999999975
1624824421.85	2850	59.918839	0.0	2874206	282	2.85	36.646	6	1041	29.992501874531385
1624824425.96	2850	59.969143	0.0	3298545	354	2.85	40.646	6	1161	30
1624824430.05	2850	59.725144	0.0	3406141	303	2.85	44.648	6	1281	29.985007496251857
1624824434.16	2850	59.737967	0.0	3134119	309	2.85	48.648	6	1401	30
1624824438.29	2850	59.50567	0.0	3769859	375	2.85	52.649	6	1521	29.992501874531385
1624824442.43	2850	59.486616	0.0	3566857	369	2.85	56.649	6	1641	30
1624824446.16	2850	59.769088	0.0	3935536	403	2.85	60.649	7	1761	29.75
1624824450.26	2850	59.568665	0.0	3251953	331	2.85	64.651	7	1881	29.98500749625191
1624824453.92	2850	59.866667	0.0	3744840	352	2.85	68.651	7	2001	30
1624824458.04	2850	59.729207	0.0	3455854	331	2.85	72.652	7	2121	29.99250187453133
1624824462.15	2850	59.696243	0.0	3548731	348	2.85	76.653	7	2241	29.99250187453133
1624824466.34	2850	59.425993	0.0	3573884	401	2.85	80.653	7	2361	30
1624824470.05	2850	59.70352	0.0	3124748	475	2.85	84.653	7	2481	30
1624824474.35	2850	59.529398	0.0	3671669	536	2.85	88.654	7	2601	29.99250187453144
1624824478.11	2850	59.829993	0.0	3397624	526	2.85	92.654	7	2721	30
1624824482.34	2850	59.617905	0.0	3070410	480	2.85	96.654	7	2841	30
1624824486.11	2850	59.876853	0.0	3480718	502	2.85	100.657	7	2961	29.977516862353234
1624824490.34	2850	59.468432	0.0	3396325	474	2.85	104.657	7	3081	30
1624824494.28	2850	59.514138	0.0	3538812	469	2.85	108.659	7	3201	29.985007496251804
1624824497.97	2850	59.918102	0.0	3440498	431	2.85	112.661	7	3321	29.98500749625191
1624824502.16	2850	59.7166	0.0	3504086	418	2.85	116.662	7	3441	29.99250187453133
1624824506.2	2850	59.717825	0.0	3345088	313	2.85	120.667	7	3562	30.212234706616762
