1624820810.22	750	4	0.133	447032	54	-0.5669	0	0	0	0
1624820810.87	2850	8	0.0	3731877	392	0.75	0	0	0	0
1624820811.36	2850	11.83583	0.0	2988743	282	2.85	0	0	0	0
1624820811.89	2850	15.309029	0.0	3344033	337	2.85	0	0	0	0
1624820812.55	2850	18.7	0.0	3588671	355	2.85	0	0	0	0
1624820813.26	2850	22.066667	0.0	3516436	325	2.85	0	0	0	0
1624820813.84	2850	25.4	0.0	3520561	319	2.85	4.909	2	77	0
1624820814.81	2850	28.633334	0.0	3787958	482	2.85	4.909	2	77	0
1624820815.58	2850	31.966667	0.0	3482140	327	2.85	4.909	2	77	0
1624820816.38	2850	35.033334	0.0	3620909	339	2.85	4.909	2	77	0
1624820817.17	2850	38.266667	0.0	3578596	333	2.85	4.909	2	77	0
1624820817.91	2850	41.5	0.0	3430213	312	2.85	8.909	49	194	17.499999999999996
1624820818.63	2850	44.7	0.0	3873343	371	2.85	8.909	49	194	17.499999999999996
1624820819.38	2850	47.933334	0.0	4055051	392	2.85	8.909	49	194	17.499999999999996
1624820819.95	2850	51.266667	0.0	3383484	302	2.85	8.909	49	194	17.499999999999996
1624820820.54	2850	54.7	0.0	3439708	331	2.85	8.909	49	194	17.499999999999996
1624820821.18	2850	58.133334	0.0	3270011	303	2.85	8.909	49	194	17.499999999999996
1624820823.46	2850	59.780528	0.0	3397053	344	2.85	12.91	67	316	25.993501624593854
1624820827.76	2850	59.575157	0.0	3855639	360	2.85	16.91	82	438	26.75
1624820831.48	2850	59.960605	0.0	3553518	390	2.85	20.911	83	558	29.742564358910265
1624820835.23	2850	59.972227	0.0	3560530	438	2.85	24.913	84	678	29.735132433783118
1624820839.43	2850	59.952758	0.0	3529545	379	2.85	28.918	85	798	29.71285892634208
1624820843.68	2850	59.566667	0.0	3944215	380	2.85	32.918	86	918	29.75
1624820847.78	2850	59.608646	0.0	2874206	279	2.85	36.919	87	1038	29.74256435891029
1624820851.45	2850	59.938078	0.0	3298545	313	2.85	40.92	89	1158	29.49262684328914
1624820855.63	2850	59.760622	0.0	3406141	345	2.85	44.921	91	1278	29.492626843289194
1624820859.74	2850	59.478785	0.0	3134119	346	2.85	48.921	91	1398	30
1624820863.41	2850	59.87273	0.0	3769859	392	2.85	52.924	91	1518	29.977516862353234
1624820867.57	2850	59.671322	0.0	3566857	361	2.85	56.924	91	1638	30
1624820871.86	2850	59.462633	0.0	3935536	463	2.85	60.924	91	1758	30
1624820875.49	2850	59.800065	0.0	3251953	343	2.85	64.925	91	1878	29.992501874531385
1624820879.7	2850	59.58357	0.0	3744840	405	2.85	68.926	92	1998	29.742564358910236
1624820883.34	2850	59.955237	0.0	3455854	362	2.85	72.926	92	2118	30
1624820887.53	2850	59.706276	0.0	3548731	366	2.85	76.926	92	2238	30
1624820891.73	2850	59.717302	0.0	3573884	400	2.85	80.928	92	2358	29.98500749625191
1624820895.86	2850	59.577331	0.0	3124748	341	2.85	84.928	92	2478	30
1624820899.55	2850	59.727331	0.0	3671669	382	2.85	88.929	92	2598	29.99250187453133
1624820903.72	2850	59.487094	0.0	3397624	377	2.85	92.93	92	2718	29.99250187453133
1624820907.8	2850	59.486887	0.0	3070410	308	2.85	96.933	92	2838	29.977516862353234
1624820911.4	2850	59.895347	0.0	3480718	311	2.85	100.932	92	2958	30.007501875468904
1624820915.54	2850	59.908408	0.0	3396325	338	2.85	104.933	92	3078	29.99250187453133
1624820919.72	2850	59.769634	0.0	3538812	402	2.85	108.934	92	3199	30.242439390152533
1624820923.85	2850	59.506382	0.0	3440498	364	2.85	112.934	92	3319	30
1624820927.51	2850	59.850272	0.0	3504086	379	2.85	116.935	92	3439	29.99250187453133
1624820931.6	2850	59.603671	0.0	3345088	344	2.85	120.936	92	3558	29.742564358910236
