1624844655.21	750	4	0.436	446149	70	-1.8698000000000001	0	0	0	0
1624844655.96	1850	7.733334	0.0	3302713	333	0.75	0	0	0	0
1624844656.55	1850	11.083334	0.0	2780269	255	1.85	0	0	0	0
1624844657.26	1850	14.483334	0.0	3138830	276	1.85	0	0	0	0
1624844657.95	1850	17.733334	0.0	3252745	286	1.85	5.06	44	135	0
1624844658.53	1850	20.983334	0.0	3175667	275	1.85	5.06	44	135	0
1624844658.99	1850	24.523282	0.0	2962628	252	1.85	5.06	44	135	0
1624844659.48	1850	28	0.0	3242545	265	1.85	5.06	44	135	0
1624844660.11	1850	31.566667	0.0	2999470	256	1.85	5.06	44	135	0
1624844660.72	1850	34.95	0.0	2926075	255	1.85	5.06	44	135	0
1624844661.4	1850	38.283334	0.0	3029009	311	1.85	5.06	44	135	0
1624844661.88	1850	41.633334	0.0	3113599	281	1.85	9.061	127	377	39.74006498375406
1624844662.51	1850	45.166667	0.0	3116790	252	1.85	9.061	127	377	39.74006498375406
1624844663.02	1850	48.516667	0.0	3132453	292	1.85	9.061	127	377	39.74006498375406
1624844663.51	1850	52	0.0	2994095	266	1.85	9.061	127	377	39.74006498375406
1624844664.0	1850	55.516667	0.0	3154088	277	1.85	9.061	127	377	39.74006498375406
1624844664.58	1850	59.066667	0.0	2803553	238	1.85	9.061	127	377	39.74006498375406
1624844667.72	1850	59.993618	0.0	3039477	260	1.85	13.061	204	617	40.75
1624844671.83	1850	59.644712	0.0	3356332	334	1.85	17.061	211	857	58.25
1624844675.9	1850	59.641882	0.0	3105690	294	1.85	21.062	216	1097	58.73531617095724
1624844679.93	1850	59.752491	0.0	3008856	289	1.85	25.062	221	1337	58.75
1624844684.0	1850	59.489165	0.0	3066869	302	1.85	29.064	225	1577	58.9705147426287
1624844688.05	1850	59.592802	0.0	3178549	296	1.85	33.063	229	1817	59.01475368842207
1624844692.02	1850	59.6	0.0	2577778	229	1.85	37.064	231	2057	59.48512871782058
1624844695.54	1850	59.938263	0.0	2819145	267	1.85	41.064	234	2297	59.25
1624844700.07	1850	59.463552	0.0	3037564	268	1.85	45.065	239	2537	58.7353161709573
1624844704.09	1850	59.512365	0.0	2852411	282	1.85	49.065	242	2777	59.25
1624844707.64	1850	59.838276	0.0	3004818	305	1.85	53.065	246	3017	59
1624844711.68	1850	59.946449	0.0	2930516	281	1.85	57.066	250	3257	58.98525368657828
1624844715.79	1850	59.960229	0.0	3381885	331	1.85	61.068	257	3497	58.220889555222456
1624844719.88	1850	59.705258	0.0	2812661	319	1.85	65.067	261	3737	59.014753688422175
1624844724.01	1850	59.489618	0.0	3529340	337	1.85	69.068	266	3977	58.73531617095719
1624844728.11	1850	59.601936	0.0	3274615	336	1.85	73.069	273	4217	58.235441139715
1624844731.67	1850	59.878642	0.0	3020205	292	1.85	77.069	280	4457	58.25
1624844735.73	1850	59.839101	0.0	3084353	292	1.85	81.07	286	4697	58.485378655336305
1624844740.03	1850	59.54692	0.0	2743535	283	1.85	85.07	291	4937	58.75
1624844743.83	1850	59.883532	0.0	3049078	279	1.85	89.07	295	5177	59
1624844747.99	1850	59.70246	0.0	2866070	261	1.85	93.071	299	5418	59.23519120219938
1624844752.34	1850	59.46306	0.0	2786310	805	1.85	97.072	303	5658	58.98525368657828
1624844755.88	1850	59.751874	0.0	2886749	246	1.85	101.072	307	5898	59
1624844759.95	1850	59.754413	0.0	2928463	269	1.85	105.072	311	6138	59
1624844764.01	1850	59.578176	0.0	3115560	310	1.85	109.073	315	6378	58.985253686578496
1624844767.57	1850	59.95	0.0	3008634	316	1.85	113.076	321	6618	58.45615788158881
1624844771.62	1850	59.989966	0.0	3111850	302	1.85	117.077	327	6858	58.4853786553361
1624844776.13	1850	59.478463	0.0	2982399	281	1.85	121.077	332	7098	58.75
