1624842458.8	750	4	0.17	447032	72	-0.726	0	0	0	0
1624842459.76	2850	8	0.0	3731877	477	0.75	0	0	0	0
1624842460.4	2850	11.466667	0.0	2988743	310	2.85	0	0	0	0
1624842461.24	2850	14.666667	0.0	3344033	481	2.85	0	0	0	0
1624842462.19	2850	17.766667	0.0	3588671	542	2.85	0	0	0	0
1624842463.08	2850	20.866667	0.0	3516436	321	2.85	5.274	12	78	0
1624842463.94	2850	24	0.0	3520561	593	2.85	5.274	12	78	0
1624842464.69	2850	27.107109	0.0	3787958	507	2.85	5.274	12	78	0
1624842465.41	2850	30.414734	0.0	3482140	487	2.85	5.274	12	78	0
1624842466.07	2850	33.721725	0.0	3620909	379	2.85	5.274	12	78	0
1624842467.1	2850	36.966667	0.0	3578596	506	2.85	9.274	21	198	27.750000000000007
1624842467.66	2850	40.133334	0.0	3430213	304	2.85	9.274	21	198	27.750000000000007
1624842468.28	2850	43.524003	0.0	3873343	398	2.85	9.274	21	198	27.750000000000007
1624842468.88	2850	46.912939	0.0	4055051	361	2.85	9.274	21	198	27.750000000000007
1624842469.47	2850	50.302441	0.0	3383484	369	2.85	9.274	21	198	27.750000000000007
1624842469.96	2850	53.813345	0.0	3439708	286	2.85	9.274	21	198	27.750000000000007
1624842470.5	2850	57.282081	0.0	3270011	317	2.85	13.279	22	318	29.712858926342065
1624842472.02	2850	59.850769	0.0	3397053	286	2.85	13.279	22	318	29.712858926342065
1624842476.16	2850	59.858316	0.0	3855639	350	2.85	17.279	22	438	30
1624842480.29	2850	59.650751	0.0	3553518	340	2.85	21.28	22	558	29.992501874531357
1624842483.92	2850	59.985041	0.0	3560530	364	2.85	25.279	22	678	30.007501875468876
1624842488.03	2850	59.951328	0.0	3529545	338	2.85	29.28	23	798	29.742564358910265
1624842492.18	2850	59.666667	0.0	3944215	367	2.85	33.281	23	918	29.992501874531385
1624842495.82	2850	59.988634	0.0	2874206	284	2.85	37.281	25	1038	29.5
1624842500.39	2850	59.481894	0.0	3298545	305	2.85	41.282	25	1158	29.992501874531385
1624842504.52	2850	59.473523	0.0	3406141	339	2.85	45.283	25	1278	29.99250187453133
1624842508.09	2850	59.727497	0.0	3134119	316	2.85	49.284	25	1398	29.992501874531385
1624842512.21	2850	59.778081	0.0	3769859	363	2.85	53.284	25	1518	30
1624842516.33	2850	59.504473	0.0	3566857	343	2.85	57.285	25	1638	29.992501874531385
1624842519.99	2850	59.903245	0.0	3935536	374	2.85	61.286	26	1758	29.742564358910236
1624842524.08	2850	59.940897	0.0	3251953	308	2.85	65.286	26	1878	30
1624842528.23	2850	59.760743	0.0	3744840	355	2.85	69.288	26	1998	29.98500749625191
1624842532.34	2850	59.462237	0.0	3455854	343	2.85	73.288	26	2118	30
1624842536.46	2850	59.509483	0.0	3548731	338	2.85	77.288	26	2238	30
1624842540.07	2850	59.908399	0.0	3573884	345	2.85	81.289	26	2358	29.99250187453133
1624842544.12	2850	59.946127	0.0	3124748	301	2.85	85.289	26	2478	30
1624842548.27	2850	59.694286	0.0	3671669	365	2.85	89.29	26	2598	29.99250187453133
1624842552.35	2850	59.52603	0.0	3397624	325	2.85	93.291	26	2718	29.99250187453144
1624842556.01	2850	59.852139	0.0	3070410	287	2.85	97.29	29	2838	29.257314328582076
1624842560.13	2850	59.694917	0.0	3480718	345	2.85	101.299	29	2958	29.93265153404839
1624842564.24	2850	59.708748	0.0	3396325	324	2.85	105.298	29	3078	30.007501875468904
1624842568.34	2850	59.538741	0.0	3538812	332	2.85	109.301	29	3198	29.977516862353234
1624842572.41	2850	59.583936	0.0	3440498	312	2.85	113.3	29	3318	30.007501875468904
1624842576.0	2850	59.914353	0.0	3504086	333	2.85	117.3	29	3438	30
1624842580.04	2850	59.988886	0.0	3345088	315	2.85	121.303	29	3559	30.227329502872845
