1624832215.72	750	4	0.105	446149	39	-0.4465	0	0	0	0
1624832216.76	2850	8	0.0	5338027	486	0.75	0	0	0	0
1624832217.57	2850	11.483334	0.0	4485847	408	2.85	0	0	0	0
1624832218.5	2850	14.616667	0.0	5004689	436	2.85	0	0	0	0
1624832219.42	2850	17.65	0.0	5182650	492	2.85	0	0	0	0
1624832220.18	2850	20.7	0.0	5173280	502	2.85	4.805	56	162	0
1624832220.85	2850	24	0.0	4880493	433	2.85	4.805	56	162	0
1624832221.9	2850	27.183334	0.0	5406574	568	2.85	4.805	56	162	0
1624832222.68	2850	30.233334	0.0	4844720	489	2.85	4.805	56	162	0
1624832223.44	2850	33.45	0.0	4832207	487	2.85	4.805	56	162	0
1624832224.2	2850	36.733334	0.0	4887638	443	2.85	8.825	118	403	44.527363184079604
1624832224.93	2850	39.966667	0.0	4995664	442	2.85	8.825	118	403	44.527363184079604
1624832225.91	2850	43.016667	0.0	5320325	459	2.85	8.825	118	403	44.527363184079604
1624832226.75	2850	46.25	0.0	5320224	473	2.85	8.825	118	403	44.527363184079604
1624832227.42	2850	49.45	0.0	4822090	412	2.85	8.825	118	403	44.527363184079604
1624832228.12	2850	52.783334	0.0	5024811	418	2.85	12.826	171	643	46.7383154211447
1624832228.91	2850	56.083334	0.0	4620969	398	2.85	12.826	171	643	46.7383154211447
1624832229.73	2850	59.266667	0.0	4982065	428	2.85	12.826	171	643	46.7383154211447
1624832233.08	2850	59.986577	0.0	5333279	544	2.85	16.827	207	883	50.987253186703306
1624832237.39	2850	59.488831	0.0	5166435	500	2.85	20.827	218	1123	57.25
1624832241.15	2850	59.896634	0.0	4952219	471	2.85	24.828	227	1363	57.735566108472916
1624832244.99	2850	59.931733	0.0	5148296	506	2.85	28.829	239	1603	56.98575356160958
1624832248.83	2850	59.988611	0.0	5332212	519	2.85	32.831	251	1843	56.97151424287853
1624832253.01	2850	59.805272	0.0	4130375	392	2.85	36.831	258	2083	58.25
1624832257.24	2850	59.570414	0.0	4502091	443	2.85	40.831	266	2323	58
1624832260.98	2850	59.928886	0.0	4906417	476	2.85	44.832	273	2563	58.23544113971511
1624832265.21	2850	59.67856	0.0	4606683	438	2.85	48.833	280	2803	58.23544113971511
1624832269.52	2850	59.425238	0.0	4992827	489	2.85	52.834	290	3043	57.48562859285172
1624832273.31	2850	59.679008	0.0	4833092	460	2.85	56.833	303	3284	57.014253563390916
1624832277.13	2850	59.705543	0.0	5560086	492	2.85	60.834	313	3524	57.48562859285172
1624832281.38	2850	59.547115	0.0	4512973	450	2.85	64.835	322	3764	57.735566108473016
1624832285.45	2850	59.555447	0.0	5477056	734	2.85	68.836	333	4004	57.235691077230626
1624832289.26	2850	59.630963	0.0	5211665	504	2.85	72.837	343	4244	57.48562859285172
1624832293.14	2850	59.838024	0.0	5155066	500	2.85	76.837	354	4484	57.25
1624832297.13	2850	59.867077	0.0	5042047	627	2.85	80.842	361	4724	58.17727840199757
1624832301.14	2850	59.846886	0.0	4373848	710	2.85	84.843	370	4964	57.73556610847281
1624832305.45	2850	59.530948	0.0	4955552	461	2.85	88.854	377	5205	58.3395661929694
1624832309.23	2850	59.822172	0.0	4533309	456	2.85	92.854	385	5445	58
1624832313.25	2850	59.6	0.0	4404309	737	2.85	96.854	392	5685	58.25
1624832316.96	2850	59.95476	0.0	4543808	434	2.85	100.855	399	5925	58.235441139715
1624832321.22	2850	59.673154	0.0	4672100	455	2.85	104.856	408	6165	57.735566108473016
1624832325.56	2850	59.463473	0.0	5112917	508	2.85	108.857	418	6405	57.48562859285172
1624832329.36	2850	59.571649	0.0	4777608	464	2.85	112.856	427	6645	57.76444111027764
1624832333.34	2850	59.722965	0.0	5053470	550	2.85	116.857	438	6885	57.235691077230626
1624832337.28	2850	59.669951	0.0	4782473	625	2.85	120.857	445	7125	58.25
