1624837345.77	750	4	0.146	447032	49	-0.6227999999999999	0	0	0	0
1624837346.33	1850	8	0.0	2254830	212	0.75	0	0	0	0
1624837346.74	1850	12	0.0	1837501	167	1.85	0	0	0	0
1624837347.21	1850	15.6	0.0	2108748	206	1.85	0	0	0	0
1624837347.57	1850	19.182354	0.0	2229492	216	1.85	0	0	0	0
1624837347.88	1850	22.9	0.0	2078237	176	1.85	0	0	0	0
1624837348.21	1850	26.534737	0.0	2030644	191	1.85	0	0	0	0
1624837348.58	1850	30.171075	0.0	2298831	203	1.85	0	0	0	0
1624837348.98	1850	33.806026	0.0	2164964	200	1.85	0	0	0	0
1624837349.51	1850	37.27788	0.0	2175479	322	1.85	5.066	1	70	0
1624837349.86	1850	40.911398	0.0	2156805	195	1.85	5.066	1	70	0
1624837350.22	1850	44.546016	0.0	2101523	176	1.85	5.066	1	70	0
1624837350.62	1850	48.135847	0.0	2344608	203	1.85	5.066	1	70	0
1624837351.07	1850	51.687461	0.0	2334646	255	1.85	5.066	1	70	0
1624837351.43	1850	55.361828	0.0	2109579	179	1.85	5.066	1	70	0
1624837351.8	1850	58.956252	0.0	2097243	179	1.85	5.066	1	70	0
1624837355.18	1850	59.844473	0.0	2054074	177	1.85	9.069	1	190	29.977516862353227
1624837359.11	1850	59.878703	0.0	2079344	206	1.85	13.068	1	310	30.007501875468876
1624837363.09	1850	59.888726	0.0	2353718	226	1.85	17.069	1	430	29.99250187453137
1624837367.03	1850	59.756917	0.0	2119053	200	1.85	21.07	1	550	29.992501874531357
1624837370.97	1850	59.856258	0.0	2145449	200	1.85	25.07	1	670	30
1624837374.9	1850	59.882361	0.0	2087310	206	1.85	29.071	1	790	29.992501874531357
1624837379.05	1850	59.929733	0.0	2348666	226	1.85	33.072	1	910	29.992501874531357
1624837383.47	1850	59.460739	0.0	1801794	178	1.85	37.072	1	1030	30
1624837387.39	1850	59.460315	0.0	1864524	166	1.85	41.072	1	1150	30
1624837391.3	1850	59.501513	0.0	2051691	177	1.85	45.074	1	1270	29.98500749625191
1624837395.19	1850	59.784593	0.0	1898420	169	1.85	49.073	1	1390	30.00750187546885
1624837399.17	1850	59.853965	0.0	2276304	224	1.85	53.079	1	1511	30.20469296055916
1624837402.86	1850	59.923574	0.0	2239013	454	1.85	57.079	1	1631	30
1624837407.33	1850	59.4906	0.0	2417622	244	1.85	61.081	1	1751	29.985007496251857
1624837411.26	1850	59.573098	0.0	1950728	186	1.85	65.081	1	1871	30
1624837415.23	1850	59.601651	0.0	2268079	217	1.85	69.081	1	1991	30
1624837419.17	1850	59.61037	0.0	2105954	209	1.85	73.083	1	2111	29.98500749625191
1624837423.12	1850	59.924251	0.0	2049597	202	1.85	77.106	1	2231	29.82848620432516
1624837427.11	1850	59.676728	0.0	2267452	243	1.85	81.106	1	2352	30.25
1624837431.04	1850	59.82622	0.0	1977775	179	1.85	85.107	1	2472	29.99250187453133
1624837435.01	1850	59.825246	0.0	2145766	226	1.85	89.11	1	2592	29.977516862353234
1624837438.95	1850	59.829338	0.0	2064567	199	1.85	93.109	1	2712	30.007501875468904
1624837442.85	1850	59.943854	0.0	1899367	185	1.85	97.109	1	2832	30
1624837446.8	1850	59.972911	0.0	2118078	211	1.85	101.109	1	2952	30
1624837451.22	1850	59.792889	0.0	2045638	181	1.85	105.11	1	3072	29.99250187453133
1624837455.19	1850	59.793073	0.0	2132751	255	1.85	109.115	1	3192	29.962546816479435
1624837459.15	1850	59.85019	0.0	2105800	238	1.85	113.112	1	3312	30.02251688766575
1624837463.08	1850	59.894793	0.0	2117310	198	1.85	117.112	1	3432	30
1624837467.0	1850	59.962774	0.0	2106167	196	1.85	121.112	1	3552	30
