1624840264.27	750	4	0.145	447032	56	-0.6185	0	0	0	0
1624840264.83	1850	8	0.0	2254830	221	0.75	0	0	0	0
1624840265.24	1850	12	0.0	1837501	170	1.85	0	0	0	0
1624840265.69	1850	15.635132	0.0	2108748	192	1.85	0	0	0	0
1624840266.04	1850	19.271557	0.0	2229492	203	1.85	0	0	0	0
1624840266.37	1850	22.948161	0.0	2078237	176	1.85	0	0	0	0
1624840266.69	1850	26.623706	0.0	2030644	169	1.85	0	0	0	0
1624840267.17	1850	30.2	0.0	2298831	193	1.85	0	0	0	0
1624840267.8	1850	33.7	0.0	2164964	208	1.85	0	0	0	0
1624840268.42	1850	36.966667	0.0	2175479	275	1.85	4.939	3	78	0
1624840268.8	1850	40.508782	0.0	2156805	180	1.85	4.939	3	78	0
1624840269.16	1850	44.14293	0.0	2101523	180	1.85	4.939	3	78	0
1624840269.55	1850	47.773087	0.0	2344608	196	1.85	4.939	3	78	0
1624840269.97	1850	51.326125	0.0	2334646	211	1.85	4.939	3	78	0
1624840270.38	1850	54.95849	0.0	2109579	191	1.85	4.939	3	78	0
1624840270.75	1850	58.55239	0.0	2097243	176	1.85	4.939	3	78	0
1624840273.64	1850	59.761988	0.0	2054074	164	1.85	8.939	4	198	29.75
1624840277.89	1850	59.761648	0.0	2079344	201	1.85	12.939	4	318	30
1624840281.88	1850	59.510616	0.0	2353718	230	1.85	16.94	4	438	29.992501874531357
1624840285.81	1850	59.606184	0.0	2119053	187	1.85	20.941	4	558	29.992501874531385
1624840289.78	1850	59.710316	0.0	2145449	203	1.85	24.948	4	678	29.947591714499616
1624840293.73	1850	59.670403	0.0	2087310	223	1.85	28.956	4	798	29.94011976047905
1624840297.72	1850	59.751877	0.0	2348666	236	1.85	32.96	4	918	29.97002997002996
1624840301.62	1850	59.792595	0.0	1801794	161	1.85	36.961	4	1038	29.992501874531385
1624840305.54	1850	59.780235	0.0	1864524	182	1.85	40.962	4	1158	29.99250187453133
1624840309.48	1850	59.861539	0.0	2051691	200	1.85	44.964	4	1278	29.98500749625191
1624840313.9	1850	59.54825	0.0	1898420	186	1.85	48.963	4	1398	30.00750187546885
1624840317.87	1850	59.624986	0.0	2276304	208	1.85	52.964	4	1518	29.992501874531385
1624840321.81	1850	59.703089	0.0	2239013	201	1.85	56.964	4	1638	30
1624840325.86	1850	59.486122	0.0	2417622	306	1.85	60.965	4	1758	29.99250187453133
1624840329.78	1850	59.775071	0.0	1950728	186	1.85	64.967	4	1878	29.98500749625191
1624840333.75	1850	59.785763	0.0	2268079	227	1.85	68.967	4	1998	30
1624840337.69	1850	59.821388	0.0	2105954	214	1.85	72.967	4	2118	30
1624840341.63	1850	59.719761	0.0	2049597	194	1.85	76.968	4	2238	29.99250187453133
1624840345.59	1850	59.744444	0.0	2267452	208	1.85	80.968	4	2358	30
1624840349.52	1850	59.850687	0.0	1977775	198	1.85	84.97	4	2479	30.234882558720674
1624840353.56	1850	59.927546	0.0	2145766	262	1.85	88.991	4	2599	29.84332255657796
1624840358.0	1850	59.526308	0.0	2064567	187	1.85	92.991	4	2719	30
1624840361.9	1850	59.560043	0.0	1899367	183	1.85	96.992	4	2839	29.99250187453133
1624840365.85	1850	59.616258	0.0	2118078	208	1.85	100.994	4	2959	29.98500749625191
1624840369.82	1850	59.671848	0.0	2045638	244	1.85	104.995	4	3079	29.99250187453133
1624840373.76	1850	59.777315	0.0	2132751	187	1.85	108.995	4	3199	30
1624840377.69	1850	59.885613	0.0	2105800	202	1.85	112.995	4	3319	30
1624840381.6	1850	59.958732	0.0	2117310	189	1.85	116.995	4	3439	30
1624840385.51	1850	59.995691	0.0	2106167	217	1.85	120.996	4	3559	29.99250187453144
