1624814255.14	750	4	0.187	446149	85	-0.7991	0	0	0	0
1624814256.1	2850	7.716667	0.0	5338027	678	0.75	0	0	0	0
1624814257.13	2850	10.683334	0.0	4485847	790	2.85	0	0	0	0
1624814257.87	2850	13.95	0.0	5004689	492	2.85	0	0	0	0
1624814258.65	2850	17.183334	0.0	5182650	516	2.85	4.582	17	166	0
1624814259.49	2850	20.333334	0.0	5173280	586	2.85	4.582	17	166	0
1624814260.38	2850	23.466667	0.0	4880493	508	2.85	4.582	17	166	0
1624814261.38	2850	26.6	0.0	5406574	574	2.85	4.582	17	166	0
1624814262.11	2850	29.716667	0.0	4844720	467	2.85	4.582	17	166	0
1624814263.04	2850	32.85	0.0	4832207	605	2.85	8.581	60	405	49.012253063265824
1624814263.87	2850	35.95	0.0	4887638	556	2.85	8.581	60	405	49.012253063265824
1624814264.76	2850	39.1	0.0	4995664	584	2.85	8.581	60	405	49.012253063265824
1624814265.62	2850	42.3	0.0	5320325	503	2.85	8.581	60	405	49.012253063265824
1624814266.45	2850	45.45	0.0	5320224	500	2.85	8.581	60	405	49.012253063265824
1624814267.28	2850	48.633334	0.0	4822090	477	2.85	12.617	123	648	44.59861248761148
1624814268.11	2850	51.833334	0.0	5024811	433	2.85	12.617	123	648	44.59861248761148
1624814268.91	2850	54.95	0.0	4620969	488	2.85	12.617	123	648	44.59861248761148
1624814269.76	2850	58.183334	0.0	4982065	461	2.85	12.617	123	648	44.59861248761148
1624814272.06	2850	59.675029	0.0	5333279	475	2.85	16.617	168	880	46.75
1624814276.52	2850	59.460683	0.0	5166435	626	2.85	20.619	193	1128	55.72213893053475
1624814280.41	2850	59.472098	0.0	4952219	548	2.85	24.628	206	1368	56.622599151908204
1624814284.31	2850	59.590678	0.0	5148296	497	2.85	28.63	223	1608	55.72213893053475
1624814287.82	2850	59.946872	0.0	5332212	679	2.85	32.63	234	1848	57.24999999999995
1624814292.0	2850	59.785496	0.0	4130375	391	2.85	36.636	242	2089	58.1627558662007
1624814296.32	2850	59.57838	0.0	4502091	518	2.85	40.638	251	2329	57.72113943028492
1624814300.09	2850	59.884799	0.0	4906417	455	2.85	44.638	263	2569	57
1624814304.34	2850	59.47252	0.0	4606683	439	2.85	48.638	275	2809	57
1624814307.76	2850	59.994132	0.0	4992827	563	2.85	52.639	290	3049	56.235941014746246
1624814312.01	2850	59.74589	0.0	4833092	433	2.85	56.64	303	3289	56.735816045988535
1624814316.43	2850	59.495722	0.0	5560086	560	2.85	60.641	321	3529	55.48612846788306
1624814320.26	2850	59.571679	0.0	4512973	527	2.85	64.64	333	3769	57.01425356339082
1624814324.17	2850	59.780519	0.0	5477056	522	2.85	68.651	350	4010	55.846422338569
1624814328.0	2850	59.854571	0.0	5211665	475	2.85	72.651	365	4250	56.25
1624814332.01	2850	59.971586	0.0	5155066	466	2.85	76.651	380	4490	56.25
1624814336.34	2850	59.479628	0.0	5042047	494	2.85	80.654	393	4730	56.707469397951535
1624814340.07	2850	59.746356	0.0	4373848	417	2.85	84.654	406	4970	56.75
1624814344.18	2850	59.788443	0.0	4955552	798	2.85	88.654	420	5210	56.5
1624814347.97	2850	59.773043	0.0	4533309	458	2.85	92.656	434	5450	56.47176411794089
1624814352.23	2850	59.7344	0.0	4404309	434	2.85	96.655	446	5690	57.014253563390916
1624814356.49	2850	59.452702	0.0	4543808	448	2.85	100.663	459	5930	56.63672654690625
1624814360.29	2850	59.486435	0.0	4672100	473	2.85	104.663	471	6170	57
1624814364.2	2850	59.647531	0.0	5112917	575	2.85	108.666	488	6410	55.70821883587309
1624814368.01	2850	59.854915	0.0	4777608	482	2.85	112.665	500	6650	57.01425356339071
1624814371.83	2850	59.933334	0.0	5053470	472	2.85	116.666	517	6890	55.736065983504254
1624814376.17	2850	59.730361	0.0	4782473	548	2.85	120.665	528	7130	57.26431607901962
