1624843671.96	750	4	0.145	446149	59	-0.6185	0	0	0	0
1624843673.33	2850	7.916667	0.0	5338027	781	0.75	0	0	0	0
1624843674.17	2850	10.966667	0.0	4485847	385	2.85	0	0	0	0
1624843675.12	2850	14	0.0	5004689	527	2.85	0	0	0	0
1624843676.08	2850	17.116667	0.0	5182650	457	2.85	5.049	63	151	0
1624843676.93	2850	20.1	0.0	5173280	506	2.85	5.049	63	151	0
1624843677.83	2850	23.35	0.0	4880493	415	2.85	5.049	63	151	0
1624843678.72	2850	26.3	0.0	5406574	568	2.85	5.049	63	151	0
1624843679.4	2850	29.55	0.0	4844720	419	2.85	9.049	157	386	35.25000000000001
1624843680.33	2850	32.866667	0.0	4832207	413	2.85	9.049	157	386	35.25000000000001
1624843681.28	2850	35.916667	0.0	4887638	441	2.85	9.049	157	386	35.25000000000001
1624843681.98	2850	38.966667	0.0	4995664	448	2.85	9.049	157	386	35.25000000000001
1624843682.77	2850	42.166667	0.0	5320325	533	2.85	9.049	157	386	35.25000000000001
1624843684.16	2850	45.116667	0.0	5320224	797	2.85	13.051	262	631	34.98250874562718
1624843685.12	2850	48.1	0.0	4822090	450	2.85	13.051	262	631	34.98250874562718
1624843686.12	2850	51.1	0.0	5024811	453	2.85	13.051	262	631	34.98250874562718
1624843686.8	2850	54.166667	0.0	4620969	406	2.85	13.051	262	631	34.98250874562718
1624843687.73	2850	57.45	0.0	4982065	432	2.85	17.051	411	871	22.75000000000001
1624843689.28	2850	59.85	0.0	5333279	517	2.85	17.051	411	871	22.75000000000001
1624843693.55	2850	59.506096	0.0	5166435	459	2.85	21.052	497	1111	38.49037740564857
1624843697.44	2850	59.587384	0.0	4952219	561	2.85	25.052	510	1351	56.75
1624843701.25	2850	59.878961	0.0	5148296	497	2.85	29.053	522	1591	56.98575356160958
1624843705.06	2850	59.99417	0.0	5332212	508	2.85	33.054	532	1831	57.48562859285177
1624843709.21	2850	59.713269	0.0	4130375	391	2.85	37.054	539	2071	58.25
1624843713.39	2850	59.528252	0.0	4502091	401	2.85	41.054	547	2311	58
1624843717.15	2850	59.828585	0.0	4906417	466	2.85	45.06	556	2551	57.66350474288567
1624843721.09	2850	59.780356	0.0	4606683	446	2.85	49.056	566	2791	57.55755755755763
1624843725.4	2850	59.580122	0.0	4992827	477	2.85	53.057	579	3031	56.735816045988436
1624843729.13	2850	59.916667	0.0	4833092	456	2.85	57.056	587	3271	58.01450362590655
1624843733.5	2850	59.50104	0.0	5560086	542	2.85	61.057	599	3511	56.98575356160953
1624843737.25	2850	59.761871	0.0	4512973	454	2.85	65.066	605	3752	58.618109254178094
1624843741.12	2850	59.84146	0.0	5477056	532	2.85	69.067	618	3992	56.735816045988635
1624843745.43	2850	59.640151	0.0	5211665	510	2.85	73.07	626	4232	57.956532600549586
1624843749.24	2850	59.693109	0.0	5155066	491	2.85	77.07	636	4472	57.5
1624843753.04	2850	59.987483	0.0	5042047	495	2.85	81.07	645	4712	57.75
1624843757.28	2850	59.688689	0.0	4373848	401	2.85	85.071	655	4952	57.48562859285172
1624843761.09	2850	59.93069	0.0	4955552	493	2.85	89.072	664	5192	57.73556610847281
1624843765.33	2850	59.654329	0.0	4533309	438	2.85	93.071	675	5432	57.26431607901982
1624843769.58	2850	59.467827	0.0	4404309	439	2.85	97.071	687	5672	57
1624843773.42	2850	59.503928	0.0	4543808	537	2.85	101.072	699	5912	56.98575356160953
1624843777.2	2850	59.696636	0.0	4672100	467	2.85	105.074	712	6152	56.72163918040986
1624843781.0	2850	59.959489	0.0	5112917	480	2.85	109.076	724	6392	56.97151424287863
1624843785.24	2850	59.65445	0.0	4777608	452	2.85	113.075	736	6632	57.01425356339071
1624843789.06	2850	59.923123	0.0	5053470	486	2.85	117.075	754	6872	55.5
1624843793.33	2850	59.636889	0.0	4782473	465	2.85	121.076	767	7112	56.735816045988635
