1624839290.66	750	4	0.2	447032	76	-0.855	0	0	0	0
1624839291.84	2850	7.833334	0.0	3731877	732	0.75	0	0	0	0
1624839292.45	2850	11.133334	0.0	2988743	272	2.85	0	0	0	0
1624839293.36	2850	14.466667	0.0	3344033	324	2.85	0	0	0	0
1624839294.04	2850	17.566667	0.0	3588671	332	2.85	0	0	0	0
1624839294.6	2850	20.897475	0.0	3516436	351	2.85	5.049	17	79	0
1624839295.26	2850	24.288774	0.0	3520561	387	2.85	5.049	17	79	0
1624839296.02	2850	27.666667	0.0	3787958	336	2.85	5.049	17	79	0
1624839296.55	2850	30.944136	0.0	3482140	297	2.85	5.049	17	79	0
1624839297.14	2850	34.375144	0.0	3620909	357	2.85	5.049	17	79	0
1624839297.69	2850	37.805491	0.0	3578596	333	2.85	5.049	17	79	0
1624839298.34	2850	41.3	0.0	3430213	279	2.85	9.048	28	199	27.25681420355089
1624839299.12	2850	44.566667	0.0	3873343	331	2.85	9.048	28	199	27.25681420355089
1624839299.73	2850	47.768728	0.0	4055051	364	2.85	9.048	28	199	27.25681420355089
1624839300.33	2850	51.156692	0.0	3383484	294	2.85	9.048	28	199	27.25681420355089
1624839300.86	2850	54.633334	0.0	3439708	290	2.85	9.048	28	199	27.25681420355089
1624839301.35	2850	58.134326	0.0	3270011	284	2.85	9.048	28	199	27.25681420355089
1624839303.89	2850	59.677416	0.0	3397053	282	2.85	13.05	43	319	26.236881559220386
1624839308.01	2850	59.687644	0.0	3855639	332	2.85	17.05	43	439	30
1624839311.62	2850	59.974696	0.0	3553518	335	2.85	21.051	43	559	29.992501874531385
1624839315.77	2850	59.946881	0.0	3560530	380	2.85	25.053	43	679	29.985007496251857
1624839319.86	2850	59.70147	0.0	3529545	334	2.85	29.053	43	799	30
1624839324.21	2850	59.491842	0.0	3944215	443	2.85	33.055	45	919	29.48525737131435
1624839327.77	2850	59.735761	0.0	2874206	274	2.85	37.055	45	1039	30
1624839331.83	2850	59.808454	0.0	3298545	313	2.85	41.055	45	1159	30
1624839335.92	2850	59.818057	0.0	3406141	322	2.85	45.057	45	1279	29.985007496251857
1624839339.99	2850	59.616315	0.0	3134119	303	2.85	49.073	45	1400	30.12948207171316
1624839343.59	2850	59.952696	0.0	3769859	343	2.85	53.074	45	1520	29.992501874531385
1624839347.7	2850	59.821262	0.0	3566857	344	2.85	57.075	45	1640	29.99250187453133
1624839351.91	2850	59.835907	0.0	3935536	369	2.85	61.075	46	1760	29.75
1624839356.04	2850	59.594908	0.0	3251953	343	2.85	65.09	46	1880	29.887920298879198
1624839359.7	2850	59.917348	0.0	3744840	377	2.85	69.092	46	2000	29.98500749625191
1624839363.8	2850	59.736764	0.0	3455854	334	2.85	73.093	46	2120	29.99250187453133
1624839367.94	2850	59.77919	0.0	3548731	338	2.85	77.093	46	2241	30.25
1624839372.11	2850	59.569648	0.0	3573884	410	2.85	81.099	46	2361	29.955067398901647
1624839375.66	2850	59.895008	0.0	3124748	304	2.85	85.112	46	2481	29.902815848492466
1624839379.79	2850	59.89599	0.0	3671669	352	2.85	89.111	46	2601	30.007501875468797
1624839383.89	2850	59.833334	0.0	3397624	323	2.85	93.112	46	2721	29.99250187453144
1624839387.93	2850	59.593563	0.0	3070410	299	2.85	97.114	46	2841	29.985007496251804
1624839392.02	2850	59.621927	0.0	3480718	324	2.85	101.115	46	2961	29.99250187453144
1624839395.62	2850	59.961441	0.0	3396325	323	2.85	105.116	46	3081	29.99250187453133
1624839399.75	2850	59.894767	0.0	3538812	342	2.85	109.118	47	3201	29.735132433783143
1624839403.85	2850	59.67547	0.0	3440498	325	2.85	113.119	47	3321	29.99250187453133
1624839407.95	2850	59.708488	0.0	3504086	336	2.85	117.12	47	3441	29.99250187453133
1624839412.04	2850	59.720807	0.0	3345088	344	2.85	121.121	47	3561	29.99250187453144
