1624818613.76	750	4	0.13	447032	53	-0.554	0	0	0	0
1624818614.37	2850	8	0.0	3731877	370	0.75	0	0	0	0
1624818614.85	2850	11.70957	0.0	2988743	285	2.85	0	0	0	0
1624818615.38	2850	15.181369	0.0	3344033	346	2.85	0	0	0	0
1624818615.91	2850	18.666667	0.0	3588671	319	2.85	0	0	0	0
1624818616.68	2850	21.933334	0.0	3516436	442	2.85	0	0	0	0
1624818617.21	2850	25.35716	0.0	3520561	306	2.85	0	0	0	0
1624818617.93	2850	28.708902	0.0	3787958	429	2.85	4.77	1	81	0
1624818618.47	2850	32.101463	0.0	3482140	313	2.85	4.77	1	81	0
1624818619.1	2850	35.492948	0.0	3620909	368	2.85	4.77	1	81	0
1624818619.71	2850	38.883863	0.0	3578596	388	2.85	4.77	1	81	0
1624818620.48	2850	42.105997	0.0	3430213	522	2.85	4.77	1	81	0
1624818621.24	2850	45.373965	0.0	3873343	497	2.85	4.77	1	81	0
1624818621.89	2850	48.7	0.0	4055051	404	2.85	8.803	3	202	29.50657079097445
1624818622.44	2850	52.15187	0.0	3383484	339	2.85	8.803	3	202	29.50657079097445
1624818623.08	2850	55.500626	0.0	3439708	399	2.85	8.803	3	202	29.50657079097445
1624818623.62	2850	58.973403	0.0	3270011	340	2.85	8.803	3	202	29.50657079097445
1624818626.9	2850	59.730513	0.0	3397053	523	2.85	12.803	3	322	30
1624818631.03	2850	59.780915	0.0	3855639	345	2.85	16.804	4	442	29.74256435891029
1624818635.18	2850	59.57074	0.0	3553518	395	2.85	20.804	4	562	30
1624818638.79	2850	59.860394	0.0	3560530	342	2.85	24.804	4	682	30
1624818642.9	2850	59.677136	0.0	3529545	317	2.85	28.805	4	802	29.992501874531357
1624818646.59	2850	59.986358	0.0	3944215	415	2.85	32.805	4	922	30
1624818651.24	2850	59.445585	0.0	2874206	375	2.85	36.807	4	1042	29.985007496251857
1624818654.88	2850	59.860911	0.0	3298545	358	2.85	40.807	4	1162	30
1624818658.99	2850	59.695963	0.0	3406141	341	2.85	44.809	4	1282	29.98500749625191
1624818663.12	2850	59.663741	0.0	3134119	386	2.85	48.81	4	1402	29.99250187453133
1624818667.28	2850	59.482676	0.0	3769859	390	2.85	52.811	4	1522	29.992501874531385
1624818670.95	2850	59.841525	0.0	3566857	398	2.85	56.824	4	1643	30.152005980563185
1624818675.12	2850	59.6	0.0	3935536	394	2.85	60.825	4	1763	29.99250187453133
1624818678.81	2850	59.968693	0.0	3251953	389	2.85	64.826	4	1883	29.99250187453144
1624818683.01	2850	59.648571	0.0	3744840	366	2.85	68.826	4	2003	30
1624818686.76	2850	59.940706	0.0	3455854	455	2.85	72.827	4	2123	29.99250187453133
1624818690.94	2850	59.661541	0.0	3548731	408	2.85	76.828	4	2243	29.99250187453133
1624818695.07	2850	59.670717	0.0	3573884	347	2.85	80.829	4	2363	29.99250187453144
1624818698.68	2850	59.997845	0.0	3124748	327	2.85	84.83	4	2483	29.99250187453133
1624818702.87	2850	59.71151	0.0	3671669	394	2.85	88.831	5	2603	29.742564358910236
1624818707.03	2850	59.828257	0.0	3397624	359	2.85	92.831	5	2723	30
1624818711.18	2850	59.622483	0.0	3070410	384	2.85	96.831	5	2843	30
1624818715.0	2850	59.919299	0.0	3480718	343	2.85	100.832	5	2963	29.99250187453144
1624818718.63	2850	59.956186	0.0	3396325	330	2.85	104.832	5	3083	30
1624818722.97	2850	59.629792	0.0	3538812	593	2.85	108.834	5	3203	29.985007496251804
1624818727.01	2850	59.63892	0.0	3440498	778	2.85	112.834	5	3323	30
1624818731.09	2850	59.940644	0.0	3504086	588	2.85	116.834	5	3443	30
1624818734.89	2850	59.721146	0.0	3345088	552	2.85	120.836	5	3563	29.98500749625191
