1624837101.73	750	4	0.204	447032	67	-0.8722	0	0	0	0
1624837102.3	1850	8	0.0	2254830	222	0.75	0	0	0	0
1624837102.7	1850	11.8	0.0	1837501	159	1.85	0	0	0	0
1624837103.2	1850	15.366667	0.0	2108748	205	1.85	0	0	0	0
1624837104.06	1850	18.5	0.0	2229492	585	1.85	0	0	0	0
1624837104.52	1850	22	0.0	2078237	183	1.85	0	0	0	0
1624837105.07	1850	25.501884	0.0	2030644	230	1.85	0	0	0	0
1624837105.69	1850	28.933334	0.0	2298831	275	1.85	5.071	5	79	0
1624837106.2	1850	32.366667	0.0	2164964	207	1.85	5.071	5	79	0
1624837106.59	1850	35.966667	0.0	2175479	204	1.85	5.071	5	79	0
1624837106.98	1850	39.549398	0.0	2156805	183	1.85	5.071	5	79	0
1624837107.34	1850	43.185229	0.0	2101523	198	1.85	5.071	5	79	0
1624837107.79	1850	46.738346	0.0	2344608	258	1.85	5.071	5	79	0
1624837108.31	1850	50.266667	0.0	2334646	196	1.85	5.071	5	79	0
1624837108.79	1850	53.8	0.0	2109579	187	1.85	5.071	5	79	0
1624837109.31	1850	57.3	0.0	2097243	191	1.85	9.072	12	199	28.242939265183708
1624837110.77	1850	59.882777	0.0	2054074	173	1.85	9.072	12	199	28.242939265183708
1624837114.67	1850	59.881272	0.0	2079344	180	1.85	13.075	15	319	29.228078940794404
1624837118.62	1850	59.904357	0.0	2353718	203	1.85	17.075	15	439	30
1624837123.06	1850	59.593817	0.0	2119053	209	1.85	21.076	15	559	29.992501874531357
1624837127.02	1850	59.658447	0.0	2145449	227	1.85	25.076	15	679	30
1624837130.96	1850	59.700428	0.0	2087310	190	1.85	29.077	15	799	29.992501874531357
1624837134.96	1850	59.737677	0.0	2348666	242	1.85	33.077	15	919	30.00000000000003
1624837138.87	1850	59.707066	0.0	1801794	180	1.85	37.077	15	1039	30
1624837142.76	1850	59.816927	0.0	1864524	179	1.85	41.078	15	1159	29.99250187453133
1624837146.71	1850	59.854033	0.0	2051691	198	1.85	45.078	15	1279	30
1624837150.62	1850	59.962489	0.0	1898420	191	1.85	49.079	15	1399	29.992501874531385
1624837155.07	1850	59.482797	0.0	2276304	210	1.85	53.08	15	1519	29.992501874531385
1624837159.02	1850	59.511669	0.0	2239013	232	1.85	57.081	15	1639	29.99250187453133
1624837163.01	1850	59.628496	0.0	2417622	229	1.85	61.081	15	1759	30
1624837166.94	1850	59.744825	0.0	1950728	177	1.85	65.082	15	1879	29.99250187453144
1624837170.93	1850	59.747629	0.0	2268079	193	1.85	69.082	15	1999	30
1624837174.94	1850	59.821317	0.0	2105954	222	1.85	73.082	16	2119	29.75
1624837178.88	1850	59.862052	0.0	2049597	206	1.85	77.082	16	2239	30
1624837182.83	1850	59.70339	0.0	2267452	219	1.85	81.083	16	2359	29.99250187453133
1624837186.83	1850	59.783078	0.0	1977775	217	1.85	85.085	16	2480	30.234882558720674
1624837190.79	1850	59.828277	0.0	2145766	210	1.85	89.086	16	2600	29.99250187453133
1624837194.7	1850	59.871734	0.0	2064567	191	1.85	93.087	16	2720	29.99250187453133
1624837198.59	1850	59.944022	0.0	1899367	176	1.85	97.088	16	2840	29.99250187453144
1624837203.02	1850	59.730276	0.0	2118078	188	1.85	101.088	16	2960	30
1624837206.94	1850	59.805773	0.0	2045638	195	1.85	105.089	16	3080	29.99250187453133
1624837210.87	1850	59.692889	0.0	2132751	211	1.85	109.089	16	3200	30
1624837214.78	1850	59.995697	0.0	2105800	202	1.85	113.09	16	3320	29.99250187453133
1624837218.81	1850	59.716751	0.0	2117310	254	1.85	117.091	17	3440	29.742564358910343
1624837222.72	1850	59.789695	0.0	2106167	203	1.85	121.092	17	3560	29.99250187453133
