1624841482.78	750	4	0.134	446149	50	-0.5711999999999999	0	0	0	0
1624841483.54	1850	8	0.0	3302713	333	0.75	0	0	0	0
1624841484.14	1850	11.8	0.0	2780269	256	1.85	0	0	0	0
1624841484.85	1850	15.15	0.0	3138830	271	1.85	0	0	0	0
1624841485.55	1850	18.433334	0.0	3252745	281	1.85	0	0	0	0
1624841486.2	1850	21.766667	0.0	3175667	269	1.85	5.114	65	133	0
1624841486.82	1850	25.133334	0.0	2962628	271	1.85	5.114	65	133	0
1624841487.64	1850	28.333334	0.0	3242545	283	1.85	5.114	65	133	0
1624841488.27	1850	31.7	0.0	2999470	258	1.85	5.114	65	133	0
1624841488.95	1850	35.083334	0.0	2926075	255	1.85	5.114	65	133	0
1624841489.49	1850	38.316667	0.0	3029009	296	1.85	5.114	65	133	0
1624841489.97	1850	41.833334	0.0	3113599	280	1.85	5.114	65	133	0
1624841490.62	1850	45.366667	0.0	3116790	264	1.85	9.17	158	377	37.22879684418146
1624841491.27	1850	48.7	0.0	3132453	283	1.85	9.17	158	377	37.22879684418146
1624841491.89	1850	52.066667	0.0	2994095	256	1.85	9.17	158	377	37.22879684418146
1624841492.37	1850	55.433334	0.0	3154088	273	1.85	9.17	158	377	37.22879684418146
1624841492.83	1850	58.966667	0.0	2803553	253	1.85	9.17	158	377	37.22879684418146
1624841496.32	1850	59.611718	0.0	3039477	262	1.85	13.172	230	617	41.979010494752615
1624841499.9	1850	59.974945	0.0	3356332	315	1.85	17.183	234	858	59.08750934928946
1624841504.48	1850	59.451432	0.0	3105690	324	1.85	21.185	238	1098	58.9705147426287
1624841508.04	1850	59.885704	0.0	3008856	302	1.85	25.185	241	1338	59.25
1624841512.21	1850	59.637229	0.0	3066869	323	1.85	29.185	244	1578	59.25
1624841516.26	1850	59.676292	0.0	3178549	315	1.85	33.186	249	1818	58.73531617095724
1624841520.26	1850	59.672815	0.0	2577778	243	1.85	37.191	253	2059	59.17602996254678
1624841524.28	1850	59.667289	0.0	2819145	278	1.85	41.193	255	2299	59.470264867566286
1624841527.79	1850	59.997472	0.0	3037564	287	1.85	45.201	257	2539	59.38123752495006
1624841532.32	1850	59.462003	0.0	2852411	288	1.85	49.201	261	2779	59
1624841536.11	1850	59.745699	0.0	3004818	576	1.85	53.201	263	3019	59.5
1624841540.13	1850	59.8	0.0	2930516	274	1.85	57.202	266	3259	59.23519120219949
1624841544.2	1850	59.668457	0.0	3381885	319	1.85	61.203	271	3499	58.73531617095719
1624841548.21	1850	59.694549	0.0	2812661	256	1.85	65.204	273	3739	59.485128717820686
1624841552.34	1850	59.483345	0.0	3529340	328	1.85	69.204	277	3979	59
1624841555.91	1850	59.895661	0.0	3274615	311	1.85	73.203	279	4219	59.51487871967978
1624841560.18	1850	59.872606	0.0	3020205	278	1.85	77.204	281	4459	59.485128717820686
1624841564.23	1850	59.776544	0.0	3084353	283	1.85	81.205	286	4699	58.73531617095719
1624841568.22	1850	59.736601	0.0	2743535	265	1.85	85.206	288	4939	59.48512871782047
1624841571.79	1850	59.993871	0.0	3049078	297	1.85	89.206	293	5179	58.75
1624841576.3	1850	59.505661	0.0	2866070	267	1.85	93.207	295	5419	59.485128717820686
1624841580.3	1850	59.609656	0.0	2786310	270	1.85	97.208	297	5660	59.73506623344157
1624841584.31	1850	59.656166	0.0	2886749	272	1.85	101.209	300	5900	59.23519120219938
1624841588.64	1850	59.593338	0.0	2928463	288	1.85	105.209	304	6140	59
1624841592.19	1850	59.753622	0.0	3115560	283	1.85	109.21	310	6380	58.485378655336305
1624841596.22	1850	59.787018	0.0	3008634	670	1.85	113.21	314	6620	59
1624841600.38	1850	59.501903	0.0	3111850	337	1.85	117.21	319	6860	58.75
1624841604.28	1850	59.619623	0.0	2982399	382	1.85	121.21	325	7100	58.5
