1624822923.53	750	4	0.142	446149	70	-0.6056	0	0	0	0
1624822924.54	2850	7.616667	0.0	5338027	710	0.75	0	0	0	0
1624822925.38	2850	10.833334	0.0	4485847	507	2.85	0	0	0	0
1624822926.27	2850	13.883334	0.0	5004689	595	2.85	0	0	0	0
1624822927.09	2850	17.05	0.0	5182650	565	2.85	0	0	0	0
1624822927.81	2850	20.316667	0.0	5173280	482	2.85	4.56	32	188	0
1624822928.54	2850	23.583334	0.0	4880493	430	2.85	4.56	32	188	0
1624822929.6	2850	26.583334	0.0	5406574	764	2.85	4.56	32	188	0
1624822930.33	2850	29.8	0.0	4844720	471	2.85	4.56	32	188	0
1624822931.01	2850	33.133334	0.0	4832207	430	2.85	4.56	32	188	0
1624822931.75	2850	36.45	0.0	4887638	434	2.85	8.561	77	428	48.73781554611347
1624822932.51	2850	39.683334	0.0	4995664	421	2.85	8.561	77	428	48.73781554611347
1624822933.29	2850	42.9	0.0	5320325	476	2.85	8.561	77	428	48.73781554611347
1624822934.13	2850	46.116667	0.0	5320224	488	2.85	8.561	77	428	48.73781554611347
1624822934.84	2850	49.333334	0.0	4822090	419	2.85	8.561	77	428	48.73781554611347
1624822935.56	2850	52.6	0.0	5024811	434	2.85	12.562	147	668	42.48937765558611
1624822936.27	2850	55.916667	0.0	4620969	416	2.85	12.562	147	668	42.48937765558611
1624822937.09	2850	59.166667	0.0	4982065	448	2.85	12.562	147	668	42.48937765558611
1624822940.4	2850	59.780599	0.0	5333279	466	2.85	16.562	200	908	46.74999999999998
1624822944.26	2850	59.852452	0.0	5166435	530	2.85	20.563	215	1148	56.235941014746345
1624822948.17	2850	59.934413	0.0	4952219	565	2.85	24.563	228	1388	56.75
1624822952.54	2850	59.626897	0.0	5148296	524	2.85	28.564	242	1628	56.485878530367394
1624822956.47	2850	59.776784	0.0	5332212	528	2.85	32.565	263	1868	54.736315921019774
1624822960.65	2850	59.453165	0.0	4130375	401	2.85	36.565	271	2108	58
1624822964.39	2850	59.859906	0.0	4502091	441	2.85	40.565	280	2348	57.75
1624822968.27	2850	59.896803	0.0	4906417	529	2.85	44.567	294	2588	56.47176411794099
1624822972.55	2850	59.554685	0.0	4606683	478	2.85	48.567	305	2828	57.25
1624822976.42	2850	59.660822	0.0	4992827	560	2.85	52.568	318	3068	56.735816045988535
1624822980.34	2850	59.866667	0.0	4833092	549	2.85	56.568	332	3308	56.5
1624822984.32	2850	59.95553	0.0	5560086	636	2.85	60.569	348	3548	55.986003499125154
1624822988.75	2850	59.480363	0.0	4512973	630	2.85	64.569	358	3788	57.5
1624822992.63	2850	59.493415	0.0	5477056	547	2.85	68.571	372	4028	56.47176411794109
1624822996.58	2850	59.603232	0.0	5211665	610	2.85	72.571	383	4268	57.25
1624823000.48	2850	59.640519	0.0	5155066	582	2.85	76.571	396	4508	56.75
1624823004.36	2850	59.87971	0.0	5042047	547	2.85	80.572	410	4748	56.48587853036734
1624823008.64	2850	59.623927	0.0	4373848	480	2.85	84.572	421	4988	57.25
1624823012.56	2850	59.628823	0.0	4955552	595	2.85	88.573	430	5228	57.735566108473016
1624823016.31	2850	59.919657	0.0	4533309	448	2.85	92.575	440	5468	57.471264367815955
1624823020.58	2850	59.490355	0.0	4404309	450	2.85	96.576	452	5708	56.985753561609734
1624823024.37	2850	59.795089	0.0	4543808	491	2.85	100.575	463	5948	57.26431607901962
1624823028.75	2850	59.442097	0.0	4672100	514	2.85	104.576	476	6188	56.735816045988635
1624823032.12	2850	59.99604	0.0	5112917	519	2.85	108.585	492	6429	56.12372162634073
1624823036.44	2850	59.733334	0.0	4777608	514	2.85	112.585	506	6669	56.5
1624823040.36	2850	59.768843	0.0	5053470	550	2.85	116.586	525	6909	55.23619095226187
1624823044.23	2850	59.996874	0.0	4782473	519	2.85	120.588	542	7149	55.7221389305348
