1624830004.79	750	4	0.197	447032	61	-0.8421	0	0	0	0
1624830005.87	2850	8	0.0	3731877	371	0.75	0	0	0	0
1624830006.47	2850	11.533334	0.0	2988743	273	2.85	0	0	0	0
1624830006.94	2850	14.971249	0.0	3344033	287	2.85	0	0	0	0
1624830007.46	2850	18.44278	0.0	3588671	312	2.85	0	0	0	0
1624830008.12	2850	21.794017	0.0	3516436	330	2.85	0	0	0	0
1624830008.73	2850	25.183257	0.0	3520561	400	2.85	4.885	3	69	0
1624830009.3	2850	28.617368	0.0	3787958	331	2.85	4.885	3	69	0
1624830009.83	2850	32.083691	0.0	3482140	301	2.85	4.885	3	69	0
1624830010.38	2850	35.557879	0.0	3620909	304	2.85	4.885	3	69	0
1624830010.95	2850	38.989357	0.0	3578596	320	2.85	4.885	3	69	0
1624830011.53	2850	42.381781	0.0	3430213	347	2.85	4.885	3	69	0
1624830012.11	2850	45.808605	0.0	3873343	319	2.85	4.885	3	69	0
1624830012.69	2850	49.236774	0.0	4055051	334	2.85	8.885	5	189	29.5
1624830013.52	2850	52.667674	0.0	3383484	307	2.85	8.885	5	189	29.5
1624830014.28	2850	55.866667	0.0	3439708	308	2.85	8.885	5	189	29.5
1624830014.81	2850	59.116139	0.0	3270011	282	2.85	8.885	5	189	29.5
1624830018.4	2850	59.511485	0.0	3397053	310	2.85	12.889	7	309	29.470529470529474
1624830022.06	2850	59.894546	0.0	3855639	362	2.85	16.888	7	429	30.00750187546885
1624830026.16	2850	59.75645	0.0	3553518	331	2.85	20.887	7	549	30.007501875468876
1624830030.27	2850	59.795515	0.0	3560530	338	2.85	24.889	7	669	29.98500749625188
1624830034.36	2850	59.552776	0.0	3529545	325	2.85	28.889	7	789	30
1624830038.03	2850	59.911053	0.0	3944215	389	2.85	32.889	7	909	29.999999999999975
1624830042.2	2850	59.872623	0.0	2874206	270	2.85	36.89	9	1029	29.492626843289194
1624830046.55	2850	59.431571	0.0	3298545	307	2.85	40.903	9	1150	30.152005980563185
1624830050.68	2850	59.487259	0.0	3406141	324	2.85	44.904	9	1270	29.99250187453133
1624830054.24	2850	59.849372	0.0	3134119	299	2.85	48.904	9	1390	30
1624830058.39	2850	59.540103	0.0	3769859	368	2.85	52.905	9	1510	29.992501874531385
1624830062.5	2850	59.650934	0.0	3566857	333	2.85	56.906	9	1630	29.992501874531385
1624830066.64	2850	59.433334	0.0	3935536	345	2.85	60.907	9	1750	29.992501874531385
1624830070.24	2850	59.718911	0.0	3251953	312	2.85	64.907	9	1870	30
1624830074.4	2850	59.760421	0.0	3744840	352	2.85	68.908	9	1990	29.99250187453133
1624830078.01	2850	59.920759	0.0	3455854	325	2.85	72.908	9	2110	30
1624830082.17	2850	59.95952	0.0	3548731	331	2.85	76.91	9	2230	29.98500749625191
1624830086.24	2850	59.828224	0.0	3573884	713	2.85	80.911	9	2350	29.99250187453133
1624830090.18	2850	59.939257	0.0	3124748	530	2.85	84.91	9	2470	30.007501875468904
1624830094.39	2850	59.809839	0.0	3671669	320	2.85	88.911	9	2590	29.99250187453133
1624830098.45	2850	59.566706	0.0	3397624	684	2.85	92.912	9	2710	29.99250187453133
1624830102.48	2850	59.618944	0.0	3070410	290	2.85	96.912	9	2830	30
1624830106.09	2850	59.961045	0.0	3480718	311	2.85	100.918	9	2950	29.955067398901647
1624830110.2	2850	59.993811	0.0	3396325	328	2.85	104.917	9	3070	30.007501875468904
1624830114.12	2850	59.993379	0.0	3538812	661	2.85	108.92	9	3190	29.977516862353234
1624830118.2	2850	59.71057	0.0	3440498	298	2.85	112.92	9	3310	30
1624830122.32	2850	59.873315	0.0	3504086	354	2.85	116.921	9	3430	29.99250187453133
1624830126.36	2850	59.661335	0.0	3345088	316	2.85	120.921	9	3550	30
