1624833188.18	750	4	0.202	447032	83	-0.8635999999999999	0	0	0	0
1624833189.11	2850	8	0.0	3731877	416	0.75	0	0	0	0
1624833190.02	2850	11.266667	0.0	2988743	550	2.85	0	0	0	0
1624833190.72	2850	14.6	0.0	3344033	306	2.85	0	0	0	0
1624833191.44	2850	17.9	0.0	3588671	326	2.85	0	0	0	0
1624833192.11	2850	21.067111	0.0	3516436	452	2.85	5	13	71	0
1624833192.76	2850	24.415783	0.0	3520561	304	2.85	5	13	71	0
1624833193.33	2850	27.933334	0.0	3787958	349	2.85	5	13	71	0
1624833193.93	2850	31.318989	0.0	3482140	290	2.85	5	13	71	0
1624833194.5	2850	34.667315	0.0	3620909	283	2.85	5	13	71	0
1624833195.12	2850	38.056741	0.0	3578596	313	2.85	5	13	71	0
1624833195.66	2850	41.533334	0.0	3430213	285	2.85	8.999	18	192	29.007251812953236
1624833196.21	2850	44.956542	0.0	3873343	321	2.85	8.999	18	192	29.007251812953236
1624833196.82	2850	48.387628	0.0	4055051	344	2.85	8.999	18	192	29.007251812953236
1624833197.31	2850	51.856373	0.0	3383484	285	2.85	8.999	18	192	29.007251812953236
1624833197.84	2850	55.366727	0.0	3439708	286	2.85	8.999	18	192	29.007251812953236
1624833198.36	2850	58.8	0.0	3270011	300	2.85	8.999	18	192	29.007251812953236
1624833201.51	2850	59.749236	0.0	3397053	286	2.85	13.002	20	312	29.477891581314015
1624833205.47	2850	59.797097	0.0	3855639	660	2.85	17.002	20	432	30.000000000000014
1624833209.57	2850	59.659918	0.0	3553518	344	2.85	21.003	20	552	29.992501874531357
1624833213.74	2850	59.458592	0.0	3560530	379	2.85	25.004	20	672	29.992501874531357
1624833217.83	2850	59.537823	0.0	3529545	340	2.85	29.005	20	792	29.992501874531385
1624833221.33	2850	59.873316	0.0	3944215	682	2.85	33.006	21	912	29.742564358910265
1624833225.35	2850	59.933334	0.0	2874206	267	2.85	37.005	21	1032	30.00750187546885
1624833229.5	2850	59.908077	0.0	3298545	391	2.85	41.006	21	1152	29.992501874531385
1624833233.58	2850	59.607846	0.0	3406141	318	2.85	45.006	21	1272	30
1624833237.28	2850	59.886148	0.0	3134119	416	2.85	49.01	21	1392	29.970029970029987
1624833241.42	2850	59.921982	0.0	3769859	352	2.85	53.01	21	1512	30
1624833245.53	2850	59.674782	0.0	3566857	336	2.85	57.012	21	1632	29.985007496251857
1624833249.71	2850	59.469111	0.0	3935536	370	2.85	61.013	21	1752	29.992501874531385
1624833253.84	2850	59.517512	0.0	3251953	338	2.85	65.013	21	1872	29.999999999999947
1624833257.76	2850	59.563644	0.0	3744840	635	2.85	69.014	21	1992	29.99250187453144
1624833261.36	2850	59.90218	0.0	3455854	320	2.85	73.014	21	2112	30
1624833265.49	2850	59.868586	0.0	3548731	341	2.85	77.014	21	2232	30
1624833269.6	2850	59.727254	0.0	3573884	325	2.85	81.015	21	2352	29.99250187453133
1624833273.67	2850	59.55324	0.0	3124748	288	2.85	85.016	21	2472	29.99250187453133
1624833277.29	2850	59.921148	0.0	3671669	358	2.85	89.016	21	2592	30
1624833281.36	2850	59.935816	0.0	3397624	313	2.85	93.016	21	2712	30
1624833285.39	2850	59.801988	0.0	3070410	265	2.85	97.018	21	2832	29.98500749625191
1624833289.5	2850	59.855771	0.0	3480718	348	2.85	101.017	21	2952	30.007501875468904
1624833293.63	2850	59.596646	0.0	3396325	335	2.85	105.019	21	3072	29.985007496251804
1624833297.33	2850	59.883055	0.0	3538812	950	2.85	109.019	21	3192	30
1624833301.65	2850	59.99046	0.0	3440498	331	2.85	113.02	21	3312	29.99250187453144
1624833305.33	2850	59.852601	0.0	3504086	354	2.85	117.021	21	3432	29.99250187453133
1624833309.4	2850	59.859825	0.0	3345088	335	2.85	121.021	21	3552	30
