1624844405.05	750	4	0.143	446149	47	-0.6099	0	0	0	0
1624844405.87	1850	8	0.0	3302713	330	0.75	0	0	0	0
1624844406.44	1850	11.616667	0.0	2780269	260	1.85	0	0	0	0
1624844407.1	1850	15.016667	0.0	3138830	281	1.85	0	0	0	0
1624844407.74	1850	18.383334	0.0	3252745	264	1.85	0	0	0	0
1624844408.4	1850	21.733334	0.0	3175667	259	1.85	0	0	0	0
1624844409.16	1850	24.9	0.0	2962628	263	1.85	5.169	57	154	0
1624844409.97	1850	28	0.0	3242545	564	1.85	5.169	57	154	0
1624844410.44	1850	31.516667	0.0	2999470	269	1.85	5.169	57	154	0
1624844410.96	1850	34.983334	0.0	2926075	314	1.85	5.169	57	154	0
1624844411.42	1850	38.533334	0.0	3029009	259	1.85	5.169	57	154	0
1624844412.04	1850	42.066667	0.0	3113599	258	1.85	5.169	57	154	0
1624844412.71	1850	45.433334	0.0	3116790	270	1.85	9.17	106	393	47.488127968007994
1624844413.38	1850	48.766667	0.0	3132453	273	1.85	9.17	106	393	47.488127968007994
1624844414.05	1850	52.05	0.0	2994095	301	1.85	9.17	106	393	47.488127968007994
1624844414.68	1850	55.416667	0.0	3154088	265	1.85	9.17	106	393	47.488127968007994
1624844415.14	1850	58.833334	0.0	2803553	244	1.85	9.17	106	393	47.488127968007994
1624844418.14	1850	59.826104	0.0	3039477	254	1.85	13.171	199	634	36.99075231192202
1624844422.39	1850	59.796913	0.0	3356332	501	1.85	17.172	203	875	59.23519120219943
1624844426.44	1850	59.550724	0.0	3105690	282	1.85	21.176	207	1115	58.94105894105898
1624844430.47	1850	59.628399	0.0	3008856	289	1.85	25.176	211	1355	59
1624844433.99	1850	59.992772	0.0	3066869	276	1.85	29.176	215	1595	59
1624844438.58	1850	59.458852	0.0	3178549	300	1.85	33.177	219	1835	58.98525368657834
1624844442.58	1850	59.494807	0.0	2577778	245	1.85	37.177	225	2075	58.5
1624844446.59	1850	59.527077	0.0	2819145	256	1.85	41.179	229	2315	58.97051474262865
1624844450.12	1850	59.826724	0.0	3037564	302	1.85	45.179	232	2555	59.25
1624844454.14	1850	59.903716	0.0	2852411	275	1.85	49.179	235	2795	59.25
1624844458.19	1850	59.722486	0.0	3004818	297	1.85	53.183	241	3035	58.44155844155848
1624844462.23	1850	59.806547	0.0	2930516	277	1.85	57.183	246	3275	58.75
1624844466.33	1850	59.704245	0.0	3381885	318	1.85	61.185	252	3515	58.47076461769112
1624844470.38	1850	59.730447	0.0	2812661	272	1.85	65.185	256	3755	59
1624844474.65	1850	59.471971	0.0	3529340	336	1.85	69.185	278	3995	54.5
1624844478.27	1850	59.79358	0.0	3274615	321	1.85	73.186	284	4235	58.4853786553361
1624844482.34	1850	59.64438	0.0	3020205	291	1.85	77.186	291	4475	58.25
1624844486.4	1850	59.673648	0.0	3084353	298	1.85	81.195	298	4716	58.36867049139457
1624844490.43	1850	59.7176	0.0	2743535	261	1.85	85.196	302	4956	58.98525368657828
1624844494.49	1850	59.616667	0.0	3049078	293	1.85	89.197	307	5196	58.73531617095719
1624844498.52	1850	59.589976	0.0	2866070	264	1.85	93.198	311	5436	58.985253686578496
1624844502.03	1850	59.881379	0.0	2786310	260	1.85	97.199	315	5676	58.98525368657828
1624844506.04	1850	59.996398	0.0	2886749	260	1.85	101.199	320	5916	58.75
1624844510.57	1850	59.462278	0.0	2928463	268	1.85	105.201	323	6156	59.22038980509752
1624844514.81	1850	59.460641	0.0	3115560	319	1.85	109.201	327	6396	59
1624844518.39	1850	59.745903	0.0	3008634	304	1.85	113.201	333	6636	58.5
1624844522.43	1850	59.752618	0.0	3111850	292	1.85	117.202	338	6876	58.73531617095719
1624844526.49	1850	59.576773	0.0	2982399	323	1.85	121.203	342	7116	58.98525368657828
