1624832459.46	750	4	0.186	446149	72	-0.7948	0	0	0	0
1624832460.32	1850	8	0.0	3302713	393	0.75	0	0	0	0
1624832460.91	1850	11.6	0.0	2780269	265	1.85	0	0	0	0
1624832461.66	1850	14.933334	0.0	3138830	300	1.85	0	0	0	0
1624832462.29	1850	18.233334	0.0	3252745	276	1.85	0	0	0	0
1624832462.92	1850	21.566667	0.0	3175667	280	1.85	5.121	45	145	0
1624832463.48	1850	24.9	0.0	2962628	250	1.85	5.121	45	145	0
1624832463.98	1850	28.416667	0.0	3242545	284	1.85	5.121	45	145	0
1624832464.59	1850	31.933334	0.0	2999470	276	1.85	5.121	45	145	0
1624832465.05	1850	35.316667	0.0	2926075	261	1.85	5.121	45	145	0
1624832465.52	1850	38.85	0.0	3029009	249	1.85	5.121	45	145	0
1624832466.0	1850	42.366667	0.0	3113599	279	1.85	5.121	45	145	0
1624832466.48	1850	45.883334	0.0	3116790	276	1.85	5.121	45	145	0
1624832466.96	1850	49.416667	0.0	3132453	271	1.85	9.123	95	394	49.725137431284374
1624832467.47	1850	52.916667	0.0	2994095	288	1.85	9.123	95	394	49.725137431284374
1624832468.04	1850	56.433334	0.0	3154088	265	1.85	9.123	95	394	49.725137431284374
1624832468.61	1850	59.883334	0.0	2803553	237	1.85	9.123	95	394	49.725137431284374
1624832472.61	1850	59.742123	0.0	3039477	273	1.85	13.122	129	635	51.76294073518379
1624832476.7	1850	59.712735	0.0	3356332	322	1.85	17.123	133	875	58.98525368657834
1624832480.74	1850	59.703764	0.0	3105690	294	1.85	21.124	136	1115	59.23519120219949
1624832484.79	1850	59.753231	0.0	3008856	281	1.85	25.125	142	1355	58.48537865533615
1624832488.86	1850	59.536781	0.0	3066869	316	1.85	29.125	147	1595	58.75
1624832492.91	1850	59.543301	0.0	3178549	285	1.85	33.128	152	1835	58.705970522108416
1624832496.42	1850	59.953835	0.0	2577778	268	1.85	37.126	154	2075	59.529764882441256
1624832500.94	1850	59.45	0.0	2819145	240	1.85	41.127	156	2315	59.48512871782047
1624832504.48	1850	59.961383	0.0	3037564	285	1.85	45.128	162	2555	58.4853786553362
1624832509.0	1850	59.505992	0.0	2852411	269	1.85	49.128	165	2795	59.25
1624832513.04	1850	59.487239	0.0	3004818	283	1.85	53.129	169	3035	58.98525368657839
1624832516.55	1850	59.794969	0.0	2930516	274	1.85	57.129	173	3275	59
1624832520.63	1850	59.76376	0.0	3381885	319	1.85	61.131	178	3515	58.720639680159884
1624832524.7	1850	59.795523	0.0	2812661	328	1.85	65.131	181	3755	59.25
1624832528.58	1850	59.880027	0.0	3529340	549	1.85	69.132	188	3995	58.235441139715
1624832532.93	1850	59.422133	0.0	3274615	582	1.85	73.132	192	4235	59
1624832536.43	1850	59.994186	0.0	3020205	263	1.85	77.133	196	4475	58.985253686578496
1624832541.0	1850	59.494404	0.0	3084353	306	1.85	81.133	200	4715	59
1624832545.11	1850	59.527622	0.0	2743535	278	1.85	85.133	202	4955	59.5
1624832548.63	1850	59.816667	0.0	3049078	281	1.85	89.135	206	5195	58.970514742628545
1624832552.76	1850	59.564902	0.0	2866070	319	1.85	93.136	213	5435	58.235441139715206
1624832556.76	1850	59.613086	0.0	2786310	267	1.85	97.136	216	5675	59.25
1624832560.84	1850	59.572013	0.0	2886749	294	1.85	101.136	218	5915	59.5
1624832564.92	1850	59.584009	0.0	2928463	328	1.85	105.136	220	6155	59.5
1624832568.46	1850	59.980861	0.0	3115560	297	1.85	109.137	225	6395	58.73531617095719
1624832573.02	1850	59.47754	0.0	3008634	276	1.85	113.137	228	6636	59.5
1624832576.66	1850	59.691469	0.0	3111850	305	1.85	117.139	231	6876	59.22038980509752
1624832580.7	1850	59.703865	0.0	2982399	297	1.85	121.14	236	7116	58.73531617095719
