1624822680.58	750	4	0.133	446149	55	-0.5669	0	0	0	0
1624822681.41	2850	8	0.0	5338027	541	0.75	0	0	0	0
1624822682.3	2850	11.383334	0.0	4485847	471	2.85	0	0	0	0
1624822683.21	2850	14.466667	0.0	5004689	475	2.85	0	0	0	0
1624822683.97	2850	17.566667	0.0	5182650	500	2.85	0	0	0	0
1624822684.72	2850	20.783334	0.0	5173280	508	2.85	4.715	37	163	0
1624822685.48	2850	24.05	0.0	4880493	494	2.85	4.715	37	163	0
1624822686.31	2850	27.25	0.0	5406574	538	2.85	4.715	37	163	0
1624822687.04	2850	30.466667	0.0	4844720	473	2.85	4.715	37	163	0
1624822687.78	2850	33.733334	0.0	4832207	477	2.85	4.715	37	163	0
1624822688.59	2850	36.933334	0.0	4887638	543	2.85	8.716	82	403	48.73781554611348
1624822689.37	2850	40.166667	0.0	4995664	464	2.85	8.716	82	403	48.73781554611348
1624822690.24	2850	43.3	0.0	5320325	595	2.85	8.716	82	403	48.73781554611348
1624822691.01	2850	46.516667	0.0	5320224	502	2.85	8.716	82	403	48.73781554611348
1624822691.73	2850	49.8	0.0	4822090	461	2.85	8.716	82	403	48.73781554611348
1624822692.49	2850	53.05	0.0	5024811	467	2.85	12.715	130	643	48.012003000750184
1624822693.21	2850	56.316667	0.0	4620969	433	2.85	12.715	130	643	48.012003000750184
1624822694.02	2850	59.6	0.0	4982065	456	2.85	12.715	130	643	48.012003000750184
1624822697.88	2850	59.635035	0.0	5333279	527	2.85	16.716	178	883	47.98800299925017
1624822701.74	2850	59.852746	0.0	5166435	542	2.85	20.722	189	1123	57.164253619570644
1624822706.05	2850	59.563817	0.0	4952219	528	2.85	24.722	198	1363	57.75
1624822709.87	2850	59.620604	0.0	5148296	526	2.85	28.723	208	1603	57.48562859285182
1624822713.82	2850	59.828477	0.0	5332212	569	2.85	32.725	221	1844	56.97151424287853
1624822717.57	2850	59.975647	0.0	4130375	483	2.85	36.725	226	2083	58.5
1624822721.84	2850	59.628956	0.0	4502091	504	2.85	40.726	232	2324	58.7353161709573
1624822725.71	2850	59.843692	0.0	4906417	584	2.85	44.726	240	2564	58
1624822729.63	2850	59.887733	0.0	4606683	643	2.85	48.726	247	2804	58.25
1624822733.89	2850	59.559289	0.0	4992827	496	2.85	52.727	253	3044	58.4853786553362
1624822737.71	2850	59.993078	0.0	4833092	522	2.85	56.727	264	3284	57.25
1624822741.69	2850	59.946223	0.0	5560086	648	2.85	60.728	281	3524	55.736065983504055
1624822745.99	2850	59.455287	0.0	4512973	469	2.85	64.728	293	3764	57.0000000000001
1624822750.03	2850	59.530789	0.0	5477056	645	2.85	68.729	307	4004	56.48587853036734
1624822753.96	2850	59.588516	0.0	5211665	580	2.85	72.729	319	4244	57
1624822757.85	2850	59.736006	0.0	5155066	554	2.85	76.731	334	4484	56.22188905547233
1624822761.73	2850	59.750732	0.0	5042047	538	2.85	80.731	349	4724	56.25
1624822766.01	2850	59.620399	0.0	4373848	480	2.85	84.731	358	4964	57.75
1624822769.81	2850	59.771584	0.0	4955552	470	2.85	88.733	370	5204	56.97151424287843
1624822774.12	2850	59.495839	0.0	4533309	483	2.85	92.733	380	5444	57.5
1624822777.93	2850	59.527323	0.0	4404309	497	2.85	96.734	394	5684	56.48587853036754
1624822781.74	2850	59.872922	0.0	4543808	478	2.85	100.735	406	5924	56.98575356160953
1624822785.61	2850	59.909651	0.0	4672100	578	2.85	104.735	416	6164	57.5
1624822789.93	2850	59.688497	0.0	5112917	489	2.85	108.735	430	6404	56.5
1624822793.71	2850	59.759942	0.0	4777608	477	2.85	112.736	442	6644	56.98575356160953
1624822798.09	2850	59.502304	0.0	5053470	540	2.85	116.737	459	6884	55.736065983504254
1624822801.98	2850	59.587581	0.0	4782473	599	2.85	120.737	468	7124	57.75
