1624827568.07	750	4	0.302	447032	180	-1.2936	0	0	0	0
1624827568.87	2850	7.733334	0.0	3731877	504	0.75	0	0	0	0
1624827569.64	2850	11.033334	0.0	2988743	441	2.85	0	0	0	0
1624827570.34	2850	14.366667	0.0	3344033	349	2.85	0	0	0	0
1624827571.04	2850	17.666667	0.0	3588671	350	2.85	0	0	0	0
1624827571.62	2850	20.974836	0.0	3516436	333	2.85	4.738	10	88	0
1624827572.2	2850	24.405598	0.0	3520561	371	2.85	4.738	10	88	0
1624827572.78	2850	27.9	0.0	3787958	341	2.85	4.738	10	88	0
1624827573.34	2850	31.270477	0.0	3482140	334	2.85	4.738	10	88	0
1624827573.88	2850	34.703662	0.0	3620909	314	2.85	4.738	10	88	0
1624827574.4	2850	38.176456	0.0	3578596	304	2.85	4.738	10	88	0
1624827574.91	2850	41.687349	0.0	3430213	291	2.85	4.738	10	88	0
1624827575.47	2850	45.114951	0.0	3873343	327	2.85	4.738	10	88	0
1624827576.06	2850	48.548083	0.0	4055051	354	2.85	8.757	15	209	28.862901219208762
1624827576.56	2850	52.021389	0.0	3383484	288	2.85	8.757	15	209	28.862901219208762
1624827577.08	2850	55.5	0.0	3439708	293	2.85	8.757	15	209	28.862901219208762
1624827577.57	2850	59.043168	0.0	3270011	280	2.85	8.757	15	209	28.862901219208762
1624827581.1	2850	59.510096	0.0	3397053	279	2.85	12.761	15	329	29.970029970029973
1624827585.25	2850	59.494983	0.0	3855639	377	2.85	16.762	15	449	29.992501874531357
1624827588.83	2850	59.822984	0.0	3553518	316	2.85	20.764	15	569	29.98500749625188
1624827593.05	2850	59.546852	0.0	3560530	437	2.85	24.763	15	689	30.00750187546885
1624827597.04	2850	59.561175	0.0	3529545	712	2.85	28.764	15	809	29.992501874531385
1624827600.74	2850	59.938155	0.0	3944215	365	2.85	32.764	16	929	29.749999999999975
1624827605.3	2850	59.48734	0.0	2874206	256	2.85	36.767	16	1049	29.977516862353234
1624827608.89	2850	59.938519	0.0	3298545	308	2.85	40.767	16	1169	30
1624827613.1	2850	59.7179	0.0	3406141	468	2.85	44.768	16	1289	29.992501874531385
1624827617.15	2850	59.553762	0.0	3134119	307	2.85	48.769	16	1409	29.992501874531385
1624827620.77	2850	59.880606	0.0	3769859	338	2.85	52.77	16	1529	29.99250187453133
1624827624.84	2850	59.833334	0.0	3566857	308	2.85	56.77	16	1649	30
1624827628.99	2850	59.838846	0.0	3935536	407	2.85	60.77	16	1769	30
1624827633.17	2850	59.562005	0.0	3251953	411	2.85	64.771	16	1889	29.992501874531385
1624827636.79	2850	59.95296	0.0	3744840	320	2.85	68.774	16	2009	29.977516862353234
1624827640.89	2850	59.733806	0.0	3455854	322	2.85	72.775	16	2129	29.99250187453133
1624827645.03	2850	59.561363	0.0	3548731	331	2.85	76.776	16	2249	29.99250187453144
1624827649.16	2850	59.579528	0.0	3573884	348	2.85	80.788	16	2370	30.159521435692916
1624827652.72	2850	59.985805	0.0	3124748	306	2.85	84.789	16	2490	29.99250187453133
1624827657.32	2850	59.461837	0.0	3671669	356	2.85	88.789	16	2610	30
1624827660.92	2850	59.839748	0.0	3397624	332	2.85	92.791	16	2730	29.98500749625191
1624827665.01	2850	59.846092	0.0	3070410	324	2.85	96.794	16	2850	29.977516862353234
1624827669.08	2850	59.546271	0.0	3480718	309	2.85	100.808	16	2970	29.8953662182361
1624827672.84	2850	59.877069	0.0	3396325	490	2.85	104.816	16	3090	29.940119760479075
1624827676.95	2850	59.847061	0.0	3538812	348	2.85	108.819	16	3210	29.977516862353234
1624827680.91	2850	59.671484	0.0	3440498	701	2.85	112.819	16	3331	30.25
1624827684.95	2850	59.750713	0.0	3504086	303	2.85	116.819	16	3451	30
1624827688.98	2850	59.72113	0.0	3345088	296	2.85	120.821	16	3571	29.98500749625191
