1624838560.18	750	4	0.229	446149	99	-0.9796999999999999	0	0	0	0
1624838561.43	1850	7.616667	0.0	3302713	798	0.75	0	0	0	0
1624838562.49	1850	10.516667	0.0	2780269	709	1.85	0	0	0	0
1624838563.27	1850	13.816667	0.0	3138830	363	1.85	0	0	0	0
1624838564.14	1850	16.966667	0.0	3252745	376	1.85	5.099	41	163	0
1624838564.81	1850	20.15	0.0	3175667	309	1.85	5.099	41	163	0
1624838565.66	1850	23.283334	0.0	2962628	468	1.85	5.099	41	163	0
1624838566.59	1850	26.35	0.0	3242545	564	1.85	5.099	41	163	0
1624838567.58	1850	29.366667	0.0	2999470	617	1.85	5.099	41	163	0
1624838568.46	1850	32.433334	0.0	2926075	566	1.85	9.238	72	411	52.42812273496014
1624838569.43	1850	35.466667	0.0	3029009	691	1.85	9.238	72	411	52.42812273496014
1624838570.36	1850	38.616667	0.0	3113599	637	1.85	9.238	72	411	52.42812273496014
1624838571.25	1850	41.883334	0.0	3116790	437	1.85	9.238	72	411	52.42812273496014
1624838572.1	1850	45.05	0.0	3132453	337	1.85	13.24	106	651	51.47426286856571
1624838572.88	1850	48.2	0.0	2994095	284	1.85	13.24	106	651	51.47426286856571
1624838573.58	1850	51.366667	0.0	3154088	306	1.85	13.24	106	651	51.47426286856571
1624838574.42	1850	54.533334	0.0	2803553	359	1.85	13.24	106	651	51.47426286856571
1624838575.21	1850	57.683334	0.0	3039477	399	1.85	13.24	106	651	51.47426286856571
1624838577.35	1850	59.837779	0.0	3356332	833	1.85	17.241	157	891	47.23819045238691
1624838581.07	1850	59.874698	0.0	3105690	296	1.85	21.241	164	1132	58.5
1624838585.1	1850	59.8801	0.0	3008856	272	1.85	25.241	168	1372	59
1624838589.15	1850	59.922295	0.0	3066869	300	1.85	29.242	172	1612	58.98525368657834
1624838593.18	1850	59.676662	0.0	3178549	288	1.85	33.242	176	1852	59.00000000000005
1624838597.15	1850	59.709148	0.0	2577778	244	1.85	37.244	181	2092	58.720639680159884
1624838601.18	1850	59.751025	0.0	2819145	289	1.85	41.244	186	2332	58.75
1624838605.25	1850	59.788075	0.0	3037564	297	1.85	45.245	191	2572	58.7353161709573
1624838609.27	1850	59.823321	0.0	2852411	265	1.85	49.245	195	2812	59
1624838613.3	1850	59.828391	0.0	3004818	288	1.85	53.245	197	3052	59.5
1624838617.33	1850	59.654203	0.0	2930516	288	1.85	57.246	199	3292	59.48512871782047
1624838620.96	1850	59.986607	0.0	3381885	361	1.85	61.246	205	3532	58.5
1624838625.51	1850	59.489903	0.0	2812661	287	1.85	65.247	207	3772	59.48512871782058
1624838629.14	1850	59.822811	0.0	3529340	359	1.85	69.248	211	4012	58.98525368657828
1624838633.23	1850	59.688811	0.0	3274615	335	1.85	73.25	215	4252	58.97051474262875
1624838637.28	1850	59.670527	0.0	3020205	279	1.85	77.25	219	4492	59
1624838641.32	1850	59.738733	0.0	3084353	285	1.85	81.251	224	4732	58.73531617095719
1624838645.32	1850	59.740715	0.0	2743535	260	1.85	85.261	227	4973	59.351620947631055
1624838649.36	1850	59.744353	0.0	3049078	299	1.85	89.261	232	5213	58.75
1624838653.35	1850	59.573185	0.0	2866070	255	1.85	93.261	235	5453	59.25
1624838657.36	1850	59.496362	0.0	2786310	280	1.85	97.264	239	5693	58.95578316262803
1624838661.4	1850	59.462502	0.0	2886749	287	1.85	101.263	242	5933	59.264816204050874
1624838664.95	1850	59.904311	0.0	2928463	296	1.85	105.266	246	6173	58.95578316262803
1624838669.0	1850	59.946251	0.0	3115560	306	1.85	109.266	251	6413	58.75
1624838673.51	1850	59.48806	0.0	3008634	294	1.85	113.266	255	6653	59
1624838677.51	1850	59.521212	0.0	3111850	277	1.85	117.267	258	6893	59.23519120219959
1624838681.01	1850	59.889071	0.0	2982399	279	1.85	121.266	260	7133	59.51487871967978
