1624814009.08	750	4	0.154	446149	68	-0.6571999999999999	0	0	0	0
1624814010.02	2850	8	0.0	5338027	570	0.75	0	0	0	0
1624814010.69	2850	11.4	0.0	4485847	436	2.85	0	0	0	0
1624814011.41	2850	14.666667	0.0	5004689	502	2.85	0	0	0	0
1624814012.16	2850	17.95	0.0	5182650	489	2.85	0	0	0	0
1624814012.87	2850	21.233334	0.0	5173280	459	2.85	4.849	16	155	0
1624814013.61	2850	24.5	0.0	4880493	491	2.85	4.849	16	155	0
1624814014.7	2850	27.433334	0.0	5406574	792	2.85	4.849	16	155	0
1624814015.5	2850	30.6	0.0	4844720	554	2.85	4.849	16	155	0
1624814016.23	2850	33.866667	0.0	4832207	472	2.85	4.849	16	155	0
1624814016.96	2850	37.15	0.0	4887638	461	2.85	8.849	59	395	49.25
1624814017.67	2850	40.433334	0.0	4995664	441	2.85	8.849	59	395	49.25
1624814018.61	2850	43.583334	0.0	5320325	581	2.85	8.849	59	395	49.25
1624814019.42	2850	46.683334	0.0	5320224	547	2.85	8.849	59	395	49.25
1624814020.11	2850	49.983334	0.0	4822090	438	2.85	8.849	59	395	49.25
1624814020.91	2850	53.166667	0.0	5024811	564	2.85	12.85	102	635	49.23769057735567
1624814021.69	2850	56.416667	0.0	4620969	500	2.85	12.85	102	635	49.23769057735567
1624814022.45	2850	59.666667	0.0	4982065	489	2.85	12.85	102	635	49.23769057735567
1624814026.28	2850	59.960631	0.0	5333279	497	2.85	16.851	134	875	51.98700324918771
1624814030.66	2850	59.461916	0.0	5166435	577	2.85	20.852	143	1115	57.73556610847287
1624814034.47	2850	59.680297	0.0	4952219	519	2.85	24.853	150	1355	58.23544113971505
1624814038.33	2850	59.728061	0.0	5148296	535	2.85	28.854	158	1595	57.98550362409401
1624814042.36	2850	59.740126	0.0	5332212	653	2.85	32.855	170	1835	56.985753561609634
1624814046.6	2850	59.523006	0.0	4130375	469	2.85	36.855	176	2075	58.5
1624814050.53	2850	59.494105	0.0	4502091	578	2.85	40.856	182	2315	58.4853786553361
1624814054.42	2850	59.821313	0.0	4906417	524	2.85	44.858	193	2555	57.221389305347394
1624814058.22	2850	59.883334	0.0	4606683	516	2.85	48.858	200	2795	58.25
1624814062.48	2850	59.592431	0.0	4992827	492	2.85	52.858	209	3035	57.75
1624814066.25	2850	59.774705	0.0	4833092	449	2.85	56.859	222	3275	56.735816045988436
1624814070.63	2850	59.452886	0.0	5560086	574	2.85	60.859	233	3515	57.25
1624814074.48	2850	59.734813	0.0	4512973	581	2.85	64.86	240	3755	58.23544113971511
1624814078.4	2850	59.846002	0.0	5477056	585	2.85	68.86	249	3995	57.75
1624814082.24	2850	59.850017	0.0	5211665	535	2.85	72.861	256	4236	58.4853786553361
1624814086.53	2850	59.593308	0.0	5155066	471	2.85	76.862	265	4476	57.735566108473016
1624814090.51	2850	59.55513	0.0	5042047	672	2.85	80.863	275	4716	57.48562859285172
1624814094.27	2850	59.895705	0.0	4373848	474	2.85	84.863	281	4956	58.5
1624814098.11	2850	59.997209	0.0	4955552	508	2.85	88.864	290	5196	57.73556610847281
1624814102.42	2850	59.788109	0.0	4533309	498	2.85	92.865	297	5436	58.235441139715206
1624814106.23	2850	59.855627	0.0	4404309	542	2.85	96.865	305	5676	58
1624814110.51	2850	59.583334	0.0	4543808	501	2.85	100.866	312	5916	58.235441139715
1624814114.3	2850	59.951936	0.0	4672100	498	2.85	104.868	320	6156	57.97101449275369
1624814118.65	2850	59.452342	0.0	5112917	530	2.85	108.868	332	6396	57
1624814122.44	2850	59.81853	0.0	4777608	513	2.85	112.868	340	6636	58
1624814126.23	2850	59.895209	0.0	5053470	496	2.85	116.87	349	6876	57.72113943028472
1624814130.51	2850	59.579704	0.0	4782473	505	2.85	120.87	356	7116	58.25
