1624815225.34	750	4	0.141	446149	78	-0.6013	0	0	0	0
1624815226.35	2850	7.55	0.0	5338027	692	0.75	0	0	0	0
1624815227.14	2850	10.7	0.0	4485847	537	2.85	0	0	0	0
1624815227.94	2850	13.9	0.0	5004689	541	2.85	0	0	0	0
1624815228.73	2850	17.116667	0.0	5182650	529	2.85	0	0	0	0
1624815229.55	2850	20.3	0.0	5173280	567	2.85	4.596	29	193	0
1624815230.38	2850	23.483334	0.0	4880493	493	2.85	4.596	29	193	0
1624815231.19	2850	26.683334	0.0	5406574	529	2.85	4.596	29	193	0
1624815232.01	2850	29.9	0.0	4844720	488	2.85	4.596	29	193	0
1624815232.73	2850	33.116667	0.0	4832207	450	2.85	4.596	29	193	0
1624815234.17	2850	35.733334	0.0	4887638	1089	2.85	8.596	77	433	48
1624815234.94	2850	38.9	0.0	4995664	526	2.85	8.596	77	433	48
1624815235.81	2850	42.116667	0.0	5320325	546	2.85	8.596	77	433	48
1624815237.05	2850	44.916667	0.0	5320224	857	2.85	8.596	77	433	48
1624815237.89	2850	47.983334	0.0	4822090	550	2.85	12.753	120	682	49.55496752465721
1624815238.73	2850	51.133334	0.0	5024811	546	2.85	12.753	120	682	49.55496752465721
1624815239.54	2850	54.3	0.0	4620969	542	2.85	12.753	120	682	49.55496752465721
1624815240.37	2850	57.466667	0.0	4982065	577	2.85	12.753	120	682	49.55496752465721
1624815242.34	2850	59.583334	0.0	5333279	1114	2.85	16.754	153	922	51.737065733566595
1624815246.32	2850	59.573301	0.0	5166435	574	2.85	20.754	185	1162	52
1624815250.1	2850	59.864172	0.0	4952219	1426	2.85	24.754	194	1402	57.75
1624815254.05	2850	59.735911	0.0	5148296	1130	2.85	28.754	204	1642	57.5
1624815258.27	2850	59.738999	0.0	5332212	1342	2.85	32.755	214	1882	57.48562859285177
1624815262.06	2850	59.72385	0.0	4130375	501	2.85	36.756	219	2122	58.7353161709573
1624815266.24	2850	59.718165	0.0	4502091	528	2.85	40.756	228	2362	57.75
1624815270.38	2850	59.480956	0.0	4906417	1329	2.85	44.757	236	2602	57.98550362409401
1624815274.35	2850	59.528323	0.0	4606683	1187	2.85	48.764	241	2843	58.89693037184919
1624815277.86	2850	59.924992	0.0	4992827	704	2.85	52.766	251	3083	57.47126436781616
1624815282.31	2850	59.619447	0.0	4833092	656	2.85	56.767	259	3323	57.98550362409391
1624815285.85	2850	59.953486	0.0	5560086	745	2.85	60.767	269	3563	57.5
1624815290.26	2850	59.746067	0.0	4512973	621	2.85	64.768	275	3803	58.4853786553362
1624815294.25	2850	59.677757	0.0	5477056	648	2.85	68.768	287	4043	57
1624815298.31	2850	59.552232	0.0	5211665	691	2.85	72.768	297	4283	57.5
1624815302.34	2850	59.564223	0.0	5155066	722	2.85	76.769	308	4523	57.235691077230626
1624815306.36	2850	59.577509	0.0	5042047	647	2.85	80.77	319	4763	57.235691077230825
1624815310.04	2850	59.777951	0.0	4373848	1802	2.85	84.77	328	5003	57.75
1624815314.45	2850	59.451344	0.0	4955552	1019	2.85	88.782	336	5244	58.07577268195413
1624815318.22	2850	59.683334	0.0	4533309	3438	2.85	92.783	336	5484	59.98500374906266
1624815323.03	2850	58.816667	0.0	4404309	4245	2.85	96.784	345	5724	57.73556610847281
1624815326.74	2850	59.166667	0.0	4543808	3372	2.85	100.784	355	5964	57.5
1624815335.9	2850	54	0.0	4672100	8791	2.85	108.785	367	6444	59.98500374906288
1624815337.6	2850	56.316667	0.0	5112917	1339	2.85	112.785	377	6684	57.5
1624815338.63	2850	59.333334	0.0	4777608	672	2.85	112.785	377	6684	57.5
1624815342.16	2850	59.795065	0.0	5053470	669	2.85	116.786	422	6924	48.73781554611341
1624815346.07	2850	59.806437	0.0	4782473	631	2.85	120.786	432	7164	57.5
