1624839047.62	750	4	0.182	446149	56	-0.7776000000000001	0	0	0	0
1624839048.38	1850	8	0.0	3302713	319	0.75	0	0	0	0
1624839049.02	1850	11.616667	0.0	2780269	263	1.85	0	0	0	0
1624839050.04	1850	14.666667	0.0	3138830	562	1.85	0	0	0	0
1624839050.66	1850	17.916667	0.0	3252745	272	1.85	0	0	0	0
1624839051.29	1850	21.333334	0.0	3175667	255	1.85	4.881	41	158	0
1624839052.0	1850	24.616667	0.0	2962628	258	1.85	4.881	41	158	0
1624839052.65	1850	28	0.0	3242545	279	1.85	4.881	41	158	0
1624839053.12	1850	31.333334	0.0	2999470	259	1.85	4.881	41	158	0
1624839053.84	1850	34.6	0.0	2926075	522	1.85	4.881	41	158	0
1624839054.5	1850	38.116667	0.0	3029009	301	1.85	4.881	41	158	0
1624839055.17	1850	41.45	0.0	3113599	301	1.85	8.882	116	392	39.74006498375407
1624839055.9	1850	44.783334	0.0	3116790	305	1.85	8.882	116	392	39.74006498375407
1624839056.42	1850	48.05	0.0	3132453	305	1.85	8.882	116	392	39.74006498375407
1624839057.03	1850	51.583334	0.0	2994095	263	1.85	8.882	116	392	39.74006498375407
1624839057.66	1850	54.933334	0.0	3154088	280	1.85	8.882	116	392	39.74006498375407
1624839058.27	1850	58.333334	0.0	2803553	265	1.85	8.882	116	392	39.74006498375407
1624839060.92	1850	59.780381	0.0	3039477	259	1.85	12.881	237	638	31.2578144536134
1624839065.02	1850	59.588714	0.0	3356332	330	1.85	16.883	240	878	59.22038980509747
1624839068.58	1850	59.923287	0.0	3105690	313	1.85	20.883	244	1118	59
1624839072.65	1850	59.963193	0.0	3008856	290	1.85	24.883	249	1358	58.75
1624839076.72	1850	59.93481	0.0	3066869	273	1.85	28.884	253	1598	58.98525368657834
1624839080.89	1850	59.704182	0.0	3178549	393	1.85	32.885	257	1838	58.98525368657839
1624839084.99	1850	59.743337	0.0	2577778	305	1.85	36.885	262	2078	58.75
1624839089.07	1850	59.49098	0.0	2819145	346	1.85	40.886	266	2318	58.98525368657828
1624839092.68	1850	59.822642	0.0	3037564	376	1.85	44.886	270	2558	59
1624839096.74	1850	59.936913	0.0	2852411	325	1.85	48.886	272	2798	59.5
1624839100.83	1850	59.653413	0.0	3004818	347	1.85	52.886	277	3038	58.75
1624839104.89	1850	59.769977	0.0	2930516	333	1.85	56.887	280	3278	59.23519120219949
1624839109.03	1850	59.529807	0.0	3381885	393	1.85	60.887	285	3519	59
1624839112.6	1850	59.936602	0.0	2812661	327	1.85	64.888	289	3758	58.73531617095719
1624839116.81	1850	59.694625	0.0	3529340	426	1.85	68.889	297	3999	58.235441139715206
1624839120.44	1850	59.985932	0.0	3274615	390	1.85	72.888	301	4239	59.01475368842197
1624839125.05	1850	59.480358	0.0	3020205	348	1.85	76.89	306	4479	58.72063968015999
1624839129.14	1850	59.484652	0.0	3084353	371	1.85	80.89	308	4719	59.5
1624839132.69	1850	59.816667	0.0	2743535	331	1.85	84.891	310	4959	59.48512871782047
1624839136.77	1850	59.778987	0.0	3049078	335	1.85	88.891	314	5199	59
1624839140.89	1850	59.60645	0.0	2866070	385	1.85	92.892	318	5439	58.985253686578496
1624839144.97	1850	59.622376	0.0	2786310	323	1.85	96.892	320	5679	59.5
1624839148.54	1850	59.979305	0.0	2886749	331	1.85	100.892	324	5919	59
1624839152.65	1850	59.772199	0.0	2928463	350	1.85	104.894	328	6159	58.970514742628545
1624839156.78	1850	59.853948	0.0	3115560	366	1.85	108.895	331	6399	59.23519120219959
1624839160.77	1850	59.721271	0.0	3008634	266	1.85	112.895	335	6639	59
1624839164.81	1850	59.795771	0.0	3111850	302	1.85	116.896	339	6879	58.98525368657828
1624839168.8	1850	59.887251	0.0	2982399	282	1.85	120.897	343	7119	58.98525368657828
