1624820066.19	750	4	0.155	446149	64	-0.6615	0	0	0	0
1624820066.76	1850	8	0.0	3302713	329	0.75	0	0	0	0
1624820067.18	1850	11.955256	0.0	2780269	252	1.85	0	0	0	0
1624820067.71	1850	15.45	0.0	3138830	305	1.85	0	0	0	0
1624820068.23	1850	18.933334	0.0	3252745	311	1.85	0	0	0	0
1624820068.73	1850	22.433334	0.0	3175667	292	1.85	0	0	0	0
1624820069.22	1850	25.95	0.0	2962628	266	1.85	0	0	0	0
1624820069.73	1850	29.45	0.0	3242545	298	1.85	5.075	12	152	0
1624820070.77	1850	32.433334	0.0	2999470	591	1.85	5.075	12	152	0
1624820071.24	1850	36	0.0	2926075	272	1.85	5.075	12	152	0
1624820071.72	1850	39.466667	0.0	3029009	258	1.85	5.075	12	152	0
1624820072.34	1850	42.933334	0.0	3113599	274	1.85	5.075	12	152	0
1624820072.88	1850	46.333334	0.0	3116790	270	1.85	5.075	12	152	0
1624820073.41	1850	49.8	0.0	3132453	258	1.85	5.075	12	152	0
1624820073.93	1850	53.3	0.0	2994095	253	1.85	9.076	64	396	47.988002999250185
1624820074.6	1850	56.716667	0.0	3154088	302	1.85	9.076	64	396	47.988002999250185
1624820075.63	1850	59.71256	0.0	2803553	272	1.85	9.076	64	396	47.988002999250185
1624820079.72	1850	59.525517	0.0	3039477	288	1.85	13.077	103	636	50.237440639840045
1624820083.36	1850	59.803871	0.0	3356332	333	1.85	17.079	112	876	57.72113943028485
1624820087.48	1850	59.812269	0.0	3105690	301	1.85	21.079	120	1116	58
1624820091.56	1850	59.611172	0.0	3008856	286	1.85	25.08	128	1357	58.23544113971511
1624820095.67	1850	59.644494	0.0	3066869	318	1.85	29.08	137	1596	57.5
1624820099.28	1850	59.971668	0.0	3178549	296	1.85	33.08	145	1837	58.25
1624820103.8	1850	59.426006	0.0	2577778	227	1.85	37.081	154	2077	57.73556610847281
1624820107.88	1850	59.458745	0.0	2819145	279	1.85	41.082	161	2317	58.23544113971511
1624820111.49	1850	59.745222	0.0	3037564	311	1.85	45.083	177	2557	55.98600349912525
1624820115.59	1850	59.778051	0.0	2852411	290	1.85	49.084	184	2797	58.235441139715
1624820119.63	1850	59.602902	0.0	3004818	275	1.85	53.085	191	3037	58.23544113971511
1624820123.22	1850	59.907903	0.0	2930516	305	1.85	57.085	198	3277	58.25
1624820127.39	1850	59.902631	0.0	3381885	348	1.85	61.086	211	3517	56.735816045988535
1624820131.45	1850	59.935546	0.0	2812661	266	1.85	65.089	220	3757	57.70671996002998
1624820135.41	1850	59.943548	0.0	3529340	650	1.85	69.1	230	3998	57.591623036649274
1624820139.58	1850	59.658321	0.0	3274615	320	1.85	73.1	241	4238	57.25
1624820143.18	1850	59.977235	0.0	3020205	311	1.85	77.101	250	4478	57.73556610847281
1624820147.29	1850	59.854975	0.0	3084353	302	1.85	81.101	261	4718	57.25
1624820151.36	1850	59.94602	0.0	2743535	292	1.85	85.102	268	4958	58.235441139715
1624820155.43	1850	59.696655	0.0	3049078	304	1.85	89.103	275	5198	58.235441139715206
1624820159.39	1850	59.738965	0.0	2866070	659	1.85	93.103	283	5438	58
1624820163.53	1850	59.884921	0.0	2786310	284	1.85	97.103	291	5678	58
1624820167.88	1850	59.483334	0.0	2886749	297	1.85	101.103	314	5918	54.25
1624820171.58	1850	59.753461	0.0	2928463	282	1.85	105.104	340	6158	53.48662834291421
1624820175.8	1850	59.428405	0.0	3115560	300	1.85	109.105	363	6398	54.23644088977749
1624820179.49	1850	59.736349	0.0	3008634	282	1.85	113.105	386	6638	54.25
1624820183.58	1850	59.592678	0.0	3111850	310	1.85	117.105	396	6878	57.5
1624820187.64	1850	59.584291	0.0	2982399	307	1.85	121.105	404	7118	58
