1624841239.98	750	4	0.188	446149	60	-0.8034	0	0	0	0
1624841241.41	2850	7.516667	0.0	5338027	942	0.75	0	0	0	0
1624841242.33	2850	10.65	0.0	4485847	447	2.85	0	0	0	0
1624841243.97	2850	13	0.0	5004689	1086	2.85	4.791	39	163	0
1624841244.78	2850	16.066667	0.0	5182650	459	2.85	4.791	39	163	0
1624841245.84	2850	19.183334	0.0	5173280	534	2.85	4.791	39	163	0
1624841246.95	2850	22.033334	0.0	4880493	628	2.85	4.791	39	163	0
1624841248.11	2850	24.783334	0.0	5406574	787	2.85	8.79	142	403	34.2585646411603
1624841249.34	2850	27.95	0.0	4844720	443	2.85	8.79	142	403	34.2585646411603
1624841250.08	2850	30.7	0.0	4832207	442	2.85	8.79	142	403	34.2585646411603
1624841251.2	2850	33.816667	0.0	4887638	591	2.85	8.79	142	403	34.2585646411603
1624841252.35	2850	36.466667	0.0	4995664	464	2.85	12.79	237	641	35.75
1624841253.45	2850	39.583334	0.0	5320325	539	2.85	12.79	237	641	35.75
1624841254.59	2850	42.566667	0.0	5320224	491	2.85	12.79	237	641	35.75
1624841255.73	2850	45.266667	0.0	4822090	427	2.85	16.791	338	883	35.241189702574346
1624841256.53	2850	48.25	0.0	5024811	532	2.85	16.791	338	883	35.241189702574346
1624841257.27	2850	51.483334	0.0	4620969	451	2.85	16.791	338	883	35.241189702574346
1624841258.37	2850	54.733334	0.0	4982065	488	2.85	16.791	338	883	35.241189702574346
1624841259.62	2850	57.266667	0.0	5333279	731	2.85	20.791	428	1123	37.5
1624841261.22	2850	59.75	0.0	5166435	543	2.85	20.791	428	1123	37.5
1624841265.24	2850	59.696581	0.0	4952219	491	2.85	24.792	516	1363	37.99050237440639
1624841269.09	2850	59.850846	0.0	5148296	510	2.85	28.792	527	1603	57.25
1624841272.97	2850	59.889727	0.0	5332212	562	2.85	32.793	541	1843	56.485878530367444
1624841277.14	2850	59.678486	0.0	4130375	401	2.85	36.794	547	2083	58.4853786553362
1624841280.95	2850	59.762108	0.0	4502091	477	2.85	40.795	560	2323	56.735816045988436
1624841285.2	2850	59.489376	0.0	4906417	430	2.85	44.797	568	2563	57.97101449275369
1624841288.95	2850	59.855651	0.0	4606683	482	2.85	48.795	575	2803	58.279139569784824
1624841293.24	2850	59.621444	0.0	4992827	510	2.85	52.804	581	3044	58.618109254178094
1624841297.29	2850	59.585098	0.0	4833092	503	2.85	56.805	620	3284	50.23744063984007
1624841301.15	2850	59.595655	0.0	5560086	517	2.85	60.805	632	3524	57
1624841304.96	2850	59.996775	0.0	4512973	523	2.85	64.806	640	3764	57.98550362409401
1624841309.35	2850	59.5036	0.0	5477056	558	2.85	68.807	652	4004	56.98575356160953
1624841313.14	2850	59.850394	0.0	5211665	951	2.85	72.809	662	4244	57.47126436781616
1624841317.31	2850	59.489195	0.0	5155066	853	2.85	76.81	674	4484	56.98575356160953
1624841321.24	2850	59.64373	0.0	5042047	653	2.85	80.81	683	4724	57.75
1624841325.1	2850	59.655803	0.0	4373848	539	2.85	84.811	689	4964	58.4853786553361
1624841329.08	2850	59.66274	0.0	4955552	642	2.85	88.811	702	5204	56.75
1624841332.86	2850	59.992	0.0	4533309	511	2.85	92.812	709	5444	58.235441139715206
1624841336.95	2850	59.761557	0.0	4404309	607	2.85	96.812	743	5684	51.5
1624841341.24	2850	59.460783	0.0	4543808	480	2.85	100.813	751	5924	57.98550362409391
1624841345.04	2850	59.728023	0.0	4672100	471	2.85	104.816	757	6165	58.705970522108416
1624841349.06	2850	59.771358	0.0	5112917	472	2.85	108.816	798	6405	49.75
1624841353.37	2850	59.45433	0.0	4777608	528	2.85	112.817	805	6645	58.235441139715206
1624841357.21	2850	59.497262	0.0	5053470	544	2.85	116.817	816	6885	57.25
1624841360.97	2850	59.755247	0.0	4782473	489	2.85	120.817	825	7125	57.75
