1624821783.41	750	4	0.159	447032	63	-0.6787	0	0	0	0
1624821783.84	1850	8	0.0	2254830	232	0.75	0	0	0	0
1624821784.14	1850	11.833749	0.0	1837501	173	1.85	0	0	0	0
1624821784.5	1850	15.509058	0.0	2108748	179	1.85	0	0	0	0
1624821784.88	1850	19.104036	0.0	2229492	224	1.85	0	0	0	0
1624821785.23	1850	22.781019	0.0	2078237	199	1.85	0	0	0	0
1624821785.62	1850	26.373476	0.0	2030644	171	1.85	0	0	0	0
1624821785.99	1850	30.007249	0.0	2298831	199	1.85	0	0	0	0
1624821786.36	1850	33.64174	0.0	2164964	185	1.85	0	0	0	0
1624821786.75	1850	37.235967	0.0	2175479	202	1.85	0	0	0	0
1624821787.1	1850	40.91191	0.0	2156805	185	1.85	4.632	0	87	0
1624821787.48	1850	44.587848	0.0	2101523	182	1.85	4.632	0	87	0
1624821787.86	1850	48.141495	0.0	2344608	189	1.85	4.632	0	87	0
1624821788.29	1850	51.734014	0.0	2334646	188	1.85	4.632	0	87	0
1624821788.67	1850	55.326635	0.0	2109579	198	1.85	4.632	0	87	0
1624821789.05	1850	58.961359	0.0	2097243	202	1.85	4.632	0	87	0
1624821792.47	1850	59.787599	0.0	2054074	185	1.85	8.633	0	207	29.99250187453137
1624821796.42	1850	59.784248	0.0	2079344	205	1.85	12.633	0	327	30
1624821800.45	1850	59.828711	0.0	2353718	257	1.85	16.635	0	447	29.985007496251857
1624821804.42	1850	59.602589	0.0	2119053	227	1.85	20.635	0	567	30
1624821808.36	1850	59.639543	0.0	2145449	212	1.85	24.652	0	688	30.12198157829226
1624821812.32	1850	59.967015	0.0	2087310	210	1.85	28.659	0	808	29.94759171449964
1624821816.31	1850	59.749987	0.0	2348666	246	1.85	32.661	0	928	29.985007496251857
1624821820.73	1850	59.466667	0.0	1801794	176	1.85	36.661	0	1048	30
1624821824.13	1850	59.89057	0.0	1864524	183	1.85	40.661	0	1168	30
1624821828.54	1850	59.638524	0.0	2051691	187	1.85	44.662	0	1288	29.992501874531385
1624821832.46	1850	59.669612	0.0	1898420	193	1.85	48.663	0	1408	29.992501874531385
1624821836.43	1850	59.812192	0.0	2276304	229	1.85	52.664	0	1528	29.99250187453133
1624821840.36	1850	59.680922	0.0	2239013	208	1.85	56.664	0	1648	30
1624821844.33	1850	59.751312	0.0	2417622	224	1.85	60.664	0	1768	30
1624821848.25	1850	59.861786	0.0	1950728	185	1.85	64.665	0	1888	29.99250187453133
1624821852.22	1850	59.961701	0.0	2268079	214	1.85	68.665	0	2008	30
1624821856.71	1850	59.5	0.0	2105954	194	1.85	72.667	0	2128	29.98500749625191
1624821860.66	1850	59.575699	0.0	2049597	195	1.85	76.668	0	2248	29.99250187453133
1624821864.11	1850	59.939478	0.0	2267452	220	1.85	80.668	0	2368	30
1624821868.53	1850	59.479948	0.0	1977775	188	1.85	84.673	0	2488	29.962546816479435
1624821872.47	1850	59.534986	0.0	2145766	207	1.85	88.673	0	2608	30
1624821876.46	1850	59.791491	0.0	2064567	237	1.85	92.673	0	2728	30
1624821880.62	1850	59.545632	0.0	1899367	239	1.85	96.673	0	2848	30
1624821884.54	1850	59.62633	0.0	2118078	660	1.85	100.675	0	2968	29.98500749625191
1624821888.53	1850	59.714332	0.0	2045638	258	1.85	104.676	0	3088	29.99250187453133
1624821892.51	1850	59.605236	0.0	2132751	244	1.85	108.677	0	3208	29.99250187453133
1624821896.49	1850	59.693671	0.0	2105800	243	1.85	112.683	0	3328	29.955067398901647
1624821900.44	1850	59.670852	0.0	2117310	240	1.85	116.684	0	3449	30.242439390152533
1624821904.36	1850	59.725649	0.0	2106167	226	1.85	120.684	0	3568	29.75
