1624832702.96	750	4	0.197	446149	64	-0.8421	0	0	0	0
1624832703.92	1850	8	0.0	3302713	348	0.75	0	0	0	0
1624832704.52	1850	11.6	0.0	2780269	278	1.85	0	0	0	0
1624832705.21	1850	15	0.0	3138830	269	1.85	0	0	0	0
1624832705.87	1850	18.3	0.0	3252745	273	1.85	0	0	0	0
1624832706.51	1850	21.65	0.0	3175667	269	1.85	4.585	43	140	0
1624832707.12	1850	25.016667	0.0	2962628	248	1.85	4.585	43	140	0
1624832707.66	1850	28.333334	0.0	3242545	338	1.85	4.585	43	140	0
1624832708.21	1850	31.9	0.0	2999470	265	1.85	4.585	43	140	0
1624832708.74	1850	35.316667	0.0	2926075	266	1.85	4.585	43	140	0
1624832709.21	1850	38.783334	0.0	3029009	263	1.85	4.585	43	140	0
1624832709.69	1850	42.3	0.0	3113599	258	1.85	4.585	43	140	0
1624832710.2	1850	45.8	0.0	3116790	286	1.85	4.585	43	140	0
1624832710.71	1850	49.316667	0.0	3132453	272	1.85	8.586	116	389	43.98900274931267
1624832711.17	1850	52.816667	0.0	2994095	256	1.85	8.586	116	389	43.98900274931267
1624832712.23	1850	56	0.0	3154088	591	1.85	8.586	116	389	43.98900274931267
1624832712.98	1850	59.3	0.0	2803553	237	1.85	8.586	116	389	43.98900274931267
1624832716.51	1850	59.505364	0.0	3039477	256	1.85	12.587	134	629	55.486128467883034
1624832720.08	1850	59.872235	0.0	3356332	312	1.85	16.588	139	869	58.73531617095724
1624832724.15	1850	59.983334	0.0	3105690	280	1.85	20.59	145	1110	58.720639680159934
1624832728.47	1850	59.557979	0.0	3008856	574	1.85	24.598	149	1350	58.882235528942125
1624832732.5	1850	59.573602	0.0	3066869	289	1.85	28.6	153	1590	58.97051474262865
1624832736.55	1850	59.602595	0.0	3178549	290	1.85	32.6	158	1830	58.75
1624832740.53	1850	59.57193	0.0	2577778	235	1.85	36.601	160	2070	59.48512871782058
1624832744.02	1850	59.93703	0.0	2819145	265	1.85	40.601	164	2310	59
1624832748.59	1850	59.522791	0.0	3037564	294	1.85	44.602	168	2550	58.98525368657839
1624832752.11	1850	59.851528	0.0	2852411	284	1.85	48.61	172	2791	59.13173652694607
1624832756.63	1850	59.533334	0.0	3004818	281	1.85	52.611	176	3031	58.98525368657839
1624832760.14	1850	59.834256	0.0	2930516	277	1.85	56.611	180	3271	59
1624832764.29	1850	59.821956	0.0	3381885	318	1.85	60.612	184	3511	58.98525368657828
1624832768.29	1850	59.89587	0.0	2812661	253	1.85	64.613	187	3751	59.23519120219949
1624832772.44	1850	59.629321	0.0	3529340	348	1.85	68.614	192	3991	58.73531617095719
1624832776.53	1850	59.719105	0.0	3274615	304	1.85	72.614	196	4231	59
1624832780.58	1850	59.496659	0.0	3020205	301	1.85	76.615	199	4471	59.23519120219959
1624832784.1	1850	59.866667	0.0	3084353	285	1.85	80.618	202	4711	59.20559580314764
1624832788.09	1850	59.891911	0.0	2743535	261	1.85	84.619	204	4951	59.48512871782047
1624832792.61	1850	59.433334	0.0	3049078	278	1.85	88.619	208	5191	59
1624832796.61	1850	59.546142	0.0	2866070	256	1.85	92.619	211	5431	59.25
1624832800.12	1850	59.960581	0.0	2786310	276	1.85	96.62	214	5671	59.23519120219938
1624832804.13	1850	59.897698	0.0	2886749	274	1.85	100.621	218	5911	58.985253686578496
1624832808.16	1850	59.855847	0.0	2928463	274	1.85	104.621	224	6151	58.5
1624832812.5	1850	59.563024	0.0	3115560	596	1.85	108.622	227	6391	59.23519120219938
1624832816.03	1850	59.929696	0.0	3008634	284	1.85	112.622	234	6631	58.25
1624832820.56	1850	59.536362	0.0	3111850	297	1.85	116.623	238	6871	58.98525368657828
1624832824.08	1850	59.980042	0.0	2982399	310	1.85	120.624	242	7111	58.985253686578496
