1624819098.57	750	4	0.143	447032	78	-0.6099	0	0	0	0
1624819099.15	2850	8	0.0	3731877	345	0.75	0	0	0	0
1624819099.62	2850	11.549385	0.0	2988743	266	2.85	0	0	0	0
1624819100.18	2850	15.02298	0.0	3344033	299	2.85	0	0	0	0
1624819100.74	2850	18.452723	0.0	3588671	336	2.85	0	0	0	0
1624819101.3	2850	21.881959	0.0	3516436	341	2.85	0	0	0	0
1624819101.84	2850	25.356	0.0	3520561	323	2.85	0	0	0	0
1624819102.46	2850	28.733334	0.0	3787958	386	2.85	4.602	0	88	0
1624819103.02	2850	32.181354	0.0	3482140	303	2.85	4.602	0	88	0
1624819103.6	2850	35.566667	0.0	3620909	308	2.85	4.602	0	88	0
1624819104.11	2850	39.039509	0.0	3578596	316	2.85	4.602	0	88	0
1624819104.62	2850	42.566667	0.0	3430213	292	2.85	4.602	0	88	0
1624819105.18	2850	46.023463	0.0	3873343	329	2.85	4.602	0	88	0
1624819105.83	2850	49.371848	0.0	4055051	402	2.85	4.602	0	88	0
1624819106.59	2850	52.596694	0.0	3383484	541	2.85	8.602	4	208	29
1624819107.17	2850	56.0268	0.0	3439708	361	2.85	8.602	4	208	29
1624819107.73	2850	59.456961	0.0	3270011	332	2.85	8.602	4	208	29
1624819111.81	2850	59.557013	0.0	3397053	331	2.85	12.603	4	328	29.99250187453137
1624819115.43	2850	59.9	0.0	3855639	342	2.85	16.603	4	448	29.999999999999986
1624819119.55	2850	59.812135	0.0	3553518	809	2.85	20.604	4	568	29.992501874531385
1624819123.77	2850	59.562445	0.0	3560530	433	2.85	24.605	4	688	29.992501874531357
1624819127.91	2850	59.435274	0.0	3529545	359	2.85	28.606	4	808	29.992501874531357
1624819131.69	2850	59.728437	0.0	3944215	463	2.85	32.607	4	928	29.992501874531385
1624819135.71	2850	59.489148	0.0	2874206	269	2.85	36.608	4	1048	29.992501874531385
1624819139.37	2850	59.816941	0.0	3298545	367	2.85	40.609	4	1168	29.99250187453133
1624819143.47	2850	59.861444	0.0	3406141	323	2.85	44.611	4	1288	29.98500749625191
1624819147.87	2850	59.767744	0.0	3134119	357	2.85	48.61	4	1408	30.00750187546885
1624819151.31	2850	59.885967	0.0	3769859	1121	2.85	52.609	4	1528	30.00750187546885
1624819155.48	2850	59.92781	0.0	3566857	390	2.85	56.615	4	1649	30.20469296055916
1624819159.22	2850	59.96782	0.0	3935536	461	2.85	60.615	4	1769	30
1624819163.28	2850	59.97311	0.0	3251953	295	2.85	64.615	4	1889	30.000000000000053
1624819167.54	2850	59.803967	0.0	3744840	438	2.85	68.617	4	2009	29.985007496251804
1624819171.66	2850	59.562213	0.0	3455854	305	2.85	72.619	4	2129	29.98500749625191
1624819175.76	2850	59.604824	0.0	3548731	325	2.85	76.618	4	2249	30.007501875468904
1624819179.37	2850	59.95738	0.0	3573884	336	2.85	80.639	4	2369	29.84332255657796
1624819183.43	2850	59.801902	0.0	3124748	281	2.85	84.641	4	2489	29.985007496251804
1624819187.55	2850	59.848918	0.0	3671669	349	2.85	88.642	4	2609	29.99250187453144
1624819191.34	2850	59.853964	0.0	3397624	491	2.85	92.658	4	2730	30.129482071713106
1624819195.43	2850	59.934851	0.0	3070410	321	2.85	96.658	4	2850	30
1624819199.56	2850	59.619057	0.0	3480718	334	2.85	100.659	4	2970	29.99250187453133
1624819203.66	2850	59.712906	0.0	3396325	350	2.85	104.66	4	3090	29.99250187453144
1624819207.59	2850	59.588849	0.0	3538812	701	2.85	108.675	4	3210	29.887920298879198
1624819211.51	2850	59.883719	0.0	3440498	629	2.85	112.675	4	3330	30
1624819215.34	2850	59.959358	0.0	3504086	1077	2.85	116.676	4	3450	29.99250187453133
1624819219.53	2850	59.74272	0.0	3345088	457	2.85	120.676	4	3570	30
