1624818373.19	750	4	0.126	446149	61	-0.5367999999999999	0	0	0	0
1624818373.8	1850	7.816667	0.0	3302713	388	0.75	0	0	0	0
1624818374.53	1850	11.233334	0.0	2780269	384	1.85	0	0	0	0
1624818375.32	1850	14.3	0.0	3138830	585	1.85	0	0	0	0
1624818375.88	1850	17.766667	0.0	3252745	341	1.85	0	0	0	0
1624818376.39	1850	21.233334	0.0	3175667	296	1.85	0	0	0	0
1624818376.87	1850	24.75	0.0	2962628	273	1.85	4.562	15	194	0
1624818377.35	1850	28.25	0.0	3242545	300	1.85	4.562	15	194	0
1624818377.9	1850	31.733334	0.0	2999470	265	1.85	4.562	15	194	0
1624818378.52	1850	35.15	0.0	2926075	388	1.85	4.562	15	194	0
1624818379.71	1850	37.916667	0.0	3029009	682	1.85	4.562	15	194	0
1624818380.26	1850	41.366667	0.0	3113599	332	1.85	4.562	15	194	0
1624818380.86	1850	44.783334	0.0	3116790	379	1.85	8.561	43	432	52.513128282070525
1624818381.47	1850	48.183334	0.0	3132453	375	1.85	8.561	43	432	52.513128282070525
1624818381.99	1850	51.633334	0.0	2994095	325	1.85	8.561	43	432	52.513128282070525
1624818383.38	1850	54.25	0.0	3154088	1184	1.85	8.561	43	432	52.513128282070525
1624818383.89	1850	57.716667	0.0	2803553	284	1.85	8.561	43	432	52.513128282070525
1624818385.91	1850	59.838839	0.0	3039477	275	1.85	12.562	70	677	54.48637840539866
1624818390.07	1850	59.637711	0.0	3356332	407	1.85	16.562	75	917	58.74999999999997
1624818393.79	1850	59.964092	0.0	3105690	458	1.85	20.563	81	1157	58.4853786553362
1624818397.9	1850	59.69458	0.0	3008856	355	1.85	24.563	85	1397	59
1624818402.0	1850	59.76845	0.0	3066869	357	1.85	28.563	90	1637	58.75
1624818406.15	1850	59.483369	0.0	3178549	389	1.85	32.564	94	1877	58.98525368657834
1624818410.17	1850	59.572674	0.0	2577778	300	1.85	36.567	96	2117	59.455408443667245
1624818413.72	1850	59.870099	0.0	2819145	322	1.85	40.568	98	2357	59.48512871782058
1624818417.74	1850	59.911859	0.0	3037564	276	1.85	44.568	101	2597	59.25
1624818421.78	1850	59.921593	0.0	2852411	315	1.85	48.568	105	2837	59
1624818425.87	1850	59.924244	0.0	3004818	346	1.85	52.569	109	3077	58.98525368657828
1624818430.07	1850	59.655713	0.0	2930516	395	1.85	56.568	112	3317	59.26481620405109
1624818433.68	1850	59.92835	0.0	3381885	378	1.85	60.569	116	3557	58.98525368657828
1624818437.78	1850	59.963276	0.0	2812661	341	1.85	64.57	121	3797	58.7353161709574
1624818441.97	1850	59.694487	0.0	3529340	426	1.85	68.572	128	4037	58.22088955522225
1624818446.07	1850	59.773356	0.0	3274615	322	1.85	72.571	134	4277	58.51462865716436
1624818450.11	1850	59.743711	0.0	3020205	296	1.85	76.572	138	4517	58.98525368657828
1624818454.21	1850	59.536145	0.0	3084353	345	1.85	80.572	144	4757	58.5
1624818457.71	1850	59.892673	0.0	2743535	256	1.85	84.573	147	4997	59.23519120219959
1624818461.77	1850	59.979962	0.0	3049078	324	1.85	88.573	151	5237	59
1624818466.28	1850	59.489658	0.0	2866070	271	1.85	92.573	153	5477	59.5
1624818470.1	1850	59.828165	0.0	2786310	315	1.85	96.575	156	5717	59.22038980509731
1624818474.12	1850	59.553076	0.0	2886749	266	1.85	100.585	159	5958	59.351620947631055
1624818477.73	1850	59.927413	0.0	2928463	376	1.85	104.585	163	6198	59
1624818481.79	1850	59.820658	0.0	3115560	307	1.85	108.586	167	6438	58.98525368657828
1624818485.84	1850	59.861308	0.0	3008634	347	1.85	112.587	169	6678	59.48512871782047
1624818489.87	1850	59.8769	0.0	3111850	294	1.85	116.587	173	6918	59
1624818493.95	1850	59.879328	0.0	2982399	345	1.85	120.587	179	7158	58.5
