1624837588.15	750	4	0.191	447032	59	-0.8162999999999999	0	0	0	0
1624837588.72	1850	8	0.0	2254830	226	0.75	0	0	0	0
1624837589.12	1850	11.633334	0.0	1837501	161	1.85	0	0	0	0
1624837589.45	1850	15.263803	0.0	2108748	197	1.85	0	0	0	0
1624837589.96	1850	18.833334	0.0	2229492	152	1.85	0	0	0	0
1624837590.4	1850	22.366667	0.0	2078237	182	1.85	0	0	0	0
1624837590.87	1850	25.933334	0.0	2030644	176	1.85	0	0	0	0
1624837591.38	1850	29.433334	0.0	2298831	202	1.85	0	0	0	0
1624837591.85	1850	32.933334	0.0	2164964	182	1.85	4.862	5	86	0
1624837592.39	1850	36.4	0.0	2175479	153	1.85	4.862	5	86	0
1624837592.92	1850	40	0.0	2156805	187	1.85	4.862	5	86	0
1624837593.54	1850	43.333334	0.0	2101523	253	1.85	4.862	5	86	0
1624837593.94	1850	46.809728	0.0	2344608	200	1.85	4.862	5	86	0
1624837594.34	1850	50.403376	0.0	2334646	201	1.85	4.862	5	86	0
1624837594.66	1850	54.07487	0.0	2109579	180	1.85	4.862	5	86	0
1624837595.03	1850	57.707506	0.0	2097243	179	1.85	4.862	5	86	0
1624837597.24	1850	59.817825	0.0	2054074	182	1.85	8.863	11	206	28.492876780804803
1624837601.13	1850	59.827724	0.0	2079344	184	1.85	12.863	11	326	30
1624837605.11	1850	59.728469	0.0	2353718	223	1.85	16.865	11	446	29.98500749625188
1624837609.16	1850	59.755881	0.0	2119053	249	1.85	20.865	11	566	30
1624837613.13	1850	59.845655	0.0	2145449	210	1.85	24.867	11	686	29.985007496251857
1624837617.07	1850	59.866667	0.0	2087310	211	1.85	28.867	11	806	30
1624837621.06	1850	59.936291	0.0	2348666	217	1.85	32.867	11	926	30.00000000000003
1624837624.97	1850	59.937538	0.0	1801794	178	1.85	36.868	11	1046	29.99250187453133
1624837628.84	1850	59.936775	0.0	1864524	177	1.85	40.869	11	1166	29.992501874531385
1624837633.24	1850	59.760683	0.0	2051691	184	1.85	44.869	11	1286	30
1624837637.17	1850	59.582641	0.0	1898420	204	1.85	48.869	11	1406	30
1624837641.13	1850	59.901561	0.0	2276304	221	1.85	52.869	11	1526	30
1624837645.08	1850	59.718999	0.0	2239013	235	1.85	56.873	11	1646	29.970029970029987
1624837649.02	1850	59.760028	0.0	2417622	232	1.85	60.874	11	1766	29.99250187453133
1624837652.94	1850	59.948424	0.0	1950728	186	1.85	64.875	11	1886	29.992501874531385
1624837656.9	1850	59.982264	0.0	2268079	219	1.85	68.875	11	2006	30
1624837661.39	1850	59.481688	0.0	2105954	196	1.85	72.876	11	2126	29.99250187453133
1624837665.34	1850	59.517279	0.0	2049597	195	1.85	76.876	11	2246	30
1624837669.32	1850	59.549297	0.0	2267452	219	1.85	80.878	11	2366	29.98500749625191
1624837673.23	1850	59.576234	0.0	1977775	198	1.85	84.878	11	2486	30
1624837677.15	1850	59.624363	0.0	2145766	192	1.85	88.879	11	2606	29.99250187453133
1624837681.09	1850	59.818016	0.0	2064567	208	1.85	92.88	11	2727	30.242439390152533
1624837685.0	1850	59.816043	0.0	1899367	180	1.85	96.879	11	2847	30.007501875468797
1624837688.98	1850	59.881877	0.0	2118078	249	1.85	100.88	11	2967	29.99250187453144
1624837692.92	1850	59.962773	0.0	2045638	197	1.85	104.88	11	3087	30
1624837697.36	1850	59.519832	0.0	2132751	211	1.85	108.882	11	3207	29.985007496251804
1624837701.27	1850	59.596719	0.0	2105800	198	1.85	112.882	11	3327	30
1624837705.17	1850	59.703786	0.0	2117310	200	1.85	116.886	11	3447	29.97002997003004
1624837709.07	1850	59.705693	0.0	2106167	200	1.85	120.886	11	3567	30
