1624838804.93	750	4	0.178	446149	43	-0.7604	0	0	0	0
1624838806.05	1850	7.85	0.0	3302713	638	0.75	0	0	0	0
1624838806.63	1850	11.166667	0.0	2780269	244	1.85	0	0	0	0
1624838807.31	1850	14.55	0.0	3138830	294	1.85	0	0	0	0
1624838808.17	1850	17.866667	0.0	3252745	296	1.85	0	0	0	0
1624838808.96	1850	20.766667	0.0	3175667	269	1.85	5.206	62	166	0
1624838809.45	1850	24.25	0.0	2962628	290	1.85	5.206	62	166	0
1624838810.1	1850	27.75	0.0	3242545	291	1.85	5.206	62	166	0
1624838810.75	1850	31.116667	0.0	2999470	282	1.85	5.206	62	166	0
1624838811.19	1850	34.5	0.0	2926075	250	1.85	5.206	62	166	0
1624838811.66	1850	38.033334	0.0	3029009	257	1.85	5.206	62	166	0
1624838812.3	1850	41.55	0.0	3113599	271	1.85	5.206	62	166	0
1624838813.21	1850	44.5	0.0	3116790	608	1.85	9.206	141	406	40.25000000000001
1624838813.7	1850	48	0.0	3132453	283	1.85	9.206	141	406	40.25000000000001
1624838814.42	1850	51.466667	0.0	2994095	306	1.85	9.206	141	406	40.25000000000001
1624838815.08	1850	54.783334	0.0	3154088	290	1.85	9.206	141	406	40.25000000000001
1624838815.67	1850	58.15	0.0	2803553	260	1.85	9.206	141	406	40.25000000000001
1624838817.68	1850	59.99649	0.0	3039477	278	1.85	13.206	210	646	42.75
1624838822.09	1850	59.785452	0.0	3356332	640	1.85	17.215	214	887	59.11698677974557
1624838826.14	1850	59.794368	0.0	3105690	297	1.85	21.218	216	1127	59.455408443667245
1624838830.2	1850	59.577972	0.0	3008856	301	1.85	25.218	222	1367	58.5
1624838834.26	1850	59.58118	0.0	3066869	305	1.85	29.219	227	1607	58.73531617095724
1624838838.34	1850	59.483964	0.0	3178549	299	1.85	33.221	231	1847	58.97051474262875
1624838841.87	1850	59.821511	0.0	2577778	246	1.85	37.22	236	2087	58.764691172793164
1624838845.91	1850	59.821071	0.0	2819145	294	1.85	41.221	239	2327	59.23519120219949
1624838850.18	1850	59.818332	0.0	3037564	280	1.85	45.221	244	2567	58.75
1624838854.16	1850	59.60192	0.0	2852411	257	1.85	49.222	249	2807	58.73531617095719
1624838858.01	1850	59.805375	0.0	3004818	289	1.85	53.223	266	3047	55.736065983504155
1624838862.02	1850	59.818312	0.0	2930516	281	1.85	57.224	268	3287	59.48512871782058
1624838866.1	1850	59.568783	0.0	3381885	334	1.85	61.224	271	3528	59.5
1624838870.11	1850	59.594327	0.0	2812661	265	1.85	65.225	275	3768	58.98525368657839
1624838874.27	1850	59.552028	0.0	3529340	355	1.85	69.225	281	4008	58.5
1624838878.2	1850	59.595355	0.0	3274615	647	1.85	73.226	286	4248	58.73531617095719
1624838881.77	1850	59.993289	0.0	3020205	298	1.85	77.227	288	4488	59.48512871782047
1624838885.85	1850	59.959125	0.0	3084353	303	1.85	81.227	294	4728	58.5
1624838889.86	1850	59.96085	0.0	2743535	259	1.85	85.229	299	4968	58.72063968015999
1624838894.38	1850	59.443442	0.0	3049078	282	1.85	89.228	301	5208	59.51487871967999
1624838897.89	1850	59.842442	0.0	2866070	275	1.85	93.229	304	5448	59.23519120219938
1624838901.87	1850	59.850568	0.0	2786310	253	1.85	97.229	306	5688	59.5
1624838905.88	1850	59.89472	0.0	2886749	266	1.85	101.229	308	5928	59.5
1624838909.9	1850	59.860454	0.0	2928463	273	1.85	105.232	313	6168	58.705970522108416
1624838913.94	1850	59.862278	0.0	3115560	295	1.85	109.233	316	6408	59.23519120219938
1624838917.96	1850	59.90661	0.0	3008634	292	1.85	113.233	320	6648	59
1624838922.06	1850	59.629511	0.0	3111850	361	1.85	117.234	323	6888	59.23519120219959
1624838926.07	1850	59.73886	0.0	2982399	280	1.85	121.234	327	7128	59
