1624834643.85	750	4	0.156	446149	63	-0.6658	0	0	0	0
1624834645.07	2850	7.816667	0.0	5338027	924	0.75	0	0	0	0
1624834645.93	2850	11.2	0.0	4485847	401	2.85	0	0	0	0
1624834646.86	2850	14.283334	0.0	5004689	444	2.85	0	0	0	0
1624834647.83	2850	17.333334	0.0	5182650	449	2.85	5.199	50	147	0
1624834648.59	2850	20.366667	0.0	5173280	471	2.85	5.199	50	147	0
1624834649.48	2850	23.65	0.0	4880493	423	2.85	5.199	50	147	0
1624834650.19	2850	26.7	0.0	5406574	480	2.85	5.199	50	147	0
1624834651.18	2850	30.05	0.0	4844720	405	2.85	5.199	50	147	0
1624834652.11	2850	33.066667	0.0	4832207	400	2.85	9.199	141	372	33.5
1624834653.03	2850	36.133334	0.0	4887638	420	2.85	9.199	141	372	33.5
1624834653.74	2850	39.183334	0.0	4995664	440	2.85	9.199	141	372	33.5
1624834654.48	2850	42.433334	0.0	5320325	481	2.85	9.199	141	372	33.5
1624834655.27	2850	45.733334	0.0	5320224	426	2.85	9.199	141	372	33.5
1624834655.94	2850	48.966667	0.0	4822090	426	2.85	13.265	282	631	29.021151008362022
1624834656.7	2850	52.283334	0.0	5024811	440	2.85	13.265	282	631	29.021151008362022
1624834657.4	2850	55.533334	0.0	4620969	406	2.85	13.265	282	631	29.021151008362022
1624834658.1	2850	58.816667	0.0	4982065	434	2.85	13.265	282	631	29.021151008362022
1624834661.58	2850	59.45421	0.0	5333279	443	2.85	17.265	359	868	40
1624834665.36	2850	59.606433	0.0	5166435	511	2.85	21.267	373	1111	57.221389305347344
1624834669.19	2850	59.679325	0.0	4952219	466	2.85	25.268	390	1351	55.736065983504105
1624834672.97	2850	59.859144	0.0	5148296	492	2.85	29.281	399	1592	57.812110640418666
1624834677.31	2850	59.57256	0.0	5332212	529	2.85	33.28	411	1832	57.01425356339082
1624834680.97	2850	59.930343	0.0	4130375	394	2.85	37.281	418	2072	58.23544113971511
1624834685.14	2850	59.905993	0.0	4502091	403	2.85	41.283	426	2312	57.97101449275359
1624834688.93	2850	59.933334	0.0	4906417	480	2.85	45.283	434	2552	58
1624834693.19	2850	59.724554	0.0	4606683	482	2.85	49.283	443	2792	57.75
1624834697.52	2850	59.468108	0.0	4992827	474	2.85	53.284	456	3032	56.735816045988535
1624834701.26	2850	59.797164	0.0	4833092	440	2.85	57.285	464	3272	57.98550362409401
1624834705.1	2850	59.910139	0.0	5560086	535	2.85	61.285	475	3512	57.25
1624834709.43	2850	59.659402	0.0	4512973	454	2.85	65.286	482	3752	58.235441139715
1624834713.32	2850	59.838109	0.0	5477056	733	2.85	69.286	531	3992	47.75
1624834717.37	2850	59.542117	0.0	5211665	750	2.85	73.287	540	4232	57.73556610847281
1624834721.23	2850	59.90889	0.0	5155066	1004	2.85	77.288	551	4472	57.235691077230825
1624834725.39	2850	59.611981	0.0	5042047	764	2.85	81.288	561	4712	57.5
1624834729.11	2850	59.727735	0.0	4373848	407	2.85	85.289	570	4952	57.73556610847281
1624834733.39	2850	59.51319	0.0	4955552	477	2.85	89.299	580	5193	57.60598503740641
1624834737.1	2850	59.801125	0.0	4533309	454	2.85	93.299	586	5433	58.5
1624834741.31	2850	59.69536	0.0	4404309	428	2.85	97.3	594	5673	57.985503624094115
1624834745.06	2850	59.978358	0.0	4543808	444	2.85	101.301	603	5913	57.73556610847281
1624834749.29	2850	59.758213	0.0	4672100	444	2.85	105.301	612	6153	57.75
1624834753.13	2850	59.830411	0.0	5112917	526	2.85	109.302	623	6393	57.235691077230626
1624834757.37	2850	59.629638	0.0	4777608	457	2.85	113.302	630	6633	58.25
1624834761.12	2850	59.991981	0.0	5053470	448	2.85	117.303	642	6873	56.985753561609734
1624834764.86	2850	59.993889	0.0	4782473	482	2.85	121.304	649	7113	58.235441139715
