1624842213.48	750	4	0.195	447032	43	-0.8335	0	0	0	0
1624842214.31	2850	8	0.0	3731877	343	0.75	0	0	0	0
1624842214.93	2850	11.533334	0.0	2988743	279	2.85	0	0	0	0
1624842215.65	2850	14.833334	0.0	3344033	363	2.85	0	0	0	0
1624842216.39	2850	18.133334	0.0	3588671	314	2.85	0	0	0	0
1624842217.08	2850	21.4	0.0	3516436	307	2.85	5.13	14	76	0
1624842217.95	2850	24.733334	0.0	3520561	293	2.85	5.13	14	76	0
1624842218.7	2850	27.966667	0.0	3787958	327	2.85	5.13	14	76	0
1624842219.22	2850	31.141668	0.0	3482140	305	2.85	5.13	14	76	0
1624842219.8	2850	34.573707	0.0	3620909	313	2.85	5.13	14	76	0
1624842220.4	2850	37.966667	0.0	3578596	347	2.85	5.13	14	76	0
1624842220.92	2850	41.433334	0.0	3430213	292	2.85	9.13	44	196	22.499999999999996
1624842221.48	2850	44.866667	0.0	3873343	323	2.85	9.13	44	196	22.499999999999996
1624842222.17	2850	48.204238	0.0	4055051	429	2.85	9.13	44	196	22.499999999999996
1624842222.67	2850	51.674718	0.0	3383484	283	2.85	9.13	44	196	22.499999999999996
1624842223.29	2850	55.066667	0.0	3439708	357	2.85	9.13	44	196	22.499999999999996
1624842223.91	2850	58.494055	0.0	3270011	316	2.85	9.13	44	196	22.499999999999996
1624842226.63	2850	59.952408	0.0	3397053	419	2.85	13.13	44	316	30
1624842230.63	2850	59.971174	0.0	3855639	687	2.85	17.131	44	436	29.99250187453137
1624842235.05	2850	59.482272	0.0	3553518	643	2.85	21.132	44	556	29.992501874531357
1624842238.91	2850	59.521611	0.0	3560530	586	2.85	25.142	44	676	29.925187032418968
1624842243.04	2850	59.488865	0.0	3529545	355	2.85	29.143	44	796	29.992501874531357
1624842246.84	2850	59.606799	0.0	3944215	378	2.85	33.144	47	916	29.2426893276681
1624842250.9	2850	59.47498	0.0	2874206	267	2.85	37.147	47	1036	29.977516862353234
1624842254.49	2850	59.910401	0.0	3298545	309	2.85	41.147	47	1156	30
1624842258.59	2850	59.911964	0.0	3406141	331	2.85	45.149	47	1276	29.985007496251857
1624842262.66	2850	59.958742	0.0	3134119	290	2.85	49.149	47	1396	30
1624842266.78	2850	59.672742	0.0	3769859	348	2.85	53.149	47	1516	30
1624842270.89	2850	59.667836	0.0	3566857	331	2.85	57.149	47	1636	30
1624842275.02	2850	59.502717	0.0	3935536	824	2.85	61.15	47	1756	29.992501874531385
1624842278.58	2850	59.8	0.0	3251953	303	2.85	65.15	47	1876	29.999999999999947
1624842282.75	2850	59.801962	0.0	3744840	361	2.85	69.152	48	1996	29.735132433783143
1624842286.91	2850	59.59682	0.0	3455854	363	2.85	73.153	48	2116	29.99250187453133
1624842290.66	2850	59.866667	0.0	3548731	440	2.85	77.154	48	2236	29.99250187453144
1624842294.79	2850	59.736103	0.0	3573884	337	2.85	81.153	48	2356	30.007501875468797
1624842298.9	2850	59.594509	0.0	3124748	311	2.85	85.154	48	2476	29.99250187453144
1624842302.53	2850	59.925305	0.0	3671669	348	2.85	89.155	48	2596	29.99250187453133
1624842306.59	2850	59.937782	0.0	3397624	301	2.85	93.155	48	2716	30
1624842310.61	2850	59.762168	0.0	3070410	280	2.85	97.156	48	2836	29.99250187453133
1624842314.74	2850	59.766667	0.0	3480718	365	2.85	101.156	48	2956	30
1624842318.82	2850	59.643273	0.0	3396325	312	2.85	105.157	48	3076	29.99250187453144
1624842322.63	2850	59.926133	0.0	3538812	337	2.85	109.159	48	3196	29.985007496251804
1624842326.76	2850	59.608811	0.0	3440498	343	2.85	113.159	48	3316	30
1624842330.86	2850	59.693109	0.0	3504086	326	2.85	117.159	48	3436	30
1624842334.89	2850	59.719525	0.0	3345088	312	2.85	121.16	48	3556	29.99250187453144
