1624824626.8	750	4	0.167	447032	45	-0.7131000000000001	0	0	0	0
1624824627.34	1850	8	0.0	2254830	222	0.75	0	0	0	0
1624824627.72	1850	12	0.0	1837501	176	1.85	0	0	0	0
1624824628.17	1850	15.633334	0.0	2108748	215	1.85	0	0	0	0
1624824628.54	1850	19.224274	0.0	2229492	218	1.85	0	0	0	0
1624824628.88	1850	22.897412	0.0	2078237	192	1.85	0	0	0	0
1624824629.26	1850	26.533694	0.0	2030644	182	1.85	0	0	0	0
1624824629.67	1850	30.128823	0.0	2298831	195	1.85	0	0	0	0
1624824630.15	1850	33.639871	0.0	2164964	294	1.85	0	0	0	0
1624824630.57	1850	37.271457	0.0	2175479	194	1.85	5.047	1	75	0
1624824630.95	1850	40.824164	0.0	2156805	190	1.85	5.047	1	75	0
1624824631.35	1850	44.460542	0.0	2101523	173	1.85	5.047	1	75	0
1624824631.78	1850	48.013613	0.0	2344608	227	1.85	5.047	1	75	0
1624824632.18	1850	51.607749	0.0	2334646	213	1.85	5.047	1	75	0
1624824632.54	1850	55.242275	0.0	2109579	187	1.85	5.047	1	75	0
1624824632.91	1850	58.878547	0.0	2097243	191	1.85	5.047	1	75	0
1624824636.32	1850	59.544459	0.0	2054074	169	1.85	9.047	1	195	29.999999999999993
1624824640.31	1850	59.515181	0.0	2079344	251	1.85	13.049	1	315	29.98500749625188
1624824644.28	1850	59.559385	0.0	2353718	226	1.85	17.049	1	435	30
1624824648.2	1850	59.633501	0.0	2119053	195	1.85	21.05	1	555	29.992501874531357
1624824652.24	1850	59.750019	0.0	2145449	302	1.85	25.05	1	675	30
1624824656.28	1850	59.525922	0.0	2087310	299	1.85	29.05	1	795	30
1624824659.93	1850	59.959292	0.0	2348666	384	1.85	33.051	1	915	29.992501874531357
1624824664.48	1850	59.466667	0.0	1801794	291	1.85	37.052	1	1035	29.992501874531385
1624824668.53	1850	59.478719	0.0	1864524	288	1.85	41.056	1	1155	29.970029970029987
1624824672.07	1850	59.818425	0.0	2051691	337	1.85	45.057	1	1275	29.99250187453133
1624824676.14	1850	59.796575	0.0	1898420	258	1.85	49.057	1	1395	30
1624824680.2	1850	59.827182	0.0	2276304	313	1.85	53.058	1	1515	29.992501874531385
1624824684.16	1850	59.651301	0.0	2239013	219	1.85	57.059	1	1635	29.992501874531385
1624824688.13	1850	59.686829	0.0	2417622	228	1.85	61.059	1	1755	30
1624824692.07	1850	59.827295	0.0	1950728	188	1.85	65.059	1	1875	30
1624824696.05	1850	59.896627	0.0	2268079	216	1.85	69.061	1	1995	29.985007496251804
1624824699.99	1850	59.906735	0.0	2105954	197	1.85	73.061	1	2115	30
1624824704.43	1850	59.500376	0.0	2049597	182	1.85	77.061	1	2235	30
1624824707.9	1850	59.970897	0.0	2267452	218	1.85	81.063	1	2355	29.98500749625191
1624824712.32	1850	59.463584	0.0	1977775	186	1.85	85.068	1	2476	30.212234706616762
1624824716.25	1850	59.56168	0.0	2145766	213	1.85	89.068	1	2596	30
1624824720.18	1850	59.6	0.0	2064567	194	1.85	93.07	1	2716	29.98500749625191
1624824724.06	1850	59.920583	0.0	1899367	172	1.85	97.07	1	2836	30
1624824728.04	1850	59.951729	0.0	2118078	226	1.85	101.071	1	2956	29.99250187453133
1624824732.47	1850	59.519305	0.0	2045638	184	1.85	105.072	1	3076	29.99250187453133
1624824736.43	1850	59.552032	0.0	2132751	204	1.85	109.072	1	3196	30
1624824739.86	1850	59.94943	0.0	2105800	193	1.85	113.072	1	3316	30
1624824744.29	1850	59.769318	0.0	2117310	184	1.85	117.073	1	3436	29.99250187453144
1624824748.19	1850	59.838282	0.0	2106167	183	1.85	121.074	1	3556	29.99250187453133
