1624836615.93	750	4	0.152	447032	60	-0.6486000000000001	0	0	0	0
1624836616.79	2850	7.666667	0.0	3731877	353	0.75	0	0	0	0
1624836617.43	2850	11.033334	0.0	2988743	293	2.85	0	0	0	0
1624836618.08	2850	14.4	0.0	3344033	286	2.85	0	0	0	0
1624836618.76	2850	17.733334	0.0	3588671	301	2.85	0	0	0	0
1624836619.29	2850	21.059562	0.0	3516436	305	2.85	4.882	15	86	0
1624836619.89	2850	24.450864	0.0	3520561	379	2.85	4.882	15	86	0
1624836620.48	2850	28	0.0	3787958	380	2.85	4.882	15	86	0
1624836621.0	2850	31.353101	0.0	3482140	300	2.85	4.882	15	86	0
1624836621.54	2850	34.823018	0.0	3620909	294	2.85	4.882	15	86	0
1624836622.49	2850	37.882155	0.0	3578596	704	2.85	4.882	15	86	0
1624836623.18	2850	41.333334	0.0	3430213	285	2.85	4.882	15	86	0
1624836624.11	2850	44.533334	0.0	3873343	400	2.85	8.931	26	207	27.167201778216846
1624836624.91	2850	47.633334	0.0	4055051	352	2.85	8.931	26	207	27.167201778216846
1624836625.57	2850	50.9	0.0	3383484	289	2.85	8.931	26	207	27.167201778216846
1624836626.25	2850	54.233334	0.0	3439708	305	2.85	8.931	26	207	27.167201778216846
1624836626.91	2850	57.566667	0.0	3270011	269	2.85	8.931	26	207	27.167201778216846
1624836628.68	2850	59.712244	0.0	3397053	373	2.85	12.932	64	328	20.744813796550854
1624836633.03	2850	59.476715	0.0	3855639	382	2.85	16.932	71	447	28.000000000000014
1624836636.62	2850	59.739014	0.0	3553518	339	2.85	20.932	71	568	30.25
1624836640.73	2850	59.771913	0.0	3560530	333	2.85	24.935	71	688	29.977516862353234
1624836644.85	2850	59.594837	0.0	3529545	339	2.85	28.934	71	808	30.00750187546885
1624836648.54	2850	59.959705	0.0	3944215	381	2.85	32.938	72	928	29.72027972027971
1624836653.08	2850	59.468505	0.0	2874206	284	2.85	36.939	72	1048	29.992501874531385
1624836656.68	2850	59.80574	0.0	3298545	365	2.85	40.94	72	1168	29.992501874531385
1624836660.76	2850	59.582213	0.0	3406141	329	2.85	44.94	72	1288	30
1624836664.79	2850	59.604796	0.0	3134119	307	2.85	48.941	72	1408	29.99250187453133
1624836668.46	2850	59.894366	0.0	3769859	367	2.85	52.942	72	1528	29.992501874531385
1624836672.59	2850	59.980489	0.0	3566857	341	2.85	56.941	72	1648	30.00750187546885
1624836676.79	2850	59.66765	0.0	3935536	355	2.85	60.942	73	1768	29.74256435891029
1624836680.92	2850	59.734948	0.0	3251953	299	2.85	64.943	73	1888	29.992501874531385
1624836685.05	2850	59.470726	0.0	3744840	350	2.85	68.943	73	2008	30
1624836688.66	2850	59.837197	0.0	3455854	325	2.85	72.944	73	2128	29.99250187453133
1624836692.84	2850	59.666834	0.0	3548731	389	2.85	76.949	73	2248	29.962546816479435
1624836696.88	2850	59.495837	0.0	3573884	735	2.85	80.949	73	2368	30
1624836700.96	2850	59.469307	0.0	3124748	321	2.85	84.95	73	2488	29.99250187453133
1624836704.65	2850	59.837735	0.0	3671669	428	2.85	88.949	73	2608	30.007501875468904
1624836708.72	2850	59.638705	0.0	3397624	313	2.85	92.951	73	2728	29.98500749625191
1624836712.88	2850	59.46952	0.0	3070410	376	2.85	96.951	73	2848	30
1624836716.98	2850	59.533334	0.0	3480718	342	2.85	100.951	73	2968	30
1624836720.55	2850	59.811518	0.0	3396325	357	2.85	104.952	73	3088	29.99250187453133
1624836724.68	2850	59.82179	0.0	3538812	362	2.85	108.953	73	3208	29.99250187453133
1624836728.74	2850	59.60789	0.0	3440498	329	2.85	112.952	73	3328	30.007501875468904
1624836732.84	2850	59.688704	0.0	3504086	340	2.85	116.954	73	3448	29.98500749625191
1624836736.9	2850	59.455234	0.0	3345088	324	2.85	120.955	73	3568	29.99250187453133
