1624844906.05	750	4	0.186	446149	38	-0.7948	0	0	0	0
1624844907.55	1850	7.3	0.0	3302713	1074	0.75	0	0	0	0
1624844908.16	1850	10.666667	0.0	2780269	277	1.85	0	0	0	0
1624844908.83	1850	14	0.0	3138830	299	1.85	0	0	0	0
1624844909.5	1850	17.35	0.0	3252745	289	1.85	4.903	42	158	0
1624844910.22	1850	20.633334	0.0	3175667	351	1.85	4.903	42	158	0
1624844910.95	1850	24	0.0	2962628	240	1.85	4.903	42	158	0
1624844912.06	1850	26.8	0.0	3242545	501	1.85	4.903	42	158	0
1624844912.67	1850	30.15	0.0	2999470	259	1.85	4.903	42	158	0
1624844913.28	1850	33.55	0.0	2926075	256	1.85	4.903	42	158	0
1624844913.91	1850	36.933334	0.0	3029009	263	1.85	8.902	151	408	35.258814703675924
1624844914.66	1850	40.3	0.0	3113599	270	1.85	8.902	151	408	35.258814703675924
1624844915.71	1850	43.133334	0.0	3116790	442	1.85	8.902	151	408	35.258814703675924
1624844916.36	1850	46.483334	0.0	3132453	278	1.85	8.902	151	408	35.258814703675924
1624844916.99	1850	49.85	0.0	2994095	271	1.85	8.902	151	408	35.258814703675924
1624844917.69	1850	53.15	0.0	3154088	313	1.85	12.902	257	648	33.5
1624844918.29	1850	56.55	0.0	2803553	234	1.85	12.902	257	648	33.5
1624844919.82	1850	59.016667	0.0	3039477	794	1.85	12.902	257	648	33.5
1624844923.16	1850	59.842294	0.0	3356332	287	1.85	16.903	335	888	40.48987753061735
1624844927.19	1850	59.635452	0.0	3105690	765	1.85	20.904	355	1128	54.98625343664082
1624844931.29	1850	59.690077	0.0	3008856	849	1.85	24.904	374	1368	55.25
1624844935.14	1850	59.775431	0.0	3066869	304	1.85	28.908	395	1609	54.94505494505493
1624844939.22	1850	59.663159	0.0	3178549	348	1.85	32.908	416	1849	54.75
1624844942.9	1850	59.99626	0.0	2577778	247	1.85	36.908	431	2089	56.25
1624844947.18	1850	59.737901	0.0	2819145	482	1.85	40.919	449	2329	55.34779356768892
1624844951.23	1850	59.628256	0.0	3037564	569	1.85	44.92	468	2569	55.23619095226187
1624844955.01	1850	59.92916	0.0	2852411	293	1.85	48.92	483	2809	56.25
1624844959.1	1850	59.723711	0.0	3004818	382	1.85	52.921	501	3049	55.48612846788306
1624844963.17	1850	59.735981	0.0	2930516	363	1.85	56.922	518	3289	55.736065983504155
1624844967.19	1850	59.583334	0.0	3381885	360	1.85	60.923	542	3529	53.9865033741564
1624844970.98	1850	59.902833	0.0	2812661	273	1.85	64.923	561	3769	55.25
1624844974.89	1850	59.95	0.0	3529340	335	1.85	68.923	583	4009	54.5
1624844979.06	1850	59.944911	0.0	3274615	1158	1.85	72.923	603	4249	55
1624844983.01	1850	59.870342	0.0	3020205	298	1.85	76.924	623	4489	54.98625343664077
1624844987.29	1850	59.621198	0.0	3084353	297	1.85	80.924	642	4729	55.25
1624844991.18	1850	59.603931	0.0	2743535	292	1.85	84.926	658	4970	56.22188905547233
1624844994.83	1850	59.944584	0.0	3049078	282	1.85	88.925	675	5210	55.76394098524638
1624844998.98	1850	59.738542	0.0	2866070	279	1.85	92.928	694	5450	55.208593554833875
1624845003.11	1850	59.694125	0.0	2786310	263	1.85	96.928	713	5690	55.25
1624845007.07	1850	59.77424	0.0	2886749	583	1.85	100.93	731	5930	55.47226386806584
1624845011.24	1850	59.462524	0.0	2928463	279	1.85	104.929	750	6170	55.26381595398856
1624845014.93	1850	59.957166	0.0	3115560	298	1.85	108.931	771	6410	54.722638680659735
1624845019.08	1850	59.722341	0.0	3008634	288	1.85	112.931	791	6650	55
1624845023.24	1850	59.485074	0.0	3111850	294	1.85	116.931	811	6890	55
1624845026.88	1850	59.962083	0.0	2982399	288	1.85	120.935	828	7130	55.694305694305626
