1624825599.18	750	4	0.191	446149	60	-0.8162999999999999	0	0	0	0
1624825600.34	2850	7.833334	0.0	5338027	739	0.75	0	0	0	0
1624825601.14	2850	11.05	0.0	4485847	390	2.85	0	0	0	0
1624825601.96	2850	14.216667	0.0	5004689	442	2.85	0	0	0	0
1624825602.85	2850	17.4	0.0	5182650	441	2.85	4.898	45	155	0
1624825603.66	2850	20.4	0.0	5173280	434	2.85	4.898	45	155	0
1624825604.51	2850	23.716667	0.0	4880493	417	2.85	4.898	45	155	0
1624825605.34	2850	26.816667	0.0	5406574	458	2.85	4.898	45	155	0
1624825605.99	2850	30.05	0.0	4844720	407	2.85	4.898	45	155	0
1624825606.67	2850	33.4	0.0	4832207	399	2.85	8.897	126	395	39.759939984996244
1624825607.34	2850	36.7	0.0	4887638	418	2.85	8.897	126	395	39.759939984996244
1624825608.02	2850	40.033334	0.0	4995664	404	2.85	8.897	126	395	39.759939984996244
1624825609.17	2850	42.916667	0.0	5320325	847	2.85	8.897	126	395	39.759939984996244
1624825610.0	2850	46.15	0.0	5320224	441	2.85	8.897	126	395	39.759939984996244
1624825610.65	2850	49.366667	0.0	4822090	409	2.85	12.898	175	637	48.23794051487129
1624825611.33	2850	52.716667	0.0	5024811	407	2.85	12.898	175	637	48.23794051487129
1624825611.99	2850	56.05	0.0	4620969	384	2.85	12.898	175	637	48.23794051487129
1624825612.7	2850	59.383334	0.0	4982065	393	2.85	12.898	175	637	48.23794051487129
1624825616.45	2850	59.563776	0.0	5333279	437	2.85	16.898	218	881	50.25
1624825620.27	2850	59.914257	0.0	5166435	456	2.85	20.899	227	1121	57.73556610847287
1624825624.53	2850	59.59573	0.0	4952219	404	2.85	24.904	237	1361	57.428214731585534
1624825628.52	2850	59.662711	0.0	5148296	611	2.85	28.905	246	1601	57.73556610847287
1624825632.49	2850	59.650074	0.0	5332212	619	2.85	32.908	256	1841	57.456907319510364
1624825636.14	2850	59.969091	0.0	4130375	379	2.85	36.909	263	2081	58.23544113971511
1624825640.34	2850	59.65686	0.0	4502091	442	2.85	40.909	271	2321	58
1624825644.27	2850	59.805999	0.0	4906417	445	2.85	44.91	304	2561	51.73706573356664
1624825648.48	2850	59.629603	0.0	4606683	434	2.85	48.909	312	2801	58.01450362590644
1624825652.37	2850	59.751788	0.0	4992827	557	2.85	52.91	326	3041	56.485878530367444
1624825656.09	2850	59.983334	0.0	4833092	421	2.85	56.91	336	3281	57.5
1624825660.38	2850	59.672402	0.0	5560086	491	2.85	60.911	346	3521	57.48562859285172
1624825664.58	2850	59.460803	0.0	4512973	412	2.85	64.911	354	3761	58
1624825668.46	2850	59.774278	0.0	5477056	496	2.85	68.912	364	4001	57.48562859285172
1624825672.53	2850	59.820268	0.0	5211665	971	2.85	72.912	372	4241	58
1624825676.46	2850	59.644794	0.0	5155066	804	2.85	76.92	383	4482	57.385229540918225
1624825680.32	2850	59.943076	0.0	5042047	1151	2.85	80.92	396	4722	56.75
1624825684.36	2850	59.93703	0.0	4373848	374	2.85	84.92	406	4962	57.5
1624825688.19	2850	59.905865	0.0	4955552	1076	2.85	88.921	414	5202	57.98550362409391
1624825692.36	2850	59.609801	0.0	4533309	1073	2.85	92.921	423	5442	57.75
1624825696.75	2850	59.49662	0.0	4404309	1459	2.85	96.922	433	5682	57.485628592851924
1624825700.4	2850	59.801153	0.0	4543808	383	2.85	100.921	439	5922	58.51462865716415
1624825704.3	2850	59.963206	0.0	4672100	439	2.85	104.922	450	6162	57.235691077230825
1624825708.63	2850	59.438284	0.0	5112917	486	2.85	108.925	464	6402	56.45765675743193
1624825712.38	2850	59.728674	0.0	4777608	433	2.85	112.924	475	6642	57.26431607901962
1624825716.32	2850	59.907387	0.0	5053470	434	2.85	116.925	494	6882	55.23619095226206
1624825720.33	2850	59.903245	0.0	4782473	475	2.85	120.925	508	7122	56.5
