1624821055.22	750	4	0.238	447032	139	-1.0184000000000002	0	0	0	0
1624821055.87	2850	8	0.0	3731877	389	0.75	0	0	0	0
1624821056.37	2850	11.508935	0.0	2988743	319	2.85	0	0	0	0
1624821056.9	2850	14.983281	0.0	3344033	326	2.85	0	0	0	0
1624821057.45	2850	18.453828	0.0	3588671	329	2.85	0	0	0	0
1624821057.99	2850	21.923682	0.0	3516436	312	2.85	0	0	0	0
1624821058.52	2850	25.366667	0.0	3520561	316	2.85	0	0	0	0
1624821059.22	2850	28.766667	0.0	3787958	374	2.85	4.678	0	83	0
1624821059.81	2850	32.133334	0.0	3482140	304	2.85	4.678	0	83	0
1624821060.46	2850	35.5	0.0	3620909	347	2.85	4.678	0	83	0
1624821061.09	2850	38.866667	0.0	3578596	335	2.85	4.678	0	83	0
1624821061.69	2850	42.233334	0.0	3430213	345	2.85	4.678	0	83	0
1624821062.36	2850	45.633334	0.0	3873343	347	2.85	4.678	0	83	0
1624821063.13	2850	48.9	0.0	4055051	399	2.85	8.677	12	203	27.006751687921984
1624821063.7	2850	52.233334	0.0	3383484	306	2.85	8.677	12	203	27.006751687921984
1624821064.3	2850	55.633334	0.0	3439708	321	2.85	8.677	12	203	27.006751687921984
1624821065.01	2850	59.066667	0.0	3270011	305	2.85	8.677	12	203	27.006751687921984
1624821068.29	2850	59.807574	0.0	3397053	333	2.85	12.679	34	323	24.487756121939025
1624821072.04	2850	59.856844	0.0	3855639	412	2.85	16.678	35	443	29.757439359839957
1624821076.25	2850	59.759232	0.0	3553518	394	2.85	20.681	36	563	29.727704221833623
1624821080.42	2850	59.479719	0.0	3560530	372	2.85	24.68	36	683	30.007501875468876
1624821084.07	2850	59.833334	0.0	3529545	367	2.85	28.683	36	803	29.977516862353234
1624821088.29	2850	59.797088	0.0	3944215	443	2.85	32.683	36	923	30
1624821092.33	2850	59.800052	0.0	2874206	295	2.85	36.685	36	1044	30.23488255872062
1624821096.48	2850	59.620321	0.0	3298545	315	2.85	40.687	37	1164	29.735132433783143
1624821100.12	2850	59.921962	0.0	3406141	329	2.85	44.688	38	1284	29.742564358910236
1624821104.19	2850	59.930711	0.0	3134119	296	2.85	48.688	38	1404	30
1624821108.37	2850	59.752337	0.0	3769859	397	2.85	52.688	38	1524	30
1624821112.53	2850	59.520587	0.0	3566857	391	2.85	56.696	39	1644	29.690618762475083
1624821116.25	2850	59.820266	0.0	3935536	416	2.85	60.698	40	1764	29.73513243378309
1624821120.38	2850	59.605522	0.0	3251953	341	2.85	64.698	40	1884	30.000000000000053
1624821124.05	2850	59.859283	0.0	3744840	395	2.85	68.699	41	2004	29.742564358910236
1624821128.23	2850	59.684674	0.0	3455854	370	2.85	72.699	41	2124	30
1624821132.41	2850	59.492774	0.0	3548731	352	2.85	76.703	42	2244	29.720279720279684
1624821136.56	2850	59.462981	0.0	3573884	346	2.85	80.718	43	2365	29.887920298879198
1624821140.16	2850	59.859812	0.0	3124748	327	2.85	84.724	43	2485	29.955067398901647
1624821144.36	2850	59.63821	0.0	3671669	391	2.85	88.724	43	2605	30
1624821148.5	2850	59.466667	0.0	3397624	359	2.85	92.724	43	2725	30
1624821152.54	2850	59.491251	0.0	3070410	304	2.85	96.724	43	2845	30
1624821156.17	2850	59.761966	0.0	3480718	357	2.85	100.725	43	2965	29.99250187453144
1624821160.31	2850	59.733884	0.0	3396325	350	2.85	104.726	43	3085	29.99250187453133
1624821164.43	2850	59.588412	0.0	3538812	349	2.85	108.726	43	3205	30
1624821168.01	2850	59.921712	0.0	3440498	336	2.85	112.727	43	3325	29.99250187453133
1624821172.12	2850	59.971557	0.0	3504086	359	2.85	116.728	43	3445	29.99250187453144
1624821176.2	2850	59.761224	0.0	3345088	340	2.85	120.728	43	3565	30
