1624832945.79	750	4	0.173	446149	48	-0.7389	0	0	0	0
1624832946.54	1850	8	0.0	3302713	327	0.75	0	0	0	0
1624832947.13	1850	11.616667	0.0	2780269	260	1.85	0	0	0	0
1624832947.75	1850	15	0.0	3138830	284	1.85	0	0	0	0
1624832948.41	1850	18.383334	0.0	3252745	278	1.85	0	0	0	0
1624832949.06	1850	21.733334	0.0	3175667	282	1.85	0	0	0	0
1624832949.66	1850	25.1	0.0	2962628	263	1.85	4.692	57	166	0
1624832950.46	1850	28.183334	0.0	3242545	578	1.85	4.692	57	166	0
1624832951.2	1850	31.416667	0.0	2999470	256	1.85	4.692	57	166	0
1624832951.65	1850	34.966667	0.0	2926075	256	1.85	4.692	57	166	0
1624832952.17	1850	38.45	0.0	3029009	306	1.85	4.692	57	166	0
1624832952.62	1850	41.983334	0.0	3113599	261	1.85	4.692	57	166	0
1624832953.1	1850	45.533334	0.0	3116790	265	1.85	4.692	57	166	0
1624832953.57	1850	49.05	0.0	3132453	266	1.85	8.693	94	406	50.737315671082236
1624832954.09	1850	52.6	0.0	2994095	248	1.85	8.693	94	406	50.737315671082236
1624832954.56	1850	56.05	0.0	3154088	249	1.85	8.693	94	406	50.737315671082236
1624832955.05	1850	59.583334	0.0	2803553	267	1.85	8.693	94	406	50.737315671082236
1624832958.9	1850	59.80811	0.0	3039477	272	1.85	12.694	111	646	55.736065983504105
1624832962.98	1850	59.839412	0.0	3356332	318	1.85	16.695	115	886	58.98525368657836
1624832967.02	1850	59.629019	0.0	3105690	297	1.85	20.694	119	1126	59.014753688422125
1624832971.04	1850	59.635899	0.0	3008856	288	1.85	24.695	123	1366	58.98525368657834
1624832975.08	1850	59.788043	0.0	3066869	303	1.85	28.695	127	1606	59
1624832978.67	1850	59.996742	0.0	3178549	347	1.85	32.696	132	1846	58.7353161709573
1624832982.62	1850	59.970745	0.0	2577778	240	1.85	36.697	133	2086	59.73506623344157
1624832987.22	1850	59.512784	0.0	2819145	331	1.85	40.698	137	2326	58.98525368657839
1624832990.76	1850	59.844692	0.0	3037564	275	1.85	44.699	140	2566	59.23519120219949
1624832994.8	1850	59.804353	0.0	2852411	319	1.85	48.699	143	2806	59.25
1624832998.83	1850	59.803895	0.0	3004818	284	1.85	52.7	145	3047	59.73506623344157
1624833002.99	1850	59.591565	0.0	2930516	422	1.85	56.7	148	3287	59.25
1624833007.03	1850	59.563606	0.0	3381885	295	1.85	60.701	152	3527	58.98525368657839
1624833011.03	1850	59.638879	0.0	2812661	254	1.85	64.702	154	3767	59.48512871782058
1624833014.63	1850	59.967767	0.0	3529340	330	1.85	68.703	157	4007	59.23519120219938
1624833019.2	1850	59.538643	0.0	3274615	314	1.85	72.704	160	4247	59.23519120219959
1624833022.76	1850	59.920897	0.0	3020205	301	1.85	76.704	164	4487	59
1624833026.81	1850	59.873742	0.0	3084353	300	1.85	80.705	168	4727	58.98525368657828
1624833030.81	1850	59.875664	0.0	2743535	261	1.85	84.705	171	4967	59.25
1624833035.33	1850	59.45	0.0	3049078	284	1.85	88.706	174	5207	59.23519120219938
1624833038.8	1850	59.786119	0.0	2866070	247	1.85	92.707	176	5447	59.485128717820686
1624833042.82	1850	59.913137	0.0	2786310	266	1.85	96.707	180	5687	59
1624833046.83	1850	59.988887	0.0	2886749	261	1.85	100.707	184	5927	59
1624833050.86	1850	59.962868	0.0	2928463	277	1.85	104.708	188	6167	58.98525368657828
1624833054.91	1850	59.894166	0.0	3115560	297	1.85	108.71	192	6407	58.97051474262875
1624833058.92	1850	59.653939	0.0	3008634	293	1.85	112.712	195	6647	59.22038980509731
1624833062.78	1850	59.844064	0.0	3111850	626	1.85	116.711	199	6887	59.014753688422175
1624833066.79	1850	59.891147	0.0	2982399	291	1.85	120.712	201	7127	59.48512871782047
