1624838075.82	750	4	0.175	446149	41	-0.7474999999999999	0	0	0	0
1624838076.97	2850	8	0.0	5338027	502	0.75	0	0	0	0
1624838077.89	2850	11.45	0.0	4485847	406	2.85	0	0	0	0
1624838078.93	2850	14.383334	0.0	5004689	476	2.85	0	0	0	0
1624838079.96	2850	17.4	0.0	5182650	517	2.85	4.817	47	132	0
1624838080.78	2850	20.316667	0.0	5173280	569	2.85	4.817	47	132	0
1624838081.73	2850	23.633334	0.0	4880493	436	2.85	4.817	47	132	0
1624838082.52	2850	26.633334	0.0	5406574	477	2.85	4.817	47	132	0
1624838083.34	2850	29.883334	0.0	4844720	438	2.85	8.817	136	366	36.25
1624838084.36	2850	33.016667	0.0	4832207	452	2.85	8.817	136	366	36.25
1624838085.1	2850	36	0.0	4887638	457	2.85	8.817	136	366	36.25
1624838086.0	2850	39.3	0.0	4995664	426	2.85	8.817	136	366	36.25
1624838086.84	2850	42.283334	0.0	5320325	508	2.85	8.817	136	366	36.25
1624838087.61	2850	45.5	0.0	5320224	443	2.85	12.818	240	612	35.49112721819546
1624838088.52	2850	48.816667	0.0	4822090	411	2.85	12.818	240	612	35.49112721819546
1624838089.25	2850	51.85	0.0	5024811	485	2.85	12.818	240	612	35.49112721819546
1624838090.15	2850	55.183334	0.0	4620969	405	2.85	12.818	240	612	35.49112721819546
1624838090.84	2850	58.25	0.0	4982065	441	2.85	12.818	240	612	35.49112721819546
1624838093.32	2850	59.761051	0.0	5333279	447	2.85	16.821	341	852	34.72395703222581
1624838097.55	2850	59.494121	0.0	5166435	936	2.85	20.821	389	1092	48
1624838101.37	2850	59.840363	0.0	4952219	482	2.85	24.821	401	1332	57
1624838105.25	2850	59.919492	0.0	5148296	551	2.85	28.821	411	1572	57.5
1624838109.35	2850	59.890358	0.0	5332212	515	2.85	32.823	451	1812	49.975012493753134
1624838113.51	2850	59.50429	0.0	4130375	396	2.85	36.823	459	2052	58
1624838117.25	2850	59.775424	0.0	4502091	450	2.85	40.825	468	2292	57.72113943028482
1624838121.5	2850	59.521757	0.0	4906417	473	2.85	44.831	475	2533	58.41238142785821
1624838125.21	2850	59.883334	0.0	4606683	442	2.85	48.831	482	2773	58.25
1624838129.53	2850	59.6283	0.0	4992827	488	2.85	52.831	497	3013	56.25
1624838133.15	2850	59.997197	0.0	4833092	828	2.85	56.832	505	3253	57.98550362409401
1624838137.55	2850	59.547111	0.0	5560086	543	2.85	60.832	521	3493	56
1624838141.32	2850	59.913713	0.0	4512973	449	2.85	64.833	531	3733	57.48562859285182
1624838145.22	2850	59.930237	0.0	5477056	569	2.85	68.833	539	3973	58
1624838149.55	2850	59.539731	0.0	5211665	492	2.85	72.834	551	4213	56.98575356160953
1624838153.39	2850	59.786625	0.0	5155066	500	2.85	76.834	563	4453	57
1624838157.19	2850	59.937609	0.0	5042047	487	2.85	80.835	576	4693	56.735816045988635
1624838161.41	2850	59.662649	0.0	4373848	422	2.85	84.835	583	4933	58.25
1624838165.67	2850	59.508064	0.0	4955552	460	2.85	88.836	592	5173	57.73556610847281
1624838169.64	2850	59.530988	0.0	4533309	450	2.85	92.836	629	5413	50.75
1624838173.06	2850	59.976301	0.0	4404309	431	2.85	96.836	663	5653	51.5
1624838177.33	2850	59.722257	0.0	4543808	457	2.85	100.837	674	5893	57.235691077230626
1624838181.26	2850	59.891967	0.0	4672100	462	2.85	104.837	704	6133	52.5
1624838185.55	2850	59.629625	0.0	5112917	486	2.85	108.839	715	6373	57.221389305347394
1624838189.3	2850	59.858578	0.0	4777608	455	2.85	112.839	724	6613	57.75
1624838193.21	2850	59.950841	0.0	5053470	492	2.85	116.839	737	6853	56.75
1624838197.08	2850	59.951533	0.0	4782473	784	2.85	120.839	776	7093	50.25
