1624835887.02	750	4	0.136	446149	60	-0.5798	0	0	0	0
1624835887.93	1850	8	0.0	3302713	524	0.75	0	0	0	0
1624835888.55	1850	11.583334	0.0	2780269	264	1.85	0	0	0	0
1624835889.2	1850	14.95	0.0	3138830	267	1.85	0	0	0	0
1624835889.88	1850	18.266667	0.0	3252745	287	1.85	0	0	0	0
1624835890.58	1850	21.616667	0.0	3175667	275	1.85	5.103	46	142	0
1624835891.42	1850	24.7	0.0	2962628	431	1.85	5.103	46	142	0
1624835891.95	1850	28.066667	0.0	3242545	288	1.85	5.103	46	142	0
1624835892.46	1850	31.516667	0.0	2999470	314	1.85	5.103	46	142	0
1624835892.92	1850	35.066667	0.0	2926075	243	1.85	5.103	46	142	0
1624835893.39	1850	38.583334	0.0	3029009	255	1.85	5.103	46	142	0
1624835893.86	1850	42.116667	0.0	3113599	263	1.85	5.103	46	142	0
1624835894.35	1850	45.616667	0.0	3116790	282	1.85	5.103	46	142	0
1624835894.99	1850	49.15	0.0	3132453	267	1.85	9.102	104	392	48.012003000750184
1624835895.63	1850	52.516667	0.0	2994095	270	1.85	9.102	104	392	48.012003000750184
1624835896.15	1850	55.833334	0.0	3154088	313	1.85	9.102	104	392	48.012003000750184
1624835896.59	1850	59.369733	0.0	2803553	238	1.85	9.102	104	392	48.012003000750184
1624835900.6	1850	59.461947	0.0	3039477	253	1.85	13.102	154	632	47.5
1624835904.18	1850	59.861433	0.0	3356332	321	1.85	17.103	159	872	58.73531617095724
1624835908.24	1850	59.862701	0.0	3105690	300	1.85	21.103	163	1112	59
1624835912.29	1850	59.921365	0.0	3008856	282	1.85	25.104	167	1352	58.98525368657839
1624835916.33	1850	59.739247	0.0	3066869	295	1.85	29.104	171	1592	59
1624835920.39	1850	59.571601	0.0	3178549	304	1.85	33.105	175	1832	58.98525368657839
1624835924.38	1850	59.795737	0.0	2577778	252	1.85	37.105	177	2072	59.5
1624835928.39	1850	59.811559	0.0	2819145	257	1.85	41.105	181	2313	59.25
1624835932.42	1850	59.590627	0.0	3037564	279	1.85	45.106	186	2553	58.73531617095719
1624835936.42	1850	59.62892	0.0	2852411	254	1.85	49.107	188	2793	59.48512871782058
1624835940.44	1850	59.528802	0.0	3004818	285	1.85	53.108	193	3033	58.7353161709573
1624835944.46	1850	59.50422	0.0	2930516	284	1.85	57.108	195	3273	59.5
1624835948.03	1850	59.929206	0.0	3381885	310	1.85	61.108	202	3513	58.25
1624835952.04	1850	59.966667	0.0	2812661	265	1.85	65.109	204	3753	59.48512871782058
1624835956.17	1850	59.788175	0.0	3529340	341	1.85	69.109	210	3993	58.5
1624835960.28	1850	59.805343	0.0	3274615	288	1.85	73.109	213	4233	59.25
1624835964.32	1850	59.629262	0.0	3020205	290	1.85	77.112	217	4473	58.95578316262803
1624835968.37	1850	59.595584	0.0	3084353	292	1.85	81.112	222	4713	58.75
1624835972.45	1850	59.658945	0.0	2743535	332	1.85	85.112	226	4953	59
1624835975.96	1850	59.997252	0.0	3049078	274	1.85	89.113	229	5193	59.23519120219938
1624835980.48	1850	59.530857	0.0	2866070	268	1.85	93.113	232	5433	59.25
1624835984.49	1850	59.57114	0.0	2786310	258	1.85	97.113	235	5673	59.25
1624835988.5	1850	59.65	0.0	2886749	281	1.85	101.114	238	5913	59.23519120219938
1624835992.02	1850	59.983334	0.0	2928463	281	1.85	105.115	242	6153	58.985253686578496
1624835996.56	1850	59.526549	0.0	3115560	272	1.85	109.115	248	6393	58.5
1624836000.57	1850	59.498327	0.0	3008634	297	1.85	113.116	252	6633	58.98525368657828
1624836004.11	1850	59.836593	0.0	3111850	285	1.85	117.117	257	6873	58.73531617095719
1624836008.1	1850	59.87768	0.0	2982399	287	1.85	121.117	260	7113	59.25
