1624839535.94	750	4	0.144	447032	56	-0.6142	0	0	0	0
1624839536.76	2850	8	0.0	3731877	365	0.75	0	0	0	0
1624839537.43	2850	11.5	0.0	2988743	305	2.85	0	0	0	0
1624839538.08	2850	14.866667	0.0	3344033	292	2.85	0	0	0	0
1624839538.78	2850	18.2	0.0	3588671	311	2.85	0	0	0	0
1624839539.8	2850	21	0.0	3516436	810	2.85	4.955	11	78	0
1624839540.35	2850	24.466667	0.0	3520561	321	2.85	4.955	11	78	0
1624839541.38	2850	27.8	0.0	3787958	463	2.85	4.955	11	78	0
1624839542.2	2850	30.9	0.0	3482140	305	2.85	4.955	11	78	0
1624839542.89	2850	34.066667	0.0	3620909	293	2.85	4.955	11	78	0
1624839543.61	2850	37.366667	0.0	3578596	316	2.85	8.954	49	198	20.50512628157039
1624839544.28	2850	40.666667	0.0	3430213	277	2.85	8.954	49	198	20.50512628157039
1624839545.08	2850	43.933334	0.0	3873343	345	2.85	8.954	49	198	20.50512628157039
1624839545.88	2850	47.133334	0.0	4055051	339	2.85	8.954	49	198	20.50512628157039
1624839546.42	2850	50.406304	0.0	3383484	318	2.85	8.954	49	198	20.50512628157039
1624839546.91	2850	53.916777	0.0	3439708	289	2.85	8.954	49	198	20.50512628157039
1624839547.42	2850	57.428705	0.0	3270011	284	2.85	12.963	82	318	21.70117236218509
1624839549.03	2850	59.786745	0.0	3397053	352	2.85	12.963	82	318	21.70117236218509
1624839553.14	2850	59.768905	0.0	3855639	327	2.85	16.965	82	438	29.985007496251868
1624839557.28	2850	59.566667	0.0	3553518	378	2.85	20.966	82	558	29.992501874531357
1624839561.47	2850	59.576857	0.0	3560530	419	2.85	24.967	82	678	29.992501874531385
1624839565.29	2850	59.911239	0.0	3529545	390	2.85	28.968	82	798	29.992501874531357
1624839569.1	2850	59.993731	0.0	3944215	389	2.85	32.968	83	918	29.749999999999975
1624839573.14	2850	59.893105	0.0	2874206	270	2.85	36.969	83	1038	29.992501874531385
1624839577.2	2850	59.690503	0.0	3298545	307	2.85	40.97	83	1158	29.992501874531385
1624839581.29	2850	59.659895	0.0	3406141	345	2.85	44.974	83	1278	29.970029970029987
1624839584.96	2850	59.956508	0.0	3134119	310	2.85	48.973	87	1399	29.25731432858213
1624839589.09	2850	59.725795	0.0	3769859	366	2.85	52.974	87	1519	29.992501874531385
1624839593.21	2850	59.719621	0.0	3566857	348	2.85	56.975	87	1639	29.99250187453133
1624839597.37	2850	59.5	0.0	3935536	385	2.85	60.976	87	1759	29.992501874531385
1624839601.48	2850	59.549578	0.0	3251953	315	2.85	64.977	87	1878	29.742564358910236
1624839605.13	2850	59.909879	0.0	3744840	358	2.85	68.977	87	1999	30.25
1624839609.27	2850	59.740078	0.0	3455854	350	2.85	72.978	87	2119	29.99250187453144
1624839613.4	2850	59.536694	0.0	3548731	336	2.85	76.979	87	2239	29.99250187453133
1624839617.04	2850	59.856861	0.0	3573884	344	2.85	80.979	87	2359	30
1624839621.14	2850	59.826993	0.0	3124748	321	2.85	84.98	87	2479	29.99250187453133
1624839625.29	2850	59.684515	0.0	3671669	354	2.85	88.981	87	2599	29.99250187453144
1624839628.9	2850	59.972608	0.0	3397624	339	2.85	92.981	87	2719	30
1624839633.47	2850	59.472564	0.0	3070410	281	2.85	96.982	87	2839	29.99250187453133
1624839637.07	2850	59.796784	0.0	3480718	341	2.85	100.982	87	2959	30
1624839641.17	2850	59.791356	0.0	3396325	321	2.85	104.983	87	3079	29.99250187453133
1624839645.23	2850	59.817705	0.0	3538812	353	2.85	108.983	87	3199	30
1624839649.33	2850	59.648219	0.0	3440498	335	2.85	112.983	87	3319	30
1624839653.05	2850	59.980382	0.0	3504086	415	2.85	116.984	87	3439	29.99250187453144
1624839657.12	2850	59.840971	0.0	3345088	324	2.85	120.985	87	3559	29.99250187453133
