1624829518.12	750	4	0.225	446149	59	-0.9625	0	0	0	0
1624829518.9	1850	8	0.0	3302713	385	0.75	0	0	0	0
1624829519.45	1850	11.483334	0.0	2780269	321	1.85	0	0	0	0
1624829520.66	1850	14.466667	0.0	3138830	349	1.85	0	0	0	0
1624829521.47	1850	17.716667	0.0	3252745	328	1.85	0	0	0	0
1624829522.01	1850	20.933334	0.0	3175667	305	1.85	4.861	29	166	0
1624829522.49	1850	24.433334	0.0	2962628	268	1.85	4.861	29	166	0
1624829523.03	1850	28	0.0	3242545	284	1.85	4.861	29	166	0
1624829523.52	1850	31.4	0.0	2999470	267	1.85	4.861	29	166	0
1624829524.0	1850	34.916667	0.0	2926075	270	1.85	4.861	29	166	0
1624829524.48	1850	38.45	0.0	3029009	262	1.85	4.861	29	166	0
1624829525.0	1850	41.933334	0.0	3113599	289	1.85	4.861	29	166	0
1624829525.49	1850	45.433334	0.0	3116790	271	1.85	4.861	29	166	0
1624829526.51	1850	48.916667	0.0	3132453	291	1.85	8.861	67	406	50.499999999999986
1624829526.98	1850	51.95	0.0	2994095	235	1.85	8.861	67	406	50.499999999999986
1624829527.49	1850	55.45	0.0	3154088	256	1.85	8.861	67	406	50.499999999999986
1624829527.98	1850	58.983334	0.0	2803553	236	1.85	8.861	67	406	50.499999999999986
1624829531.57	1850	59.466667	0.0	3039477	267	1.85	12.861	97	646	52.5
1624829535.22	1850	59.762785	0.0	3356332	353	1.85	16.861	107	886	57.5
1624829539.29	1850	59.59207	0.0	3105690	311	1.85	20.862	112	1126	58.7353161709573
1624829543.15	1850	59.788559	0.0	3008856	1612	1.85	24.862	118	1366	58.5
1624829547.1	1850	59.910761	0.0	3066869	631	1.85	28.864	124	1606	58.47076461769112
1624829551.2	1850	59.758901	0.0	3178549	324	1.85	32.864	129	1846	58.75000000000005
1624829555.19	1850	59.796976	0.0	2577778	236	1.85	36.865	131	2086	59.48512871782047
1624829559.19	1850	59.879527	0.0	2819145	252	1.85	40.865	134	2326	59.25
1624829563.26	1850	59.772252	0.0	3037564	309	1.85	44.867	138	2566	58.97051474262875
1624829567.29	1850	59.82251	0.0	2852411	278	1.85	48.866	143	2806	58.764691172793164
1624829571.35	1850	59.654996	0.0	3004818	279	1.85	52.867	148	3046	58.7353161709573
1624829575.39	1850	59.73451	0.0	2930516	289	1.85	56.867	153	3287	59
1624829579.5	1850	59.562231	0.0	3381885	322	1.85	60.871	160	3527	58.19180819180812
1624829583.56	1850	59.551923	0.0	2812661	261	1.85	64.872	168	3767	57.98550362409401
1624829587.18	1850	59.845928	0.0	3529340	349	1.85	68.872	174	4007	58.5
1624829591.28	1850	59.753758	0.0	3274615	317	1.85	72.873	178	4247	58.98525368657828
1624829595.09	1850	59.9	0.0	3020205	333	1.85	76.873	184	4487	58.5
1624829599.16	1850	59.918437	0.0	3084353	292	1.85	80.874	189	4727	58.7353161709574
1624829603.18	1850	59.95	0.0	2743535	279	1.85	84.874	193	4967	59
1624829607.24	1850	59.646047	0.0	3049078	289	1.85	88.876	198	5207	58.72063968015978
1624829611.26	1850	59.6938	0.0	2866070	270	1.85	92.876	202	5447	59
1624829615.27	1850	59.8	0.0	2786310	272	1.85	96.877	207	5687	58.7353161709574
1624829619.29	1850	59.844332	0.0	2886749	265	1.85	100.886	211	5928	59.11698677974557
1624829623.3	1850	59.667968	0.0	2928463	268	1.85	104.887	216	6168	58.73531617095719
1624829627.33	1850	59.747083	0.0	3115560	280	1.85	108.887	221	6408	58.75
1624829631.37	1850	59.538204	0.0	3008634	298	1.85	112.887	225	6648	59
1624829635.44	1850	59.720104	0.0	3111850	285	1.85	116.887	232	6888	58.25
1624829639.47	1850	59.434492	0.0	2982399	305	1.85	120.888	239	7128	58.235441139715
