1624828785.25	750	4	0.782	446149	560	-3.3576	0	0	0	0
1624828786.1	2850	8	0.0	5338027	496	0.75	0	0	0	0
1624828786.91	2850	11.433334	0.0	4485847	414	2.85	0	0	0	0
1624828787.73	2850	14.6	0.0	5004689	429	2.85	0	0	0	0
1624828788.96	2850	17.383334	0.0	5182650	827	2.85	4.761	31	122	0
1624828789.83	2850	20.55	0.0	5173280	432	2.85	4.761	31	122	0
1624828790.71	2850	23.716667	0.0	4880493	420	2.85	4.761	31	122	0
1624828791.47	2850	26.733334	0.0	5406574	507	2.85	4.761	31	122	0
1624828792.54	2850	30.066667	0.0	4844720	394	2.85	8.764	107	360	40.46964776417688
1624828793.74	2850	32.516667	0.0	4832207	654	2.85	8.764	107	360	40.46964776417688
1624828794.55	2850	35.8	0.0	4887638	405	2.85	8.764	107	360	40.46964776417688
1624828795.37	2850	38.916667	0.0	4995664	466	2.85	8.764	107	360	40.46964776417688
1624828796.32	2850	42.133334	0.0	5320325	441	2.85	8.764	107	360	40.46964776417688
1624828798.02	2850	44.433334	0.0	5320224	927	2.85	13.131	168	624	46.48500114495076
1624828798.75	2850	47.483334	0.0	4822090	478	2.85	13.131	168	624	46.48500114495076
1624828799.64	2850	50.683334	0.0	5024811	529	2.85	13.131	168	624	46.48500114495076
1624828801.66	2850	52.6	0.0	4620969	1113	2.85	17.132	234	864	43.48912771807047
1624828802.85	2850	55.416667	0.0	4982065	853	2.85	17.132	234	864	43.48912771807047
1624828803.71	2850	58.583334	0.0	5333279	516	2.85	17.132	234	864	43.48912771807047
1624828806.47	2850	59.721222	0.0	5166435	439	2.85	21.132	286	1103	46.75
1624828810.37	2850	59.9	0.0	4952219	467	2.85	25.134	312	1344	53.72313843078462
1624828814.21	2850	59.936194	0.0	5148296	486	2.85	29.135	338	1584	53.48662834291426
1624828818.59	2850	59.64724	0.0	5332212	531	2.85	33.135	352	1824	56.50000000000005
1624828822.34	2850	59.905674	0.0	4130375	960	2.85	37.136	363	2064	57.235691077230626
1624828826.62	2850	59.670297	0.0	4502091	452	2.85	41.136	374	2304	57.25
1624828830.43	2850	59.922029	0.0	4906417	467	2.85	45.14	391	2545	55.944055944055975
1624828834.76	2850	59.454383	0.0	4606683	519	2.85	49.139	401	2784	57.26431607901972
1624828838.55	2850	59.757369	0.0	4992827	486	2.85	53.139	412	3025	57.5
1624828842.88	2850	59.486815	0.0	4833092	467	2.85	57.139	425	3265	56.75
1624828846.84	2850	59.439055	0.0	5560086	590	2.85	61.14	444	3505	55.236190952261964
1624828850.59	2850	59.661826	0.0	4512973	418	2.85	65.14	456	3745	57
1624828854.52	2850	59.774554	0.0	5477056	540	2.85	69.14	472	3985	56
1624828858.33	2850	59.895081	0.0	5211665	490	2.85	73.151	484	4225	56.843679880329155
1624828862.7	2850	59.566667	0.0	5155066	496	2.85	77.153	499	4465	56.22188905547213
1624828866.68	2850	59.60544	0.0	5042047	569	2.85	81.152	524	4705	53.76344086021512
1624828870.39	2850	59.861005	0.0	4373848	429	2.85	85.154	535	4945	57.221389305347394
1624828874.71	2850	59.575333	0.0	4955552	503	2.85	89.154	547	5185	57
1624828878.56	2850	59.618714	0.0	4533309	480	2.85	93.154	565	5425	55.5
1624828882.34	2850	59.989324	0.0	4404309	445	2.85	97.155	578	5666	56.98575356160953
1624828886.65	2850	59.496002	0.0	4543808	501	2.85	101.157	588	5906	57.47126436781616
1624828890.49	2850	59.793451	0.0	4672100	462	2.85	105.158	607	6146	55.23619095226187
1624828894.39	2850	59.872046	0.0	5112917	508	2.85	109.159	629	6386	54.48637840539858
1624828898.71	2850	59.533334	0.0	4777608	456	2.85	113.159	650	6626	54.75
1624828902.57	2850	59.58938	0.0	5053470	546	2.85	117.162	665	6866	56.20784411691231
1624828906.42	2850	59.85507	0.0	4782473	463	2.85	121.163	684	7106	55.23619095226206
