1624830734.01	750	4	0.218	447032	71	-0.9324	0	0	0	0
1624830734.85	1850	8	0.0	2254830	265	0.75	0	0	0	0
1624830735.36	1850	11.6	0.0	1837501	261	1.85	0	0	0	0
1624830735.84	1850	15.1	0.0	2108748	199	1.85	0	0	0	0
1624830736.33	1850	18.633334	0.0	2229492	234	1.85	0	0	0	0
1624830736.77	1850	22.166667	0.0	2078237	177	1.85	0	0	0	0
1624830737.21	1850	25.733334	0.0	2030644	179	1.85	0	0	0	0
1624830737.6	1850	29.306286	0.0	2298831	212	1.85	4.866	6	76	0
1624830738.01	1850	32.897297	0.0	2164964	236	1.85	4.866	6	76	0
1624830738.39	1850	36.53125	0.0	2175479	192	1.85	4.866	6	76	0
1624830738.75	1850	40.166667	0.0	2156805	180	1.85	4.866	6	76	0
1624830739.13	1850	43.800458	0.0	2101523	175	1.85	4.866	6	76	0
1624830739.52	1850	47.394224	0.0	2344608	205	1.85	4.866	6	76	0
1624830739.9	1850	51.028208	0.0	2334646	202	1.85	4.866	6	76	0
1624830740.32	1850	54.579455	0.0	2109579	225	1.85	4.866	6	76	0
1624830740.7	1850	58.212411	0.0	2097243	177	1.85	4.866	6	76	0
1624830743.59	1850	59.5	0.0	2054074	178	1.85	8.866	6	196	30
1624830747.29	1850	59.895814	0.0	2079344	206	1.85	12.866	6	316	30
1624830751.26	1850	59.728137	0.0	2353718	233	1.85	16.868	6	436	29.98500749625188
1624830755.17	1850	59.760772	0.0	2119053	187	1.85	20.871	6	557	30.227329502872845
1624830759.13	1850	59.940261	0.0	2145449	206	1.85	24.872	6	677	29.992501874531357
1624830763.08	1850	59.93007	0.0	2087310	191	1.85	28.872	6	797	30
1624830767.03	1850	59.994558	0.0	2348666	213	1.85	32.875	6	917	29.977516862353234
1624830771.55	1850	59.425816	0.0	1801794	222	1.85	36.876	6	1037	29.992501874531385
1624830775.57	1850	59.57249	0.0	1864524	419	1.85	40.876	6	1157	30
1624830779.29	1850	59.939459	0.0	2051691	182	1.85	44.878	6	1277	29.985007496251857
1624830783.19	1850	59.756021	0.0	1898420	164	1.85	48.88	6	1397	29.985007496251857
1624830787.13	1850	59.904579	0.0	2276304	207	1.85	52.88	6	1517	30
1624830791.45	1850	59.648545	0.0	2239013	821	1.85	56.881	6	1637	29.992501874531385
1624830795.5	1850	59.468867	0.0	2417622	214	1.85	60.881	6	1757	30
1624830799.42	1850	59.583613	0.0	1950728	182	1.85	64.882	6	1877	29.99250187453133
1624830803.38	1850	59.612416	0.0	2268079	206	1.85	68.883	6	1997	29.99250187453144
1624830807.29	1850	59.750261	0.0	2105954	182	1.85	72.884	6	2117	29.99250187453133
1624830811.23	1850	59.78492	0.0	2049597	190	1.85	76.887	6	2237	29.977516862353234
1624830815.2	1850	59.959081	0.0	2267452	198	1.85	80.887	6	2357	30
1624830819.63	1850	59.429816	0.0	1977775	190	1.85	84.888	6	2477	29.99250187453133
1624830823.54	1850	59.5	0.0	2145766	181	1.85	88.889	6	2597	29.99250187453144
1624830827.44	1850	59.493333	0.0	2064567	157	1.85	92.889	6	2717	30
1624830831.38	1850	59.784655	0.0	1899367	165	1.85	96.89	6	2837	29.99250187453133
1624830835.31	1850	59.640172	0.0	2118078	196	1.85	100.89	6	2957	30
1624830839.21	1850	59.710217	0.0	2045638	181	1.85	104.891	6	3077	29.99250187453133
1624830843.51	1850	59.4867	0.0	2132751	567	1.85	108.894	6	3197	29.977516862353234
1624830847.43	1850	59.512458	0.0	2105800	193	1.85	112.897	6	3317	29.977516862353234
1624830851.32	1850	59.660082	0.0	2117310	183	1.85	116.898	6	3437	29.99250187453144
1624830855.23	1850	59.803786	0.0	2106167	195	1.85	120.898	6	3557	30
