1624823166.43	750	4	0.143	446149	73	-0.6099	0	0	0	0
1624823166.99	1850	8	0.0	3302713	339	0.75	0	0	0	0
1624823167.65	1850	11.866667	0.0	2780269	272	1.85	0	0	0	0
1624823168.13	1850	15.183334	0.0	3138830	306	1.85	0	0	0	0
1624823168.67	1850	18.683334	0.0	3252745	317	1.85	0	0	0	0
1624823169.17	1850	22.183334	0.0	3175667	287	1.85	0	0	0	0
1624823169.65	1850	25.7	0.0	2962628	266	1.85	0	0	0	0
1624823170.2	1850	29.133334	0.0	3242545	309	1.85	4.898	28	162	0
1624823170.73	1850	32.616667	0.0	2999470	306	1.85	4.898	28	162	0
1624823171.3	1850	36.05	0.0	2926075	334	1.85	4.898	28	162	0
1624823171.83	1850	39.55	0.0	3029009	279	1.85	4.898	28	162	0
1624823172.33	1850	43.016667	0.0	3113599	277	1.85	4.898	28	162	0
1624823172.87	1850	46.5	0.0	3116790	297	1.85	4.898	28	162	0
1624823173.41	1850	49.966667	0.0	3132453	295	1.85	4.898	28	162	0
1624823173.95	1850	53.4	0.0	2994095	290	1.85	4.898	28	162	0
1624823174.46	1850	56.883334	0.0	3154088	303	1.85	8.921	76	404	48.22271936365897
1624823175.49	1850	59.951229	0.0	2803553	284	1.85	8.921	76	404	48.22271936365897
1624823179.58	1850	59.969011	0.0	3039477	300	1.85	12.921	92	644	56
1624823183.74	1850	59.641611	0.0	3356332	377	1.85	16.922	102	884	57.48562859285177
1624823187.82	1850	59.728261	0.0	3105690	315	1.85	20.922	107	1124	58.75
1624823191.93	1850	59.444548	0.0	3008856	328	1.85	24.922	116	1364	57.75
1624823195.52	1850	59.813676	0.0	3066869	322	1.85	28.923	121	1604	58.7353161709573
1624823199.59	1850	59.786972	0.0	3178549	315	1.85	32.923	126	1844	58.74999999999995
1624823203.6	1850	59.819217	0.0	2577778	260	1.85	36.925	129	2084	59.22038980509752
1624823207.68	1850	59.789107	0.0	2819145	319	1.85	40.925	134	2324	58.75
1624823211.76	1850	59.554245	0.0	3037564	318	1.85	44.928	138	2564	58.95578316262803
1624823215.82	1850	59.543141	0.0	2852411	308	1.85	48.927	142	2804	59.01475368842207
1624823219.88	1850	59.512862	0.0	3004818	300	1.85	52.929	148	3044	58.47076461769112
1624823223.49	1850	59.811682	0.0	2930516	357	1.85	56.928	152	3284	59.014753688422175
1624823227.61	1850	59.871927	0.0	3381885	344	1.85	60.929	161	3524	57.73556610847281
1624823231.67	1850	59.918932	0.0	2812661	296	1.85	64.929	166	3764	58.75
1624823235.83	1850	59.590578	0.0	3529340	358	1.85	68.93	173	4004	58.235441139715
1624823239.43	1850	59.912524	0.0	3274615	336	1.85	72.93	177	4244	59
1624823243.48	1850	59.843558	0.0	3020205	296	1.85	76.931	181	4484	58.985253686578496
1624823247.53	1850	59.888953	0.0	3084353	299	1.85	80.932	187	4724	58.4853786553361
1624823251.58	1850	59.973469	0.0	2743535	293	1.85	84.932	191	4964	59
1624823255.62	1850	59.730144	0.0	3049078	294	1.85	88.934	194	5204	59.22038980509752
1624823259.67	1850	59.878201	0.0	2866070	288	1.85	92.933	199	5444	58.76469117279306
1624823263.71	1850	59.776057	0.0	2786310	284	1.85	96.935	205	5684	58.47076461769122
1624823267.76	1850	59.601794	0.0	2886749	307	1.85	100.936	208	5924	59.23519120219938
1624823271.55	1850	59.959205	0.0	2928463	300	1.85	104.936	214	6165	58.75
1624823275.41	1850	59.92534	0.0	3115560	606	1.85	108.937	220	6404	58.235441139715206
1624823279.95	1850	59.461039	0.0	3008634	296	1.85	112.937	226	6644	58.5
1624823283.56	1850	59.783662	0.0	3111850	328	1.85	116.938	235	6885	57.98550362409391
1624823287.65	1850	59.829741	0.0	2982399	335	1.85	120.937	240	7125	58.76469117279327
