1624821540.16	750	4	0.169	447032	80	-0.7216999999999999	0	0	0	0
1624821540.61	1850	8	0.0	2254830	245	0.75	0	0	0	0
1624821540.93	1850	12	0.0	1837501	172	1.85	0	0	0	0
1624821541.33	1850	15.750682	0.0	2108748	222	1.85	0	0	0	0
1624821541.72	1850	19.381415	0.0	2229492	220	1.85	0	0	0	0
1624821542.08	1850	23.017069	0.0	2078237	192	1.85	0	0	0	0
1624821542.48	1850	26.610293	0.0	2030644	226	1.85	0	0	0	0
1624821542.88	1850	30.204241	0.0	2298831	206	1.85	0	0	0	0
1624821543.26	1850	33.837431	0.0	2164964	214	1.85	0	0	0	0
1624821543.68	1850	37.433692	0.0	2175479	226	1.85	5.241	0	77	0
1624821544.17	1850	40.946328	0.0	2156805	190	1.85	5.241	0	77	0
1624821544.55	1850	44.538397	0.0	2101523	186	1.85	5.241	0	77	0
1624821544.97	1850	48.124615	0.0	2344608	226	1.85	5.241	0	77	0
1624821545.38	1850	51.719408	0.0	2334646	209	1.85	5.241	0	77	0
1624821545.79	1850	55.350292	0.0	2109579	185	1.85	5.241	0	77	0
1624821546.16	1850	58.943394	0.0	2097243	183	1.85	5.241	0	77	0
1624821549.62	1850	59.618311	0.0	2054074	195	1.85	9.243	0	197	29.985007496251868
1624821553.62	1850	59.494534	0.0	2079344	247	1.85	13.243	0	317	30
1624821557.6	1850	59.508664	0.0	2353718	217	1.85	17.244	0	438	30.242439390152466
1624821561.54	1850	59.57129	0.0	2119053	195	1.85	21.246	0	558	29.98500749625188
1624821565.49	1850	59.614971	0.0	2145449	220	1.85	25.247	0	678	29.992501874531357
1624821569.44	1850	59.702771	0.0	2087310	208	1.85	29.245	0	798	30.015007503751868
1624821573.42	1850	59.776906	0.0	2348666	241	1.85	33.245	0	918	30.00000000000003
1624821577.34	1850	59.78375	0.0	1801794	182	1.85	37.248	0	1038	29.977516862353234
1624821581.73	1850	59.560305	0.0	1864524	181	1.85	41.247	0	1158	30.00750187546885
1624821585.69	1850	59.55619	0.0	2051691	232	1.85	45.247	0	1278	30
1624821589.58	1850	59.619417	0.0	1898420	195	1.85	49.248	0	1398	29.992501874531385
1624821593.53	1850	59.723947	0.0	2276304	209	1.85	53.249	0	1518	29.99250187453133
1624821597.47	1850	59.809311	0.0	2239013	198	1.85	57.251	0	1638	29.98500749625191
1624821601.72	1850	59.60004	0.0	2417622	493	1.85	61.251	0	1758	30
1624821605.64	1850	59.637643	0.0	1950728	190	1.85	65.252	0	1878	29.992501874531385
1624821609.6	1850	59.669117	0.0	2268079	200	1.85	69.259	0	1998	29.947591714499588
1624821613.54	1850	59.778186	0.0	2105954	200	1.85	73.263	0	2118	29.970029970029934
1624821617.49	1850	59.886328	0.0	2049597	196	1.85	77.264	0	2238	29.99250187453144
1624821621.43	1850	59.677949	0.0	2267452	219	1.85	81.264	0	2358	30
1624821625.35	1850	59.812431	0.0	1977775	189	1.85	85.265	0	2478	29.99250187453133
1624821629.3	1850	59.806197	0.0	2145766	192	1.85	89.265	0	2598	30
1624821633.23	1850	59.885879	0.0	2064567	191	1.85	93.267	0	2718	29.98500749625191
1624821637.13	1850	59.995319	0.0	1899367	188	1.85	97.268	0	2838	29.99250187453133
1624821641.58	1850	59.779216	0.0	2118078	213	1.85	101.269	0	2958	29.99250187453133
1624821645.52	1850	59.570539	0.0	2045638	217	1.85	105.269	0	3078	30
1624821649.43	1850	59.883926	0.0	2132751	214	1.85	109.269	0	3198	30
1624821653.37	1850	59.962611	0.0	2105800	214	1.85	113.27	0	3318	29.99250187453144
1624821657.8	1850	59.439909	0.0	2117310	220	1.85	117.27	0	3438	30
1624821661.73	1850	59.486877	0.0	2106167	209	1.85	121.271	0	3558	29.99250187453133
