1624831218.81	750	4	0.17	447032	109	-0.726	0	0	0	0
1624831219.83	1850	8	0.0	2254830	392	0.75	0	0	0	0
1624831220.23	1850	11.366667	0.0	1837501	163	1.85	0	0	0	0
1624831220.68	1850	14.933334	0.0	2108748	195	1.85	0	0	0	0
1624831221.05	1850	18.530225	0.0	2229492	228	1.85	0	0	0	0
1624831221.39	1850	22.163418	0.0	2078237	186	1.85	0	0	0	0
1624831221.77	1850	25.79827	0.0	2030644	201	1.85	0	0	0	0
1624831222.68	1850	29.391403	0.0	2298831	216	1.85	0	0	0	0
1624831223.1	1850	32.493182	0.0	2164964	241	1.85	5.019	2	95	0
1624831223.47	1850	36.128936	0.0	2175479	192	1.85	5.019	2	95	0
1624831223.83	1850	39.761826	0.0	2156805	181	1.85	5.019	2	95	0
1624831224.2	1850	43.396262	0.0	2101523	182	1.85	5.019	2	95	0
1624831224.58	1850	46.992653	0.0	2344608	205	1.85	5.019	2	95	0
1624831225.1	1850	50.506896	0.0	2334646	324	1.85	5.019	2	95	0
1624831225.56	1850	54.020218	0.0	2109579	269	1.85	5.019	2	95	0
1624831225.92	1850	57.655257	0.0	2097243	183	1.85	5.019	2	95	0
1624831228.32	1850	59.44223	0.0	2054074	178	1.85	9.019	2	215	30
1624831231.9	1850	59.705034	0.0	2079344	321	1.85	13.02	2	335	29.99250187453137
1624831235.88	1850	59.778087	0.0	2353718	197	1.85	17.02	2	455	30
1624831239.83	1850	59.794497	0.0	2119053	206	1.85	21.02	2	575	30
1624831244.25	1850	59.549557	0.0	2145449	197	1.85	25.021	2	695	29.992501874531357
1624831248.2	1850	59.590582	0.0	2087310	196	1.85	29.022	2	815	29.992501874531385
1624831251.7	1850	59.927315	0.0	2348666	263	1.85	33.022	2	936	30.25
1624831256.1	1850	59.729222	0.0	1801794	174	1.85	37.023	2	1056	29.99250187453133
1624831260.01	1850	59.818427	0.0	1864524	179	1.85	41.024	2	1176	29.992501874531385
1624831263.93	1850	59.660437	0.0	2051691	205	1.85	45.026	2	1296	29.985007496251857
1624831267.88	1850	59.706064	0.0	1898420	213	1.85	49.029	2	1416	29.977516862353234
1624831271.83	1850	59.754268	0.0	2276304	214	1.85	53.03	2	1536	29.992501874531385
1624831276.26	1850	59.481079	0.0	2239013	231	1.85	57.03	2	1656	30
1624831279.74	1850	59.894063	0.0	2417622	238	1.85	61.031	2	1776	29.992501874531385
1624831283.66	1850	59.968627	0.0	1950728	180	1.85	65.043	2	1896	29.910269192422675
1624831288.14	1850	59.718181	0.0	2268079	213	1.85	69.044	2	2016	29.99250187453144
1624831292.1	1850	59.683897	0.0	2105954	200	1.85	73.044	2	2136	30
1624831296.12	1850	59.711411	0.0	2049597	212	1.85	77.045	2	2256	29.99250187453133
1624831300.08	1850	59.51404	0.0	2267452	214	1.85	81.045	2	2376	30
1624831304.0	1850	59.806536	0.0	1977775	170	1.85	85.047	2	2496	29.98500749625191
1624831307.94	1850	59.877215	0.0	2145766	217	1.85	89.048	2	2616	29.99250187453133
1624831311.88	1850	59.744647	0.0	2064567	214	1.85	93.05	2	2736	29.98500749625191
1624831315.79	1850	59.801864	0.0	1899367	183	1.85	97.049	2	2856	30.007501875468797
1624831320.23	1850	59.471022	0.0	2118078	194	1.85	101.05	2	2976	29.99250187453144
1624831324.19	1850	59.506298	0.0	2045638	204	1.85	105.051	2	3096	29.99250187453133
1624831328.14	1850	59.628607	0.0	2132751	209	1.85	109.075	2	3217	30.06958250497017
1624831332.06	1850	59.769716	0.0	2105800	208	1.85	113.075	2	3337	30
1624831336.01	1850	59.780242	0.0	2117310	216	1.85	117.076	2	3457	29.99250187453144
1624831339.94	1850	59.87106	0.0	2106167	205	1.85	121.076	2	3577	30
