1624825354.41	750	4	0.173	446149	69	-0.7389	0	0	0	0
1624825355.48	2850	8	0.0	5338027	544	0.75	0	0	0	0
1624825356.29	2850	11.45	0.0	4485847	414	2.85	0	0	0	0
1624825357.22	2850	14.6	0.0	5004689	429	2.85	0	0	0	0
1624825357.91	2850	17.683334	0.0	5182650	448	2.85	0	0	0	0
1624825358.63	2850	20.95	0.0	5173280	468	2.85	5.049	46	149	0
1624825359.34	2850	24.266667	0.0	4880493	414	2.85	5.049	46	149	0
1624825360.29	2850	27.516667	0.0	5406574	483	2.85	5.049	46	149	0
1624825360.99	2850	30.6	0.0	4844720	442	2.85	5.049	46	149	0
1624825361.68	2850	33.9	0.0	4832207	442	2.85	5.049	46	149	0
1624825362.33	2850	37.25	0.0	4887638	408	2.85	9.049	112	389	43.50000000000001
1624825363.13	2850	40.583334	0.0	4995664	423	2.85	9.049	112	389	43.50000000000001
1624825363.84	2850	43.766667	0.0	5320325	431	2.85	9.049	112	389	43.50000000000001
1624825364.55	2850	47.05	0.0	5320224	452	2.85	9.049	112	389	43.50000000000001
1624825365.21	2850	50.383334	0.0	4822090	409	2.85	9.049	112	389	43.50000000000001
1624825365.88	2850	53.7	0.0	5024811	407	2.85	9.049	112	389	43.50000000000001
1624825366.5	2850	57.083334	0.0	4620969	388	2.85	13.05	166	629	46.488377905523606
1624825367.71	2850	59.961575	0.0	4982065	417	2.85	13.05	166	629	46.488377905523606
1624825371.98	2850	59.738952	0.0	5333279	442	2.85	17.05	192	869	53.5
1624825375.74	2850	59.819926	0.0	5166435	457	2.85	21.051	201	1109	57.735566108472916
1624825380.03	2850	59.613744	0.0	4952219	493	2.85	25.051	210	1349	57.75
1624825383.85	2850	59.938566	0.0	5148296	522	2.85	29.052	220	1589	57.48562859285177
1624825387.69	2850	59.937366	0.0	5332212	487	2.85	33.052	231	1829	57.25
1624825391.87	2850	59.761647	0.0	4130375	410	2.85	37.053	240	2069	57.735566108472916
1624825396.06	2850	59.60233	0.0	4502091	386	2.85	41.054	252	2309	56.98575356160953
1624825399.82	2850	59.913104	0.0	4906417	471	2.85	45.055	262	2549	57.48562859285182
1624825404.03	2850	59.634004	0.0	4606683	427	2.85	49.055	271	2789	57.75
1624825407.82	2850	59.705399	0.0	4992827	527	2.85	53.056	278	3029	58.23544113971511
1624825412.02	2850	59.50446	0.0	4833092	422	2.85	57.056	285	3269	58.25
1624825416.1	2850	59.583334	0.0	5560086	727	2.85	61.056	299	3509	56.5
1624825419.79	2850	59.87672	0.0	4512973	403	2.85	65.057	305	3749	58.4853786553361
1624825423.59	2850	59.93583	0.0	5477056	486	2.85	69.057	316	3990	57.5
1624825427.88	2850	59.704655	0.0	5211665	465	2.85	73.058	324	4230	57.98550362409391
1624825432.16	2850	59.5	0.0	5155066	466	2.85	77.059	333	4470	57.735566108473016
1624825435.94	2850	59.618305	0.0	5042047	466	2.85	81.059	345	4710	57
1624825439.6	2850	59.912246	0.0	4373848	380	2.85	85.059	352	4950	58.25
1624825443.81	2850	59.921027	0.0	4955552	446	2.85	89.059	357	5190	58.75
1624825447.6	2850	59.919796	0.0	4533309	475	2.85	93.06	368	5430	57.235691077230626
1624825451.77	2850	59.957201	0.0	4404309	398	2.85	97.061	374	5670	58.4853786553361
1624825455.96	2850	59.739719	0.0	4543808	409	2.85	101.061	380	5910	58.5
1624825459.66	2850	59.979696	0.0	4672100	433	2.85	105.062	386	6150	58.485378655336305
1624825463.92	2850	59.834337	0.0	5112917	464	2.85	109.062	396	6390	57.5
1624825467.63	2850	59.953798	0.0	4777608	439	2.85	113.063	405	6630	57.73556610847281
1624825471.88	2850	59.680433	0.0	5053470	455	2.85	117.064	415	6870	57.485628592851924
1624825475.67	2850	59.933334	0.0	4782473	525	2.85	121.064	422	7110	58.25
