1624842701.36	750	4	0.225	447032	71	-0.9625	0	0	0	0
1624842702.43	2850	7.766667	0.0	3731877	569	0.75	0	0	0	0
1624842703.24	2850	11	0.0	2988743	422	2.85	0	0	0	0
1624842704.14	2850	14.066667	0.0	3344033	497	2.85	0	0	0	0
1624842705.49	2850	16.633334	0.0	3588671	1092	2.85	4.885	10	84	0
1624842706.17	2850	20	0.0	3516436	434	2.85	4.885	10	84	0
1624842706.75	2850	23.360043	0.0	3520561	331	2.85	4.885	10	84	0
1624842707.34	2850	26.790218	0.0	3787958	355	2.85	4.885	10	84	0
1624842707.86	2850	30.219686	0.0	3482140	314	2.85	4.885	10	84	0
1624842708.42	2850	33.648631	0.0	3620909	351	2.85	4.885	10	84	0
1624842708.95	2850	37.159827	0.0	3578596	297	2.85	8.884	15	204	28.757189297324327
1624842709.47	2850	40.631047	0.0	3430213	281	2.85	8.884	15	204	28.757189297324327
1624842710.11	2850	44.066667	0.0	3873343	318	2.85	8.884	15	204	28.757189297324327
1624842710.71	2850	47.366667	0.0	4055051	354	2.85	8.884	15	204	28.757189297324327
1624842711.21	2850	50.877296	0.0	3383484	287	2.85	8.884	15	204	28.757189297324327
1624842711.73	2850	54.387803	0.0	3439708	277	2.85	8.884	15	204	28.757189297324327
1624842712.21	2850	57.860419	0.0	3270011	281	2.85	8.884	15	204	28.757189297324327
1624842714.26	2850	59.968972	0.0	3397053	301	2.85	12.886	15	324	29.98500749625188
1624842718.41	2850	59.785321	0.0	3855639	368	2.85	16.888	15	444	29.985007496251857
1624842722.51	2850	59.757529	0.0	3553518	343	2.85	20.899	15	564	29.917726252804794
1624842726.62	2850	59.722455	0.0	3560530	330	2.85	24.899	15	684	30
1624842730.26	2850	59.985947	0.0	3529545	335	2.85	28.899	15	804	30
1624842734.41	2850	59.770801	0.0	3944215	364	2.85	32.9	15	924	29.992501874531385
1624842738.43	2850	59.8801	0.0	2874206	268	2.85	36.903	15	1044	29.977516862353234
1624842742.48	2850	59.705921	0.0	3298545	308	2.85	40.902	15	1164	30.00750187546885
1624842746.56	2850	59.560064	0.0	3406141	307	2.85	44.904	15	1284	29.985007496251857
1624842750.61	2850	59.647428	0.0	3134119	303	2.85	48.903	15	1404	30.007501875468904
1624842754.23	2850	59.945041	0.0	3769859	345	2.85	52.904	15	1524	29.99250187453133
1624842758.37	2850	59.99475	0.0	3566857	355	2.85	56.905	15	1644	29.992501874531385
1624842762.44	2850	59.760857	0.0	3935536	797	2.85	60.905	16	1764	29.75
1624842766.48	2850	59.847566	0.0	3251953	318	2.85	64.905	16	1884	30
1624842770.5	2850	59.857332	0.0	3744840	735	2.85	68.907	16	2004	29.98500749625191
1624842774.62	2850	59.570109	0.0	3455854	375	2.85	72.908	16	2124	29.99250187453133
1624842778.3	2850	59.906803	0.0	3548731	400	2.85	76.907	16	2244	30.007501875468904
1624842782.44	2850	59.738746	0.0	3573884	345	2.85	80.908	16	2364	29.99250187453133
1624842786.52	2850	59.819946	0.0	3124748	296	2.85	84.909	16	2484	29.99250187453133
1624842790.6	2850	59.546825	0.0	3671669	328	2.85	88.91	16	2604	29.99250187453144
1624842794.69	2850	59.578708	0.0	3397624	325	2.85	92.911	16	2724	29.99250187453133
1624842798.73	2850	59.454958	0.0	3070410	269	2.85	96.911	16	2844	30
1624842802.34	2850	59.825098	0.0	3480718	327	2.85	100.911	16	2964	30
1624842806.45	2850	59.902576	0.0	3396325	328	2.85	104.913	16	3084	29.98500749625191
1624842810.58	2850	59.652744	0.0	3538812	345	2.85	108.914	16	3204	29.99250187453133
1624842814.19	2850	59.983012	0.0	3440498	333	2.85	112.915	16	3324	29.99250187453133
1624842818.77	2850	59.511851	0.0	3504086	321	2.85	116.917	16	3445	30.234882558720674
1624842822.3	2850	59.846961	0.0	3345088	318	2.85	120.918	16	3565	29.99250187453133
