1624827325.97	750	4	0.196	447032	58	-0.8378	0	0	0	0
1624827326.79	2850	8	0.0	3731877	363	0.75	0	0	0	0
1624827327.26	2850	11.593587	0.0	2988743	285	2.85	0	0	0	0
1624827327.88	2850	15.066667	0.0	3344033	291	2.85	0	0	0	0
1624827328.58	2850	18.433334	0.0	3588671	311	2.85	0	0	0	0
1624827329.21	2850	21.63377	0.0	3516436	422	2.85	0	0	0	0
1624827329.99	2850	24.863303	0.0	3520561	556	2.85	4.947	9	79	0
1624827330.85	2850	28.011195	0.0	3787958	530	2.85	4.947	9	79	0
1624827331.54	2850	31.466667	0.0	3482140	299	2.85	4.947	9	79	0
1624827332.08	2850	34.766667	0.0	3620909	318	2.85	4.947	9	79	0
1624827332.62	2850	38.236059	0.0	3578596	308	2.85	4.947	9	79	0
1624827333.17	2850	41.706466	0.0	3430213	310	2.85	4.947	9	79	0
1624827333.76	2850	45.1	0.0	3873343	327	2.85	8.948	21	199	26.993251687078228
1624827334.33	2850	48.5	0.0	4055051	339	2.85	8.948	21	199	26.993251687078228
1624827334.84	2850	52	0.0	3383484	291	2.85	8.948	21	199	26.993251687078228
1624827335.37	2850	55.467793	0.0	3439708	311	2.85	8.948	21	199	26.993251687078228
1624827336.33	2850	58.529513	0.0	3270011	734	2.85	8.948	21	199	26.993251687078228
1624827338.91	2850	59.943747	0.0	3397053	328	2.85	12.949	21	319	29.99250187453137
1624827343.1	2850	59.750111	0.0	3855639	384	2.85	16.949	21	439	29.999999999999986
1624827347.51	2850	59.50469	0.0	3553518	641	2.85	20.949	21	559	30
1624827351.39	2850	59.540379	0.0	3560530	608	2.85	24.95	21	679	29.992501874531385
1624827355.03	2850	59.828274	0.0	3529545	333	2.85	28.951	21	799	29.992501874531357
1624827359.21	2850	59.8713	0.0	3944215	386	2.85	32.951	21	919	30
1624827363.35	2850	59.666667	0.0	2874206	281	2.85	36.953	21	1039	29.985007496251857
1624827367.46	2850	59.507398	0.0	3298545	324	2.85	40.953	21	1159	30
1624827371.54	2850	59.470065	0.0	3406141	317	2.85	44.96	21	1280	30.19715497878714
1624827375.11	2850	59.725363	0.0	3134119	295	2.85	48.955	21	1399	29.787234042553212
1624827379.57	2850	59.475858	0.0	3769859	699	2.85	52.955	22	1519	29.75
1624827383.18	2850	59.804313	0.0	3566857	335	2.85	56.955	22	1639	30
1624827387.34	2850	59.529247	0.0	3935536	386	2.85	60.956	22	1759	29.99250187453133
1624827391.42	2850	59.554921	0.0	3251953	322	2.85	64.957	22	1879	29.99250187453144
1624827395.04	2850	59.921771	0.0	3744840	362	2.85	68.958	22	1999	29.99250187453133
1624827399.22	2850	59.787034	0.0	3455854	348	2.85	72.958	22	2119	30
1624827403.31	2850	59.537428	0.0	3548731	318	2.85	76.958	22	2240	30.25
1624827407.44	2850	59.58057	0.0	3573884	338	2.85	80.959	22	2360	29.99250187453133
1624827411.03	2850	59.938664	0.0	3124748	309	2.85	84.96	22	2480	29.99250187453144
1624827415.16	2850	59.728655	0.0	3671669	339	2.85	88.961	22	2600	29.99250187453133
1624827419.23	2850	59.70451	0.0	3397624	300	2.85	92.963	22	2720	29.98500749625191
1624827423.29	2850	59.824702	0.0	3070410	298	2.85	96.962	22	2840	30.007501875468797
1624827427.1	2850	59.914145	0.0	3480718	537	2.85	100.963	22	2960	29.99250187453144
1624827431.19	2850	59.7	0.0	3396325	303	2.85	104.964	22	3080	29.99250187453133
1624827435.28	2850	59.749224	0.0	3538812	330	2.85	108.964	22	3200	30
1624827439.34	2850	59.533585	0.0	3440498	306	2.85	112.965	22	3320	29.99250187453133
1624827443.43	2850	59.529332	0.0	3504086	323	2.85	116.965	22	3440	30
1624827446.99	2850	59.912552	0.0	3345088	315	2.85	120.982	22	3560	29.873039581777476
