1624819582.83	750	4	0.138	447032	58	-0.5883999999999999	0	0	0	0
1624819583.27	1850	8	0.0	2254830	229	0.75	0	0	0	0
1624819583.59	1850	11.875646	0.0	1837501	171	1.85	0	0	0	0
1624819583.93	1850	15.551455	0.0	2108748	196	1.85	0	0	0	0
1624819584.31	1850	19.182674	0.0	2229492	194	1.85	0	0	0	0
1624819584.64	1850	22.819576	0.0	2078237	186	1.85	0	0	0	0
1624819584.98	1850	26.494728	0.0	2030644	183	1.85	0	0	0	0
1624819585.38	1850	30.091123	0.0	2298831	210	1.85	0	0	0	0
1624819585.74	1850	33.723901	0.0	2164964	192	1.85	0	0	0	0
1624819586.13	1850	37.359009	0.0	2175479	193	1.85	0	0	0	0
1624819586.5	1850	40.99103	0.0	2156805	180	1.85	4.681	0	88	0
1624819587.03	1850	44.624201	0.0	2101523	185	1.85	4.681	0	88	0
1624819587.46	1850	48.015836	0.0	2344608	223	1.85	4.681	0	88	0
1624819587.86	1850	51.646101	0.0	2334646	204	1.85	4.681	0	88	0
1624819588.24	1850	55.234748	0.0	2109579	177	1.85	4.681	0	88	0
1624819588.61	1850	58.866667	0.0	2097243	175	1.85	4.681	0	88	0
1624819591.99	1850	59.596343	0.0	2054074	181	1.85	8.683	0	208	29.985007496251875
1624819595.96	1850	59.606232	0.0	2079344	213	1.85	12.699	0	328	29.8804780876494
1624819599.92	1850	59.591231	0.0	2353718	225	1.85	16.699	0	449	30.249999999999986
1624819603.88	1850	59.686885	0.0	2119053	212	1.85	20.7	0	569	29.992501874531385
1624819607.82	1850	59.686403	0.0	2145449	205	1.85	24.7	0	689	30
1624819611.75	1850	59.870631	0.0	2087310	202	1.85	28.705	0	809	29.962546816479406
1624819615.77	1850	59.943057	0.0	2348666	251	1.85	32.703	0	929	30.015007503751843
1624819619.66	1850	59.976764	0.0	1801794	172	1.85	36.703	0	1049	30
1624819624.07	1850	59.487117	0.0	1864524	180	1.85	40.704	0	1169	29.992501874531385
1624819628.01	1850	59.603609	0.0	2051691	189	1.85	44.706	0	1289	29.985007496251857
1624819631.92	1850	59.60716	0.0	1898420	174	1.85	48.705	0	1409	30.007501875468904
1624819635.89	1850	59.643136	0.0	2276304	217	1.85	52.711	0	1529	29.955067398901647
1624819639.84	1850	59.684462	0.0	2239013	212	1.85	56.712	0	1649	29.99250187453133
1624819643.82	1850	59.867826	0.0	2417622	230	1.85	60.712	0	1769	30
1624819647.78	1850	59.829054	0.0	1950728	199	1.85	64.714	0	1889	29.98500749625191
1624819651.76	1850	59.903539	0.0	2268079	230	1.85	68.715	0	2009	29.99250187453133
1624819655.72	1850	59.947346	0.0	2105954	201	1.85	72.715	0	2129	30
1624819660.19	1850	59.447679	0.0	2049597	204	1.85	76.716	0	2249	29.99250187453144
1624819663.66	1850	59.968925	0.0	2267452	225	1.85	80.716	0	2369	30
1624819668.15	1850	59.510103	0.0	1977775	242	1.85	84.716	0	2489	30
1624819671.61	1850	59.911853	0.0	2145766	223	1.85	88.72	0	2609	29.970029970029934
1624819675.55	1850	59.954463	0.0	2064567	213	1.85	92.719	0	2729	30.007501875468904
1624819679.97	1850	59.7	0.0	1899367	190	1.85	96.72	0	2849	29.99250187453133
1624819683.91	1850	59.726917	0.0	2118078	204	1.85	100.721	0	2969	29.99250187453133
1624819687.85	1850	59.845185	0.0	2045638	180	1.85	104.722	0	3089	29.99250187453144
1624819691.78	1850	59.951545	0.0	2132751	186	1.85	108.723	0	3209	29.99250187453133
1624819696.2	1850	59.471893	0.0	2105800	191	1.85	112.723	0	3329	30
1624819700.12	1850	59.550196	0.0	2117310	203	1.85	116.725	0	3449	29.98500749625191
1624819703.51	1850	59.979663	0.0	2106167	185	1.85	120.725	0	3569	30
