1624845660.44	750	4	1.208	447032	692	-5.1894	0	0	0	0
1624845663.22	2850	5.349209	0.0	3731877	1693	0.75	4.904	0	54	0
1624845663.95	2850	8.661362	0.0	2988743	349	2.85	4.904	0	54	0
1624845664.49	2850	12.093361	0.0	3344033	334	2.85	4.904	0	54	0
1624845665.07	2850	15.52545	0.0	3588671	364	2.85	4.904	0	54	0
1624845665.95	2850	18.714113	0.0	3516436	575	2.85	4.904	0	54	0
1624845666.53	2850	22.066667	0.0	3520561	297	2.85	8.905	2	174	29.49262684328918
1624845667.07	2850	25.5	0.0	3787958	313	2.85	8.905	2	174	29.49262684328918
1624845667.94	2850	28.640077	0.0	3482140	665	2.85	8.905	2	174	29.49262684328918
1624845668.57	2850	32.027958	0.0	3620909	373	2.85	8.905	2	174	29.49262684328918
1624845669.12	2850	35.466667	0.0	3578596	305	2.85	8.905	2	174	29.49262684328918
1624845669.64	2850	38.926385	0.0	3430213	300	2.85	8.905	2	174	29.49262684328918
1624845670.41	2850	42.166667	0.0	3873343	526	2.85	12.905	2	294	30
1624845671.01	2850	45.585717	0.0	4055051	349	2.85	12.905	2	294	30
1624845671.51	2850	49.096533	0.0	3383484	283	2.85	12.905	2	294	30
1624845672.06	2850	52.528659	0.0	3439708	333	2.85	12.905	2	294	30
1624845672.56	2850	56	0.0	3270011	299	2.85	12.905	2	294	30
1624845673.11	2850	59.470241	0.0	3397053	319	2.85	12.905	2	294	30
1624845676.74	2850	59.891762	0.0	3855639	340	2.85	16.905	2	414	29.999999999999986
1624845680.82	2850	59.908677	0.0	3553518	319	2.85	20.914	2	534	29.93265153404839
1624845684.9	2850	59.87605	0.0	3560530	340	2.85	24.917	2	654	29.977516862353234
1624845689.01	2850	59.696219	0.0	3529545	336	2.85	28.918	2	774	29.992501874531385
1624845692.66	2850	59.990461	0.0	3944215	365	2.85	32.92	2	894	29.985007496251857
1624845697.2	2850	59.447494	0.0	2874206	273	2.85	36.92	2	1014	30
1624845701.31	2850	59.504479	0.0	3298545	318	2.85	40.921	2	1134	29.992501874531385
1624845704.88	2850	59.80417	0.0	3406141	322	2.85	44.922	2	1254	29.992501874531385
1624845708.92	2850	59.816506	0.0	3134119	289	2.85	48.923	2	1374	29.99250187453133
1624845713.05	2850	59.581823	0.0	3769859	370	2.85	52.923	2	1494	30
1624845717.03	2850	59.622442	0.0	3566857	706	2.85	56.929	2	1614	29.955067398901647
1624845720.68	2850	59.912449	0.0	3935536	363	2.85	60.93	2	1734	29.992501874531385
1624845725.29	2850	59.45511	0.0	3251953	309	2.85	64.93	2	1854	29.999999999999947
1624845729.03	2850	59.724667	0.0	3744840	422	2.85	68.931	2	1974	29.99250187453144
1624845733.14	2850	59.471697	0.0	3455854	332	2.85	72.931	2	2094	30
1624845736.74	2850	59.883578	0.0	3548731	326	2.85	76.932	2	2214	29.99250187453133
1624845740.88	2850	59.969718	0.0	3573884	344	2.85	80.932	2	2335	30.25
1624845744.95	2850	59.646549	0.0	3124748	310	2.85	84.933	2	2455	29.99250187453133
1624845749.09	2850	59.653866	0.0	3671669	366	2.85	88.933	2	2575	30
1624845752.67	2850	59.940508	0.0	3397624	322	2.85	92.935	2	2695	29.98500749625191
1624845756.7	2850	59.861347	0.0	3070410	302	2.85	96.936	2	2815	29.99250187453133
1624845760.9	2850	59.977813	0.0	3480718	338	2.85	100.956	2	2935	29.850746268656746
1624845765.07	2850	59.508087	0.0	3396325	395	2.85	104.957	2	3055	29.99250187453144
1624845769.17	2850	59.508955	0.0	3538812	335	2.85	108.958	2	3175	29.99250187453133
1624845773.24	2850	59.514129	0.0	3440498	334	2.85	112.958	2	3295	30
1624845776.85	2850	59.837423	0.0	3504086	349	2.85	116.958	2	3415	30
1624845780.95	2850	59.653246	0.0	3345088	343	2.85	120.979	2	3536	30.09201691121611
