1624833431.56	750	4	0.219	447032	83	-0.9367	0	0	0	0
1624833432.43	2850	8	0.0	3731877	367	0.75	0	0	0	0
1624833433.13	2850	11.533334	0.0	2988743	288	2.85	0	0	0	0
1624833433.85	2850	14.8	0.0	3344033	327	2.85	0	0	0	0
1624833434.55	2850	18.1	0.0	3588671	298	2.85	0	0	0	0
1624833435.04	2850	21.424456	0.0	3516436	294	2.85	4.74	15	75	0
1624833435.56	2850	24.938878	0.0	3520561	295	2.85	4.74	15	75	0
1624833436.23	2850	28.266667	0.0	3787958	357	2.85	4.74	15	75	0
1624833436.94	2850	31.733334	0.0	3482140	316	2.85	4.74	15	75	0
1624833437.47	2850	35.02302	0.0	3620909	319	2.85	4.74	15	75	0
1624833438.07	2850	38.466667	0.0	3578596	327	2.85	4.74	15	75	0
1624833438.79	2850	41.866667	0.0	3430213	304	2.85	4.74	15	75	0
1624833439.36	2850	45.106967	0.0	3873343	331	2.85	8.74	30	195	26.25
1624833439.94	2850	48.537061	0.0	4055051	342	2.85	8.74	30	195	26.25
1624833440.44	2850	52.049934	0.0	3383484	297	2.85	8.74	30	195	26.25
1624833440.95	2850	55.520716	0.0	3439708	303	2.85	8.74	30	195	26.25
1624833441.47	2850	59.03001	0.0	3270011	289	2.85	8.74	30	195	26.25
1624833445.04	2850	59.452884	0.0	3397053	285	2.85	12.74	30	315	30
1624833449.23	2850	59.500856	0.0	3855639	377	2.85	16.741	30	435	29.99250187453137
1624833452.85	2850	59.827283	0.0	3553518	327	2.85	20.741	30	555	30
1624833456.85	2850	59.804403	0.0	3560530	687	2.85	24.742	30	676	30.24243939015245
1624833460.96	2850	59.596706	0.0	3529545	345	2.85	28.742	30	795	29.75
1624833464.82	2850	59.87968	0.0	3944215	609	2.85	32.746	30	916	30.21978021978021
1624833468.59	2850	59.895215	0.0	2874206	556	2.85	36.747	30	1036	29.992501874531385
1624833472.85	2850	59.633334	0.0	3298545	507	2.85	40.748	30	1156	29.992501874531385
1624833476.98	2850	59.623608	0.0	3406141	339	2.85	44.748	30	1276	30
1624833480.92	2850	59.671011	0.0	3134119	273	2.85	48.748	30	1396	30
1624833484.63	2850	59.959767	0.0	3769859	449	2.85	52.748	30	1516	30
1624833488.79	2850	59.709391	0.0	3566857	361	2.85	56.749	30	1636	29.99250187453133
1624833493.04	2850	59.500324	0.0	3935536	431	2.85	60.75	30	1756	29.992501874531385
1624833497.1	2850	59.502798	0.0	3251953	302	2.85	64.752	30	1876	29.98500749625191
1624833500.73	2850	59.79368	0.0	3744840	356	2.85	68.752	30	1996	30
1624833504.81	2850	59.909593	0.0	3455854	319	2.85	72.752	30	2116	30
1624833509.11	2850	59.434097	0.0	3548731	336	2.85	76.752	30	2236	30
1624833513.21	2850	59.45627	0.0	3573884	332	2.85	80.756	30	2356	29.970029970029934
1624833516.79	2850	59.795461	0.0	3124748	300	2.85	84.757	30	2476	29.99250187453133
1624833520.9	2850	59.82024	0.0	3671669	344	2.85	88.757	30	2596	30
1624833524.98	2850	59.784113	0.0	3397624	319	2.85	92.758	30	2716	29.99250187453144
1624833529.02	2850	59.570013	0.0	3070410	293	2.85	96.758	30	2836	30
1624833532.64	2850	59.888966	0.0	3480718	351	2.85	100.759	30	2956	29.99250187453133
1624833536.83	2850	59.934033	0.0	3396325	421	2.85	104.76	30	3076	29.99250187453133
1624833540.94	2850	59.683482	0.0	3538812	345	2.85	108.761	30	3196	29.99250187453144
1624833545.07	2850	59.425086	0.0	3440498	331	2.85	112.761	30	3316	30
1624833549.14	2850	59.434957	0.0	3504086	305	2.85	116.77	30	3436	29.93265153404839
1624833553.04	2850	59.462197	0.0	3345088	670	2.85	120.774	30	3556	29.970029970029934
