1624841971.0	750	4	0.192	446149	61	-0.8205999999999999	0	0	0	0
1624841971.78	1850	8	0.0	3302713	320	0.75	0	0	0	0
1624841972.49	1850	11.3	0.0	2780269	543	1.85	0	0	0	0
1624841973.12	1850	14.883334	0.0	3138830	275	1.85	0	0	0	0
1624841973.76	1850	18.233334	0.0	3252745	287	1.85	0	0	0	0
1624841974.42	1850	21.6	0.0	3175667	275	1.85	4.775	35	149	0
1624841975.16	1850	24.916667	0.0	2962628	316	1.85	4.775	35	149	0
1624841975.84	1850	28.166667	0.0	3242545	263	1.85	4.775	35	149	0
1624841976.47	1850	31.516667	0.0	2999470	274	1.85	4.775	35	149	0
1624841977.13	1850	34.916667	0.0	2926075	255	1.85	4.775	35	149	0
1624841977.62	1850	38.233334	0.0	3029009	270	1.85	4.775	35	149	0
1624841978.26	1850	41.75	0.0	3113599	281	1.85	4.775	35	149	0
1624841978.89	1850	45.116667	0.0	3116790	265	1.85	8.776	142	396	34.99125218695327
1624841979.38	1850	48.483334	0.0	3132453	277	1.85	8.776	142	396	34.99125218695327
1624841979.91	1850	52	0.0	2994095	256	1.85	8.776	142	396	34.99125218695327
1624841980.54	1850	55.45	0.0	3154088	267	1.85	8.776	142	396	34.99125218695327
1624841981.0	1850	58.85	0.0	2803553	242	1.85	8.776	142	396	34.99125218695327
1624841984.5	1850	59.487523	0.0	3039477	270	1.85	12.775	199	636	45.76144036009001
1624841989.13	1850	59.747469	0.0	3356332	335	1.85	16.777	201	876	59.47026486756621
1624841992.3	1850	59.51089	0.0	3105690	423	1.85	20.777	204	1116	59.25
1624841996.32	1850	59.90393	0.0	3008856	480	1.85	24.777	208	1356	59
1624841999.9	1850	59.916667	0.0	3066869	265	1.85	28.778	210	1596	59.48512871782058
1624842004.28	1850	59.7	0.0	3178549	628	1.85	32.79	215	1837	58.823529411764696
1624842008.29	1850	59.745687	0.0	2577778	241	1.85	36.791	221	2077	58.4853786553362
1624842012.29	1850	59.577935	0.0	2819145	273	1.85	40.79	223	2317	59.514878719679885
1624842016.32	1850	59.613549	0.0	3037564	287	1.85	44.793	225	2557	59.455408443667245
1624842020.33	1850	59.65617	0.0	2852411	274	1.85	48.793	228	2797	59.25
1624842024.36	1850	59.446077	0.0	3004818	274	1.85	52.793	233	3037	58.75
1624842028.39	1850	59.501315	0.0	2930516	274	1.85	56.793	237	3277	59
1624842031.99	1850	59.872075	0.0	3381885	345	1.85	60.794	245	3517	57.98550362409401
1624842036.03	1850	59.827699	0.0	2812661	290	1.85	64.795	248	3757	59.23519120219938
1624842040.13	1850	59.883334	0.0	3529340	329	1.85	68.795	250	3997	59.5
1624842044.2	1850	59.872033	0.0	3274615	299	1.85	72.795	256	4237	58.5
1624842048.22	1850	59.62002	0.0	3020205	289	1.85	76.795	261	4477	58.75
1624842052.27	1850	59.772712	0.0	3084353	290	1.85	80.796	265	4717	58.98525368657828
1624842056.28	1850	59.78106	0.0	2743535	281	1.85	84.797	267	4957	59.485128717820686
1624842060.29	1850	59.568297	0.0	3049078	301	1.85	88.797	269	5197	59.5
1624842064.36	1850	59.530627	0.0	2866070	304	1.85	92.797	271	5437	59.5
1624842067.86	1850	59.957524	0.0	2786310	262	1.85	96.797	273	5677	59.5
1624842072.39	1850	59.429193	0.0	2886749	269	1.85	100.798	278	5917	58.73531617095719
1624842076.44	1850	59.727795	0.0	2928463	1025	1.85	104.798	285	6157	58.25
1624842079.99	1850	59.840125	0.0	3115560	303	1.85	108.8	290	6397	58.72063968015999
1624842084.0	1850	59.810636	0.0	3008634	270	1.85	112.801	295	6637	58.73531617095719
1624842088.12	1850	59.87484	0.0	3111850	349	1.85	116.801	302	6877	58.25
1624842092.11	1850	59.921666	0.0	2982399	274	1.85	120.801	306	7118	59.25
