1624823655.58	750	4	0.126	446149	56	-0.5367999999999999	0	0	0	0
1624823656.67	1850	7.55	0.0	3302713	711	0.75	0	0	0	0
1624823657.11	1850	10.940811	0.0	2780269	259	1.85	0	0	0	0
1624823657.58	1850	14.466667	0.0	3138830	289	1.85	0	0	0	0
1624823658.08	1850	18	0.0	3252745	294	1.85	0	0	0	0
1624823658.58	1850	21.5	0.0	3175667	295	1.85	0	0	0	0
1624823659.06	1850	25.016667	0.0	2962628	286	1.85	4.806	22	170	0
1624823659.6	1850	28.5	0.0	3242545	313	1.85	4.806	22	170	0
1624823660.1	1850	32	0.0	2999470	282	1.85	4.806	22	170	0
1624823660.6	1850	35.483334	0.0	2926075	260	1.85	4.806	22	170	0
1624823661.11	1850	38.983334	0.0	3029009	291	1.85	4.806	22	170	0
1624823661.65	1850	42.45	0.0	3113599	301	1.85	4.806	22	170	0
1624823662.16	1850	45.933334	0.0	3116790	276	1.85	4.806	22	170	0
1624823662.67	1850	49.433334	0.0	3132453	289	1.85	4.806	22	170	0
1624823663.17	1850	52.916667	0.0	2994095	275	1.85	8.805	66	410	49.012253063265824
1624823663.74	1850	56.4	0.0	3154088	292	1.85	8.805	66	410	49.012253063265824
1624823664.23	1850	59.883334	0.0	2803553	218	1.85	8.805	66	410	49.012253063265824
1624823668.3	1850	59.779423	0.0	3039477	279	1.85	12.806	99	650	51.73706573356662
1624823672.41	1850	59.70604	0.0	3356332	322	1.85	16.806	108	890	57.74999999999997
1624823676.47	1850	59.711931	0.0	3105690	296	1.85	20.806	112	1130	59
1624823680.53	1850	59.709603	0.0	3008856	307	1.85	24.807	116	1370	58.98525368657839
1624823684.57	1850	59.751614	0.0	3066869	291	1.85	28.808	120	1610	58.98525368657834
1624823688.64	1850	59.433334	0.0	3178549	305	1.85	32.807	126	1850	58.51462865716426
1624823692.66	1850	59.46837	0.0	2577778	257	1.85	36.816	130	2090	58.867548016961834
1624823696.17	1850	59.990042	0.0	2819145	262	1.85	40.817	134	2330	58.98525368657839
1624823700.73	1850	59.458565	0.0	3037564	297	1.85	44.821	139	2570	58.69130869130873
1624823704.26	1850	59.897047	0.0	2852411	273	1.85	48.82	143	2810	59.01475368842207
1624823708.31	1850	59.952508	0.0	3004818	279	1.85	52.821	148	3051	58.98525368657839
1624823712.37	1850	59.703944	0.0	2930516	301	1.85	56.821	154	3291	58.5
1624823716.27	1850	59.997266	0.0	3381885	629	1.85	60.829	161	3531	58.133732534930104
1624823720.79	1850	59.441419	0.0	2812661	265	1.85	64.834	165	3771	58.92634207240945
1624823724.41	1850	59.730357	0.0	3529340	311	1.85	68.848	172	4012	58.2959641255606
1624823728.51	1850	59.74319	0.0	3274615	331	1.85	72.849	178	4252	58.4853786553361
1624823732.57	1850	59.528302	0.0	3020205	287	1.85	76.849	183	4492	58.75
1624823736.67	1850	59.595573	0.0	3084353	326	1.85	80.85	189	4732	58.485378655336305
1624823740.21	1850	59.860291	0.0	2743535	293	1.85	84.85	193	4972	59
1624823744.25	1850	59.895772	0.0	3049078	292	1.85	88.85	198	5212	58.75
1624823748.3	1850	59.893711	0.0	2866070	295	1.85	92.851	202	5452	58.98525368657828
1624823752.33	1850	59.921925	0.0	2786310	292	1.85	96.851	207	5692	58.75
1624823756.37	1850	59.819835	0.0	2886749	284	1.85	100.852	211	5932	58.98525368657828
1624823760.43	1850	59.622766	0.0	2928463	289	1.85	104.853	216	6172	58.7353161709574
1624823764.52	1850	59.617599	0.0	3115560	341	1.85	108.855	222	6413	58.72063968015978
1624823768.56	1850	59.579495	0.0	3008634	301	1.85	112.854	229	6653	58.264566141535454
1624823772.16	1850	59.87922	0.0	3111850	358	1.85	116.854	234	6892	58.5
1624823776.17	1850	59.917462	0.0	2982399	305	1.85	120.856	237	7133	59.470264867566286
