1624822436.83	750	4	0.369	446149	211	-1.5817	0	0	0	0
1624822438.62	2850	7.2	0.0	5338027	1235	0.75	0	0	0	0
1624822439.52	2850	10.3	0.0	4485847	484	2.85	0	0	0	0
1624822440.24	2850	13.416667	0.0	5004689	472	2.85	5.379	36	151	0
1624822441.04	2850	16.666667	0.0	5182650	505	2.85	5.379	36	151	0
1624822441.77	2850	19.933334	0.0	5173280	487	2.85	5.379	36	151	0
1624822442.49	2850	23.166667	0.0	4880493	468	2.85	5.379	36	151	0
1624822443.29	2850	26.383334	0.0	5406574	542	2.85	5.379	36	151	0
1624822444.35	2850	29.65	0.0	4844720	466	2.85	5.379	36	151	0
1624822445.18	2850	32.483334	0.0	4832207	557	2.85	9.714	99	411	45.44405997693194
1624822445.99	2850	35.716667	0.0	4887638	472	2.85	9.714	99	411	45.44405997693194
1624822446.73	2850	38.933334	0.0	4995664	472	2.85	9.714	99	411	45.44405997693194
1624822447.53	2850	42.166667	0.0	5320325	506	2.85	9.714	99	411	45.44405997693194
1624822448.37	2850	45.333334	0.0	5320224	541	2.85	9.714	99	411	45.44405997693194
1624822449.09	2850	48.566667	0.0	4822090	447	2.85	13.734	151	652	47.01492537313433
1624822449.87	2850	51.783334	0.0	5024811	529	2.85	13.734	151	652	47.01492537313433
1624822450.54	2850	55.1	0.0	4620969	420	2.85	13.734	151	652	47.01492537313433
1624822451.34	2850	58.4	0.0	4982065	471	2.85	13.734	151	652	47.01492537313433
1624822454.23	2850	59.563568	0.0	5333279	554	2.85	17.735	199	893	48.23794051487129
1624822458.06	2850	59.637483	0.0	5166435	525	2.85	21.737	208	1133	57.72113943028487
1624822461.88	2850	59.888809	0.0	4952219	497	2.85	25.737	219	1373	57.25
1624822466.17	2850	59.605545	0.0	5148296	481	2.85	29.737	229	1613	57.5
1624822470.07	2850	59.728461	0.0	5332212	569	2.85	33.738	240	1853	57.235691077230676
1624822474.27	2850	59.429894	0.0	4130375	411	2.85	37.739	247	2093	58.23544113971511
1624822478.01	2850	59.760993	0.0	4502091	453	2.85	41.74	256	2333	57.73556610847281
1624822481.8	2850	59.94345	0.0	4906417	492	2.85	45.74	266	2573	57.5
1624822486.1	2850	59.660252	0.0	4606683	512	2.85	49.74	277	2813	57.25
1624822490.07	2850	59.661422	0.0	4992827	655	2.85	53.74	287	3053	57.5
1624822493.87	2850	59.980787	0.0	4833092	504	2.85	57.743	297	3293	57.456907319510364
1624822497.83	2850	59.771564	0.0	5560086	656	2.85	61.743	309	3533	57
1624822502.1	2850	59.558335	0.0	4512973	484	2.85	65.743	318	3773	57.7500000000001
1624822506.07	2850	59.613258	0.0	5477056	617	2.85	69.745	331	4013	56.72163918040966
1624822509.9	2850	59.790177	0.0	5211665	486	2.85	73.744	344	4253	56.76419104776201
1624822513.77	2850	59.89714	0.0	5155066	526	2.85	77.745	353	4493	57.73556610847281
1624822518.06	2850	59.62064	0.0	5042047	502	2.85	81.746	363	4733	57.485628592851924
1624822521.84	2850	59.977934	0.0	4373848	468	2.85	85.746	373	4973	57.5
1624822526.19	2850	59.556021	0.0	4955552	552	2.85	89.747	382	5213	57.73556610847281
1624822529.92	2850	59.84086	0.0	4533309	467	2.85	93.748	390	5453	57.98550362409391
1624822534.1	2850	59.602534	0.0	4404309	413	2.85	97.748	397	5694	58.5
1624822537.84	2850	59.976044	0.0	4543808	450	2.85	101.749	404	5934	58.235441139715206
1624822542.09	2850	59.7616	0.0	4672100	453	2.85	105.749	412	6174	58
1624822545.91	2850	59.766667	0.0	5112917	496	2.85	109.75	425	6414	56.735816045988436
1624822550.13	2850	59.522963	0.0	4777608	495	2.85	113.751	430	6654	58.73531617095719
1624822554.17	2850	59.585176	0.0	5053470	490	2.85	117.751	469	6894	50.25
1624822557.99	2850	59.690296	0.0	4782473	494	2.85	121.752	484	7134	56.235941014746444
