1624845157.24	750	4	0.171	447032	56	-0.7303	0	0	0	0
1624845158.03	2850	8	0.0	3731877	355	0.75	0	0	0	0
1624845158.68	2850	11.633334	0.0	2988743	286	2.85	0	0	0	0
1624845159.35	2850	15	0.0	3344033	307	2.85	0	0	0	0
1624845160.05	2850	18.333334	0.0	3588671	307	2.85	0	0	0	0
1624845160.75	2850	21.633334	0.0	3516436	314	2.85	5.246	11	69	0
1624845161.5	2850	24.933334	0.0	3520561	315	2.85	5.246	11	69	0
1624845162.26	2850	28.166667	0.0	3787958	324	2.85	5.246	11	69	0
1624845162.99	2850	31.4	0.0	3482140	337	2.85	5.246	11	69	0
1624845163.69	2850	34.7	0.0	3620909	305	2.85	5.246	11	69	0
1624845164.81	2850	37.633334	0.0	3578596	658	2.85	9.246	46	189	21.25
1624845165.51	2850	40.9	0.0	3430213	307	2.85	9.246	46	189	21.25
1624845166.28	2850	44.166667	0.0	3873343	338	2.85	9.246	46	189	21.25
1624845167.1	2850	47.366667	0.0	4055051	359	2.85	9.246	46	189	21.25
1624845167.76	2850	50.6	0.0	3383484	293	2.85	9.246	46	189	21.25
1624845168.46	2850	53.933334	0.0	3439708	303	2.85	9.246	46	189	21.25
1624845169.13	2850	57.266667	0.0	3270011	285	2.85	13.246	98	309	17
1624845170.35	2850	59.958735	0.0	3397053	304	2.85	13.246	98	309	17
1624845174.65	2850	59.687378	0.0	3855639	340	2.85	17.247	121	429	24.24393901524619
1624845178.4	2850	59.974359	0.0	3553518	337	2.85	21.249	128	549	28.23588205897052
1624845182.67	2850	59.728409	0.0	3560530	325	2.85	25.251	135	669	28.235882058970496
1624845186.45	2850	59.909461	0.0	3529545	316	2.85	29.251	143	789	28
1624845190.78	2850	59.493552	0.0	3944215	368	2.85	33.252	152	910	27.993001749562602
1624845194.49	2850	59.860244	0.0	2874206	320	2.85	37.256	155	1030	29.22077922077924
1624845198.73	2850	59.659112	0.0	3298545	300	2.85	41.258	161	1150	28.485757121439264
1624845202.5	2850	59.903344	0.0	3406141	330	2.85	45.258	168	1270	28.25
1624845206.67	2850	59.635355	0.0	3134119	305	2.85	49.258	173	1390	28.75
1624845210.44	2850	59.894863	0.0	3769859	339	2.85	53.258	179	1510	28.5
1624845214.69	2850	59.679956	0.0	3566857	308	2.85	57.268	186	1630	28.17955112219453
1624845218.53	2850	59.821858	0.0	3935536	365	2.85	61.269	196	1750	27.493126718320436
1624845222.77	2850	59.507326	0.0	3251953	327	2.85	65.269	202	1870	28.49999999999995
1624845226.55	2850	59.781226	0.0	3744840	336	2.85	69.269	208	1990	28.5
1624845230.31	2850	59.92678	0.0	3455854	337	2.85	73.27	214	2110	28.492876780804867
1624845234.62	2850	59.652237	0.0	3548731	368	2.85	77.27	221	2230	28.25
1624845238.97	2850	59.450324	0.0	3573884	320	2.85	81.278	228	2350	28.19361277445103
1624845242.61	2850	59.704844	0.0	3124748	511	2.85	85.278	233	2470	28.75
1624845246.58	2850	59.826435	0.0	3671669	535	2.85	89.279	239	2590	28.492876780804867
1624845250.55	2850	59.871602	0.0	3397624	435	2.85	93.28	245	2710	28.492876780804764
1624845254.55	2850	59.880493	0.0	3070410	288	2.85	97.281	249	2830	28.992751812046954
1624845258.85	2850	59.502393	0.0	3480718	345	2.85	101.281	254	2950	28.75
1624845262.73	2850	59.716203	0.0	3396325	347	2.85	105.282	261	3070	28.24293926518377
1624845266.62	2850	59.766667	0.0	3538812	356	2.85	109.283	267	3190	28.492876780804764
1624845270.88	2850	59.447878	0.0	3440498	348	2.85	113.282	274	3310	28.25706426606655
1624845274.96	2850	59.485782	0.0	3504086	662	2.85	117.283	281	3430	28.24293926518367
1624845278.68	2850	59.628685	0.0	3345088	339	2.85	121.288	286	3551	28.96379525593012
