1624819824.09	750	4	0.153	447032	84	-0.6528999999999999	0	0	0	0
1624819824.52	1850	8	0.0	2254830	247	0.75	0	0	0	0
1624819824.85	1850	11.713895	0.0	1837501	190	1.85	0	0	0	0
1624819825.24	1850	15.348096	0.0	2108748	212	1.85	0	0	0	0
1624819825.61	1850	18.940053	0.0	2229492	214	1.85	0	0	0	0
1624819825.97	1850	22.613209	0.0	2078237	184	1.85	0	0	0	0
1624819826.35	1850	26.208108	0.0	2030644	193	1.85	0	0	0	0
1624819826.73	1850	29.842266	0.0	2298831	199	1.85	0	0	0	0
1624819827.11	1850	33.478695	0.0	2164964	192	1.85	0	0	0	0
1624819827.48	1850	37.111292	0.0	2175479	188	1.85	0	0	0	0
1624819827.86	1850	40.704993	0.0	2156805	200	1.85	4.565	0	95	0
1624819828.22	1850	44.33927	0.0	2101523	198	1.85	4.565	0	95	0
1624819828.71	1850	47.852379	0.0	2344608	201	1.85	4.565	0	95	0
1624819829.09	1850	51.487214	0.0	2334646	209	1.85	4.565	0	95	0
1624819829.47	1850	55.082935	0.0	2109579	204	1.85	4.565	0	95	0
1624819829.86	1850	58.718812	0.0	2097243	203	1.85	4.565	0	95	0
1624819832.79	1850	59.874721	0.0	2054074	195	1.85	8.565	0	215	30.000000000000007
1624819836.74	1850	59.993714	0.0	2079344	204	1.85	12.565	0	335	30
1624819841.23	1850	59.491713	0.0	2353718	238	1.85	16.566	0	455	29.99250187453137
1624819845.2	1850	59.57645	0.0	2119053	204	1.85	20.568	0	575	29.985007496251857
1624819849.16	1850	59.580536	0.0	2145449	215	1.85	24.568	0	695	30
1624819853.1	1850	59.615295	0.0	2087310	207	1.85	28.568	0	815	30
1624819857.06	1850	59.746305	0.0	2348666	244	1.85	32.579	0	935	29.917726252804794
1624819860.96	1850	59.805402	0.0	1801794	175	1.85	36.58	0	1055	29.992501874531385
1624819864.86	1850	59.819426	0.0	1864524	173	1.85	40.58	0	1175	30
1624819868.8	1850	59.942976	0.0	2051691	193	1.85	44.581	0	1295	29.99250187453133
1624819872.7	1850	59.943606	0.0	1898420	184	1.85	48.589	0	1416	30.189620758483066
1624819876.66	1850	59.993642	0.0	2276304	218	1.85	52.59	0	1536	29.99250187453133
1624819881.12	1850	59.46888	0.0	2239013	210	1.85	56.59	0	1656	30
1624819885.09	1850	59.629333	0.0	2417622	238	1.85	60.591	0	1776	29.992501874531385
1624819889.01	1850	59.718025	0.0	1950728	182	1.85	64.592	0	1896	29.992501874531385
1624819893.01	1850	59.762645	0.0	2268079	219	1.85	68.593	0	2016	29.99250187453133
1624819896.97	1850	59.808552	0.0	2105954	228	1.85	72.593	0	2136	30
1624819900.91	1850	59.839558	0.0	2049597	205	1.85	76.594	0	2256	29.99250187453144
1624819904.88	1850	59.961816	0.0	2267452	251	1.85	80.594	0	2376	30
1624819908.79	1850	59.792895	0.0	1977775	206	1.85	84.595	0	2496	29.99250187453133
1624819912.76	1850	59.879293	0.0	2145766	219	1.85	88.595	0	2616	30
1624819916.71	1850	59.981116	0.0	2064567	221	1.85	92.596	0	2736	29.99250187453133
1624819921.14	1850	59.513825	0.0	1899367	196	1.85	96.596	0	2856	30
1624819925.09	1850	59.619345	0.0	2118078	205	1.85	100.599	0	2976	29.977516862353234
1624819929.02	1850	59.691193	0.0	2045638	188	1.85	104.599	0	3096	30
1624819932.95	1850	59.74711	0.0	2132751	204	1.85	108.601	0	3216	29.98500749625191
1624819936.87	1850	59.862231	0.0	2105800	199	1.85	112.603	0	3336	29.98500749625191
1624819941.32	1850	59.459304	0.0	2117310	220	1.85	116.602	0	3456	30.007501875468797
1624819945.2	1850	59.47032	0.0	2106167	194	1.85	120.606	0	3576	29.97002997003004
