1624814497.28	750	4	0.144	446149	63	-0.6142	0	0	0	0
1624814499.54	2850	6.25	0.0	5338027	1988	0.75	0	0	0	0
1624814501.13	2850	8.65	0.0	4485847	1229	2.85	4.513	6	194	0
1624814501.86	2850	12	0.0	5004689	476	2.85	4.513	6	194	0
1624814502.67	2850	15.216667	0.0	5182650	468	2.85	4.513	6	194	0
1624814503.51	2850	18.3	0.0	5173280	559	2.85	4.513	6	194	0
1624814504.34	2850	21.5	0.0	4880493	497	2.85	4.513	6	194	0
1624814505.14	2850	24.65	0.0	5406574	531	2.85	8.513	60	434	46.5
1624814506.04	2850	27.766667	0.0	4844720	506	2.85	8.513	60	434	46.5
1624814506.81	2850	31.033334	0.0	4832207	441	2.85	8.513	60	434	46.5
1624814507.53	2850	34.25	0.0	4887638	461	2.85	8.513	60	434	46.5
1624814508.28	2850	37.516667	0.0	4995664	478	2.85	8.513	60	434	46.5
1624814509.18	2850	40.75	0.0	5320325	486	2.85	12.514	105	674	48.73781554611348
1624814510.11	2850	43.783334	0.0	5320224	573	2.85	12.514	105	674	48.73781554611348
1624814510.87	2850	46.95	0.0	4822090	458	2.85	12.514	105	674	48.73781554611348
1624814511.68	2850	50.183334	0.0	5024811	486	2.85	12.514	105	674	48.73781554611348
1624814512.43	2850	53.416667	0.0	4620969	415	2.85	12.514	105	674	48.73781554611348
1624814513.21	2850	56.633334	0.0	4982065	468	2.85	16.516	174	915	42.9785107446277
1624814514.05	2850	59.8	0.0	5333279	502	2.85	16.516	174	915	42.9785107446277
1624814517.91	2850	59.869204	0.0	5166435	518	2.85	20.517	221	1155	48.23794051487127
1624814522.32	2850	59.503072	0.0	4952219	543	2.85	24.516	239	1395	55.513878469617424
1624814526.17	2850	59.808717	0.0	5148296	522	2.85	28.517	254	1635	56.235941014746295
1624814530.13	2850	59.738768	0.0	5332212	620	2.85	32.518	268	1875	56.485878530367394
1624814534.36	2850	59.485934	0.0	4130375	416	2.85	36.518	277	2115	57.75
1624814538.19	2850	59.520139	0.0	4502091	509	2.85	40.519	289	2355	56.985753561609634
1624814542.03	2850	59.854993	0.0	4906417	507	2.85	44.52	298	2595	57.73556610847281
1624814546.3	2850	59.498496	0.0	4606683	457	2.85	48.52	310	2835	57
1624814550.14	2850	59.591477	0.0	4992827	520	2.85	52.52	323	3075	56.75
1624814554.04	2850	59.800716	0.0	4833092	577	2.85	56.522	335	3315	56.97151424287863
1624814558.0	2850	59.912097	0.0	5560086	599	2.85	60.521	352	3555	55.76394098524628
1624814561.77	2850	59.942973	0.0	4512973	425	2.85	64.521	365	3795	56.75
1624814566.19	2850	59.758703	0.0	5477056	542	2.85	68.522	380	4035	56.235941014746246
1624814570.02	2850	59.803053	0.0	5211665	482	2.85	72.522	393	4275	56.75
1624814573.88	2850	59.929328	0.0	5155066	509	2.85	76.522	407	4515	56.5
1624814578.26	2850	59.719223	0.0	5042047	501	2.85	80.523	422	4755	56.235941014746444
1624814581.91	2850	59.961698	0.0	4373848	826	2.85	84.524	436	4995	56.48587853036734
1624814586.3	2850	59.505111	0.0	4955552	537	2.85	88.524	448	5235	57
1624814590.1	2850	59.82844	0.0	4533309	469	2.85	92.527	461	5475	56.707469397951535
1624814593.86	2850	59.987469	0.0	4404309	454	2.85	96.526	472	5715	57.26431607901982
1624814598.17	2850	59.653532	0.0	4543808	483	2.85	100.526	484	5955	57
1624814602.15	2850	59.694807	0.0	4672100	658	2.85	104.527	499	6195	56.235941014746246
1624814606.21	2850	59.662116	0.0	5112917	1217	2.85	108.528	514	6435	56.235941014746246
1624814610.01	2850	59.955691	0.0	4777608	1010	2.85	112.528	526	6675	57
1624814614.27	2850	59.579315	0.0	5053470	915	2.85	116.537	540	6916	56.622599151908204
1624814618.29	2850	59.612356	0.0	4782473	668	2.85	120.538	556	7156	55.98600349912535
