1624836859.05	750	4	0.205	447032	67	-0.8765	0	0	0	0
1624836859.93	2850	8	0.0	3731877	386	0.75	0	0	0	0
1624836860.48	2850	11.533334	0.0	2988743	299	2.85	0	0	0	0
1624836861.16	2850	14.966667	0.0	3344033	286	2.85	0	0	0	0
1624836861.85	2850	18.266667	0.0	3588671	308	2.85	0	0	0	0
1624836862.53	2850	21.6	0.0	3516436	296	2.85	0	0	0	0
1624836863.29	2850	24.866667	0.0	3520561	363	2.85	4.859	16	79	0
1624836863.88	2850	28.133402	0.0	3787958	311	2.85	4.859	16	79	0
1624836864.48	2850	31.523466	0.0	3482140	336	2.85	4.859	16	79	0
1624836865.13	2850	34.871876	0.0	3620909	293	2.85	4.859	16	79	0
1624836865.67	2850	38.30402	0.0	3578596	306	2.85	4.859	16	79	0
1624836866.44	2850	41.52673	0.0	3430213	548	2.85	4.859	16	79	0
1624836867.0	2850	45	0.0	3873343	325	2.85	8.859	23	199	28.25
1624836867.62	2850	48.4	0.0	4055051	346	2.85	8.859	23	199	28.25
1624836868.12	2850	51.860452	0.0	3383484	298	2.85	8.859	23	199	28.25
1624836868.64	2850	55.333334	0.0	3439708	297	2.85	8.859	23	199	28.25
1624836869.13	2850	58.840797	0.0	3270011	277	2.85	8.859	23	199	28.25
1624836872.17	2850	59.827832	0.0	3397053	289	2.85	12.859	24	319	29.75
1624836876.33	2850	59.660403	0.0	3855639	363	2.85	16.86	25	439	29.742564358910276
1624836880.48	2850	59.52721	0.0	3553518	332	2.85	20.86	27	559	29.5
1624836884.59	2850	59.538129	0.0	3560530	336	2.85	24.861	27	679	29.992501874531357
1624836888.21	2850	59.90955	0.0	3529545	343	2.85	28.861	27	799	30
1624836892.35	2850	59.708517	0.0	3944215	382	2.85	32.862	27	919	29.992501874531357
1624836896.4	2850	59.581685	0.0	2874206	274	2.85	36.864	27	1039	29.98500749625191
1624836900.28	2850	59.87861	0.0	3298545	590	2.85	40.863	27	1159	30.00750187546885
1624836904.4	2850	59.637057	0.0	3406141	323	2.85	44.867	27	1279	29.970029970029987
1624836908.46	2850	59.684862	0.0	3134119	300	2.85	48.865	27	1399	30.015007503751843
1624836912.07	2850	59.981004	0.0	3769859	346	2.85	52.866	27	1519	29.992501874531385
1624836916.67	2850	59.466667	0.0	3566857	333	2.85	56.866	27	1639	30
1624836920.67	2850	59.494892	0.0	3935536	388	2.85	60.871	27	1759	29.96254681647938
1624836924.25	2850	59.783628	0.0	3251953	306	2.85	64.87	27	1879	30.00750187546885
1624836928.42	2850	59.787506	0.0	3744840	351	2.85	68.872	27	1999	29.98500749625191
1624836932.5	2850	59.474057	0.0	3455854	306	2.85	72.87	27	2119	30.015007503751843
1624836936.11	2850	59.861463	0.0	3548731	336	2.85	76.871	27	2239	29.99250187453144
1624836940.3	2850	59.903769	0.0	3573884	366	2.85	80.874	27	2359	29.977516862353234
1624836944.36	2850	59.657646	0.0	3124748	291	2.85	84.885	27	2480	30.167040638244753
1624836948.13	2850	59.957892	0.0	3671669	341	2.85	88.886	34	2600	28.24293926518377
1624836952.22	2850	59.991598	0.0	3397624	312	2.85	92.886	34	2720	30
1624836956.26	2850	59.75326	0.0	3070410	295	2.85	96.886	34	2840	30
1624836960.35	2850	59.894211	0.0	3480718	341	2.85	100.886	34	2960	30
1624836964.39	2850	59.696906	0.0	3396325	297	2.85	104.887	34	3080	29.99250187453133
1624836968.49	2850	59.735734	0.0	3538812	339	2.85	108.888	34	3200	29.99250187453133
1624836972.59	2850	59.495778	0.0	3440498	323	2.85	112.889	34	3320	29.99250187453144
1624836976.19	2850	59.904394	0.0	3504086	348	2.85	116.889	34	3440	30
1624836980.24	2850	59.982811	0.0	3345088	319	2.85	120.89	34	3560	29.99250187453133
