1624817889.04	750	4	0.41	446149	319	-1.758	0	0	0	0
1624817889.64	1850	8	0.0	3302713	349	0.75	0	0	0	0
1624817890.08	1850	11.794905	0.0	2780269	279	1.85	0	0	0	0
1624817890.6	1850	15.3	0.0	3138830	315	1.85	0	0	0	0
1624817891.12	1850	18.8	0.0	3252745	312	1.85	0	0	0	0
1624817891.61	1850	22.316667	0.0	3175667	280	1.85	0	0	0	0
1624817892.11	1850	25.8	0.0	2962628	294	1.85	0	0	0	0
1624817892.75	1850	29.166667	0.0	3242545	433	1.85	4.901	12	145	0
1624817893.34	1850	32.6	0.0	2999470	357	1.85	4.901	12	145	0
1624817893.88	1850	36.006504	0.0	2926075	323	1.85	4.901	12	145	0
1624817894.43	1850	39.483334	0.0	3029009	321	1.85	4.901	12	145	0
1624817894.95	1850	42.966667	0.0	3113599	309	1.85	4.901	12	145	0
1624817895.49	1850	46.416667	0.0	3116790	334	1.85	4.901	12	145	0
1624817896.05	1850	49.883334	0.0	3132453	342	1.85	4.901	12	145	0
1624817896.55	1850	53.383334	0.0	2994095	289	1.85	8.902	35	385	54.23644088977756
1624817897.03	1850	56.9	0.0	3154088	265	1.85	8.902	35	385	54.23644088977756
1624817898.49	1850	59.5889	0.0	2803553	242	1.85	8.902	35	385	54.23644088977756
1624817902.03	1850	59.857061	0.0	3039477	271	1.85	12.915	51	625	55.81858958385248
1624817906.23	1850	59.654304	0.0	3356332	354	1.85	16.916	57	866	58.73531617095724
1624817910.28	1850	59.638952	0.0	3105690	296	1.85	20.916	62	1106	58.75
1624817914.37	1850	59.611867	0.0	3008856	351	1.85	24.916	68	1346	58.5
1624817917.98	1850	59.992892	0.0	3066869	368	1.85	28.916	73	1586	58.75
1624817922.13	1850	59.846794	0.0	3178549	349	1.85	32.92	77	1826	58.94105894105892
1624817926.18	1850	59.896778	0.0	2577778	322	1.85	36.921	79	2066	59.48512871782058
1624817930.2	1850	59.896695	0.0	2819145	277	1.85	40.923	81	2306	59.47026486756618
1624817934.27	1850	59.645771	0.0	3037564	354	1.85	44.925	83	2546	59.470264867566286
1624817938.35	1850	59.683575	0.0	2852411	315	1.85	48.925	86	2786	59.25
1624817942.47	1850	59.475956	0.0	3004818	350	1.85	52.926	90	3026	58.98525368657828
1624817946.47	1850	59.55779	0.0	2930516	264	1.85	56.926	93	3266	59.25
1624817950.06	1850	59.889099	0.0	3381885	342	1.85	60.927	98	3506	58.7353161709573
1624817954.09	1850	59.920027	0.0	2812661	276	1.85	64.927	101	3746	59.24999999999989
1624817958.24	1850	59.746751	0.0	3529340	373	1.85	68.928	107	3986	58.485378655336305
1624817962.31	1850	59.746979	0.0	3274615	302	1.85	72.929	112	4226	58.73531617095719
1624817966.49	1850	59.542458	0.0	3020205	374	1.85	76.929	115	4466	59.25
1624817970.09	1850	59.95	0.0	3084353	289	1.85	80.93	119	4706	58.98525368657828
1624817974.15	1850	59.752815	0.0	2743535	317	1.85	84.93	127	4946	58
1624817978.19	1850	59.800209	0.0	3049078	295	1.85	88.931	130	5186	59.23519120219959
1624817982.25	1850	59.723515	0.0	2866070	309	1.85	92.931	135	5426	58.75
1624817986.34	1850	59.761241	0.0	2786310	346	1.85	96.931	139	5666	59
1624817990.42	1850	59.617729	0.0	2886749	334	1.85	100.932	143	5906	58.98525368657828
1624817993.96	1850	59.989831	0.0	2928463	280	1.85	104.932	148	6147	59
1624817998.08	1850	59.952126	0.0	3115560	333	1.85	108.934	154	6387	58.47076461769122
1624818002.15	1850	59.754514	0.0	3008634	292	1.85	112.934	158	6627	59
1624818006.36	1850	59.802002	0.0	3111850	448	1.85	116.935	163	6867	58.73531617095719
1624818010.48	1850	59.595185	0.0	2982399	354	1.85	120.936	167	7107	58.98525368657828
