1624830976.99	750	4	0.192	447032	69	-0.8205999999999999	0	0	0	0
1624830977.66	1850	8	0.0	2254830	257	0.75	0	0	0	0
1624830977.98	1850	11.671602	0.0	1837501	181	1.85	0	0	0	0
1624830978.46	1850	15.266667	0.0	2108748	205	1.85	0	0	0	0
1624830978.78	1850	18.896482	0.0	2229492	188	1.85	0	0	0	0
1624830979.09	1850	22.572782	0.0	2078237	174	1.85	0	0	0	0
1624830979.52	1850	26.2	0.0	2030644	171	1.85	0	0	0	0
1624830979.91	1850	29.761131	0.0	2298831	202	1.85	0	0	0	0
1624830980.26	1850	33.39551	0.0	2164964	184	1.85	0	0	0	0
1624830980.62	1850	37.030653	0.0	2175479	181	1.85	4.806	2	84	0
1624830981.0	1850	40.666667	0.0	2156805	187	1.85	4.806	2	84	0
1624830981.36	1850	44.301358	0.0	2101523	182	1.85	4.806	2	84	0
1624830981.85	1850	47.81455	0.0	2344608	201	1.85	4.806	2	84	0
1624830982.22	1850	51.448645	0.0	2334646	196	1.85	4.806	2	84	0
1624830982.6	1850	55.081676	0.0	2109579	199	1.85	4.806	2	84	0
1624830982.98	1850	58.67276	0.0	2097243	191	1.85	4.806	2	84	0
1624830985.94	1850	59.8	0.0	2054074	231	1.85	8.817	2	204	29.917726252804787
1624830989.87	1850	59.877566	0.0	2079344	194	1.85	12.817	2	324	30
1624830993.88	1850	59.854388	0.0	2353718	258	1.85	16.818	2	444	29.992501874531357
1624830998.35	1850	59.467047	0.0	2119053	199	1.85	20.818	2	564	30
1624831002.3	1850	59.622603	0.0	2145449	205	1.85	24.819	2	684	29.992501874531385
1624831005.73	1850	59.952392	0.0	2087310	189	1.85	28.819	2	804	30
1624831010.2	1850	59.472439	0.0	2348666	218	1.85	32.82	2	924	29.992501874531357
1624831014.19	1850	59.721262	0.0	1801794	561	1.85	36.82	2	1044	30
1624831018.24	1850	59.801533	0.0	1864524	177	1.85	40.821	2	1164	29.992501874531385
1624831022.33	1850	59.509534	0.0	2051691	188	1.85	44.822	2	1284	29.99250187453133
1624831026.3	1850	59.580362	0.0	1898420	164	1.85	48.822	2	1404	30
1624831029.75	1850	59.980573	0.0	2276304	220	1.85	52.823	2	1524	29.992501874531385
1624831034.21	1850	59.469791	0.0	2239013	209	1.85	56.83	2	1645	30.19715497878714
1624831038.21	1850	59.473452	0.0	2417622	236	1.85	60.83	2	1765	30
1624831042.15	1850	59.54517	0.0	1950728	174	1.85	64.833	2	1885	29.977516862353234
1624831046.15	1850	59.596625	0.0	2268079	236	1.85	68.834	2	2005	29.99250187453133
1624831049.9	1850	59.926886	0.0	2105954	523	1.85	72.834	2	2125	30
1624831054.34	1850	59.492447	0.0	2049597	193	1.85	76.834	2	2245	30
1624831058.28	1850	59.605827	0.0	2267452	212	1.85	80.837	2	2365	29.977516862353234
1624831062.21	1850	59.643785	0.0	1977775	188	1.85	84.837	2	2485	30
1624831066.13	1850	59.712942	0.0	2145766	197	1.85	88.854	2	2605	29.873039581777476
1624831070.09	1850	59.720565	0.0	2064567	193	1.85	92.854	2	2725	30
1624831074.02	1850	59.682218	0.0	1899367	206	1.85	96.855	2	2845	29.99250187453133
1624831077.95	1850	59.757179	0.0	2118078	199	1.85	100.855	2	2965	30
1624831081.87	1850	59.902972	0.0	2045638	194	1.85	104.856	2	3085	29.99250187453144
1624831085.79	1850	59.96123	0.0	2132751	203	1.85	108.857	2	3205	29.99250187453133
1624831090.21	1850	59.493275	0.0	2105800	200	1.85	112.863	2	3326	30.20469296055916
1624831094.45	1850	59.637926	0.0	2117310	222	1.85	116.864	2	3446	29.99250187453133
1624831098.33	1850	59.427062	0.0	2106167	195	1.85	120.863	2	3566	30.007501875468904
