1624835156.88	750	4	0.271	446149	101	-1.1602999999999999	0	0	0	0
1624835157.99	2850	8	0.0	5338027	519	0.75	0	0	0	0
1624835159.19	2850	11.15	0.0	4485847	695	2.85	0	0	0	0
1624835160.22	2850	14.166667	0.0	5004689	495	2.85	0	0	0	0
1624835161.34	2850	17.05	0.0	5182650	596	2.85	4.974	40	126	0
1624835162.41	2850	20	0.0	5173280	479	2.85	4.974	40	126	0
1624835163.44	2850	22.933334	0.0	4880493	447	2.85	4.974	40	126	0
1624835164.35	2850	25.966667	0.0	5406574	465	2.85	8.973	160	361	28.757189297324327
1624835165.04	2850	29.083334	0.0	4844720	431	2.85	8.973	160	361	28.757189297324327
1624835165.72	2850	32.4	0.0	4832207	428	2.85	8.973	160	361	28.757189297324327
1624835166.61	2850	35.633334	0.0	4887638	459	2.85	8.973	160	361	28.757189297324327
1624835167.57	2850	38.816667	0.0	4995664	429	2.85	8.973	160	361	28.757189297324327
1624835168.53	2850	41.85	0.0	5320325	440	2.85	8.973	160	361	28.757189297324327
1624835169.29	2850	44.866667	0.0	5320224	453	2.85	13.284	277	634	36.18649965205289
1624835169.98	2850	48.166667	0.0	4822090	411	2.85	13.284	277	634	36.18649965205289
1624835170.9	2850	51.2	0.0	5024811	579	2.85	13.284	277	634	36.18649965205289
1624835171.61	2850	54.5	0.0	4620969	445	2.85	13.284	277	634	36.18649965205289
1624835172.29	2850	57.833334	0.0	4982065	410	2.85	13.284	277	634	36.18649965205289
1624835174.58	2850	59.512886	0.0	5333279	469	2.85	17.284	317	874	50.00000000000002
1624835178.42	2850	59.870579	0.0	5166435	486	2.85	21.286	341	1114	53.97301349325334
1624835182.25	2850	59.925063	0.0	4952219	471	2.85	25.286	353	1354	57
1624835186.41	2850	59.671413	0.0	5148296	840	2.85	29.286	365	1595	57.25
1624835190.26	2850	59.978126	0.0	5332212	496	2.85	33.286	373	1835	58
1624835194.59	2850	59.450847	0.0	4130375	428	2.85	37.29	386	2075	56.693306693306724
1624835198.3	2850	59.74562	0.0	4502091	426	2.85	41.291	394	2315	57.98550362409401
1624835202.56	2850	59.5	0.0	4906417	481	2.85	45.292	400	2555	58.4853786553361
1624835206.32	2850	59.761724	0.0	4606683	468	2.85	49.292	410	2795	57.5
1624835210.23	2850	59.97089	0.0	4992827	560	2.85	53.306	423	3036	56.801195814648786
1624835214.75	2850	59.572986	0.0	4833092	492	2.85	57.308	430	3276	58.22088955522236
1624835218.6	2850	59.611108	0.0	5560086	550	2.85	61.308	439	3516	57.75
1624835222.37	2850	59.960714	0.0	4512973	445	2.85	65.31	446	3756	58.22088955522236
1624835226.2	2850	59.869374	0.0	5477056	527	2.85	69.309	457	3996	57.26431607901982
1624835230.51	2850	59.623667	0.0	5211665	487	2.85	73.31	465	4236	57.98550362409391
1624835234.33	2850	59.955525	0.0	5155066	499	2.85	77.311	475	4476	57.48562859285172
1624835238.61	2850	59.453882	0.0	5042047	494	2.85	81.311	484	4716	57.75
1624835242.3	2850	59.747358	0.0	4373848	413	2.85	85.311	491	4956	58.25
1624835246.58	2850	59.54177	0.0	4955552	483	2.85	89.312	502	5196	57.235691077230825
1624835250.3	2850	59.941746	0.0	4533309	437	2.85	93.312	510	5436	58
1624835254.56	2850	59.627818	0.0	4404309	477	2.85	97.313	516	5676	58.4853786553361
1624835258.38	2850	59.907449	0.0	4543808	463	2.85	101.313	525	5916	57.75
1624835262.09	2850	59.996703	0.0	4672100	462	2.85	105.314	528	6156	59.23519120219959
1624835266.4	2850	59.804562	0.0	5112917	510	2.85	109.314	536	6396	58
1624835270.16	2850	59.88003	0.0	4777608	480	2.85	113.314	547	6636	57.25
1624835274.41	2850	59.666667	0.0	5053470	475	2.85	117.315	553	6876	58.4853786553361
1624835278.2	2850	59.954497	0.0	4782473	489	2.85	121.324	564	7117	57.37091544025941
