1624836371.94	750	4	0.222	447032	77	-0.9495999999999999	0	0	0	0
1624836372.75	2850	8	0.0	3731877	353	0.75	0	0	0	0
1624836373.32	2850	11.533334	0.0	2988743	287	2.85	0	0	0	0
1624836374.08	2850	14.933334	0.0	3344033	319	2.85	0	0	0	0
1624836374.79	2850	18.166667	0.0	3588671	324	2.85	0	0	0	0
1624836375.49	2850	21.466667	0.0	3516436	296	2.85	4.985	10	74	0
1624836376.05	2850	24.739105	0.0	3520561	297	2.85	4.985	10	74	0
1624836376.61	2850	28.213954	0.0	3787958	340	2.85	4.985	10	74	0
1624836377.3	2850	31.666667	0.0	3482140	296	2.85	4.985	10	74	0
1624836377.86	2850	34.953998	0.0	3620909	321	2.85	4.985	10	74	0
1624836378.41	2850	38.4	0.0	3578596	306	2.85	4.985	10	74	0
1624836378.91	2850	41.892609	0.0	3430213	291	2.85	4.985	10	74	0
1624836379.52	2850	45.279983	0.0	3873343	389	2.85	8.988	24	194	26.480139895078697
1624836380.09	2850	48.704739	0.0	4055051	340	2.85	8.988	24	194	26.480139895078697
1624836380.58	2850	52.214391	0.0	3383484	276	2.85	8.988	24	194	26.480139895078697
1624836381.08	2850	55.721375	0.0	3439708	290	2.85	8.988	24	194	26.480139895078697
1624836381.58	2850	59.233334	0.0	3270011	275	2.85	8.988	24	194	26.480139895078697
1624836385.14	2850	59.907198	0.0	3397053	289	2.85	12.989	24	314	29.992501874531357
1624836389.28	2850	59.775866	0.0	3855639	360	2.85	16.993	24	434	29.970029970029987
1624836392.91	2850	59.928888	0.0	3553518	349	2.85	20.991	24	554	30.015007503751868
1624836397.04	2850	59.792437	0.0	3560530	367	2.85	24.992	24	674	29.992501874531357
1624836401.15	2850	59.833334	0.0	3529545	333	2.85	28.991	24	794	30.007501875468876
1624836405.34	2850	59.576414	0.0	3944215	407	2.85	32.991	24	914	30
1624836409.41	2850	59.591306	0.0	2874206	277	2.85	36.993	24	1034	29.985007496251857
1624836412.99	2850	59.870314	0.0	3298545	300	2.85	40.993	24	1154	30
1624836417.13	2850	59.955	0.0	3406141	333	2.85	44.996	24	1274	29.977516862353234
1624836421.15	2850	59.711045	0.0	3134119	296	2.85	48.994	24	1394	30.015007503751896
1624836425.27	2850	59.54096	0.0	3769859	348	2.85	52.995	24	1514	29.992501874531385
1624836428.92	2850	59.909276	0.0	3566857	408	2.85	56.996	24	1634	29.99250187453133
1624836433.09	2850	59.986954	0.0	3935536	376	2.85	60.997	24	1754	29.992501874531385
1624836437.17	2850	59.753948	0.0	3251953	311	2.85	64.997	24	1874	30
1624836441.36	2850	59.581389	0.0	3744840	398	2.85	68.998	24	1994	29.99250187453133
1624836445.48	2850	59.445102	0.0	3455854	338	2.85	72.998	24	2114	30
1624836449.11	2850	59.768259	0.0	3548731	341	2.85	76.999	24	2234	29.99250187453144
1624836453.2	2850	59.817064	0.0	3573884	336	2.85	81.005	24	2355	30.20469296055916
1624836457.26	2850	59.785262	0.0	3124748	302	2.85	85.014	24	2475	29.93265153404839
1624836460.91	2850	59.904713	0.0	3671669	359	2.85	89.014	24	2595	30
1624836464.97	2850	59.951065	0.0	3397624	316	2.85	93.015	24	2715	29.99250187453133
1624836469.03	2850	59.828258	0.0	3070410	293	2.85	97.015	24	2835	30
1624836473.11	2850	59.92603	0.0	3480718	317	2.85	101.016	24	2955	29.99250187453133
1624836477.19	2850	59.652715	0.0	3396325	305	2.85	105.017	24	3075	29.99250187453144
1624836481.13	2850	59.758502	0.0	3538812	652	2.85	109.018	24	3195	29.99250187453133
1624836485.2	2850	59.812551	0.0	3440498	319	2.85	113.017	24	3315	30.007501875468904
1624836488.9	2850	59.918881	0.0	3504086	420	2.85	117.019	24	3435	29.985007496251804
1624836492.94	2850	59.966667	0.0	3345088	310	2.85	121.02	24	3555	29.99250187453144
