1624828053.15	750	4	0.124	447032	62	-0.5281999999999999	0	0	0	0
1624828053.83	1850	8	0.0	2254830	221	0.75	0	0	0	0
1624828054.17	1850	11.629008	0.0	1837501	180	1.85	0	0	0	0
1624828054.67	1850	15.233334	0.0	2108748	204	1.85	0	0	0	0
1624828055.18	1850	18.7	0.0	2229492	213	1.85	0	0	0	0
1624828055.62	1850	22.233334	0.0	2078237	196	1.85	0	0	0	0
1624828056.1	1850	25.8	0.0	2030644	181	1.85	0	0	0	0
1624828056.51	1850	29.309055	0.0	2298831	206	1.85	0	0	0	0
1624828056.88	1850	32.941688	0.0	2164964	199	1.85	4.574	5	86	0
1624828057.3	1850	36.616675	0.0	2175479	191	1.85	4.574	5	86	0
1624828057.69	1850	40.12988	0.0	2156805	205	1.85	4.574	5	86	0
1624828058.06	1850	43.764098	0.0	2101523	185	1.85	4.574	5	86	0
1624828058.47	1850	47.359785	0.0	2344608	227	1.85	4.574	5	86	0
1624828058.87	1850	50.954505	0.0	2334646	208	1.85	4.574	5	86	0
1624828059.24	1850	54.584588	0.0	2109579	187	1.85	4.574	5	86	0
1624828059.61	1850	58.217697	0.0	2097243	192	1.85	4.574	5	86	0
1624828062.7	1850	59.454606	0.0	2054074	183	1.85	8.574	5	206	30
1624828066.14	1850	59.81056	0.0	2079344	211	1.85	12.575	5	326	29.99250187453137
1624828070.14	1850	59.784007	0.0	2353718	243	1.85	16.578	5	446	29.977516862353234
1624828074.07	1850	59.827095	0.0	2119053	206	1.85	20.577	5	566	30.00750187546885
1624828078.03	1850	59.942831	0.0	2145449	202	1.85	24.576	5	686	30.007501875468876
1624828081.98	1850	59.918664	0.0	2087310	183	1.85	28.577	5	806	29.992501874531357
1624828086.0	1850	59.969054	0.0	2348666	236	1.85	32.577	5	926	30.00000000000003
1624828090.44	1850	59.543019	0.0	1801794	187	1.85	36.578	5	1046	29.99250187453133
1624828094.35	1850	59.585874	0.0	1864524	181	1.85	40.578	5	1166	30
1624828098.29	1850	59.668866	0.0	2051691	201	1.85	44.58	5	1286	29.98500749625191
1624828102.17	1850	59.781406	0.0	1898420	181	1.85	48.58	5	1406	30
1624828106.11	1850	59.969635	0.0	2276304	212	1.85	52.582	5	1526	29.985007496251857
1624828110.55	1850	59.46979	0.0	2239013	208	1.85	56.583	5	1646	29.992501874531385
1624828114.5	1850	59.447295	0.0	2417622	222	1.85	60.584	5	1766	29.99250187453133
1624828118.44	1850	59.479118	0.0	1950728	184	1.85	64.585	5	1886	29.99250187453144
1624828122.42	1850	59.514673	0.0	2268079	219	1.85	68.585	5	2006	30
1624828126.39	1850	59.552823	0.0	2105954	197	1.85	72.586	5	2126	29.99250187453133
1624828130.33	1850	59.594594	0.0	2049597	200	1.85	76.586	5	2246	30
1624828134.3	1850	59.694312	0.0	2267452	225	1.85	80.589	5	2366	29.977516862353234
1624828138.58	1850	59.728623	0.0	1977775	196	1.85	84.589	5	2486	30
1624828142.06	1850	59.78656	0.0	2145766	618	1.85	88.589	5	2606	30
1624828146.15	1850	59.927991	0.0	2064567	294	1.85	92.592	5	2726	29.977516862353234
1624828150.23	1850	59.737569	0.0	1899367	238	1.85	96.59	5	2846	30.015007503751843
1624828154.36	1850	59.740061	0.0	2118078	761	1.85	100.592	5	2966	29.98500749625191
1624828158.12	1850	59.924403	0.0	2045638	320	1.85	104.593	5	3086	29.99250187453133
1624828162.55	1850	59.485588	0.0	2132751	186	1.85	108.608	5	3207	30.13698630136986
1624828166.16	1850	59.959561	0.0	2105800	202	1.85	112.608	5	3327	30
1624828170.26	1850	59.594683	0.0	2117310	178	1.85	116.61	5	3447	29.98500749625191
1624828174.2	1850	59.837449	0.0	2106167	212	1.85	120.611	5	3567	29.99250187453133
