1624840749.07	750	4	0.223	446149	38	-0.9539	0	0	0	0
1624840750.27	2850	8	0.0	5338027	618	0.75	0	0	0	0
1624840751.14	2850	11.45	0.0	4485847	430	2.85	0	0	0	0
1624840752.12	2850	14.5	0.0	5004689	456	2.85	0	0	0	0
1624840753.21	2850	17.45	0.0	5182650	548	2.85	5.045	44	128	0
1624840754.23	2850	20.4	0.0	5173280	523	2.85	5.045	44	128	0
1624840755.53	2850	23.1	0.0	4880493	785	2.85	5.045	44	128	0
1624840756.3	2850	26.1	0.0	5406574	497	2.85	5.045	44	128	0
1624840757.26	2850	29.383334	0.0	4844720	429	2.85	9.045	127	368	39.25
1624840757.94	2850	32.45	0.0	4832207	412	2.85	9.045	127	368	39.25
1624840758.65	2850	35.75	0.0	4887638	428	2.85	9.045	127	368	39.25
1624840760.85	2850	37.533334	0.0	4995664	1938	2.85	13.046	180	608	46.73831542114472
1624840761.6	2850	40.816667	0.0	5320325	456	2.85	13.046	180	608	46.73831542114472
1624840762.64	2850	44.033334	0.0	5320224	492	2.85	13.046	180	608	46.73831542114472
1624840763.31	2850	47.083334	0.0	4822090	415	2.85	13.046	180	608	46.73831542114472
1624840764.24	2850	50.383334	0.0	5024811	426	2.85	13.046	180	608	46.73831542114472
1624840765.12	2850	53.5	0.0	4620969	396	2.85	17.046	278	844	34.5
1624840766.06	2850	56.583334	0.0	4982065	428	2.85	17.046	278	844	34.5
1624840767.06	2850	59.633334	0.0	5333279	456	2.85	17.046	278	844	34.5
1624840770.81	2850	59.612526	0.0	5166435	438	2.85	21.046	416	1088	26.5
1624840774.59	2850	59.976729	0.0	4952219	464	2.85	25.046	431	1328	56.25
1624840778.88	2850	59.717349	0.0	5148296	494	2.85	29.047	439	1568	57.98550362409396
1624840782.71	2850	59.721553	0.0	5332212	507	2.85	33.049	452	1808	56.72163918040981
1624840786.87	2850	59.55	0.0	4130375	383	2.85	37.049	457	2049	59
1624840790.56	2850	59.985663	0.0	4502091	435	2.85	41.049	464	2289	58.25
1624840794.82	2850	59.539974	0.0	4906417	459	2.85	45.05	476	2529	56.985753561609634
1624840798.53	2850	59.839026	0.0	4606683	433	2.85	49.05	483	2769	58.25
1624840802.79	2850	59.595155	0.0	4992827	459	2.85	53.05	491	3009	58
1624840806.51	2850	59.948146	0.0	4833092	446	2.85	57.051	499	3249	57.98550362409391
1624840810.87	2850	59.637162	0.0	5560086	542	2.85	61.051	510	3489	57.25
1624840814.62	2850	59.842925	0.0	4512973	419	2.85	65.059	520	3729	57.385229540918225
1624840818.49	2850	59.937754	0.0	5477056	541	2.85	69.059	530	3969	57.5
1624840822.57	2850	59.942161	0.0	5211665	539	2.85	73.059	570	4209	50
1624840826.45	2850	59.939181	0.0	5155066	536	2.85	77.062	581	4449	57.20709467899076
1624840830.78	2850	59.659692	0.0	5042047	510	2.85	81.062	593	4689	57
1624840834.99	2850	59.521279	0.0	4373848	424	2.85	85.063	601	4929	57.98550362409391
1624840838.97	2850	59.483334	0.0	4955552	489	2.85	89.063	633	5169	52
1624840842.66	2850	59.791935	0.0	4533309	429	2.85	93.063	639	5409	58.5
1624840846.87	2850	59.512554	0.0	4404309	437	2.85	97.065	646	5649	58.220889555222456
1624840850.61	2850	59.8	0.0	4543808	461	2.85	101.064	654	5890	58.264566141535454
1624840854.57	2850	59.84616	0.0	4672100	444	2.85	105.065	693	6130	50.23744063983998
1624840858.9	2850	59.48802	0.0	5112917	522	2.85	109.067	703	6370	57.47126436781616
1624840862.69	2850	59.85999	0.0	4777608	480	2.85	113.068	711	6610	57.98550362409391
1624840866.53	2850	59.874439	0.0	5053470	555	2.85	117.068	723	6850	57
1624840870.79	2850	59.622912	0.0	4782473	461	2.85	121.069	731	7090	57.98550362409391
