1624838317.87	750	4	0.126	446149	64	-0.5367999999999999	0	0	0	0
1624838318.96	2850	7.933334	0.0	5338027	534	0.75	0	0	0	0
1624838319.84	2850	11.033334	0.0	4485847	416	2.85	0	0	0	0
1624838320.83	2850	14.083334	0.0	5004689	429	2.85	0	0	0	0
1624838321.81	2850	17.05	0.0	5182650	513	2.85	4.717	74	176	0
1624838322.62	2850	20.05	0.0	5173280	540	2.85	4.717	74	176	0
1624838323.55	2850	23.366667	0.0	4880493	425	2.85	4.717	74	176	0
1624838324.29	2850	26.383334	0.0	5406574	473	2.85	4.717	74	176	0
1624838325.22	2850	29.7	0.0	4844720	412	2.85	4.717	74	176	0
1624838326.05	2850	32.783334	0.0	4832207	420	2.85	8.715	195	416	29.76488244122061
1624838326.76	2850	35.933334	0.0	4887638	423	2.85	8.715	195	416	29.76488244122061
1624838327.8	2850	39.1	0.0	4995664	544	2.85	8.715	195	416	29.76488244122061
1624838328.8	2850	42.133334	0.0	5320325	472	2.85	8.715	195	416	29.76488244122061
1624838329.53	2850	45.133334	0.0	5320224	470	2.85	12.716	320	651	27.493126718320422
1624838330.19	2850	48.466667	0.0	4822090	421	2.85	12.716	320	651	27.493126718320422
1624838331.14	2850	51.783334	0.0	5024811	442	2.85	12.716	320	651	27.493126718320422
1624838331.78	2850	54.866667	0.0	4620969	406	2.85	12.716	320	651	27.493126718320422
1624838332.79	2850	58.133334	0.0	4982065	477	2.85	12.716	320	651	27.493126718320422
1624838335.04	2850	59.81035	0.0	5333279	460	2.85	16.717	429	890	32.491877030742316
1624838338.88	2850	59.8564	0.0	5166435	464	2.85	20.717	447	1136	57
1624838342.65	2850	59.969672	0.0	4952219	492	2.85	24.717	455	1376	58
1624838347.02	2850	59.709209	0.0	5148296	519	2.85	28.717	465	1616	57.5
1624838350.83	2850	59.855874	0.0	5332212	498	2.85	32.718	474	1856	57.73556610847281
1624838355.07	2850	59.627281	0.0	4130375	442	2.85	36.718	480	2096	58.5
1624838359.04	2850	59.729241	0.0	4502091	455	2.85	40.719	514	2336	51.487128217945546
1624838363.32	2850	59.455665	0.0	4906417	492	2.85	44.72	522	2576	57.98550362409401
1624838367.08	2850	59.76007	0.0	4606683	487	2.85	48.719	529	2816	58.26456614153535
1624838371.11	2850	59.471125	0.0	4992827	488	2.85	52.721	542	3056	56.72163918040986
1624838374.88	2850	59.769423	0.0	4833092	496	2.85	56.72	551	3296	57.76444111027754
1624838379.22	2850	59.543247	0.0	5560086	544	2.85	60.721	563	3536	56.985753561609634
1624838382.94	2850	59.803785	0.0	4512973	456	2.85	64.721	570	3776	58.24999999999989
1624838387.08	2850	59.613755	0.0	5477056	541	2.85	68.723	615	4016	48.725637181409354
1624838390.89	2850	59.917432	0.0	5211665	508	2.85	72.727	625	4256	57.44255744255737
1624838394.7	2850	59.922544	0.0	5155066	491	2.85	76.727	637	4496	57
1624838398.97	2850	59.678789	0.0	5042047	448	2.85	80.727	645	4736	58
1624838402.78	2850	59.953939	0.0	4373848	525	2.85	84.728	652	4977	58.485378655336305
1624838407.06	2850	59.707886	0.0	4955552	478	2.85	88.728	661	5217	57.75
1624838410.94	2850	59.790062	0.0	4533309	421	2.85	92.728	691	5457	52.5
1624838414.73	2850	59.985014	0.0	4404309	430	2.85	96.729	707	5697	55.986003499125154
1624838418.96	2850	59.708185	0.0	4543808	451	2.85	100.73	715	5937	57.98550362409391
1624838423.19	2850	59.496659	0.0	4672100	437	2.85	104.73	722	6177	58.25
1624838427.04	2850	59.595063	0.0	5112917	493	2.85	108.733	730	6417	57.956532600549586
1624838431.05	2850	59.6	0.0	4777608	535	2.85	112.732	741	6657	57.26431607901982
1624838434.72	2850	59.92697	0.0	5053470	652	2.85	116.732	753	6897	57
1624838438.63	2850	59.961999	0.0	4782473	952	2.85	120.734	760	7137	58.220889555222456
