1624821297.99	750	4	0.157	447032	69	-0.6701	0	0	0	0
1624821298.67	2850	7.795446	0.0	3731877	415	0.75	0	0	0	0
1624821299.17	2850	11.308384	0.0	2988743	302	2.85	0	0	0	0
1624821299.7	2850	14.778857	0.0	3344033	327	2.85	0	0	0	0
1624821300.25	2850	18.25037	0.0	3588671	331	2.85	0	0	0	0
1624821300.79	2850	21.72358	0.0	3516436	316	2.85	0	0	0	0
1624821301.34	2850	25.166667	0.0	3520561	307	2.85	0	0	0	0
1624821301.9	2850	28.6	0.0	3787958	327	2.85	4.543	0	90	0
1624821302.48	2850	32.023175	0.0	3482140	342	2.85	4.543	0	90	0
1624821303.02	2850	35.489719	0.0	3620909	307	2.85	4.543	0	90	0
1624821303.58	2850	38.922105	0.0	3578596	318	2.85	4.543	0	90	0
1624821304.16	2850	42.366667	0.0	3430213	293	2.85	4.543	0	90	0
1624821304.76	2850	45.766667	0.0	3873343	333	2.85	4.543	0	90	0
1624821305.49	2850	49.133334	0.0	4055051	372	2.85	4.543	0	90	0
1624821306.13	2850	52.4	0.0	3383484	337	2.85	8.63	6	213	28.627355028137995
1624821306.7	2850	55.833334	0.0	3439708	289	2.85	8.63	6	213	28.627355028137995
1624821307.25	2850	59.266667	0.0	3270011	298	2.85	8.63	6	213	28.627355028137995
1624821310.85	2850	59.862113	0.0	3397053	300	2.85	12.63	10	333	29
1624821315.0	2850	59.69384	0.0	3855639	355	2.85	16.634	10	453	29.970029970029973
1624821319.14	2850	59.493559	0.0	3553518	324	2.85	20.655	10	573	29.84332255657796
1624821322.75	2850	59.8	0.0	3560530	300	2.85	24.655	10	693	30
1624821326.87	2850	59.767789	0.0	3529545	336	2.85	28.655	10	813	30
1624821331.04	2850	59.495737	0.0	3944215	386	2.85	32.656	10	933	29.992501874531385
1624821335.13	2850	59.533504	0.0	2874206	285	2.85	36.656	10	1054	30.25
1624821338.74	2850	59.825336	0.0	3298545	332	2.85	40.657	10	1173	29.74256435891029
1624821342.86	2850	59.629797	0.0	3406141	342	2.85	44.659	10	1294	30.23488255872062
1624821346.91	2850	59.628728	0.0	3134119	288	2.85	48.66	10	1414	29.992501874531385
1624821351.05	2850	59.587341	0.0	3769859	366	2.85	52.662	10	1534	29.985007496251857
1624821354.64	2850	59.887739	0.0	3566857	351	2.85	56.663	10	1654	29.992501874531385
1624821358.84	2850	59.924654	0.0	3935536	399	2.85	60.663	10	1774	30
1624821362.9	2850	59.741541	0.0	3251953	305	2.85	64.663	10	1894	30
1624821367.02	2850	59.500006	0.0	3744840	339	2.85	68.664	10	2014	29.99250187453133
1624821371.14	2850	59.537019	0.0	3455854	358	2.85	72.664	10	2134	30
1624821374.77	2850	59.873666	0.0	3548731	319	2.85	76.665	10	2254	29.99250187453133
1624821378.89	2850	59.661014	0.0	3573884	333	2.85	80.666	10	2374	29.99250187453144
1624821382.93	2850	59.685556	0.0	3124748	288	2.85	84.667	10	2494	29.99250187453133
1624821386.54	2850	59.987434	0.0	3671669	361	2.85	88.667	10	2614	30
1624821391.15	2850	59.492125	0.0	3397624	336	2.85	92.668	10	2734	29.99250187453133
1624821394.71	2850	59.783675	0.0	3070410	289	2.85	96.669	10	2854	29.99250187453144
1624821398.81	2850	59.903011	0.0	3480718	328	2.85	100.668	10	2974	30.007501875468797
1624821402.89	2850	59.727963	0.0	3396325	320	2.85	104.669	10	3094	29.99250187453144
1624821406.98	2850	59.695358	0.0	3538812	337	2.85	108.669	10	3214	30
1624821411.05	2850	59.471541	0.0	3440498	323	2.85	112.67	10	3334	29.99250187453133
1624821415.14	2850	59.446475	0.0	3504086	332	2.85	116.671	10	3454	29.99250187453133
1624821418.74	2850	59.74605	0.0	3345088	359	2.85	120.672	10	3574	29.99250187453144
