1624824142.58	750	4	0.137	447032	62	-0.5841000000000001	0	0	0	0
1624824143.39	2850	8	0.0	3731877	359	0.75	0	0	0	0
1624824143.99	2850	11.566667	0.0	2988743	254	2.85	0	0	0	0
1624824144.47	2850	14.978507	0.0	3344033	292	2.85	0	0	0	0
1624824146.44	2850	17.13391	0.0	3588671	1552	2.85	4.626	3	81	0
1624824151.15	2850	16.333334	0.0	3516436	4242	2.85	8.627	5	201	29.492626843289177
1624824151.9	2850	19.7	0.0	3520561	364	2.85	8.627	5	201	29.492626843289177
1624824152.51	2850	22.933334	0.0	3787958	363	2.85	8.627	5	201	29.492626843289177
1624824153.05	2850	26.405608	0.0	3482140	314	2.85	8.627	5	201	29.492626843289177
1624824153.61	2850	29.834658	0.0	3620909	326	2.85	8.627	5	201	29.492626843289177
1624824154.15	2850	33.305398	0.0	3578596	302	2.85	12.627	13	320	27.75
1624824154.67	2850	36.774915	0.0	3430213	286	2.85	12.627	13	320	27.75
1624824155.23	2850	40.2	0.0	3873343	323	2.85	12.627	13	320	27.75
1624824155.8	2850	43.633334	0.0	4055051	339	2.85	12.627	13	320	27.75
1624824156.3	2850	47.133799	0.0	3383484	292	2.85	12.627	13	320	27.75
1624824156.81	2850	50.645296	0.0	3439708	288	2.85	12.627	13	320	27.75
1624824157.3	2850	54.15649	0.0	3270011	279	2.85	12.627	13	320	27.75
1624824157.87	2850	57.583724	0.0	3397053	323	2.85	12.627	13	320	27.75
1624824159.56	2850	59.989863	0.0	3855639	424	2.85	16.628	14	441	29.99250187453137
1624824163.87	2850	59.71358	0.0	3553518	1522	2.85	20.627	14	561	30.007501875468876
1624824167.69	2850	59.780171	0.0	3560530	483	2.85	24.63	14	681	29.977516862353234
1624824171.87	2850	59.652742	0.0	3529545	1270	2.85	28.63	15	801	29.75
1624824176.04	2850	59.481702	0.0	3944215	383	2.85	32.631	15	921	29.992501874531357
1624824180.07	2850	59.471895	0.0	2874206	272	2.85	36.631	15	1041	30
1624824184.11	2850	59.48414	0.0	3298545	301	2.85	40.631	15	1161	30
1624824187.72	2850	59.863635	0.0	3406141	361	2.85	44.633	15	1281	29.985007496251857
1624824191.88	2850	59.642022	0.0	3134119	322	2.85	48.632	17	1401	29.507376844211088
1624824195.52	2850	59.982615	0.0	3769859	342	2.85	52.633	17	1521	29.99250187453133
1624824199.67	2850	59.99339	0.0	3566857	371	2.85	56.633	17	1641	30
1624824203.87	2850	59.609674	0.0	3935536	431	2.85	60.645	17	1762	30.159521435692916
1624824207.98	2850	59.6613	0.0	3251953	350	2.85	64.642	17	1882	30.022516887665805
1624824212.14	2850	59.425534	0.0	3744840	343	2.85	68.641	17	2002	30.007501875468797
1624824215.75	2850	59.758532	0.0	3455854	311	2.85	72.643	17	2122	29.98500749625191
1624824219.87	2850	59.817252	0.0	3548731	321	2.85	76.643	17	2242	30
1624824224.05	2850	59.571811	0.0	3573884	898	2.85	80.644	17	2362	29.99250187453133
1624824227.79	2850	59.900037	0.0	3124748	474	2.85	84.645	17	2482	29.99250187453144
1624824231.61	2850	59.89575	0.0	3671669	553	2.85	88.646	17	2602	29.99250187453133
1624824235.7	2850	59.866667	0.0	3397624	809	2.85	92.646	17	2722	30
1624824239.89	2850	59.694171	0.0	3070410	434	2.85	96.647	17	2842	29.99250187453133
1624824243.67	2850	59.785586	0.0	3480718	493	2.85	100.647	17	2962	30
1624824247.9	2850	59.787232	0.0	3396325	452	2.85	104.648	17	3082	29.99250187453144
1624824251.74	2850	59.779381	0.0	3538812	452	2.85	108.648	25	3202	28
1624824255.8	2850	59.781075	0.0	3440498	312	2.85	112.649	25	3322	29.99250187453133
1624824259.94	2850	59.60622	0.0	3504086	377	2.85	116.651	25	3442	29.98500749625191
1624824263.98	2850	59.461108	0.0	3345088	303	2.85	120.649	25	3562	30.015007503751843
