1624818132.02	750	4	0.126	446149	53	-0.5367999999999999	0	0	0	0
1624818132.52	1850	8	0.0	3302713	310	0.75	0	0	0	0
1624818133.18	1850	11.75	0.0	2780269	271	1.85	0	0	0	0
1624818134.04	1850	14.694245	0.0	3138830	668	1.85	0	0	0	0
1624818134.6	1850	18.15	0.0	3252745	329	1.85	0	0	0	0
1624818135.1	1850	21.633334	0.0	3175667	291	1.85	0	0	0	0
1624818135.57	1850	25.166667	0.0	2962628	269	1.85	0	0	0	0
1624818136.08	1850	28.666667	0.0	3242545	294	1.85	4.652	24	177	0
1624818136.64	1850	32.1	0.0	2999470	275	1.85	4.652	24	177	0
1624818137.11	1850	35.633334	0.0	2926075	262	1.85	4.652	24	177	0
1624818137.58	1850	39.166667	0.0	3029009	273	1.85	4.652	24	177	0
1624818138.08	1850	42.666667	0.0	3113599	294	1.85	4.652	24	177	0
1624818138.66	1850	46.083334	0.0	3116790	377	1.85	4.652	24	177	0
1624818139.16	1850	49.583334	0.0	3132453	302	1.85	4.652	24	177	0
1624818139.7	1850	53.033334	0.0	2994095	328	1.85	8.652	49	417	53.750000000000014
1624818140.19	1850	56.55	0.0	3154088	295	1.85	8.652	49	417	53.750000000000014
1624818141.17	1850	59.739425	0.0	2803553	243	1.85	8.652	49	417	53.750000000000014
1624818145.22	1850	59.736093	0.0	3039477	300	1.85	12.654	62	657	56.72163918040979
1624818149.22	1850	59.743063	0.0	3356332	716	1.85	16.655	68	897	58.48537865533615
1624818153.32	1850	59.491116	0.0	3105690	329	1.85	20.655	75	1137	58.25
1624818157.07	1850	59.80661	0.0	3008856	290	1.85	24.656	77	1377	59.48512871782058
1624818161.1	1850	59.888894	0.0	3066869	373	1.85	28.667	81	1617	58.838194963849375
1624818165.14	1850	59.702843	0.0	3178549	302	1.85	32.668	86	1857	58.7353161709573
1624818169.11	1850	59.742551	0.0	2577778	239	1.85	36.669	88	2098	59.73506623344167
1624818173.13	1850	59.604167	0.0	2819145	277	1.85	40.673	92	2338	58.94105894105887
1624818177.19	1850	59.572263	0.0	3037564	315	1.85	44.67	97	2578	58.79409557167876
1624818181.19	1850	59.668556	0.0	2852411	260	1.85	48.67	99	2818	59.5
1624818185.2	1850	59.666667	0.0	3004818	276	1.85	52.671	101	3058	59.48512871782058
1624818189.22	1850	59.500729	0.0	2930516	272	1.85	56.672	105	3298	58.98525368657839
1624818193.32	1850	59.469642	0.0	3381885	354	1.85	60.672	109	3538	59
1624818197.18	1850	59.527962	0.0	2812661	271	1.85	64.672	113	3778	59
1624818201.32	1850	59.6197	0.0	3529340	377	1.85	68.673	119	4018	58.4853786553361
1624818204.89	1850	59.879108	0.0	3274615	317	1.85	72.681	124	4258	58.63273453093819
1624818208.94	1850	59.953389	0.0	3020205	313	1.85	76.685	128	4499	59.19080919080912
1624818213.02	1850	59.914381	0.0	3084353	298	1.85	80.685	132	4739	59
1624818217.11	1850	59.744744	0.0	2743535	340	1.85	84.687	135	4979	59.22038980509752
1624818221.16	1850	59.714167	0.0	3049078	287	1.85	88.687	139	5219	59
1624818225.22	1850	59.76009	0.0	2866070	324	1.85	92.688	142	5459	59.23519120219938
1624818229.22	1850	59.488969	0.0	2786310	273	1.85	96.69	146	5699	58.97051474262875
1624818233.27	1850	59.611824	0.0	2886749	325	1.85	100.69	148	5939	59.5
1624818236.81	1850	59.95	0.0	2928463	298	1.85	104.691	151	6179	59.23519120219938
1624818240.92	1850	59.888735	0.0	3115560	816	1.85	108.691	159	6419	58
1624818245.03	1850	59.968025	0.0	3008634	373	1.85	112.691	162	6659	59.25
1624818248.94	1850	59.944141	0.0	3111850	641	1.85	116.692	168	6899	58.485378655336305
1624818252.91	1850	59.992624	0.0	2982399	729	1.85	120.693	170	7139	59.48512871782047
