1624826329.17	750	4	0.246	446149	139	-1.0528	0	0	0	0
1624826329.99	1850	8	0.0	3302713	338	0.75	0	0	0	0
1624826330.56	1850	11.633334	0.0	2780269	203	1.85	0	0	0	0
1624826331.22	1850	15	0.0	3138830	295	1.85	0	0	0	0
1624826331.89	1850	18.383334	0.0	3252745	289	1.85	0	0	0	0
1624826332.35	1850	21.716667	0.0	3175667	282	1.85	0	0	0	0
1624826332.84	1850	25.283334	0.0	2962628	252	1.85	4.932	42	152	0
1624826333.4	1850	28.7	0.0	3242545	278	1.85	4.932	42	152	0
1624826333.88	1850	32.216667	0.0	2999470	276	1.85	4.932	42	152	0
1624826334.36	1850	35.766667	0.0	2926075	251	1.85	4.932	42	152	0
1624826334.87	1850	39.233334	0.0	3029009	253	1.85	4.932	42	152	0
1624826335.36	1850	42.75	0.0	3113599	259	1.85	4.932	42	152	0
1624826335.86	1850	46.233334	0.0	3116790	285	1.85	4.932	42	152	0
1624826336.35	1850	49.733334	0.0	3132453	286	1.85	4.932	42	152	0
1624826336.83	1850	53.266667	0.0	2994095	267	1.85	8.933	80	392	50.487378155461144
1624826337.31	1850	56.783334	0.0	3154088	284	1.85	8.933	80	392	50.487378155461144
1624826338.28	1850	59.918695	0.0	2803553	252	1.85	8.933	80	392	50.487378155461144
1624826342.77	1850	59.433334	0.0	3039477	250	1.85	12.934	94	632	56.485878530367415
1624826346.33	1850	59.794565	0.0	3356332	818	1.85	16.935	98	872	58.98525368657836
1624826350.35	1850	59.875347	0.0	3105690	282	1.85	20.935	102	1112	59
1624826354.4	1850	59.720963	0.0	3008856	300	1.85	24.936	106	1352	58.98525368657834
1624826358.44	1850	59.737403	0.0	3066869	267	1.85	28.936	110	1592	59
1624826362.62	1850	59.461417	0.0	3178549	284	1.85	32.936	129	1832	55.25
1624826366.59	1850	59.575401	0.0	2577778	247	1.85	36.937	131	2073	59.73506623344167
1624826370.58	1850	59.509097	0.0	2819145	252	1.85	40.937	136	2313	58.75
1624826374.59	1850	59.55406	0.0	3037564	264	1.85	44.938	139	2553	59.23519120219938
1624826378.62	1850	59.56074	0.0	2852411	272	1.85	48.937	144	2792	58.51462865716436
1624826382.15	1850	59.920134	0.0	3004818	278	1.85	52.937	146	3033	59.75
1624826386.66	1850	59.54189	0.0	2930516	274	1.85	56.938	151	3273	58.73531617095719
1624826390.27	1850	59.905527	0.0	3381885	350	1.85	60.939	157	3513	58.4853786553362
1624826394.78	1850	59.471772	0.0	2812661	259	1.85	64.94	159	3753	59.48512871782058
1624826398.34	1850	59.772191	0.0	3529340	303	1.85	68.946	163	3993	58.911632551173234
1624826402.37	1850	59.772444	0.0	3274615	301	1.85	72.947	165	4233	59.48512871782047
1624826406.38	1850	59.802615	0.0	3020205	277	1.85	76.948	167	4473	59.485128717820686
1624826410.48	1850	59.773395	0.0	3084353	268	1.85	80.948	171	4713	59
1624826414.47	1850	59.784924	0.0	2743535	231	1.85	84.948	173	4953	59.5
1624826418.49	1850	59.825808	0.0	3049078	273	1.85	88.948	175	5193	59.5
1624826422.45	1850	59.602321	0.0	2866070	257	1.85	92.952	176	5433	59.69030969030962
1624826426.45	1850	59.688263	0.0	2786310	247	1.85	96.953	181	5674	58.98525368657828
1624826430.47	1850	59.663193	0.0	2886749	275	1.85	100.954	186	5914	58.7353161709574
1624826434.49	1850	59.744323	0.0	2928463	277	1.85	104.954	191	6154	58.75
1624826438.53	1850	59.787042	0.0	3115560	306	1.85	108.954	193	6394	59.5
1624826442.52	1850	59.577699	0.0	3008634	272	1.85	112.954	196	6634	59.25
1624826446.53	1850	59.606623	0.0	3111850	274	1.85	116.956	200	6874	58.970514742628545
1624826450.51	1850	59.577387	0.0	2982399	260	1.85	120.956	203	7114	59.25
