1624843916.7	750	4	0.21	446149	88	-0.898	0	0	0	0
1624843917.8	2850	8	0.0	5338027	501	0.75	0	0	0	0
1624843918.68	2850	11.416667	0.0	4485847	443	2.85	0	0	0	0
1624843919.64	2850	14.533334	0.0	5004689	420	2.85	0	0	0	0
1624843920.97	2850	17.15	0.0	5182650	856	2.85	4.781	49	141	0
1624843921.92	2850	20.25	0.0	5173280	439	2.85	4.781	49	141	0
1624843922.84	2850	23.3	0.0	4880493	429	2.85	4.781	49	141	0
1624843923.58	2850	26.333334	0.0	5406574	483	2.85	4.781	49	141	0
1624843924.51	2850	29.65	0.0	4844720	426	2.85	8.781	125	380	40.74999999999999
1624843925.18	2850	32.716667	0.0	4832207	436	2.85	8.781	125	380	40.74999999999999
1624843926.33	2850	35.833334	0.0	4887638	411	2.85	8.781	125	380	40.74999999999999
1624843927.02	2850	38.883334	0.0	4995664	425	2.85	8.781	125	380	40.74999999999999
1624843927.76	2850	42.15	0.0	5320325	470	2.85	8.781	125	380	40.74999999999999
1624843928.75	2850	45.416667	0.0	5320224	464	2.85	12.784	227	621	34.72395703222583
1624843929.4	2850	48.483334	0.0	4822090	421	2.85	12.784	227	621	34.72395703222583
1624843930.31	2850	51.833334	0.0	5024811	422	2.85	12.784	227	621	34.72395703222583
1624843930.99	2850	54.95	0.0	4620969	396	2.85	12.784	227	621	34.72395703222583
1624843932.22	2850	57.75	0.0	4982065	883	2.85	16.785	321	854	34.74131467133217
1624843934.52	2850	59.537796	0.0	5333279	458	2.85	16.785	321	854	34.74131467133217
1624843938.15	2850	59.943599	0.0	5166435	779	2.85	20.786	367	1101	50.237440639840024
1624843942.44	2850	59.450652	0.0	4952219	462	2.85	24.786	379	1341	57
1624843946.24	2850	59.803426	0.0	5148296	469	2.85	28.786	390	1581	57.25
1624843950.3	2850	59.688916	0.0	5332212	499	2.85	32.787	430	1821	49.987503124218975
1624843954.48	2850	59.528866	0.0	4130375	388	2.85	36.787	440	2061	57.5
1624843958.22	2850	59.813037	0.0	4502091	365	2.85	40.787	450	2301	57.5
1624843962.33	2850	59.971114	0.0	4906417	479	2.85	44.789	464	2541	56.47176411794099
1624843966.06	2850	59.828635	0.0	4606683	449	2.85	48.788	472	2781	58.01450362590655
1624843970.07	2850	59.91784	0.0	4992827	479	2.85	52.791	509	3021	50.71196602548089
1624843974.35	2850	59.591336	0.0	4833092	447	2.85	56.791	523	3261	56.5
1624843978.25	2850	59.655462	0.0	5560086	514	2.85	60.797	542	3501	55.16724912631053
1624843982.34	2850	59.520619	0.0	4512973	791	2.85	64.797	552	3742	57.75
1624843986.43	2850	59.59687	0.0	5477056	514	2.85	68.797	593	3982	49.75
1624843990.28	2850	59.671735	0.0	5211665	490	2.85	72.798	607	4222	56.48587853036734
1624843994.14	2850	59.785562	0.0	5155066	1315	2.85	76.799	616	4459	56.98575356160953
1624843998.48	2850	59.488182	0.0	5042047	480	2.85	80.799	635	4702	56
1624844002.22	2850	59.811483	0.0	4373848	440	2.85	84.8	645	4942	57.485628592851924
1624844006.03	2850	59.850221	0.0	4955552	478	2.85	88.8	658	5182	56.75
1624844010.03	2850	59.884691	0.0	4533309	445	2.85	92.801	698	5422	49.98750312421888
1624844014.48	2850	59.55	0.0	4404309	434	2.85	96.801	732	5662	51.5
1624844018.28	2850	59.627564	0.0	4543808	445	2.85	100.802	749	5902	55.736065983504055
1624844022.23	2850	59.829485	0.0	4672100	438	2.85	104.803	785	6142	50.98725318670344
1624844026.11	2850	59.935582	0.0	5112917	490	2.85	108.804	804	6382	55.23619095226187
1624844029.93	2850	59.970353	0.0	4777608	453	2.85	112.803	825	6622	54.763690922730746
1624844034.32	2850	59.677632	0.0	5053470	489	2.85	116.804	848	6862	54.23644088977749
1624844038.23	2850	59.677655	0.0	4782473	531	2.85	120.804	867	7102	55.25
