1624814983.48	750	4	0.125	446149	58	-0.5325	0	0	0	0
1624814984.48	2850	7.416667	0.0	5338027	549	0.75	0	0	0	0
1624814985.36	2850	10.35	0.0	4485847	642	2.85	0	0	0	0
1624814986.03	2850	13.7	0.0	5004689	420	2.85	0	0	0	0
1624814986.78	2850	17.016667	0.0	5182650	445	2.85	4.574	27	178	0
1624814987.53	2850	20.2	0.0	5173280	487	2.85	4.574	27	178	0
1624814988.27	2850	23.466667	0.0	4880493	473	2.85	4.574	27	178	0
1624814989.14	2850	26.7	0.0	5406574	490	2.85	4.574	27	178	0
1624814989.86	2850	29.9	0.0	4844720	438	2.85	4.574	27	178	0
1624814990.79	2850	33.05	0.0	4832207	554	2.85	8.58	72	420	49.1762356465302
1624814991.49	2850	36.25	0.0	4887638	431	2.85	8.58	72	420	49.1762356465302
1624814992.23	2850	39.566667	0.0	4995664	417	2.85	8.58	72	420	49.1762356465302
1624814992.94	2850	42.783334	0.0	5320325	450	2.85	8.58	72	420	49.1762356465302
1624814993.68	2850	46.1	0.0	5320224	437	2.85	8.58	72	420	49.1762356465302
1624814994.32	2850	49.4	0.0	4822090	402	2.85	8.58	72	420	49.1762356465302
1624814995.04	2850	52.716667	0.0	5024811	435	2.85	12.58	127	663	47
1624814995.73	2850	56.05	0.0	4620969	366	2.85	12.58	127	663	47
1624814996.46	2850	59.3	0.0	4982065	428	2.85	12.58	127	663	47
1624814999.78	2850	59.988418	0.0	5333279	456	2.85	16.58	173	903	48.50000000000002
1624815004.13	2850	59.745709	0.0	5166435	512	2.85	20.582	189	1143	55.972013993003465
1624815007.88	2850	59.779999	0.0	4952219	463	2.85	24.581	197	1383	58.01450362590649
1624815012.27	2850	59.544334	0.0	5148296	549	2.85	28.588	212	1624	56.40129772897428
1624815016.3	2850	59.554374	0.0	5332212	714	2.85	32.589	218	1864	58.4853786553362
1624815019.99	2850	59.705136	0.0	4130375	870	2.85	36.59	227	2104	57.73556610847281
1624815024.39	2850	59.462499	0.0	4502091	544	2.85	40.589	236	2344	57.76444111027764
1624815028.26	2850	59.569284	0.0	4906417	566	2.85	44.591	246	2584	57.471264367816055
1624815032.08	2850	59.645924	0.0	4606683	551	2.85	48.591	253	2824	58.25
1624815036.22	2850	59.603958	0.0	4992827	602	2.85	52.591	264	3064	57.25
1624815039.72	2850	59.963719	0.0	4833092	678	2.85	56.591	275	3304	57.25
1624815043.75	2850	59.972426	0.0	5560086	724	2.85	60.595	287	3544	56.94305694305697
1624815048.19	2850	59.709764	0.0	4512973	595	2.85	64.594	300	3784	56.76419104776201
1624815052.27	2850	59.535828	0.0	5477056	718	2.85	68.597	314	4024	56.45765675743193
1624815056.04	2850	59.821038	0.0	5211665	954	2.85	72.597	322	4264	58
1624815060.09	2850	59.819048	0.0	5155066	696	2.85	76.597	336	4504	56.5
1624815064.02	2850	59.857484	0.0	5042047	590	2.85	80.598	349	4744	56.735816045988436
1624815068.19	2850	59.621066	0.0	4373848	667	2.85	84.598	357	4984	58
1624815072.04	2850	59.724253	0.0	4955552	542	2.85	88.599	364	5224	58.235441139715
1624815076.04	2850	59.696143	0.0	4533309	482	2.85	92.602	373	5464	57.70671996002998
1624815080.36	2850	59.503334	0.0	4404309	546	2.85	96.608	379	5705	58.662006989515724
1624815084.27	2850	59.579017	0.0	4543808	582	2.85	100.608	391	5945	57
1624815088.18	2850	59.621315	0.0	4672100	620	2.85	104.609	399	6185	57.985503624094115
1624815092.19	2850	59.645825	0.0	5112917	652	2.85	108.612	413	6425	56.45765675743193
1624815096.1	2850	59.613392	0.0	4777608	588	2.85	112.612	426	6665	56.75
1624815100.08	2850	59.616832	0.0	5053470	696	2.85	116.612	437	6905	57.25
1624815103.91	2850	59.886202	0.0	4782473	510	2.85	120.613	449	7145	56.98575356160953
