1624829761.33	750	4	0.13	446149	42	-0.554	0	0	0	0
1624829762.13	1850	7.933334	0.0	3302713	573	0.75	0	0	0	0
1624829762.84	1850	11.483334	0.0	2780269	276	1.85	0	0	0	0
1624829763.84	1850	14.4	0.0	3138830	360	1.85	0	0	0	0
1624829764.33	1850	17.75	0.0	3252745	271	1.85	0	0	0	0
1624829764.85	1850	21.233334	0.0	3175667	307	1.85	4.53	30	165	0
1624829765.65	1850	24.45	0.0	2962628	563	1.85	4.53	30	165	0
1624829766.26	1850	28	0.0	3242545	288	1.85	4.53	30	165	0
1624829767.54	1850	30.55	0.0	2999470	829	1.85	4.53	30	165	0
1624829768.04	1850	34.05	0.0	2926075	284	1.85	4.53	30	165	0
1624829768.58	1850	37.533334	0.0	3029009	291	1.85	4.53	30	165	0
1624829769.11	1850	41	0.0	3113599	288	1.85	8.531	68	407	50.98725318670332
1624829769.65	1850	44.466667	0.0	3116790	290	1.85	8.531	68	407	50.98725318670332
1624829770.18	1850	47.95	0.0	3132453	273	1.85	8.531	68	407	50.98725318670332
1624829771.47	1850	50.666667	0.0	2994095	817	1.85	8.531	68	407	50.98725318670332
1624829772.07	1850	54.083334	0.0	3154088	292	1.85	8.531	68	407	50.98725318670332
1624829772.91	1850	57.216667	0.0	2803553	573	1.85	12.53	107	646	50.012503125781464
1624829774.5	1850	59.656452	0.0	3039477	282	1.85	12.53	107	646	50.012503125781464
1624829778.11	1850	59.954035	0.0	3356332	789	1.85	16.53	135	887	53.24999999999998
1624829782.59	1850	59.746506	0.0	3105690	561	1.85	20.531	146	1127	57.235691077230726
1624829786.81	1850	59.466667	0.0	3008856	545	1.85	24.532	155	1367	57.73556610847287
1624829790.89	1850	59.462775	0.0	3066869	558	1.85	28.532	167	1607	57
1624829794.41	1850	59.796875	0.0	3178549	368	1.85	32.537	176	1847	57.67790262172286
1624829798.46	1850	59.779718	0.0	2577778	546	1.85	36.54	182	2087	58.45615788158881
1624829802.29	1850	59.857547	0.0	2819145	1046	1.85	40.541	191	2327	57.735566108472916
1624829806.16	1850	59.936799	0.0	3037564	1028	1.85	44.542	202	2567	57.235691077230626
1624829810.66	1850	59.654764	0.0	2852411	1062	1.85	48.542	205	2807	59.25
1624829814.55	1850	59.704249	0.0	3004818	315	1.85	52.542	214	3047	57.75
1624829818.78	1850	59.466667	0.0	2930516	618	1.85	56.543	220	3287	58.4853786553362
1624829822.54	1850	59.756139	0.0	3381885	335	1.85	60.554	230	3528	57.591623036649175
1624829826.59	1850	59.721884	0.0	2812661	268	1.85	64.555	238	3768	57.98550362409391
1624829830.26	1850	59.939428	0.0	3529340	348	1.85	68.555	249	4008	57.25
1624829834.41	1850	59.811859	0.0	3274615	315	1.85	72.556	258	4248	57.735566108473016
1624829838.68	1850	59.526234	0.0	3020205	851	1.85	76.557	268	4488	57.48562859285172
1624829842.27	1850	59.862116	0.0	3084353	282	1.85	80.557	278	4728	57.5
1624829846.32	1850	59.859499	0.0	2743535	267	1.85	84.558	285	4968	58.235441139715
1624829850.5	1850	59.827991	0.0	3049078	313	1.85	88.558	294	5208	57.75
1624829854.59	1850	59.588939	0.0	2866070	295	1.85	92.559	301	5448	58.235441139715206
1624829858.16	1850	59.88586	0.0	2786310	269	1.85	96.56	311	5688	57.48562859285172
1624829862.21	1850	59.959341	0.0	2886749	288	1.85	100.56	321	5928	57.5
1624829866.31	1850	59.745133	0.0	2928463	290	1.85	104.56	328	6168	58.25
1624829870.39	1850	59.745913	0.0	3115560	298	1.85	108.57	337	6409	57.855361596010106
1624829874.48	1850	59.562399	0.0	3008634	297	1.85	112.571	346	6649	57.73556610847281
1624829878.57	1850	59.66719	0.0	3111850	307	1.85	116.571	357	6889	57.25
1624829882.1	1850	59.95595	0.0	2982399	246	1.85	120.572	366	7129	57.73556610847281
