1624846388.39	750	4	0.194	447032	53	-0.8291999999999999	0	0	0	0
1624846389.16	1850	7.866667	0.0	2254830	323	0.75	0	0	0	0
1624846389.59	1850	11.385913	0.0	1837501	193	1.85	0	0	0	0
1624846390.04	1850	14.940253	0.0	2108748	188	1.85	0	0	0	0
1624846390.6	1850	18.466667	0.0	2229492	230	1.85	0	0	0	0
1624846391.06	1850	21.933334	0.0	2078237	186	1.85	0	0	0	0
1624846391.49	1850	25.5	0.0	2030644	178	1.85	0	0	0	0
1624846392.04	1850	29.033334	0.0	2298831	197	1.85	4.939	7	84	0
1624846392.78	1850	32.466667	0.0	2164964	199	1.85	4.939	7	84	0
1624846393.16	1850	35.801141	0.0	2175479	193	1.85	4.939	7	84	0
1624846393.52	1850	39.436831	0.0	2156805	185	1.85	4.939	7	84	0
1624846393.88	1850	43.07277	0.0	2101523	177	1.85	4.939	7	84	0
1624846394.28	1850	46.666667	0.0	2344608	209	1.85	4.939	7	84	0
1624846394.68	1850	50.259914	0.0	2334646	219	1.85	4.939	7	84	0
1624846395.04	1850	53.892427	0.0	2109579	190	1.85	4.939	7	84	0
1624846395.43	1850	57.527461	0.0	2097243	212	1.85	4.939	7	84	0
1624846397.31	1850	59.76228	0.0	2054074	182	1.85	8.942	9	204	29.477891581314015
1624846401.24	1850	59.922046	0.0	2079344	192	1.85	12.942	9	324	30
1624846405.23	1850	59.758619	0.0	2353718	253	1.85	16.943	9	444	29.992501874531357
1624846409.37	1850	59.761186	0.0	2119053	205	1.85	20.947	9	564	29.970029970029987
1624846413.32	1850	59.787379	0.0	2145449	206	1.85	24.948	9	684	29.992501874531357
1624846417.28	1850	59.810702	0.0	2087310	203	1.85	28.948	9	804	30
1624846421.48	1850	59.717374	0.0	2348666	456	1.85	32.949	9	924	29.992501874531385
1624846425.34	1850	59.720387	0.0	1801794	161	1.85	36.95	9	1044	29.99250187453133
1624846429.25	1850	59.826783	0.0	1864524	173	1.85	40.95	9	1164	30
1624846433.16	1850	59.9	0.0	2051691	189	1.85	44.951	9	1284	29.992501874531385
1624846437.41	1850	59.603444	0.0	1898420	516	1.85	48.951	9	1404	30
1624846441.35	1850	59.706063	0.0	2276304	215	1.85	52.951	9	1524	30
1624846445.3	1850	59.759777	0.0	2239013	225	1.85	56.956	9	1644	29.96254681647938
1624846449.26	1850	59.833888	0.0	2417622	220	1.85	60.961	9	1764	29.962546816479435
1624846453.17	1850	59.910029	0.0	1950728	186	1.85	64.962	9	1884	29.99250187453133
1624846457.13	1850	59.950701	0.0	2268079	206	1.85	68.963	9	2004	29.99250187453144
1624846461.61	1850	59.528298	0.0	2105954	199	1.85	72.982	9	2125	30.106991789002198
1624846465.07	1850	59.894948	0.0	2049597	205	1.85	76.982	9	2245	30
1624846469.02	1850	59.990447	0.0	2267452	218	1.85	80.983	9	2365	29.99250187453133
1624846473.46	1850	59.672074	0.0	1977775	192	1.85	84.984	9	2485	29.99250187453144
1624846477.55	1850	59.530872	0.0	2145766	335	1.85	88.984	9	2605	30
1624846481.48	1850	59.576479	0.0	2064567	194	1.85	92.985	9	2725	29.99250187453133
1624846485.38	1850	59.726127	0.0	1899367	180	1.85	96.985	9	2845	30
1624846489.33	1850	59.806138	0.0	2118078	209	1.85	100.986	9	2965	29.99250187453133
1624846493.25	1850	59.848302	0.0	2045638	193	1.85	104.987	9	3085	29.99250187453144
1624846497.18	1850	59.884762	0.0	2132751	199	1.85	108.988	9	3205	29.99250187453133
1624846501.09	1850	59.919559	0.0	2105800	207	1.85	112.987	9	3325	30.007501875468904
1624846505.5	1850	59.64152	0.0	2117310	211	1.85	116.989	9	3445	29.985007496251804
1624846509.4	1850	59.684822	0.0	2106167	204	1.85	120.989	9	3565	30
