1624819339.77	750	4	0.136	447032	54	-0.5798	0	0	0	0
1624819340.24	1850	8	0.0	2254830	233	0.75	0	0	0	0
1624819340.56	1850	12	0.0	1837501	180	1.85	0	0	0	0
1624819340.92	1850	15.673848	0.0	2108748	213	1.85	0	0	0	0
1624819341.67	1850	18.942044	0.0	2229492	555	1.85	0	0	0	0
1624819342.02	1850	22.578694	0.0	2078237	175	1.85	0	0	0	0
1624819342.36	1850	26.253618	0.0	2030644	172	1.85	0	0	0	0
1624819342.74	1850	29.887759	0.0	2298831	194	1.85	0	0	0	0
1624819343.1	1850	33.522837	0.0	2164964	174	1.85	0	0	0	0
1624819343.65	1850	37.075446	0.0	2175479	228	1.85	4.913	0	80	0
1624819344.05	1850	40.5477	0.0	2156805	210	1.85	4.913	0	80	0
1624819344.42	1850	44.183834	0.0	2101523	177	1.85	4.913	0	80	0
1624819344.94	1850	47.820245	0.0	2344608	208	1.85	4.913	0	80	0
1624819345.36	1850	51.249927	0.0	2334646	222	1.85	4.913	0	80	0
1624819345.81	1850	54.885602	0.0	2109579	185	1.85	4.913	0	80	0
1624819346.19	1850	58.439646	0.0	2097243	185	1.85	4.913	0	80	0
1624819349.1	1850	59.762678	0.0	2054074	181	1.85	8.914	0	200	29.99250187453137
1624819353.08	1850	59.6094	0.0	2079344	203	1.85	12.914	0	320	30
1624819357.09	1850	59.683428	0.0	2353718	232	1.85	16.916	0	440	29.985007496251868
1624819361.05	1850	59.648521	0.0	2119053	184	1.85	20.915	0	560	30.007501875468876
1624819365.0	1850	59.669752	0.0	2145449	188	1.85	24.916	0	680	29.992501874531357
1624819368.98	1850	59.750641	0.0	2087310	201	1.85	28.917	0	800	29.992501874531357
1624819372.95	1850	59.787252	0.0	2348666	229	1.85	32.918	0	920	29.992501874531385
1624819376.85	1850	59.973486	0.0	1801794	168	1.85	36.918	0	1040	30
1624819381.3	1850	59.504937	0.0	1864524	208	1.85	40.92	0	1160	29.985007496251857
1624819385.26	1850	59.585573	0.0	2051691	207	1.85	44.922	0	1280	29.98500749625191
1624819389.17	1850	59.615263	0.0	1898420	179	1.85	48.922	0	1400	30
1624819392.65	1850	59.98966	0.0	2276304	198	1.85	52.921	0	1520	30.00750187546885
1624819397.2	1850	59.729449	0.0	2239013	188	1.85	56.924	0	1640	29.977516862353234
1624819401.13	1850	59.474609	0.0	2417622	215	1.85	60.923	0	1760	30.00750187546885
1624819405.08	1850	59.543546	0.0	1950728	175	1.85	64.924	0	1880	29.99250187453133
1624819409.1	1850	59.653265	0.0	2268079	208	1.85	68.925	0	2000	29.99250187453144
1624819413.03	1850	59.725509	0.0	2105954	177	1.85	72.925	0	2120	30
1624819416.96	1850	59.902574	0.0	2049597	171	1.85	76.926	0	2240	29.99250187453133
1624819420.97	1850	59.651713	0.0	2267452	238	1.85	80.93	0	2360	29.970029970029934
1624819424.89	1850	59.935595	0.0	1977775	191	1.85	84.932	0	2480	29.98500749625191
1624819428.88	1850	59.833334	0.0	2145766	199	1.85	88.93	0	2600	30.015007503751843
1624819432.83	1850	59.922588	0.0	2064567	195	1.85	92.931	0	2720	29.99250187453144
1624819437.24	1850	59.452971	0.0	1899367	175	1.85	96.931	0	2840	30
1624819441.23	1850	59.536034	0.0	2118078	190	1.85	100.933	0	2961	30.234882558720567
1624819445.16	1850	59.569696	0.0	2045638	192	1.85	104.934	0	3081	29.99250187453144
1624819449.15	1850	59.600393	0.0	2132751	190	1.85	108.935	0	3201	29.99250187453133
1624819453.04	1850	59.604408	0.0	2105800	179	1.85	112.935	0	3321	30
1624819456.99	1850	59.751711	0.0	2117310	216	1.85	116.936	0	3441	29.99250187453133
1624819460.96	1850	59.909425	0.0	2106167	207	1.85	120.941	0	3561	29.962546816479435
