1624844161.19	750	4	0.195	446149	79	-0.8335	0	0	0	0
1624844162.23	2850	7.816667	0.0	5338027	540	0.75	0	0	0	0
1624844163.09	2850	10.966667	0.0	4485847	414	2.85	0	0	0	0
1624844164.03	2850	14.05	0.0	5004689	467	2.85	0	0	0	0
1624844165.04	2850	17.066667	0.0	5182650	473	2.85	4.714	68	172	0
1624844165.86	2850	20	0.0	5173280	439	2.85	4.714	68	172	0
1624844166.84	2850	23.233334	0.0	4880493	480	2.85	4.714	68	172	0
1624844167.63	2850	26.266667	0.0	5406574	490	2.85	4.714	68	172	0
1624844168.44	2850	29.533334	0.0	4844720	414	2.85	4.714	68	172	0
1624844169.33	2850	32.733334	0.0	4832207	413	2.85	8.714	170	412	34.5
1624844170.02	2850	35.833334	0.0	4887638	412	2.85	8.714	170	412	34.5
1624844170.91	2850	39.133334	0.0	4995664	428	2.85	8.714	170	412	34.5
1624844171.69	2850	42.216667	0.0	5320325	461	2.85	8.714	170	412	34.5
1624844172.49	2850	45.433334	0.0	5320224	462	2.85	8.714	170	412	34.5
1624844173.41	2850	48.666667	0.0	4822090	443	2.85	12.715	280	652	32.491877030742316
1624844174.23	2850	51.733334	0.0	5024811	445	2.85	12.715	280	652	32.491877030742316
1624844174.9	2850	54.966667	0.0	4620969	395	2.85	12.715	280	652	32.491877030742316
1624844175.82	2850	58.283334	0.0	4982065	420	2.85	12.715	280	652	32.491877030742316
1624844178.15	2850	59.620236	0.0	5333279	467	2.85	16.715	389	886	31.25
1624844181.99	2850	59.91132	0.0	5166435	471	2.85	20.716	417	1132	54.48637840539863
1624844186.26	2850	59.738334	0.0	4952219	468	2.85	24.716	430	1372	56.75
1624844190.06	2850	59.771388	0.0	5148296	467	2.85	28.717	445	1613	56.485878530367444
1624844194.09	2850	59.911386	0.0	5332212	499	2.85	32.717	482	1853	50.75
1624844198.29	2850	59.737988	0.0	4130375	388	2.85	36.718	491	2093	57.73556610847281
1624844202.03	2850	59.771974	0.0	4502091	431	2.85	40.719	501	2333	57.48562859285182
1624844206.32	2850	59.58464	0.0	4906417	444	2.85	44.719	515	2573	56.5
1624844210.06	2850	59.881344	0.0	4606683	435	2.85	48.72	526	2813	57.235691077230726
1624844213.9	2850	59.866667	0.0	4992827	470	2.85	52.72	542	3053	56
1624844218.18	2850	59.652929	0.0	4833092	499	2.85	56.72	554	3293	57
1624844222.15	2850	59.687567	0.0	5560086	613	2.85	60.72	570	3533	56
1624844226.1	2850	59.805214	0.0	4512973	443	2.85	64.721	606	3773	50.98725318670326
1624844230.0	2850	59.82319	0.0	5477056	557	2.85	68.722	620	4013	56.48587853036754
1624844234.35	2850	59.505099	0.0	5211665	513	2.85	72.722	634	4253	56.5
1624844238.26	2850	59.645718	0.0	5155066	500	2.85	76.722	656	4493	54.5
1624844242.13	2850	59.736949	0.0	5042047	476	2.85	80.723	676	4733	54.98625343664077
1624844246.46	2850	59.48876	0.0	4373848	445	2.85	84.724	694	4973	55.48612846788296
1624844250.3	2850	59.546286	0.0	4955552	475	2.85	88.725	713	5213	55.23619095226206
1624844254.09	2850	59.952105	0.0	4533309	434	2.85	92.726	729	5453	55.986003499125154
1624844257.84	2850	59.996996	0.0	4404309	418	2.85	96.726	746	5693	55.75
1624844262.18	2850	59.793241	0.0	4543808	439	2.85	100.727	765	5933	55.23619095226187
1624844266.04	2850	59.825268	0.0	4672100	466	2.85	104.727	784	6173	55.25
1624844270.41	2850	59.455467	0.0	5112917	483	2.85	108.733	806	6413	54.41837244133799
1624844274.2	2850	59.708334	0.0	4777608	452	2.85	112.737	826	6654	55.194805194805326
1624844278.24	2850	59.673562	0.0	5053470	476	2.85	116.738	868	6894	49.4876280929767
1624844282.2	2850	59.778464	0.0	4782473	569	2.85	120.737	891	7134	54.263565891472936
