1624830492.74	750	4	0.137	447032	68	-0.5841000000000001	0	0	0	0
1624830494.11	2850	7.104802	0.0	3731877	1140	0.75	0	0	0	0
1624830495.34	2850	9.884148	0.0	2988743	1000	2.85	0	0	0	0
1624830496.17	2850	13.151236	0.0	3344033	524	2.85	4.547	0	70	0
1624830497.16	2850	16.137397	0.0	3588671	529	2.85	4.547	0	70	0
1624830508.85	2850	8.372755	0.0	3516436	11303	2.85	16.553	2	430	30
1624830509.38	2850	11.841305	0.0	3520561	320	2.85	16.553	2	430	30
1624830510.0	2850	15.233334	0.0	3787958	382	2.85	16.553	2	430	30
1624830510.55	2850	18.66121	0.0	3482140	324	2.85	16.553	2	430	30
1624830512.15	2850	21.093719	0.0	3620909	355	2.85	20.626	2	552	29.953351338080036
1624830512.71	2850	24.515967	0.0	3578596	330	2.85	20.626	2	552	29.953351338080036
1624830513.27	2850	27.981581	0.0	3430213	323	2.85	20.626	2	552	29.953351338080036
1624830513.84	2850	31.366667	0.0	3873343	334	2.85	20.626	2	552	29.953351338080036
1624830514.45	2850	34.8	0.0	4055051	345	2.85	20.626	2	552	29.953351338080036
1624830514.96	2850	38.266667	0.0	3383484	300	2.85	20.626	2	552	29.953351338080036
1624830515.46	2850	41.736407	0.0	3439708	285	2.85	20.626	2	552	29.953351338080036
1624830515.97	2850	45.244296	0.0	3270011	286	2.85	24.626	3	672	29.75
1624830516.47	2850	48.75309	0.0	3397053	297	2.85	24.626	3	672	29.75
1624830517.37	2850	51.857227	0.0	3855639	427	2.85	24.626	3	672	29.75
1624830517.96	2850	55.266667	0.0	3553518	354	2.85	24.626	3	672	29.75
1624830518.51	2850	58.716637	0.0	3560530	311	2.85	24.626	3	672	29.75
1624830521.63	2850	59.833334	0.0	3529545	362	2.85	28.628	3	792	29.98500749625188
1624830525.5	2850	59.919327	0.0	3944215	358	2.85	32.639	3	913	30.167040638244806
1624830529.54	2850	59.920393	0.0	2874206	265	2.85	36.639	3	1033	30
1624830533.62	2850	59.629971	0.0	3298545	320	2.85	40.64	3	1153	29.992501874531385
1624830537.74	2850	59.633334	0.0	3406141	329	2.85	44.641	3	1273	29.992501874531385
1624830541.3	2850	59.95401	0.0	3134119	295	2.85	48.641	3	1393	30
1624830545.49	2850	59.955299	0.0	3769859	372	2.85	52.643	3	1513	29.985007496251857
1624830549.62	2850	59.675341	0.0	3566857	347	2.85	56.644	3	1633	29.992501874531385
1624830553.82	2850	59.539058	0.0	3935536	367	2.85	60.646	3	1753	29.985007496251857
1624830557.39	2850	59.871029	0.0	3251953	299	2.85	64.646	3	1873	30
1624830561.55	2850	59.949432	0.0	3744840	355	2.85	68.647	3	1993	29.99250187453133
1624830565.69	2850	59.666667	0.0	3455854	347	2.85	72.648	3	2113	29.99250187453144
1624830569.82	2850	59.570388	0.0	3548731	334	2.85	76.648	3	2233	30
1624830573.42	2850	59.910717	0.0	3573884	318	2.85	80.662	3	2353	29.8953662182361
1624830577.48	2850	59.949625	0.0	3124748	285	2.85	84.663	3	2473	29.99250187453144
1624830581.59	2850	59.709813	0.0	3671669	344	2.85	88.663	3	2593	30
1624830585.23	2850	59.994595	0.0	3397624	310	2.85	92.665	4	2713	29.735132433783036
1624830589.78	2850	59.559688	0.0	3070410	301	2.85	96.665	4	2833	30
1624830593.38	2850	59.936889	0.0	3480718	325	2.85	100.665	4	2953	30
1624830597.49	2850	59.729258	0.0	3396325	341	2.85	104.665	4	3073	30
1624830601.59	2850	59.816054	0.0	3538812	340	2.85	108.667	4	3194	30.234882558720674
1624830605.72	2850	59.501004	0.0	3440498	390	2.85	112.669	4	3314	29.98500749625191
1624830609.84	2850	59.526868	0.0	3504086	373	2.85	116.669	4	3434	30
1624830613.41	2850	59.89367	0.0	3345088	337	2.85	120.67	4	3554	29.99250187453133
