1624834401.32	750	4	0.184	447032	44	-0.7861999999999999	0	0	0	0
1624834401.88	1850	8	0.0	2254830	209	0.75	0	0	0	0
1624834402.3	1850	11.672279	0.0	1837501	259	1.85	0	0	0	0
1624834402.68	1850	15.259074	0.0	2108748	189	1.85	0	0	0	0
1624834403.25	1850	18.833334	0.0	2229492	202	1.85	0	0	0	0
1624834403.72	1850	22.266667	0.0	2078237	187	1.85	0	0	0	0
1624834404.21	1850	25.8	0.0	2030644	214	1.85	0	0	0	0
1624834404.95	1850	29.015779	0.0	2298831	218	1.85	4.801	3	89	0
1624834405.35	1850	32.652133	0.0	2164964	204	1.85	4.801	3	89	0
1624834406.15	1850	35.8	0.0	2175479	557	1.85	4.801	3	89	0
1624834406.56	1850	39.430934	0.0	2156805	187	1.85	4.801	3	89	0
1624834407.26	1850	42.735855	0.0	2101523	394	1.85	4.801	3	89	0
1624834408.14	1850	45.8403	0.0	2344608	602	1.85	4.801	3	89	0
1624834409.13	1850	48.823572	0.0	2334646	775	1.85	8.804	3	209	29.977516862353234
1624834409.75	1850	52.291688	0.0	2109579	331	1.85	8.804	3	209	29.977516862353234
1624834410.29	1850	55.722453	0.0	2097243	186	1.85	8.804	3	209	29.977516862353234
1624834411.08	1850	58.867265	0.0	2054074	499	1.85	8.804	3	209	29.977516862353234
1624834414.05	1850	59.928521	0.0	2079344	693	1.85	12.805	3	329	29.99250187453137
1624834418.1	1850	59.909026	0.0	2353718	318	1.85	16.808	3	449	29.977516862353234
1624834422.09	1850	59.89422	0.0	2119053	754	1.85	20.811	3	569	29.977516862353234
1624834426.51	1850	59.643941	0.0	2145449	190	1.85	24.811	3	689	30
1624834430.5	1850	59.477943	0.0	2087310	256	1.85	28.811	3	809	30
1624834434.5	1850	59.567382	0.0	2348666	242	1.85	32.812	3	929	29.992501874531385
1624834438.4	1850	59.635065	0.0	1801794	175	1.85	36.812	3	1049	30
1624834442.29	1850	59.721611	0.0	1864524	168	1.85	40.813	3	1169	29.99250187453133
1624834446.74	1850	59.423863	0.0	2051691	201	1.85	44.817	3	1289	29.970029970029987
1624834450.15	1850	59.959122	0.0	1898420	181	1.85	48.815	3	1409	30.015007503751896
1624834454.6	1850	59.600591	0.0	2276304	203	1.85	52.815	3	1529	30
1624834458.57	1850	59.574901	0.0	2239013	253	1.85	56.816	3	1649	29.99250187453133
1624834462.04	1850	59.926814	0.0	2417622	215	1.85	60.817	3	1769	29.992501874531385
1624834466.48	1850	59.7539	0.0	1950728	199	1.85	64.817	3	1889	30.000000000000053
1624834470.45	1850	59.780769	0.0	2268079	214	1.85	68.818	3	2009	29.99250187453133
1624834474.42	1850	59.686526	0.0	2105954	216	1.85	72.819	3	2129	29.99250187453133
1624834478.37	1850	59.809221	0.0	2049597	195	1.85	76.819	3	2249	30
1624834482.34	1850	59.83686	0.0	2267452	226	1.85	80.82	3	2369	29.99250187453144
1624834486.28	1850	59.951786	0.0	1977775	197	1.85	84.823	3	2489	29.977516862353234
1624834490.33	1850	59.639858	0.0	2145766	310	1.85	88.823	3	2609	30
1624834494.27	1850	59.707762	0.0	2064567	197	1.85	92.824	3	2729	29.99250187453133
1624834498.66	1850	59.506438	0.0	1899367	178	1.85	96.824	3	2849	30
1624834502.11	1850	59.941979	0.0	2118078	210	1.85	100.824	3	2969	30
1624834506.06	1850	59.951478	0.0	2045638	216	1.85	104.825	3	3089	29.99250187453133
1624834510.35	1850	59.666667	0.0	2132751	554	1.85	108.826	3	3209	29.99250187453144
1624834514.26	1850	59.773456	0.0	2105800	195	1.85	112.826	3	3329	30
1624834518.19	1850	59.836298	0.0	2117310	196	1.85	116.827	3	3449	29.99250187453133
1624834522.09	1850	59.918525	0.0	2106167	193	1.85	120.827	3	3569	30
