1624339374.69	750	4	0.545	447032	384	-2.3385000000000002	0	0	0	0
1624339375.21	1200	7.837518	0.0	1081855	206	0.75	0	0	0	0
1624339375.6	1200	11.434251	0.0	909590	260	1.2	0	0	0	0
1624339376.2	1200	14.867721	0.0	1064785	381	1.2	0	0	0	0
1624339376.56	1200	18.464043	0.0	1068330	238	1.2	0	0	0	0
1624339376.92	1200	22.141634	0.0	1091906	210	1.2	0	0	0	0
1624339377.35	1200	25.698696	0.0	989621	271	1.2	0	0	0	0
1624339377.93	1200	29.133818	0.0	1120373	441	1.2	4.771	0	74	0
1624339378.8	1200	32.327616	0.0	1096122	584	1.2	4.771	0	74	0
1624339379.84	1200	35.273326	0.0	1088831	835	1.2	4.771	0	74	0
1624339380.72	1200	38.343343	0.0	1080940	696	1.2	4.771	0	74	0
1624339381.63	1200	41.453414	0.0	1075422	722	1.2	8.803	0	195	30.00992063492063
1624339382.14	1200	44.929025	0.0	1146374	334	1.2	8.803	0	195	30.00992063492063
1624339382.68	1200	48.403582	0.0	1146930	330	1.2	8.803	0	195	30.00992063492063
1624339383.16	1200	51.879342	0.0	1066542	338	1.2	8.803	0	195	30.00992063492063
1624339383.6	1200	55.472212	0.0	1056887	323	1.2	8.803	0	195	30.00992063492063
1624339384.21	1200	58.866667	0.0	990369	448	1.2	8.803	0	195	30.00992063492063
1624339387.3	1200	59.90978	0.0	1015471	373	1.2	12.802	0	315	30.007501875468876
1624339391.45	1200	59.693185	0.0	1173982	427	1.2	16.803	0	435	29.992501874531357
1624339395.45	1200	59.709459	0.0	1058624	266	1.2	20.803	0	555	30
1624339399.36	1200	59.739728	0.0	1046861	207	1.2	24.803	0	675	30
1624339403.33	1200	59.760468	0.0	1048437	318	1.2	28.806	0	795	29.977516862353234
1624339407.55	1200	59.540012	0.0	1152505	466	1.2	32.805	0	915	30.007501875468876
1624339411.62	1200	59.57567	0.0	877099	410	1.2	36.81	0	1035	29.96254681647938
1624339415.14	1200	59.937045	0.0	968042	328	1.2	40.809	0	1155	30.007501875468904
1624339419.16	1200	59.957539	0.0	1064114	349	1.2	44.81	0	1275	29.99250187453133
1624339423.4	1200	59.701005	0.0	1005764	476	1.2	48.81	0	1395	30
1624339427.7	1200	59.446046	0.0	1078959	604	1.2	52.81	0	1515	30
1624339431.69	1200	59.475838	0.0	1074526	322	1.2	56.81	0	1635	30
1624339435.65	1200	59.508738	0.0	1231303	302	1.2	60.81	0	1755	30
1624339439.63	1200	59.53421	0.0	960890	300	1.2	64.81	0	1875	30
1624339443.53	1200	59.565777	0.0	1183904	596	1.2	68.811	0	1995	29.99250187453133
1624339447.16	1200	59.874981	0.0	1065257	434	1.2	72.812	0	2115	29.99250187453144
1624339451.15	1200	59.9	0.0	1108615	345	1.2	76.811	0	2235	30.007501875468797
1624339455.34	1200	59.931336	0.0	1113738	501	1.2	80.811	0	2355	30
1624339459.35	1200	59.961532	0.0	981548	303	1.2	84.812	0	2475	29.99250187453144
1624339463.16	1200	59.987622	0.0	1067644	610	1.2	88.812	0	2595	30
1624339467.35	1200	59.738816	0.0	1068520	443	1.2	92.812	0	2715	30
1624339471.77	1200	59.476729	0.0	946116	199	1.2	96.813	0	2835	29.99250187453133
1624339475.67	1200	59.502183	0.0	1041444	191	1.2	100.835	0	2956	30.084535057185544
1624339479.51	1200	59.810468	0.0	1033147	188	1.2	104.836	0	3076	29.99250187453133
1624339483.42	1200	59.836201	0.0	1043384	214	1.2	108.836	0	3196	30
1624339487.24	1200	59.862482	0.0	1047354	173	1.2	112.836	0	3316	30
1624339491.61	1200	59.610141	0.0	1058093	198	1.2	116.836	0	3436	30
1624339495.46	1200	59.676192	0.0	1038662	174	1.2	120.836	0	3556	30
