1624281717.77	750	4	0.29	447032	94	-1.242	0	0	0	0
1624281718.33	1850	8	0.0	2254830	346	0.75	0	0	0	0
1624281718.82	1850	12	0.0	1837501	286	1.85	0	0	0	0
1624281719.3	1850	16	0.0	2108748	333	1.85	0	0	0	0
1624281719.79	1850	20	0.0	2229492	332	1.85	0	0	0	0
1624281720.28	1850	24	0.0	2078237	306	1.85	5.392	0	0	0
1624281720.79	1850	28	0.0	2030644	311	1.85	5.392	0	0	0
1624281721.7	1850	31.467911	0.0	2298831	700	1.85	5.392	0	0	0
1624281722.17	1850	34.982718	0.0	2164964	281	1.85	5.392	0	0	0
1624281722.66	1850	38.497221	0.0	2175479	332	1.85	5.392	0	0	0
1624281723.2	1850	41.971874	0.0	2156805	364	1.85	5.392	0	0	0
1624281723.66	1850	45.487115	0.0	2101523	298	1.85	5.392	0	0	0
1624281724.25	1850	48.880389	0.0	2344608	422	1.85	9.392	0	93	23.250000000000004
1624281724.78	1850	52.356058	0.0	2334646	350	1.85	9.392	0	93	23.250000000000004
1624281725.23	1850	55.966667	0.0	2109579	243	1.85	9.392	0	93	23.250000000000004
1624281725.75	1850	59.386599	0.0	2097243	369	1.85	9.392	0	93	23.250000000000004
1624281729.45	1850	59.897991	0.0	2054074	303	1.85	13.392	4	213	29
1624281734.0	1850	59.707713	0.0	2079344	309	1.85	17.392	4	333	30
1624281737.27	1850	59.943837	0.0	2353718	348	1.85	21.4	4	453	29.94011976047905
