1624274865.53	750	4	0.229	446149	114	-0.9796999999999999	0	0	0	0
1624274866.81	2850	8	0.0	5338027	981	0.75	0	0	0	0
1624274867.97	2850	10.966667	0.0	4485847	902	2.85	0	0	0	0
1624274869.33	2850	13.683334	0.0	5004689	1005	2.85	5.19	4	112	0
1624274870.77	2850	16.216667	0.0	5182650	1130	2.85	5.19	4	112	0
1624274872.25	2850	18.75	0.0	5173280	1037	2.85	5.19	4	112	0
1624274873.46	2850	21.483334	0.0	4880493	972	2.85	9.191	58	352	46.48837790552361
1624274874.69	2850	24.3	0.0	5406574	863	2.85	9.191	58	352	46.48837790552361
1624274876.04	2850	27	0.0	4844720	923	2.85	9.191	58	352	46.48837790552361
1624274877.17	2850	29.816667	0.0	4832207	802	2.85	13.191	98	592	50
1624274878.26	2850	32.683334	0.0	4887638	839	2.85	13.191	98	592	50
1624274879.35	2850	35.616667	0.0	4995664	784	2.85	13.191	98	592	50
1624274880.66	2850	38.35	0.0	5320325	948	2.85	13.191	98	592	50
1624274882.11	2850	40.916667	0.0	5320224	1077	2.85	17.201	150	832	46.882793017456365
