1624337037.62	750	4	0.201	446149	101	-0.8593	0	0	0	0
1624337038.17	1200	8	0.0	1737810	346	0.75	0	0	0	0
1624337038.59	1200	12	0.0	1497975	287	1.2	0	0	0	0
1624337039.16	1200	15.911764	0.0	1711143	429	1.2	0	0	0	0
1624337039.69	1200	19.387239	0.0	1733770	381	1.2	0	0	0	0
1624337040.23	1200	22.821628	0.0	1749315	371	1.2	0	0	0	0
1624337040.74	1200	26.333334	0.0	1603603	348	1.2	0	0	0	0
1624337041.3	1200	29.8	0.0	1702216	357	1.2	5.278	1	112	0
1624337041.79	1200	33.280793	0.0	1641950	330	1.2	5.278	1	112	0
1624337042.29	1200	36.766667	0.0	1559808	335	1.2	5.278	1	112	0
1624337042.84	1200	40.25	0.0	1622647	354	1.2	5.278	1	112	0
1624337043.32	1200	43.746858	0.0	1630019	334	1.2	5.278	1	112	0
1624337043.82	1200	47.233334	0.0	1658562	343	1.2	5.278	1	112	0
1624337044.34	1200	50.737671	0.0	1669221	332	1.2	5.278	1	112	0
1624337044.86	1200	54.213821	0.0	1636310	360	1.2	5.278	1	112	0
1624337045.37	1200	57.689776	0.0	1732283	370	1.2	9.3	12	353	57.185479860765774
1624337047.4	1200	59.785314	0.0	1511913	311	1.2	9.3	12	353	57.185479860765774
1624337051.45	1200	59.816667	0.0	1593050	334	1.2	13.3	12	593	60
1624337055.49	1200	59.573075	0.0	1818927	344	1.2	17.301	13	833	59.73506623344167
1624337059.16	1200	59.89818	0.0	1667234	460	1.2	21.301	14	1073	59.75
1624337063.17	1200	59.934928	0.0	1633180	320	1.2	25.302	15	1313	59.73506623344162
1624337067.21	1200	59.973881	0.0	1663787	384	1.2	29.302	15	1553	60
1624337071.33	1200	59.723601	0.0	1674035	376	1.2	33.303	19	1793	58.98525368657839
1624337075.31	1200	59.765056	0.0	1460813	305	1.2	37.302	19	2033	60.0150037509377
1624337079.31	1200	59.800076	0.0	1541638	316	1.2	41.303	19	2273	59.98500374906277
1624337083.34	1200	59.834329	0.0	1680082	361	1.2	45.307	19	2513	59.94005994005987
1624337087.37	1200	59.867599	0.0	1542551	335	1.2	49.303	20	2753	59.809809809809884
1624337091.38	1200	59.8916	0.0	1603186	305	1.2	53.303	20	2993	60
1624337095.2	1200	59.926505	0.0	1611597	593	1.2	57.303	21	3233	59.75
1624337099.35	1200	59.966667	0.0	1888785	425	1.2	61.304	21	3473	59.98500374906266
1624337103.57	1200	59.509929	0.0	1552540	534	1.2	65.304	21	3713	60
1624337107.23	1200	59.826979	0.0	1957722	480	1.2	69.304	22	3953	59.75
1624337111.37	1200	59.861437	0.0	1766061	452	1.2	73.304	22	4193	60
1624337115.52	1200	59.613249	0.0	1645454	416	1.2	77.304	26	4433	59
1624337119.62	1200	59.638593	0.0	1604737	404	1.2	81.304	26	4673	60
1624337123.2	1200	59.957086	0.0	1487527	372	1.2	85.305	26	4913	59.98500374906266
1624337127.26	1200	59.945358	0.0	1643954	349	1.2	89.305	26	5153	60
1624337131.37	1200	59.687972	0.0	1555884	372	1.2	93.305	26	5393	60
1624337135.46	1200	59.724694	0.0	1535193	396	1.2	97.305	26	5633	60
1624337139.55	1200	59.752691	0.0	1551114	400	1.2	101.306	26	5873	59.98500374906288
1624337143.62	1200	59.493405	0.0	1575918	319	1.2	105.306	26	6113	60
1624337147.27	1200	59.805747	0.0	1672619	434	1.2	109.306	27	6353	59.75
1624337151.31	1200	59.837432	0.0	1631168	363	1.2	113.31	27	6594	60.18981018981012
1624337155.35	1200	59.873282	0.0	1687116	364	1.2	117.31	27	6834	60
1624337159.5	1200	59.662157	0.0	1644749	426	1.2	121.31	27	7074	60
