1624268240.05	750	4	0.254	446149	129	-1.0872000000000002	0	0	0	0
1624268240.86	1850	8	0.0	3302713	542	0.75	0	0	0	0
1624268241.48	1850	12	0.0	2780269	440	1.85	0	0	0	0
1624268242.28	1850	15.3	0.0	3138830	592	1.85	0	0	0	0
1624268243.07	1850	18.55	0.0	3252745	540	1.85	6.578	2	75	0
1624268243.84	1850	21.717918	0.0	3175667	555	1.85	6.578	2	75	0
1624268244.59	1850	25.05	0.0	2962628	503	1.85	6.578	2	75	0
1624268245.32	1850	28.3	0.0	3242545	501	1.85	6.578	2	75	0
1624268246.06	1850	31.55	0.0	2999470	537	1.85	6.578	2	75	0
1624268246.71	1850	34.883334	0.0	2926075	444	1.85	6.578	2	75	0
1624268247.4	1850	38.216667	0.0	3029009	464	1.85	10.578	28	315	53.500000000000014
1624268248.09	1850	41.5	0.0	3113599	480	1.85	10.578	28	315	53.500000000000014
1624268248.78	1850	44.816667	0.0	3116790	481	1.85	10.578	28	315	53.500000000000014
1624268249.52	1850	48.116667	0.0	3132453	483	1.85	10.578	28	315	53.500000000000014
1624268250.34	1850	51.255705	0.0	2994095	638	1.85	10.578	28	315	53.500000000000014
1624268251.09	1850	54.533334	0.0	3154088	523	1.85	14.578	50	555	54.5
1624268251.71	1850	57.883334	0.0	2803553	421	1.85	14.578	50	555	54.5
1624268253.93	1850	59.816868	0.0	3039477	470	1.85	14.578	50	555	54.5
1624268257.71	1850	59.846554	0.0	3356332	534	1.85	18.579	68	795	55.48612846788301
