1624340547.73	750	4	0.202	446149	92	-0.8635999999999999	0	0	0	0
1624340548.01	750	8	0.0	657276	144	0.75	0	0	0	0
1624340548.29	750	12	0.0	531142	132	0.75	0	0	0	0
1624340548.54	750	16	0.0	641782	143	0.75	0	0	0	0
1624340548.76	750	20	0.0	655328	122	0.75	0	0	0	0
1624340548.97	750	24	0.0	643029	117	0.75	0	0	0	0
1624340549.19	750	27.956354	0.0	586466	106	0.75	0	0	0	0
1624340549.4	750	31.754844	0.0	640646	114	0.75	0	0	0	0
1624340549.6	750	35.552965	0.0	603976	85	0.75	0	0	0	0
1624340549.82	750	39.350744	0.0	579575	96	0.75	0	0	0	0
1624340550.05	750	43.108244	0.0	622523	123	0.75	0	0	0	0
1624340550.28	750	46.866667	0.0	590406	105	0.75	0	0	0	0
1624340550.49	750	50.664267	0.0	636852	115	0.75	0	0	0	0
1624340550.69	750	54.462188	0.0	619167	101	0.75	0	0	0	0
1624340550.9	750	58.260166	0.0	636453	111	0.75	0	0	0	0
1624340553.74	750	59.457123	0.0	637789	192	0.75	5.288	0	111	0
1624340557.6	750	59.76936	0.0	574537	130	0.75	9.287	1	351	59.76494123530882
1624340561.86	750	59.514486	0.0	595492	94	0.75	13.286	1	591	60.01500375093775
1624340565.66	750	59.542434	0.0	662075	112	0.75	17.287	1	831	59.98500374906274
1624340569.44	750	59.860366	0.0	622438	120	0.75	21.287	1	1071	60
1624340573.69	750	59.612654	0.0	607166	91	0.75	25.287	1	1311	60
1624340577.6	750	59.685728	0.0	615645	185	0.75	29.287	1	1551	60
1624340581.89	750	59.436728	0.0	651954	135	0.75	33.287	1	1791	60
1624340585.68	750	59.508649	0.0	550774	105	0.75	37.288	1	2031	59.98500374906277
1624340589.57	750	59.823188	0.0	594579	247	0.75	41.288	1	2271	60
1624340593.48	750	59.855388	0.0	632394	242	0.75	45.289	1	2511	59.98500374906266
1624340597.33	750	59.893157	0.0	575968	156	0.75	49.288	1	2751	60.01500375093781
1624340601.59	750	59.639923	0.0	632851	112	0.75	53.289	1	2991	59.98500374906266
1624340605.36	750	59.956243	0.0	604086	155	0.75	57.289	1	3232	60.25
1624340609.62	750	59.7	0.0	712976	129	0.75	61.29	1	3472	59.98500374906277
1624340613.45	750	59.772103	0.0	581323	148	0.75	65.289	1	3712	60.0150037509377
1624340617.78	750	59.51855	0.0	729373	129	0.75	69.289	1	3952	60
1624340621.58	750	59.829923	0.0	670981	130	0.75	73.29	1	4192	59.98500374906266
1624340625.42	750	59.85862	0.0	621207	186	0.75	77.29	1	4432	60
1624340629.72	750	59.604653	0.0	579598	120	0.75	81.29	1	4672	60
1624340633.45	750	59.914465	0.0	558064	101	0.75	85.291	1	4912	59.98500374906288
1624340637.56	750	59.670389	0.0	609656	387	0.75	89.291	1	5152	60
1624340641.35	750	59.984096	0.0	599153	148	0.75	93.292	1	5392	59.98500374906266
1624340645.59	750	59.727283	0.0	574452	103	0.75	97.292	1	5632	60
1624340649.88	750	59.467183	0.0	605550	166	0.75	101.292	1	5872	60
1624340653.6	750	59.82031	0.0	601791	502	0.75	105.292	1	6112	60
1624340657.61	750	59.65	0.0	627361	328	0.75	109.293	1	6352	59.98500374906266
1624340661.36	750	59.961619	0.0	623214	116	0.75	113.293	1	6592	60
1624340665.59	750	59.705502	0.0	648266	106	0.75	117.294	1	6832	59.98500374906288
1624340669.33	750	59.970562	0.0	606947	101	0.75	121.302	1	7072	59.880239520957936
