1624322131.23	750	4	0.274	447032	120	-1.1732	0	0	0	0
1624322131.79	1200	8	0.0	1081855	186	0.75	0	0	0	0
1624322132.13	1200	12	0.0	909590	121	1.2	0	0	0	0
1624322132.46	1200	16	0.0	1064785	185	1.2	0	0	0	0
1624322132.85	1200	20	0.0	1068330	204	1.2	0	0	0	0
1624322133.24	1200	24	0.0	1091906	204	1.2	0	0	0	0
1624322133.65	1200	28	0.0	989621	227	1.2	0	0	0	0
1624322134.13	1200	31.544131	0.0	1120373	240	1.2	0	0	0	0
1624322134.53	1200	35.180337	0.0	1096122	207	1.2	5.652	0	18	0
1624322134.91	1200	38.775343	0.0	1088831	210	1.2	5.652	0	18	0
1624322135.28	1200	42.411848	0.0	1080940	188	1.2	5.652	0	18	0
1624322135.71	1200	46.00619	0.0	1075422	200	1.2	5.652	0	18	0
1624322136.12	1200	49.561172	0.0	1146374	219	1.2	5.652	0	18	0
1624322136.5	1200	53.197114	0.0	1146930	194	1.2	5.652	0	18	0
1624322136.87	1200	56.834272	0.0	1066542	206	1.2	5.652	0	18	0
1624322138.27	1200	59.452977	0.0	1056887	202	1.2	5.652	0	18	0
1624322142.17	1200	59.763891	0.0	990369	180	1.2	9.728	0	140	29.93130520117763
1624322146.08	1200	59.788454	0.0	1015471	186	1.2	13.728	0	260	30
1624322150.04	1200	59.840832	0.0	1173982	208	1.2	17.728	0	380	29.999999999999986
1624322154.03	1200	59.853366	0.0	1058624	181	1.2	21.729	0	500	29.992501874531385
1624322157.94	1200	59.878165	0.0	1046861	182	1.2	25.73	0	620	29.992501874531357
1624322161.84	1200	59.895616	0.0	1048437	186	1.2	29.73	0	740	30
1624322166.23	1200	59.637906	0.0	1152505	186	1.2	33.73	0	860	30.00000000000003
1624322170.1	1200	59.650155	0.0	877099	122	1.2	37.754	0	981	30.06958250497017
1624322173.95	1200	59.950806	0.0	968042	168	1.2	41.762	0	1101	29.94011976047902
1624322178.37	1200	59.440262	0.0	1064114	199	1.2	45.766	0	1221	29.970029970029987
1624322182.27	1200	59.45486	0.0	1005764	148	1.2	49.84	0	1343	29.945999018163928
1624322186.15	1200	59.785878	0.0	1078959	173	1.2	53.842	0	1463	29.98500749625191
1624322190.04	1200	59.801713	0.0	1074526	154	1.2	57.843	0	1583	29.99250187453133
1624322193.96	1200	59.854752	0.0	1231303	193	1.2	61.843	0	1703	30
1624322197.81	1200	59.911153	0.0	960890	155	1.2	65.842	0	1823	30.007501875468904
1624322202.24	1200	59.643607	0.0	1183904	197	1.2	69.844	0	1943	29.98500749625191
1624322206.16	1200	59.704158	0.0	1065257	163	1.2	73.844	0	2063	30
1624322210.08	1200	59.726438	0.0	1108615	165	1.2	77.844	0	2184	30.25
1624322214.01	1200	59.773919	0.0	1113738	183	1.2	81.845	0	2304	29.99250187453133
1624322218.36	1200	59.515315	0.0	981548	154	1.2	85.847	0	2424	29.98500749625191
1624322222.23	1200	59.53554	0.0	1067644	121	1.2	89.902	0	2545	29.839704069050505
1624322226.1	1200	59.840041	0.0	1068520	176	1.2	93.904	0	2665	29.98500749625191
1624322229.94	1200	59.857245	0.0	946116	144	1.2	97.904	0	2785	30
1624322233.85	1200	59.873593	0.0	1041444	180	1.2	101.905	0	2905	29.99250187453133
1624322238.24	1200	59.614749	0.0	1033147	171	1.2	105.906	0	3025	29.99250187453133
1624322242.15	1200	59.634809	0.0	1043384	161	1.2	109.912	0	3145	29.955067398901647
1624322246.01	1200	59.948219	0.0	1047354	160	1.2	113.913	0	3266	30.242439390152533
1624322249.89	1200	59.960565	0.0	1058093	168	1.2	117.913	0	3386	30
1624322253.73	1200	59.98287	0.0	1038662	173	1.2	121.913	0	3506	30
