1624311627.7	750	4	0.194	447032	83	-0.8291999999999999	0	0	0	0
1624311627.87	300	8	0.0	222343	36	-0.15000000000000002	0	0	0	0
1624311628.0	300	12	0.0	202601	30	0.3	0	0	0	0
1624311628.11	300	16	0.0	231442	36	0.3	0	0	0	0
1624311628.23	300	20	0.0	223916	38	0.3	0	0	0	0
1624311628.35	300	24	0.0	227288	38	0.3	0	0	0	0
1624311628.45	300	28	0.0	210296	30	0.3	0	0	0	0
1624311628.56	300	32	0.0	232710	34	0.3	0	0	0	0
1624311628.68	300	36	0.0	230934	33	0.3	0	0	0	0
1624311628.81	300	40	0.0	230466	28	0.3	0	0	0	0
1624311628.93	300	44	0.0	222766	32	0.3	0	0	0	0
1624311629.06	300	48	0.0	215843	41	0.3	0	0	0	0
1624311629.18	300	52	0.0	240996	36	0.3	0	0	0	0
1624311629.31	300	56	0.0	241376	31	0.3	0	0	0	0
1624311629.42	300	59.913932	0.0	215448	33	0.3	0	0	0	0
1624311633.56	300	59.781187	0.0	224191	33	0.3	5.286	0	48	0
1624311637.71	300	59.813367	0.0	201147	35	0.3	9.287	0	168	29.992501874531357
1624311641.92	300	59.557998	0.0	208138	30	0.3	13.286	0	288	30.007501875468876
1624311645.61	300	59.87143	0.0	237703	45	0.3	17.286	0	408	29.999999999999986
1624311649.79	300	59.681599	0.0	221939	36	0.3	21.287	0	528	29.992501874531385
1624311654.09	300	59.458271	0.0	216091	34	0.3	25.287	0	648	30
1624311657.79	300	59.766667	0.0	221930	38	0.3	29.287	0	768	30
1624311661.98	300	59.514217	0.0	244209	43	0.3	33.287	0	889	30.25
1624311665.66	300	59.816474	0.0	201448	40	0.3	37.287	0	1009	30
1624311669.88	300	59.557238	0.0	216871	56	0.3	41.287	0	1128	29.75
1624311673.56	300	59.860956	0.0	226875	50	0.3	45.296	0	1249	30.182090296832126
1624311677.74	300	59.880108	0.0	215302	42	0.3	49.29	0	1369	30.045067601402106
1624311681.94	300	59.615702	0.0	231664	42	0.3	53.29	0	1489	30
1624311685.61	300	59.921074	0.0	233190	38	0.3	57.29	0	1609	30
1624311689.8	300	59.671774	0.0	245887	21	0.3	61.291	0	1729	29.992501874531385
1624311694.01	300	59.445619	0.0	205585	28	0.3	65.291	0	1849	30
1624311697.76	300	59.759345	0.0	248259	52	0.3	69.291	0	1969	30
1624311701.96	300	59.504782	0.0	221496	16	0.3	73.291	0	2089	30
1624311705.64	300	59.814063	0.0	238596	35	0.3	77.309	0	2209	29.86560477849676
1624311709.81	300	59.555925	0.0	239547	35	0.3	81.309	0	2329	30
1624311713.48	300	59.867581	0.0	210306	35	0.3	85.31	0	2449	29.99250187453133
1624311717.68	300	59.883717	0.0	223809	35	0.3	89.311	0	2569	29.99250187453133
1624311721.88	300	59.626981	0.0	233162	49	0.3	93.31	0	2689	30.007501875468904
1624311725.54	300	59.941917	0.0	211150	51	0.3	97.31	0	2809	30
1624311729.7	300	59.689543	0.0	227487	34	0.3	101.311	0	2929	29.99250187453133
1624311733.89	300	59.716726	0.0	218501	20	0.3	105.311	0	3049	30
1624311738.12	300	59.4608	0.0	223461	39	0.3	109.311	0	3169	30
1624311741.82	300	59.812436	0.0	223191	36	0.3	113.316	0	3289	29.962546816479435
1624311745.98	300	59.558135	0.0	228365	38	0.3	117.316	0	3409	30
1624311749.6	300	59.868329	0.0	223247	34	0.3	121.316	0	3529	30
