1624333362.07	750	4	0.339	447032	6	-1.4527	0	0	0	0
1624333362.26	300	8	0.0	222343	3	-0.15000000000000002	0	0	0	0
1624333362.45	300	12	0.0	202601	44	0.3	0	0	0	0
1624333362.57	300	16	0.0	231442	35	0.3	0	0	0	0
1624333362.68	300	20	0.0	223916	35	0.3	0	0	0	0
1624333362.78	300	24	0.0	227288	31	0.3	0	0	0	0
1624333362.89	300	28	0.0	210296	33	0.3	0	0	0	0
1624333363.05	300	32	0.0	232710	39	0.3	0	0	0	0
1624333363.17	300	36	0.0	230934	33	0.3	0	0	0	0
1624333363.28	300	40	0.0	230466	35	0.3	0	0	0	0
1624333363.39	300	44	0.0	222766	34	0.3	0	0	0	0
1624333363.5	300	48	0.0	215843	34	0.3	0	0	0	0
1624333363.61	300	52	0.0	240996	29	0.3	0	0	0	0
1624333363.73	300	56	0.0	241376	38	0.3	0	0	0	0
1624333365.37	300	59.724611	0.0	215448	36	0.3	5.425	0	0	0
1624333369.54	300	59.476011	0.0	224191	52	0.3	9.419	1	114	28.292438657986978
1624333373.19	300	59.833334	0.0	201147	38	0.3	13.419	1	234	30
1624333377.38	300	59.860635	0.0	208138	32	0.3	17.419	1	354	30
1624333381.53	300	59.6033	0.0	237703	35	0.3	21.419	1	474	30
1624333385.18	300	59.916887	0.0	221939	45	0.3	25.43	1	594	29.917726252804794
1624333389.34	300	59.661776	0.0	216091	38	0.3	29.43	1	714	30
1624333393.0	300	59.975027	0.0	221930	37	0.3	33.43	1	834	30
1624333397.7	300	59.434016	0.0	244209	52	0.3	37.43	1	954	30
1624333401.4	300	59.750556	0.0	201448	36	0.3	41.43	1	1074	30
1624333405.63	300	59.482864	0.0	216871	60	0.3	45.432	1	1194	29.985007496251857
1624333409.34	300	59.822626	0.0	226875	39	0.3	49.43	1	1314	30.015007503751896
1624333413.76	300	59.592939	0.0	215302	6	0.3	53.431	1	1434	29.992501874531385
1624333417.41	300	59.621567	0.0	231664	37	0.3	57.446	1	1554	29.887920298879198
1624333421.08	300	59.933478	0.0	233190	40	0.3	61.446	1	1675	30.25
1624333425.24	300	59.956667	0.0	245887	41	0.3	65.446	1	1795	30
1624333429.42	300	59.689299	0.0	205585	34	0.3	69.447	1	1915	29.99250187453133
1624333433.59	300	59.469292	0.0	248259	40	0.3	73.447	1	2035	30
1624333437.23	300	59.779559	0.0	221496	37	0.3	77.447	1	2155	30
1624333441.5	300	59.805505	0.0	238596	38	0.3	81.447	1	2275	30
1624333445.15	300	59.866667	0.0	239547	22	0.3	85.448	1	2395	29.99250187453144
1624333449.33	300	59.890567	0.0	210306	30	0.3	89.448	1	2515	30
1624333453.51	300	59.635378	0.0	223809	40	0.3	93.448	1	2635	30
1624333457.2	300	59.940694	0.0	233162	4	0.3	97.449	1	2755	29.99250187453133
1624333461.38	300	59.723422	0.0	211150	40	0.3	101.45	1	2875	29.99250187453133
1624333465.58	300	59.494785	0.0	227487	42	0.3	105.45	1	2995	30
1624333469.24	300	59.807572	0.0	218501	10	0.3	109.45	1	3115	30
1624333473.4	300	59.840802	0.0	223461	36	0.3	113.45	1	3235	30
1624333477.09	300	59.905909	0.0	223191	29	0.3	117.45	1	3355	30
1624333481.23	300	59.942625	0.0	228365	39	0.3	121.451	1	3475	29.99250187453144
1624333485.39	300	59.678074	0.0	223247	12	0.3	125.451	1	3595	30
