1624272803.2	750	4	0.223	447032	100	-0.9539	0	0	0	0
1624272804.16	2850	8	0.0	3731877	704	0.75	0	0	0	0
1624272804.96	2850	11.671383	0.0	2988743	486	2.85	0	0	0	0
1624272805.94	2850	14.70269	0.0	3344033	692	2.85	0	0	0	0
1624272806.91	2850	17.733956	0.0	3588671	657	2.85	5.168	0	56	0
1624272807.7	2850	20.927411	0.0	3516436	589	2.85	5.168	0	56	0
1624272808.53	2850	24.1	0.0	3520561	596	2.85	5.168	0	56	0
1624272809.45	2850	27.229278	0.0	3787958	601	2.85	5.168	0	56	0
1624272810.37	2850	30.258403	0.0	3482140	590	2.85	5.168	0	56	0
1624272811.33	2850	33.3	0.0	3620909	740	2.85	9.169	5	175	28.492876780804796
1624272812.12	2850	36.483407	0.0	3578596	583	2.85	9.169	5	175	28.492876780804796
1624272812.96	2850	39.67636	0.0	3430213	590	2.85	9.169	5	175	28.492876780804796
1624272814.03	2850	42.789441	0.0	3873343	638	2.85	9.169	5	175	28.492876780804796
1624272814.93	2850	45.701252	0.0	4055051	661	2.85	13.169	7	295	29.5
1624272815.68	2850	48.934855	0.0	3383484	557	2.85	13.169	7	295	29.5
1624272816.52	2850	52.08707	0.0	3439708	643	2.85	13.169	7	295	29.5
1624272817.25	2850	55.360787	0.0	3270011	554	2.85	13.169	7	295	29.5
1624272817.99	2850	58.634846	0.0	3397053	545	2.85	13.169	7	295	29.5
1624272820.85	2850	59.99818	0.0	3855639	605	2.85	17.17	7	416	30.24243939015245
