1624306553.33	750	4	0.25	446149	93	-1.0699999999999998	0	0	0	0
1624306553.67	750	8	0.0	657276	101	0.75	0	0	0	0
1624306553.95	750	12	0.0	531142	132	0.75	0	0	0	0
1624306554.19	750	16	0.0	641782	94	0.75	0	0	0	0
1624306554.45	750	19.793901	0.0	655328	69	0.75	0	0	0	0
1624306554.69	750	23.550383	0.0	643029	94	0.75	0	0	0	0
1624306554.91	750	27.348299	0.0	586466	89	0.75	0	0	0	0
1624306555.11	750	31.145407	0.0	640646	97	0.75	0	0	0	0
1624306555.33	750	34.903353	0.0	603976	89	0.75	0	0	0	0
1624306555.53	750	38.7	0.0	579575	88	0.75	0	0	0	0
1624306555.74	750	42.49678	0.0	622523	85	0.75	0	0	0	0
1624306555.95	750	46.294692	0.0	590406	91	0.75	0	0	0	0
1624306556.15	750	50.092207	0.0	636852	96	0.75	0	0	0	0
1624306556.37	750	53.889727	0.0	619167	89	0.75	0	0	0	0
1624306556.77	750	57.486343	0.0	636453	101	0.75	5.057	0	132	0
1624306558.55	750	59.747985	0.0	637789	95	0.75	5.057	0	132	0
1624306562.85	750	59.520151	0.0	574537	92	0.75	9.056	1	372	59.76494123530885
1624306566.62	750	59.873658	0.0	595492	98	0.75	13.061	1	612	59.92509363295879
1624306570.39	750	59.89501	0.0	662075	106	0.75	17.062	1	852	59.98500374906271
1624306574.69	750	59.646893	0.0	622438	96	0.75	21.062	1	1092	60
1624306578.46	750	59.951201	0.0	607166	110	0.75	25.062	1	1332	60
1624306582.79	750	59.483492	0.0	615645	99	0.75	29.063	1	1572	59.98500374906277
1624306586.59	750	59.782084	0.0	651954	94	0.75	33.063	1	1812	59.99999999999995
1624306590.87	750	59.517492	0.0	550774	97	0.75	37.064	1	2052	59.98500374906277
1624306594.64	750	59.820545	0.0	594579	96	0.75	41.065	1	2293	60.23494126468386
1624306598.42	750	59.880672	0.0	632394	97	0.75	45.067	1	2533	59.970014992503714
1624306602.75	750	59.614865	0.0	575968	127	0.75	49.067	1	2773	60
1624306606.55	750	59.916667	0.0	632851	102	0.75	53.067	1	3013	60
1624306610.34	750	59.94115	0.0	604086	88	0.75	57.067	1	3253	60
1624306614.65	750	59.679534	0.0	712976	126	0.75	61.067	1	3493	60
1624306618.92	750	59.450565	0.0	581323	80	0.75	65.067	1	3733	60.00000000000011
1624306622.75	750	59.754248	0.0	729373	121	0.75	69.068	1	3973	59.98500374906266
1624306626.58	750	59.783334	0.0	670981	117	0.75	73.068	1	4213	60
1624306630.89	750	59.515159	0.0	621207	108	0.75	77.079	1	4453	59.83545250560964
1624306634.68	750	59.811083	0.0	579598	97	0.75	81.08	1	4693	59.98500374906266
1624306638.46	750	59.836668	0.0	558064	92	0.75	85.08	1	4933	60
1624306642.73	750	59.565576	0.0	609656	93	0.75	89.08	1	5173	60
1624306646.52	750	59.876305	0.0	599153	96	0.75	93.08	1	5413	60
1624306650.81	750	59.617836	0.0	574452	111	0.75	97.081	1	5654	60.234941264683755
1624306654.59	750	59.924329	0.0	605550	94	0.75	101.081	1	5894	60
1624306658.38	750	59.95	0.0	601791	97	0.75	105.081	1	6134	60
1624306662.67	750	59.69047	0.0	627361	113	0.75	109.081	1	6373	59.75
1624306666.45	750	59.993707	0.0	623214	106	0.75	113.081	1	6614	60.25
1624306670.74	750	59.719677	0.0	648266	99	0.75	117.082	1	6853	59.73506623344178
1624306674.98	750	59.460087	0.0	606947	34	0.75	121.082	1	7094	60.25
