1624271128.14	750	4	0.231	446149	124	-0.9883	0	0	0	0
1624271130.63	2850	7.266667	0.0	5338027	2092	0.75	0	0	0	0
1624271132.34	2850	9.7	0.0	4485847	1242	2.85	5.358	7	91	0
1624271135.06	2850	11	0.0	5004689	2223	2.85	5.358	7	91	0
1624271136.82	2850	13.1	0.0	5182650	1446	2.85	9.358	37	331	52.499999999999986
1624271138.96	2850	15.733334	0.0	5173280	1074	2.85	9.358	37	331	52.499999999999986
1624271140.87	2850	17.016667	0.0	4880493	1630	2.85	13.358	58	571	54.75
1624271143.13	2850	18.85	0.0	5406574	1791	2.85	13.358	58	571	54.75
1624271144.64	2850	21.35	0.0	4844720	1156	2.85	17.358	83	811	53.75
1624271146.0	2850	23.933334	0.0	4832207	1016	2.85	17.358	83	811	53.75
