1624305825.09	750	4	0.198	446149	76	-0.8463999999999999	0	0	0	0
1624305825.31	300	8	0.0	458211	72	-0.15000000000000002	0	0	0	0
1624305825.47	300	12	0.0	390124	64	0.3	0	0	0	0
1624305825.68	300	16	0.0	474461	85	0.3	0	0	0	0
1624305825.87	300	19.833334	0.0	444309	74	0.3	0	0	0	0
1624305826.06	300	23.671787	0.0	443120	68	0.3	0	0	0	0
1624305826.23	300	27.467411	0.0	416509	70	0.3	0	0	0	0
1624305826.4	300	31.306424	0.0	451355	56	0.3	0	0	0	0
1624305826.58	300	35.144242	0.0	417757	63	0.3	0	0	0	0
1624305826.79	300	38.941179	0.0	415350	71	0.3	0	0	0	0
1624305826.98	300	42.739377	0.0	433531	65	0.3	0	0	0	0
1624305827.17	300	46.536012	0.0	422916	71	0.3	0	0	0	0
1624305827.37	300	50.333848	0.0	459414	77	0.3	0	0	0	0
1624305827.55	300	54.172497	0.0	450936	71	0.3	0	0	0	0
1624305827.72	300	57.970272	0.0	439746	66	0.3	0	0	0	0
1624305829.93	300	59.784628	0.0	432189	61	0.3	4.751	0	164	0
1624305834.19	300	59.81407	0.0	396094	62	0.3	8.751	0	404	60.000000000000014
1624305837.91	300	59.846763	0.0	420942	63	0.3	12.757	0	644	59.910134797803295
1624305842.15	300	59.58678	0.0	477686	77	0.3	16.757	0	884	59.99999999999997
1624305845.87	300	59.893911	0.0	429484	72	0.3	20.758	0	1124	59.98500374906277
1624305850.14	300	59.622382	0.0	428693	89	0.3	24.758	0	1364	60
1624305853.88	300	59.937294	0.0	445526	77	0.3	28.758	0	1604	60
1624305858.15	300	59.685288	0.0	459785	79	0.3	32.758	0	1844	59.99999999999995
1624305861.89	300	59.992938	0.0	395717	84	0.3	36.758	0	2084	60
1624305866.17	300	59.716766	0.0	421854	74	0.3	40.759	0	2324	59.98500374906277
1624305870.45	300	59.452625	0.0	464457	70	0.3	44.759	0	2565	60.25
1624305874.21	300	59.750974	0.0	430202	71	0.3	48.759	0	2805	60
1624305878.44	300	59.485899	0.0	445549	71	0.3	52.759	0	3045	60
1624305882.17	300	59.780098	0.0	449734	60	0.3	56.759	0	3285	60
1624305885.92	300	59.804219	0.0	478634	81	0.3	60.76	0	3525	59.98500374906277
1624305890.17	300	59.814877	0.0	421756	64	0.3	64.76	0	3765	59.99999999999989
1624305893.96	300	59.875827	0.0	500580	84	0.3	68.762	0	4005	59.97001499250382
1624305898.27	300	59.607745	0.0	471259	88	0.3	72.762	0	4245	60
1624305902.02	300	59.916916	0.0	447061	62	0.3	76.762	0	4485	60
1624305906.26	300	59.645476	0.0	414676	49	0.3	80.763	0	4725	59.98500374906266
1624305910.0	300	59.952945	0.0	407398	66	0.3	84.763	0	4965	60
1624305913.78	300	59.972392	0.0	438602	85	0.3	88.763	0	5205	60
1624305918.02	300	59.742035	0.0	421192	65	0.3	92.764	0	5445	59.98500374906288
1624305922.28	300	59.467466	0.0	414269	66	0.3	96.764	0	5685	60
1624305926.01	300	59.769989	0.0	427172	70	0.3	100.764	0	5925	60
1624305930.27	300	59.508691	0.0	435036	67	0.3	104.765	0	6165	59.98500374906266
1624305934.04	300	59.80493	0.0	454750	71	0.3	108.765	0	6405	60
1624305938.27	300	59.539812	0.0	436843	81	0.3	112.769	0	6645	59.94005994005987
1624305941.99	300	59.846914	0.0	455439	81	0.3	116.769	0	6885	60
1624305946.22	300	59.585856	0.0	439643	86	0.3	120.77	0	7125	59.98500374906288
