1624327071.13	750	4	0.168	446149	74	-0.7173999999999999	0	0	0	0
1624327071.3	300	8	0.0	458211	65	-0.15000000000000002	0	0	0	0
1624327071.51	300	12	0.0	390124	109	0.3	0	0	0	0
1624327071.71	300	16	0.0	474461	70	0.3	0	0	0	0
1624327071.91	300	20	0.0	444309	62	0.3	0	0	0	0
1624327072.07	300	24	0.0	443120	58	0.3	0	0	0	0
1624327072.21	300	28	0.0	416509	54	0.3	0	0	0	0
1624327072.37	300	32	0.0	451355	73	0.3	0	0	0	0
1624327072.55	300	36	0.0	417757	65	0.3	0	0	0	0
1624327072.71	300	40	0.0	415350	62	0.3	0	0	0	0
1624327072.9	300	43.865612	0.0	433531	73	0.3	0	0	0	0
1624327073.06	300	47.703919	0.0	422916	66	0.3	0	0	0	0
1624327073.22	300	51.540801	0.0	459414	64	0.3	0	0	0	0
1624327073.38	300	55.339331	0.0	450936	71	0.3	0	0	0	0
1624327073.55	300	59.177764	0.0	439746	81	0.3	0	0	0	0
1624327077.27	300	59.78616	0.0	432189	64	0.3	5.311	0	104	0
1624327080.98	300	59.812982	0.0	396094	68	0.3	9.312	0	344	59.98500374906274
1624327085.18	300	59.835687	0.0	420942	76	0.3	13.311	0	584	60.01500375093772
1624327088.9	300	59.866667	0.0	477686	79	0.3	17.312	0	824	59.98500374906271
1624327093.12	300	59.897658	0.0	429484	72	0.3	21.313	0	1064	59.98500374906277
1624327096.82	300	59.922562	0.0	428693	62	0.3	25.314	0	1304	59.98500374906271
1624327101.07	300	59.698577	0.0	445526	55	0.3	29.314	0	1544	60
1624327105.29	300	59.726667	0.0	459785	70	0.3	33.317	0	1784	59.95503372470647
1624327109.48	300	59.468498	0.0	395717	44	0.3	37.317	0	2024	60
1624327113.22	300	59.781109	0.0	421854	69	0.3	41.317	0	2264	60
1624327116.94	300	59.812861	0.0	464457	79	0.3	45.325	0	2505	60.12974051896204
1624327121.14	300	59.836693	0.0	430202	78	0.3	49.318	0	2744	59.854745805159105
1624327125.34	300	59.567338	0.0	445549	70	0.3	53.318	0	2984	60
1624327129.05	300	59.879741	0.0	449734	80	0.3	57.318	0	3224	60
1624327133.26	300	59.610872	0.0	478634	88	0.3	61.318	0	3464	60
1624327136.96	300	59.960283	0.0	421756	69	0.3	65.319	0	3704	59.98500374906266
1624327141.21	300	59.700893	0.0	500580	86	0.3	69.319	0	3944	60
1624327145.43	300	59.447349	0.0	471259	80	0.3	73.319	0	4184	60
1624327149.15	300	59.760336	0.0	447061	92	0.3	77.319	0	4424	60
1624327153.35	300	59.508908	0.0	414676	66	0.3	81.319	0	4664	60
1624327157.06	300	59.824583	0.0	407398	74	0.3	85.319	0	4904	60
1624327161.25	300	59.613233	0.0	438602	68	0.3	89.32	0	5144	59.98500374906288
1624327164.96	300	59.962999	0.0	421192	66	0.3	93.321	0	5384	59.98500374906266
1624327169.18	300	59.707653	0.0	414269	68	0.3	97.332	0	5625	60.084766891049675
1624327173.41	300	59.45	0.0	427172	73	0.3	101.332	0	5865	60
1624327177.12	300	59.754276	0.0	435036	60	0.3	105.333	0	6105	59.98500374906266
1624327181.33	300	59.504516	0.0	454750	77	0.3	109.332	0	6345	60.01500375093781
1624327185.05	300	59.804249	0.0	436843	80	0.3	113.333	0	6585	59.98500374906266
1624327189.25	300	59.552815	0.0	455439	77	0.3	117.333	0	6825	60
1624327192.99	300	59.866667	0.0	439643	84	0.3	121.333	0	7065	60
