1624286824.83	750	4	0.151	446149	64	-0.6443	0	0	0	0
1624286825.99	2850	8	0.0	5338027	874	0.75	0	0	0	0
1624286827.05	2850	11.45	0.0	4485847	821	2.85	0	0	0	0
1624286828.24	2850	14.383334	0.0	5004689	787	2.85	0	0	0	0
1624286829.43	2850	17.1	0.0	5182650	891	2.85	5.226	17	114	0
1624286831.16	2850	19.366667	0.0	5173280	1401	2.85	5.226	17	114	0
1624286832.77	2850	21.7	0.0	4880493	1365	2.85	9.229	53	354	50.96177866600051
1624286834.64	2850	23.866667	0.0	5406574	1600	2.85	9.229	53	354	50.96177866600051
1624286836.24	2850	26.25	0.0	4844720	1334	2.85	9.229	53	354	50.96177866600051
1624286838.02	2850	28.5	0.0	4832207	1445	2.85	13.229	81	594	53
1624286839.53	2850	30.966667	0.0	4887638	1248	2.85	13.229	81	594	53
1624286841.21	2850	33.283334	0.0	4995664	1372	2.85	17.23	103	834	54.48637840539863
1624286843.4	2850	35.133334	0.0	5320325	1836	2.85	17.23	103	834	54.48637840539863
