1624345336.91	750	4	0.185	447032	77	-0.7905	0	0	0	0
1624345337.12	300	8	0.0	222343	55	-0.15000000000000002	0	0	0	0
1624345337.29	300	12	0.0	202601	58	0.3	0	0	0	0
1624345337.47	300	16	0.0	231442	76	0.3	0	0	0	0
1624345337.59	300	20	0.0	223916	42	0.3	0	0	0	0
1624345337.71	300	24	0.0	227288	48	0.3	0	0	0	0
1624345337.83	300	28	0.0	210296	40	0.3	0	0	0	0
1624345337.95	300	32	0.0	232710	38	0.3	0	0	0	0
1624345338.08	300	36	0.0	230934	42	0.3	0	0	0	0
1624345338.21	300	40	0.0	230466	42	0.3	0	0	0	0
1624345338.38	300	43.95816	0.0	222766	59	0.3	0	0	0	0
1624345338.5	300	47.837428	0.0	215843	40	0.3	0	0	0	0
1624345338.62	300	51.716775	0.0	240996	42	0.3	0	0	0	0
1624345338.74	300	55.595944	0.0	241376	42	0.3	0	0	0	0
1624345338.87	300	59.475197	0.0	215448	43	0.3	0	0	0	0
1624345343.04	300	59.466685	0.0	224191	32	0.3	5.167	0	56	0
1624345346.75	300	59.809711	0.0	201147	34	0.3	9.166	0	176	30.00750187546886
1624345350.93	300	59.558859	0.0	208138	36	0.3	13.168	0	296	29.98500749625188
1624345354.64	300	59.91107	0.0	237703	60	0.3	17.168	0	416	30
1624345358.82	300	59.656289	0.0	221939	49	0.3	21.168	0	536	30
1624345362.98	300	59.446746	0.0	216091	42	0.3	25.168	0	656	30
1624345366.68	300	59.766778	0.0	221930	45	0.3	29.168	0	776	30
1624345370.88	300	59.504633	0.0	244209	79	0.3	33.169	0	896	29.992501874531385
1624345374.55	300	59.80372	0.0	201448	49	0.3	37.169	0	1016	30
1624345378.76	300	59.820459	0.0	216871	38	0.3	41.17	0	1136	29.99250187453133
1624345382.92	300	59.562647	0.0	226875	46	0.3	45.172	0	1257	30.234882558720674
1624345386.61	300	59.876992	0.0	215302	60	0.3	49.172	0	1377	30
1624345390.81	300	59.616342	0.0	231664	66	0.3	53.172	0	1497	30
1624345394.5	300	59.930938	0.0	233190	61	0.3	57.172	0	1617	30
1624345398.69	300	59.680963	0.0	245887	64	0.3	61.173	0	1737	29.99250187453133
1624345402.43	300	59.993408	0.0	205585	71	0.3	65.173	0	1857	30
1624345406.66	300	59.724695	0.0	248259	36	0.3	69.174	0	1977	29.99250187453133
1624345410.88	300	59.472742	0.0	221496	63	0.3	73.174	0	2097	30
1624345414.62	300	59.785054	0.0	238596	48	0.3	77.175	0	2217	29.99250187453144
1624345418.93	300	59.522884	0.0	239547	163	0.3	81.176	0	2337	29.99250187453133
1624345422.62	300	59.866934	0.0	210306	63	0.3	85.178	0	2457	29.98500749625191
1624345426.83	300	59.648456	0.0	223809	71	0.3	89.178	0	2577	30
1624345430.52	300	59.973776	0.0	233162	64	0.3	93.178	0	2697	30
1624345434.76	300	59.722279	0.0	211150	77	0.3	97.178	0	2817	30
1624345439.01	300	59.498152	0.0	227487	77	0.3	101.179	0	2937	29.99250187453133
1624345442.72	300	59.806443	0.0	218501	51	0.3	105.179	0	3057	30
1624345446.88	300	59.547663	0.0	223461	53	0.3	109.179	0	3177	30
1624345450.58	300	59.860606	0.0	223191	41	0.3	113.18	0	3297	29.99250187453133
1624345454.77	300	59.606848	0.0	228365	60	0.3	117.18	0	3417	30
1624345458.41	300	59.922758	0.0	223247	40	0.3	121.181	0	3537	29.99250187453144
