1624271632.36	750	4	0.186	446149	88	-0.7948	0	0	0	0
1624271633.22	1850	8	0.0	3302713	580	0.75	0	0	0	0
1624271633.94	1850	11.913438	0.0	2780269	538	1.85	0	0	0	0
1624271634.72	1850	15.116667	0.0	3138830	590	1.85	0	0	0	0
1624271635.49	1850	18.366667	0.0	3252745	580	1.85	0	0	0	0
1624271636.21	1850	21.633334	0.0	3175667	523	1.85	5.255	5	108	0
1624271636.92	1850	24.924459	0.0	2962628	514	1.85	5.255	5	108	0
1624271637.74	1850	28.166667	0.0	3242545	575	1.85	5.255	5	108	0
1624271638.58	1850	31.383334	0.0	2999470	475	1.85	5.255	5	108	0
1624271639.36	1850	34.5	0.0	2926075	526	1.85	5.255	5	108	0
1624271640.21	1850	37.766667	0.0	3029009	517	1.85	9.254	26	348	54.76369092273069
1624271641.13	1850	40.723981	0.0	3113599	690	1.85	9.254	26	348	54.76369092273069
1624271641.9	1850	43.966667	0.0	3116790	562	1.85	9.254	26	348	54.76369092273069
1624271642.64	1850	47.216667	0.0	3132453	533	1.85	9.254	26	348	54.76369092273069
1624271643.35	1850	50.516667	0.0	2994095	490	1.85	9.254	26	348	54.76369092273069
1624271644.1	1850	53.766667	0.0	3154088	511	1.85	13.255	41	588	56.235941014746295
