1624338441.27	750	4	0.203	447032	109	-0.8679	0	0	0	0
1624338441.49	750	8	0.0	437784	103	0.75	0	0	0	0
1624338441.66	750	12	0.0	358478	85	0.75	0	0	0	0
1624338441.88	750	16	0.0	433110	124	0.75	0	0	0	0
1624338442.05	750	20	0.0	425284	83	0.75	0	0	0	0
1624338442.25	750	24	0.0	428114	113	0.75	0	0	0	0
1624338442.44	750	28	0.0	387287	100	0.75	0	0	0	0
1624338442.61	750	32	0.0	435324	78	0.75	0	0	0	0
1624338442.78	750	35.915978	0.0	447048	96	0.75	0	0	0	0
1624338443.01	750	39.714742	0.0	446405	133	0.75	0	0	0	0
1624338443.21	750	43.513557	0.0	423631	105	0.75	0	0	0	0
1624338443.43	750	47.271569	0.0	416730	89	0.75	0	0	0	0
1624338443.67	750	51.069742	0.0	471953	111	0.75	0	0	0	0
1624338443.9	750	54.78781	0.0	453536	129	0.75	0	0	0	0
1624338444.09	750	58.626582	0.0	420588	83	0.75	0	0	0	0
1624338447.32	750	59.466667	0.0	420917	83	0.75	5.17	0	55	0
1624338451.09	750	59.784486	0.0	392428	80	0.75	9.169	0	176	30.25756439109777
1624338455.31	750	59.566667	0.0	400748	64	0.75	13.17	0	295	29.742564358910276
1624338459.08	750	59.908476	0.0	471072	135	0.75	17.17	0	416	30.249999999999986
1624338462.88	750	59.938002	0.0	425923	153	0.75	21.17	0	536	30
1624338467.11	750	59.687254	0.0	419792	94	0.75	25.174	0	656	29.970029970029987
1624338471.39	750	59.428966	0.0	429429	73	0.75	29.172	0	776	30.015007503751868
1624338475.18	750	59.74508	0.0	461232	84	0.75	33.172	0	896	30.00000000000003
1624338478.96	750	59.773723	0.0	382848	101	0.75	37.173	0	1016	29.99250187453133
1624338483.16	750	59.794901	0.0	375227	78	0.75	41.173	0	1136	30
1624338486.88	750	59.842689	0.0	437258	80	0.75	45.173	0	1256	30
1624338491.1	750	59.868509	0.0	419071	96	0.75	49.172	0	1376	30.007501875468904
1624338494.88	750	59.900933	0.0	449162	144	0.75	53.173	0	1496	29.99250187453133
1624338499.12	750	59.657155	0.0	447732	140	0.75	57.173	0	1616	30
1624338502.86	750	59.972587	0.0	488806	102	0.75	61.173	0	1736	30
1624338507.17	750	59.718007	0.0	389747	146	0.75	65.173	0	1856	30
1624338511.03	750	59.787884	0.0	485582	105	0.75	69.173	0	1976	30
1624338515.32	750	59.538446	0.0	430276	96	0.75	73.174	0	2096	29.99250187453133
1624338519.04	750	59.855233	0.0	435590	76	0.75	77.175	0	2216	29.99250187453144
1624338523.3	750	59.595567	0.0	459331	99	0.75	81.187	0	2336	29.910269192422728
1624338527.01	750	59.910333	0.0	381587	61	0.75	85.188	0	2456	29.99250187453133
1624338530.72	750	59.980307	0.0	424399	76	0.75	89.188	0	2576	30
1624338534.97	750	59.998277	0.0	436743	139	0.75	93.189	0	2696	29.99250187453144
1624338539.18	750	59.746003	0.0	385692	92	0.75	97.189	0	2816	30
1624338543.4	750	59.489184	0.0	424746	80	0.75	101.189	0	2936	30
1624338547.1	750	59.804155	0.0	407135	66	0.75	105.19	0	3056	29.99250187453133
1624338551.3	750	59.577029	0.0	427720	76	0.75	109.19	0	3176	30
1624338555.06	750	59.887994	0.0	427353	118	0.75	113.19	0	3296	30
1624338559.24	750	59.637466	0.0	418534	82	0.75	117.19	0	3416	30
1624338562.94	750	59.949978	0.0	421343	95	0.75	121.19	0	3536	30
