1624288236.31	750	4	0.183	447032	39	-0.7818999999999999	0	0	0	0
1624288236.9	1850	8	0.0	2254830	355	0.75	0	0	0	0
1624288237.32	1850	12	0.0	1837501	272	1.85	0	0	0	0
1624288237.81	1850	16	0.0	2108748	343	1.85	0	0	0	0
1624288238.33	1850	19.710253	0.0	2229492	362	1.85	0	0	0	0
1624288238.86	1850	23.146667	0.0	2078237	348	1.85	0	0	0	0
1624288239.33	1850	26.70338	0.0	2030644	320	1.85	0	0	0	0
1624288239.88	1850	30.139198	0.0	2298831	394	1.85	5.248	0	45	0
1624288240.53	1850	33.492645	0.0	2164964	449	1.85	5.248	0	45	0
1624288241.13	1850	36.887642	0.0	2175479	445	1.85	5.248	0	45	0
1624288241.73	1850	40.323645	0.0	2156805	404	1.85	5.248	0	45	0
1624288242.23	1850	43.798605	0.0	2101523	335	1.85	5.248	0	45	0
1624288242.77	1850	47.273005	0.0	2344608	376	1.85	5.248	0	45	0
1624288243.34	1850	50.707436	0.0	2334646	389	1.85	5.248	0	45	0
1624288243.82	1850	54.222761	0.0	2109579	339	1.85	9.248	0	165	30.000000000000007
1624288244.29	1850	57.738781	0.0	2097243	319	1.85	9.248	0	165	30.000000000000007
1624288246.33	1850	59.759747	0.0	2054074	388	1.85	9.248	0	165	30.000000000000007
1624288250.34	1850	59.78517	0.0	2079344	328	1.85	13.248	0	285	30
1624288254.39	1850	59.822931	0.0	2353718	361	1.85	17.249	0	405	29.99250187453137
1624288258.6	1850	59.577611	0.0	2119053	339	1.85	21.25	0	525	29.992501874531357
1624288262.34	1850	59.894997	0.0	2145449	291	1.85	25.25	0	645	30
1624288266.44	1850	59.651255	0.0	2087310	292	1.85	29.255	0	765	29.962546816479406
1624288271.16	1850	59.688694	0.0	2348666	374	1.85	33.251	0	885	30.03003003003004
