1624334532.63	750	4	0.169	447032	83	-0.7216999999999999	0	0	0	0
1624334532.83	750	8	0.0	437784	107	0.75	0	0	0	0
1624334533.01	750	12	0.0	358478	66	0.75	0	0	0	0
1624334533.18	750	16	0.0	433110	78	0.75	0	0	0	0
1624334533.35	750	19.917581	0.0	425284	63	0.75	0	0	0	0
1624334533.51	750	23.756412	0.0	428114	73	0.75	0	0	0	0
1624334533.66	750	27.595366	0.0	387287	65	0.75	0	0	0	0
1624334533.85	750	31.433334	0.0	435324	75	0.75	0	0	0	0
1624334534.03	750	35.271047	0.0	447048	81	0.75	0	0	0	0
1624334534.22	750	39.069931	0.0	446405	76	0.75	0	0	0	0
1624334534.37	750	42.908566	0.0	423631	68	0.75	0	0	0	0
1624334534.53	750	46.747269	0.0	416730	77	0.75	0	0	0	0
1624334534.73	750	50.545449	0.0	471953	95	0.75	0	0	0	0
1624334534.91	750	54.383735	0.0	453536	81	0.75	0	0	0	0
1624334535.1	750	58.180946	0.0	420588	72	0.75	0	0	0	0
1624334537.86	750	59.468739	0.0	420917	87	0.75	4.663	0	84	0
1624334541.56	750	59.781291	0.0	392428	69	0.75	8.665	0	204	29.98500749625188
1624334545.78	750	59.525186	0.0	400748	79	0.75	12.665	0	324	30
1624334549.47	750	59.837596	0.0	471072	77	0.75	16.665	0	444	30
1624334553.7	750	59.868435	0.0	425923	92	0.75	20.665	0	564	30
1624334557.41	750	59.887054	0.0	419792	81	0.75	24.666	0	684	29.992501874531357
1624334561.59	750	59.946888	0.0	429429	82	0.75	28.665	0	804	30.007501875468876
1624334565.32	750	59.975292	0.0	461232	93	0.75	32.666	0	924	29.992501874531385
1624334569.51	750	59.8	0.0	382848	70	0.75	36.667	0	1044	29.99250187453133
1624334573.74	750	59.826425	0.0	375227	80	0.75	40.666	0	1164	30.007501875468904
1624334577.46	750	59.855453	0.0	437258	76	0.75	44.667	0	1284	29.99250187453133
1624334581.66	750	59.627192	0.0	419071	61	0.75	48.668	0	1404	29.992501874531385
1624334585.38	750	59.9443	0.0	449162	83	0.75	52.668	0	1524	30
1624334589.58	750	59.688901	0.0	447732	74	0.75	56.668	0	1644	30
1624334593.85	750	59.441878	0.0	488806	94	0.75	60.669	0	1764	29.992501874531385
1624334597.58	750	59.755542	0.0	389747	70	0.75	64.67	0	1884	29.99250187453133
1624334601.8	750	59.492956	0.0	485582	87	0.75	68.676	0	2004	29.955067398901647
1624334605.5	750	59.806443	0.0	430276	81	0.75	72.675	0	2124	30.007501875468904
1624334609.73	750	59.541672	0.0	435590	79	0.75	76.676	0	2244	29.99250187453133
1624334613.43	750	59.853267	0.0	459331	81	0.75	80.677	0	2364	29.99250187453133
1624334617.61	750	59.885115	0.0	381587	73	0.75	84.676	0	2484	30.007501875468904
1624334621.34	750	59.946221	0.0	424399	89	0.75	88.676	0	2604	30
1624334625.57	750	59.981897	0.0	436743	77	0.75	92.676	0	2724	30
1624334629.78	750	59.727556	0.0	385692	67	0.75	96.677	0	2844	29.99250187453133
1624334634.0	750	59.468042	0.0	424746	76	0.75	100.68	0	2964	29.977516862353234
1624334637.68	750	59.777312	0.0	407135	70	0.75	104.681	0	3084	29.99250187453144
1624334641.88	750	59.557185	0.0	427720	71	0.75	108.68	0	3204	30.007501875468797
1624334645.6	750	59.870033	0.0	427353	73	0.75	112.681	0	3324	29.99250187453144
1624334649.81	750	59.68807	0.0	418534	75	0.75	116.681	0	3445	30.25
1624334653.99	750	59.437282	0.0	421343	54	0.75	120.682	0	3565	29.99250187453133
