1624349099.04	750	4	0.622	446149	431	-2.6696	0	0	0	0
1624349100.99	1200	6.5	0.0	1737810	1579	0.75	0	0	0	0
1624349101.75	1200	9.7	0.0	1497975	575	1.2	0	0	0	0
1624349102.58	1200	12.9	0.0	1711143	638	1.2	4.647	3	147	0
1624349103.44	1200	16.072616	0.0	1733770	624	1.2	4.647	3	147	0
1624349107.16	1200	16.35	0.0	1749315	3485	1.2	8.647	7	386	58.75
1624349108.67	1200	18.767208	0.0	1603603	1376	1.2	8.647	7	386	58.75
1624349111.15	1200	20.383334	0.0	1702216	2228	1.2	12.646	11	627	59.264816204051
1624349115.34	1200	20.2	0.0	1641950	3839	1.2	16.648	13	867	59.470264867566236
1624349118.46	1200	21.05	0.0	1559808	2863	1.2	20.657	17	1107	58.867548016961834
1624349119.78	1200	23.740245	0.0	1622647	1102	1.2	20.657	17	1107	58.867548016961834
1624349121.06	1200	26.416667	0.0	1630019	1100	1.2	20.657	17	1107	58.867548016961834
1624349122.47	1200	29.191657	0.0	1658562	1041	1.2	24.657	21	1347	59
1624349124.79	1200	30.683334	0.0	1669221	2137	1.2	24.657	21	1347	59
1624349126.01	1200	33.466667	0.0	1636310	1052	1.2	28.657	22	1587	59.75
1624349126.91	1200	36.537149	0.0	1732283	733	1.2	28.657	22	1587	59.75
1624349127.66	1200	39.833334	0.0	1511913	552	1.2	28.657	22	1587	59.75
1624349128.49	1200	42.997361	0.0	1593050	670	1.2	28.657	22	1587	59.75
1624349129.3	1200	46.15	0.0	1818927	531	1.2	28.657	22	1587	59.75
1624349130.32	1200	49.166667	0.0	1667234	803	1.2	32.657	24	1827	59.50000000000005
1624349130.88	1200	52.610511	0.0	1633180	327	1.2	32.657	24	1827	59.50000000000005
1624349131.51	1200	56.05	0.0	1663787	351	1.2	32.657	24	1827	59.50000000000005
1624349132.13	1200	59.357444	0.0	1674035	401	1.2	32.657	24	1827	59.50000000000005
1624349136.17	1200	59.430486	0.0	1460813	266	1.2	36.657	27	2067	59.25
1624349140.06	1200	59.463937	0.0	1541638	675	1.2	40.657	28	2307	59.75
1624349144.08	1200	59.494802	0.0	1680082	1301	1.2	44.658	28	2547	59.98500374906266
1624349148.23	1200	59.522523	0.0	1542551	358	1.2	48.658	28	2787	60
1624349151.65	1200	59.839173	0.0	1603186	1715	1.2	52.671	28	3028	60.0548218290556
1624349155.94	1200	59.581692	0.0	1611597	2043	1.2	56.677	33	3268	58.662006989515724
1624349159.97	1200	59.601866	0.0	1888785	815	1.2	60.678	33	3508	59.98500374906277
1624349164.0	1200	59.614344	0.0	1552540	326	1.2	64.677	33	3748	60.015003750937595
1624349167.57	1200	59.966959	0.0	1957722	341	1.2	68.677	33	3988	60
1624349171.7	1200	59.986714	0.0	1766061	345	1.2	72.677	36	4228	59.25
1624349175.74	1200	59.733334	0.0	1645454	315	1.2	76.678	38	4468	59.485128717820686
1624349179.71	1200	59.764152	0.0	1604737	297	1.2	80.677	38	4708	60.015003750937595
1624349183.69	1200	59.795196	0.0	1487527	240	1.2	84.678	39	4948	59.73506623344178
1624349187.69	1200	59.820511	0.0	1643954	285	1.2	88.704	40	5190	59.86090412319926
1624349191.67	1200	59.845224	0.0	1555884	290	1.2	92.705	40	5430	59.98500374906266
1624349195.63	1200	59.87495	0.0	1535193	279	1.2	96.705	40	5670	60
1624349199.62	1200	59.895535	0.0	1551114	273	1.2	100.704	40	5910	60.01500375093781
1624349203.58	1200	59.926831	0.0	1575918	261	1.2	104.706	40	6150	59.97001499250361
1624349207.58	1200	59.953482	0.0	1672619	260	1.2	108.706	42	6390	59.5
1624349211.52	1200	59.979174	0.0	1631168	243	1.2	112.706	42	6630	60
1624349215.75	1200	59.719857	0.0	1687116	524	1.2	116.707	44	6870	59.485128717820686
1624349219.76	1200	59.739194	0.0	1644749	347	1.2	120.706	45	7110	59.76494123530868
