1624320214.42	750	4	0.206	446149	89	-0.8807999999999999	0	0	0	0
1624320214.92	1200	8	0.0	1737810	300	0.75	0	0	0	0
1624320215.3	1200	11.861255	0.0	1497975	219	1.2	0	0	0	0
1624320215.75	1200	15.415124	0.0	1711143	282	1.2	0	0	0	0
1624320216.21	1200	18.95	0.0	1733770	285	1.2	0	0	0	0
1624320216.67	1200	22.486528	0.0	1749315	281	1.2	0	0	0	0
1624320217.11	1200	26.05	0.0	1603603	254	1.2	0	0	0	0
1624320217.58	1200	29.583334	0.0	1702216	282	1.2	0	0	0	0
1624320218.04	1200	33.109814	0.0	1641950	281	1.2	4.742	6	157	0
1624320218.57	1200	36.583634	0.0	1559808	242	1.2	4.742	6	157	0
1624320218.99	1200	40.180047	0.0	1622647	253	1.2	4.742	6	157	0
1624320219.49	1200	43.7	0.0	1630019	283	1.2	4.742	6	157	0
1624320219.95	1200	47.207668	0.0	1658562	270	1.2	4.742	6	157	0
1624320220.39	1200	50.766667	0.0	1669221	257	1.2	4.742	6	157	0
1624320220.82	1200	54.333334	0.0	1636310	254	1.2	4.742	6	157	0
1624320221.28	1200	57.873637	0.0	1732283	282	1.2	4.742	6	157	0
1624320223.72	1200	59.551347	0.0	1511913	247	1.2	8.741	15	397	57.76444111027757
1624320227.65	1200	59.566667	0.0	1593050	247	1.2	12.742	15	637	59.98500374906271
1624320231.66	1200	59.590696	0.0	1818927	289	1.2	16.742	18	877	59.25
1624320235.64	1200	59.611	0.0	1667234	264	1.2	20.742	19	1117	59.75
1624320239.62	1200	59.630051	0.0	1633180	258	1.2	24.744	20	1357	59.720139930034996
1624320243.6	1200	59.656702	0.0	1663787	266	1.2	28.744	23	1597	59.25
1624320247.58	1200	59.680042	0.0	1674035	279	1.2	32.746	24	1837	59.72013993003495
1624320251.5	1200	59.740589	0.0	1460813	235	1.2	36.747	24	2077	59.98500374906277
1624320255.44	1200	59.765383	0.0	1541638	247	1.2	40.747	24	2317	60
1624320259.43	1200	59.790025	0.0	1680082	286	1.2	44.748	25	2557	59.73506623344167
1624320263.37	1200	59.814537	0.0	1542551	242	1.2	48.748	25	2797	60
1624320267.34	1200	59.832245	0.0	1603186	254	1.2	52.748	25	3037	60
1624320271.31	1200	59.854805	0.0	1611597	260	1.2	56.748	25	3277	60
1624320275.32	1200	59.86762	0.0	1888785	310	1.2	60.749	27	3517	59.48512871782047
1624320279.3	1200	59.892011	0.0	1552540	255	1.2	64.749	28	3757	59.75000000000011
1624320283.34	1200	59.907256	0.0	1957722	320	1.2	68.749	30	3997	59.5
1624320287.32	1200	59.968651	0.0	1766061	285	1.2	72.756	32	4238	59.64562016471168
1624320291.27	1200	59.98635	0.0	1645454	257	1.2	76.756	32	4478	60
1624320295.73	1200	59.444558	0.0	1604737	264	1.2	80.757	33	4718	59.73506623344157
1624320299.65	1200	59.733334	0.0	1487527	254	1.2	84.757	33	4958	60
1624320303.63	1200	59.746587	0.0	1643954	283	1.2	88.758	33	5198	59.98500374906288
1624320307.61	1200	59.810723	0.0	1555884	244	1.2	92.757	35	5438	59.51487871967978
1624320311.58	1200	59.835511	0.0	1535193	242	1.2	96.758	35	5678	59.98500374906288
1624320315.54	1200	59.856778	0.0	1551114	244	1.2	100.758	36	5918	59.75
1624320319.48	1200	59.877883	0.0	1575918	257	1.2	104.758	36	6158	60
1624320323.44	1200	59.907048	0.0	1672619	241	1.2	108.759	37	6398	59.73506623344157
1624320327.41	1200	59.933622	0.0	1631168	224	1.2	112.759	37	6638	60
1624320331.37	1200	59.951864	0.0	1687116	283	1.2	116.767	37	6878	59.88023952095815
1624320335.83	1200	59.444949	0.0	1644749	265	1.2	120.768	37	7118	59.98500374906266
