1624346973.71	750	4	0.175	447032	96	-0.7474999999999999	0	0	0	0
1624346974.11	1200	8	0.0	1081855	223	0.75	0	0	0	0
1624346974.42	1200	11.838654	0.0	909590	215	1.2	0	0	0	0
1624346974.78	1200	15.516118	0.0	1064785	220	1.2	0	0	0	0
1624346975.21	1200	19.072726	0.0	1068330	268	1.2	0	0	0	0
1624346975.58	1200	22.70849	0.0	1091906	221	1.2	0	0	0	0
1624346975.88	1200	26.385662	0.0	989621	189	1.2	0	0	0	0
1624346976.28	1200	30.022796	0.0	1120373	230	1.2	0	0	0	0
1624346976.72	1200	33.578268	0.0	1096122	247	1.2	0	0	0	0
1624346977.15	1200	37.13391	0.0	1088831	280	1.2	4.687	0	86	0
1624346977.68	1200	40.607907	0.0	1080940	362	1.2	4.687	0	86	0
1624346977.99	1200	44.324563	0.0	1075422	156	1.2	4.687	0	86	0
1624346978.3	1200	47.95978	0.0	1146374	205	1.2	4.687	0	86	0
1624346978.66	1200	51.677344	0.0	1146930	199	1.2	4.687	0	86	0
1624346979.39	1200	55.233334	0.0	1066542	233	1.2	4.687	0	86	0
1624346981.73	1200	56.55501	0.0	1056887	2057	1.2	8.686	0	205	29.757439359839964
1624346983.32	1200	58.977414	0.0	990369	1468	1.2	8.686	0	205	29.757439359839964
1624346986.8	1200	59.531522	0.0	1015471	299	1.2	12.687	0	326	30.242439390152466
1624346990.79	1200	59.835489	0.0	1173982	279	1.2	16.687	0	446	29.999999999999986
1624346996.87	1200	59.861195	0.0	1058624	166	1.2	20.688	0	566	29.992501874531385
1624347018.53	1200	43.389439	0.0	1046861	309	1.2	40.69	0	1166	30
1624347019.19	1200	43.086125	0.0	1048437	217	1.2	46.461	0	1339	29.9774735747704
1624347019.54	1200	46.764061	0.0	1152505	203	1.2	46.461	0	1339	29.9774735747704
1624347019.83	1200	50.441754	0.0	877099	186	1.2	46.461	0	1339	29.9774735747704
1624347020.17	1200	54.119686	0.0	968042	214	1.2	46.461	0	1339	29.9774735747704
1624347020.79	1200	57.51222	0.0	1064114	474	1.2	46.461	0	1339	29.9774735747704
1624347022.75	1200	59.771296	0.0	1005764	261	1.2	46.461	0	1339	29.9774735747704
1624347026.66	1200	59.795024	0.0	1078959	239	1.2	50.461	0	1459	30
1624347030.5	1200	59.822372	0.0	1074526	198	1.2	54.461	0	1579	30
1624347034.45	1200	59.857409	0.0	1231303	265	1.2	58.461	0	1699	30
1624347038.39	1200	59.959264	0.0	960890	247	1.2	62.463	0	1819	29.985007496251857
1624347042.36	1200	59.990144	0.0	1183904	274	1.2	66.462	0	1939	30.00750187546885
1624347046.72	1200	59.735168	0.0	1065257	215	1.2	70.463	0	2059	29.99250187453144
1624347050.83	1200	59.512933	0.0	1108615	408	1.2	74.463	0	2179	30
1624347054.8	1200	59.537827	0.0	1113738	230	1.2	78.518	0	2300	29.839704069050505
1624347058.75	1200	59.61063	0.0	981548	212	1.2	82.518	0	2420	30
1624347062.81	1200	59.63223	0.0	1067644	386	1.2	86.518	0	2540	30
1624347066.82	1200	59.653225	0.0	1068520	329	1.2	90.518	0	2660	30
1624347070.62	1200	59.671846	0.0	946116	166	1.2	94.518	0	2780	30
1624347074.46	1200	59.982197	0.0	1041444	198	1.2	98.518	0	2900	30
1624347078.95	1200	59.439683	0.0	1033147	335	1.2	102.519	0	3020	29.99250187453133
1624347082.78	1200	59.747978	0.0	1043384	176	1.2	106.57	0	3142	30.116020735620925
1624347086.62	1200	59.768116	0.0	1047354	206	1.2	110.57	0	3262	30
1624347090.86	1200	59.516534	0.0	1058093	605	1.2	114.57	0	3382	30
1624347094.68	1200	59.82592	0.0	1038662	210	1.2	118.573	0	3502	29.977516862353234
