1624285338.54	750	4	0.175	446149	102	-0.7474999999999999	0	0	0	0
1624285339.59	1850	7.616667	0.0	3302713	777	0.75	0	0	0	0
1624285340.53	1850	10.65	0.0	2780269	762	1.85	0	0	0	0
1624285341.73	1850	13.466667	0.0	3138830	977	1.85	0	0	0	0
1624285343.03	1850	16.166667	0.0	3252745	1082	1.85	4.62	7	167	0
1624285344.14	1850	19.033334	0.0	3175667	918	1.85	4.62	7	167	0
1624285345.31	1850	21.9	0.0	2962628	937	1.85	4.62	7	167	0
1624285346.38	1850	24.816667	0.0	3242545	852	1.85	8.621	18	407	57.23569107723069
1624285347.41	1850	27.783334	0.0	2999470	814	1.85	8.621	18	407	57.23569107723069
1624285348.65	1850	30.516667	0.0	2926075	1052	1.85	8.621	18	407	57.23569107723069
1624285349.79	1850	33.416667	0.0	3029009	902	1.85	8.621	18	407	57.23569107723069
1624285351.04	1850	36.183334	0.0	3113599	996	1.85	12.621	32	647	56.5
1624285352.11	1850	39.1	0.0	3116790	840	1.85	12.621	32	647	56.5
1624285353.2	1850	42	0.0	3132453	861	1.85	12.621	32	647	56.5
1624285354.19	1850	45.033334	0.0	2994095	748	1.85	16.621	42	887	57.50000000000003
1624285355.4	1850	47.916667	0.0	3154088	861	1.85	16.621	42	887	57.50000000000003
1624285356.46	1850	50.75	0.0	2803553	823	1.85	16.621	42	887	57.50000000000003
1624285357.73	1850	53.733334	0.0	3039477	783	1.85	16.621	42	887	57.50000000000003
1624285358.81	1850	56.433334	0.0	3356332	792	1.85	20.621	77	1127	51.25
1624285359.81	1850	59.376776	0.0	3105690	805	1.85	20.621	77	1127	51.25
1624285363.37	1850	59.978325	0.0	3008856	803	1.85	24.622	95	1367	55.48612846788301
1624285367.43	1850	59.75647	0.0	3066869	770	1.85	28.622	99	1607	59
1624285371.7	1850	59.502764	0.0	3178549	517	1.85	32.622	101	1847	59.5
1624285375.84	1850	59.524015	0.0	2577778	390	1.85	36.622	102	2087	59.75
1624285379.54	1850	59.840599	0.0	2819145	446	1.85	40.623	103	2327	59.73506623344167
1624285383.76	1850	59.591381	0.0	3037564	454	1.85	44.622	104	2567	59.76494123530879
1624285387.47	1850	59.896699	0.0	2852411	512	1.85	48.622	105	2807	59.75
1624285391.65	1850	59.639471	0.0	3004818	471	1.85	52.623	106	3047	59.73506623344167
1624285395.33	1850	59.953481	0.0	2930516	939	1.85	56.624	107	3287	59.73506623344157
1624285399.65	1850	59.700596	0.0	3381885	576	1.85	60.624	113	3527	58.5
1624285403.81	1850	59.45213	0.0	2812661	440	1.85	64.624	115	3767	59.50000000000011
1624285407.63	1850	59.759945	0.0	3529340	581	1.85	68.624	120	4007	58.75
1624285411.38	1850	59.791322	0.0	3274615	508	1.85	72.625	124	4247	58.98525368657828
1624285415.41	1850	59.820193	0.0	3020205	768	1.85	76.625	127	4487	59.25
1624285419.68	1850	59.568505	0.0	3084353	548	1.85	80.625	129	4727	59.5
1624285423.33	1850	59.886411	0.0	2743535	421	1.85	84.625	131	4967	59.5
1624285427.56	1850	59.636259	0.0	3049078	488	1.85	88.626	133	5207	59.48512871782047
1624285431.28	1850	59.942489	0.0	2866070	452	1.85	92.626	136	5447	59.25
1624285435.24	1850	59.968932	0.0	2786310	744	1.85	96.626	138	5687	59.5
1624285439.46	1850	59.721399	0.0	2886749	457	1.85	100.625	141	5927	59.26481620405109
1624285443.73	1850	59.471717	0.0	2928463	535	1.85	104.626	142	6167	59.73506623344157
1624285447.46	1850	59.785976	0.0	3115560	506	1.85	108.626	144	6407	59.5
1624285451.69	1850	59.52975	0.0	3008634	507	1.85	112.626	146	6647	59.5
1624285455.38	1850	59.838525	0.0	3111850	490	1.85	116.627	148	6887	59.485128717820686
1624285459.54	1850	59.620362	0.0	2982399	486	1.85	120.627	149	7127	59.75
