1624322617.62	750	4	0.236	447032	117	-1.0097999999999998	0	0	0	0
1624322618.03	1200	8	0.0	1081855	174	0.75	0	0	0	0
1624322618.31	1200	12	0.0	909590	140	1.2	0	0	0	0
1624322618.65	1200	16	0.0	1064785	163	1.2	0	0	0	0
1624322618.98	1200	19.715288	0.0	1068330	141	1.2	0	0	0	0
1624322619.33	1200	23.351056	0.0	1091906	187	1.2	0	0	0	0
1624322619.66	1200	27.022865	0.0	989621	173	1.2	0	0	0	0
1624322620.0	1200	30.7	0.0	1120373	165	1.2	0	0	0	0
1624322620.34	1200	34.335972	0.0	1096122	154	1.2	0	0	0	0
1624322620.69	1200	38.012396	0.0	1088831	155	1.2	0	0	0	0
1624322621.15	1200	41.525413	0.0	1080940	160	1.2	5.224	0	65	0
1624322621.47	1200	45.202178	0.0	1075422	143	1.2	5.224	0	65	0
1624322621.85	1200	48.838837	0.0	1146374	194	1.2	5.224	0	65	0
1624322622.22	1200	52.474612	0.0	1146930	181	1.2	5.224	0	65	0
1624322622.56	1200	56.149777	0.0	1066542	175	1.2	5.224	0	65	0
1624322622.89	1200	59.785991	0.0	1056887	149	1.2	5.224	0	65	0
1624322627.26	1200	59.489593	0.0	990369	169	1.2	9.224	0	185	30
1624322631.14	1200	59.555191	0.0	1015471	174	1.2	13.224	0	305	30
1624322635.05	1200	59.854348	0.0	1173982	185	1.2	17.224	0	425	30
1624322638.97	1200	59.942938	0.0	1058624	188	1.2	21.224	0	545	30
1624322642.84	1200	59.966667	0.0	1046861	171	1.2	25.225	0	665	29.992501874531357
1624322646.71	1200	59.982882	0.0	1048437	155	1.2	29.224	0	785	30.007501875468876
1624322651.12	1200	59.719583	0.0	1152505	192	1.2	33.225	0	905	29.992501874531357
1624322654.97	1200	59.778548	0.0	877099	148	1.2	37.225	0	1025	30
1624322659.31	1200	59.509962	0.0	968042	158	1.2	41.225	0	1145	30
1624322663.19	1200	59.571985	0.0	1064114	156	1.2	45.226	0	1265	29.992501874531385
1624322667.04	1200	59.880182	0.0	1005764	161	1.2	49.226	0	1385	30
1624322670.94	1200	59.898498	0.0	1078959	195	1.2	53.226	0	1505	30
1624322674.81	1200	59.921167	0.0	1074526	174	1.2	57.226	0	1625	30
1624322679.22	1200	59.660982	0.0	1231303	203	1.2	61.226	0	1745	30
1624322683.06	1200	59.67971	0.0	960890	132	1.2	65.228	0	1865	29.98500749625191
1624322686.98	1200	59.733334	0.0	1183904	194	1.2	69.228	0	1985	30
1624322691.37	1200	59.477269	0.0	1065257	179	1.2	73.228	0	2105	30
1624322695.27	1200	59.494789	0.0	1108615	178	1.2	77.228	0	2225	30
1624322699.17	1200	59.526126	0.0	1113738	182	1.2	81.229	0	2345	29.99250187453133
1624322703.05	1200	59.826308	0.0	981548	150	1.2	85.229	0	2465	30
1624322706.94	1200	59.846266	0.0	1067644	141	1.2	89.23	0	2586	30.242439390152427
1624322710.83	1200	59.871876	0.0	1068520	182	1.2	93.231	0	2706	29.99250187453144
1624322715.19	1200	59.609216	0.0	946116	144	1.2	97.232	0	2826	29.99250187453133
1624322719.09	1200	59.633362	0.0	1041444	180	1.2	101.232	0	2946	30
1624322722.96	1200	59.943241	0.0	1033147	172	1.2	105.233	0	3066	29.99250187453133
1624322726.84	1200	59.970793	0.0	1043384	158	1.2	109.234	0	3186	29.99250187453144
1624322730.69	1200	59.994896	0.0	1047354	174	1.2	113.233	0	3306	30.007501875468797
1624322735.11	1200	59.735422	0.0	1058093	165	1.2	117.234	0	3426	29.99250187453144
1624322738.94	1200	59.793031	0.0	1038662	181	1.2	121.235	0	3546	29.99250187453133
