1624286960.0	750	4	0.213	446149	122	-0.9108999999999999	0	0	0	0
1624286961.75	2850	7	0.0	5338027	1422	0.75	0	0	0	0
1624286963.26	2850	9.45	0.0	4485847	1240	2.85	0	0	0	0
1624286964.78	2850	12	0.0	5004689	1278	2.85	4.62	16	167	0
1624286966.52	2850	14.316667	0.0	5182650	1324	2.85	4.62	16	167	0
1624286968.35	2850	16.333334	0.0	5173280	1557	2.85	8.619	57	407	49.762440610152545
1624286969.97	2850	18.716667	0.0	4880493	1379	2.85	8.619	57	407	49.762440610152545
1624286971.8	2850	21.066667	0.0	5406574	1409	2.85	12.619	71	647	56.5
1624286973.28	2850	23.416667	0.0	4844720	1221	2.85	12.619	71	647	56.5
1624286975.17	2850	25.566667	0.0	4832207	1580	2.85	12.619	71	647	56.5
1624286977.94	2850	26.833334	0.0	4887638	2413	2.85	16.62	115	887	48.98775306173455
1624286979.82	2850	28.883334	0.0	4995664	1609	2.85	20.619	132	1127	55.76394098524633
1624286982.23	2850	30.616667	0.0	5320325	1927	2.85	20.619	132	1127	55.76394098524633
1624286983.94	2850	32.766667	0.0	5320224	1438	2.85	24.62	158	1367	53.48662834291426
1624286985.39	2850	35.3	0.0	4822090	1217	2.85	24.62	158	1367	53.48662834291426
1624286986.69	2850	38	0.0	5024811	1076	2.85	24.62	158	1367	53.48662834291426
1624286987.98	2850	40.716667	0.0	4620969	1045	2.85	28.62	183	1607	53.75
1624286989.27	2850	43.433334	0.0	4982065	1040	2.85	28.62	183	1607	53.75
1624286991.07	2850	45.633334	0.0	5333279	1532	2.85	28.62	183	1607	53.75
1624286992.87	2850	47.916667	0.0	5166435	1456	2.85	32.626	214	1847	52.17174238642041
1624286994.36	2850	50.35	0.0	4952219	1223	2.85	32.626	214	1847	52.17174238642041
1624286995.96	2850	52.883334	0.0	5148296	1183	2.85	36.627	236	2087	54.48637840539858
1624286997.41	2850	55.333334	0.0	5332212	1127	2.85	36.627	236	2087	54.48637840539858
1624286998.42	2850	58.266667	0.0	4130375	777	2.85	36.627	236	2087	54.48637840539858
1624287000.94	2850	59.780985	0.0	4502091	772	2.85	40.627	273	2325	50.25
1624287005.23	2850	59.534993	0.0	4906417	1503	2.85	44.63	285	2567	57.456907319510364
1624287008.94	2850	59.844787	0.0	4606683	1415	2.85	48.628	295	2807	57.52876438219113
1624287013.16	2850	59.838779	0.0	4992827	1816	2.85	52.628	306	3047	57.25
1624287016.91	2850	59.870274	0.0	4833092	1388	2.85	56.628	321	3287	56.25
1624287021.16	2850	59.494023	0.0	5560086	1874	2.85	60.628	344	3527	54.25
1624287024.86	2850	59.80617	0.0	4512973	1357	2.85	64.63	353	3768	57.97101449275369
1624287028.91	2850	59.757032	0.0	5477056	1689	2.85	68.632	367	4008	56.47176411794089
1624287033.1	2850	59.794002	0.0	5211665	1844	2.85	72.637	382	4248	56.17977528089894
1624287037.0	2850	59.819882	0.0	5155066	1534	2.85	76.637	390	4488	58
1624287041.37	2850	59.85	0.0	5042047	1563	2.85	80.638	402	4728	56.98575356160953
1624287044.96	2850	59.886781	0.0	4373848	1762	2.85	84.638	402	4966	59.5
1624287048.9	2850	59.921604	0.0	4955552	1477	2.85	88.638	415	5208	57.25
1624287052.79	2850	59.955478	0.0	4533309	2499	2.85	92.638	415	5448	60
1624287056.94	2850	59.730777	0.0	4404309	1376	2.85	96.639	433	5688	55.48612846788316
1624287061.03	2850	59.76383	0.0	4543808	1829	2.85	100.639	438	5928	58.75
1624287064.82	2850	59.800086	0.0	4672100	1960	2.85	104.639	452	6167	56.25
1624287069.05	2850	59.829092	0.0	5112917	910	2.85	108.639	468	6408	56.25
1624287072.91	2850	59.859406	0.0	4777608	1576	2.85	112.639	479	6648	57.25
1624287076.75	2850	59.892528	0.0	5053470	1545	2.85	116.639	488	6888	57.75
1624287081.04	2850	59.645715	0.0	4782473	1481	2.85	120.64	497	7128	57.73556610847281
