1624344868.0	750	4	0.232	446149	120	-0.9925999999999999	0	0	0	0
1624344868.74	1200	7.916667	0.0	1737810	407	0.75	0	0	0	0
1624344869.26	1200	11.416667	0.0	1497975	327	1.2	0	0	0	0
1624344869.8	1200	14.863583	0.0	1711143	364	1.2	0	0	0	0
1624344870.33	1200	18.339078	0.0	1733770	359	1.2	0	0	0	0
1624344870.81	1200	21.853891	0.0	1749315	311	1.2	0	0	0	0
1624344871.27	1200	25.367956	0.0	1603603	271	1.2	0	0	0	0
1624344871.85	1200	28.816667	0.0	1702216	384	1.2	4.829	5	162	0
1624344872.39	1200	32.3	0.0	1641950	335	1.2	4.829	5	162	0
1624344872.85	1200	35.8	0.0	1559808	291	1.2	4.829	5	162	0
1624344873.26	1200	39.38745	0.0	1622647	252	1.2	4.829	5	162	0
1624344873.72	1200	42.966667	0.0	1630019	251	1.2	4.829	5	162	0
1624344874.24	1200	46.433334	0.0	1658562	337	1.2	4.829	5	162	0
1624344874.89	1200	49.783334	0.0	1669221	451	1.2	4.829	5	162	0
1624344875.42	1200	53.25	0.0	1636310	342	1.2	8.828	18	402	56.76419104776195
1624344875.99	1200	56.7	0.0	1732283	372	1.2	8.828	18	402	56.76419104776195
1624344877.15	1200	59.50328	0.0	1511913	488	1.2	8.828	18	402	56.76419104776195
1624344881.1	1200	59.809789	0.0	1593050	274	1.2	12.829	22	642	58.98525368657834
1624344885.21	1200	59.530874	0.0	1818927	372	1.2	16.829	24	882	59.5
1624344888.78	1200	59.867145	0.0	1667234	324	1.2	20.831	26	1122	59.470264867566236
1624344893.05	1200	59.888181	0.0	1633180	427	1.2	24.831	28	1363	59.75
1624344897.16	1200	59.613468	0.0	1663787	317	1.2	28.832	30	1603	59.48512871782053
1624344900.7	1200	59.956194	0.0	1674035	299	1.2	32.831	32	1843	59.514878719679885
1624344904.71	1200	59.97896	0.0	1460813	290	1.2	36.832	33	2083	59.73506623344167
1624344908.9	1200	59.746775	0.0	1541638	434	1.2	40.835	35	2323	59.455408443667245
1624344913.07	1200	59.775851	0.0	1680082	375	1.2	44.835	38	2563	59.25
1624344917.35	1200	59.505003	0.0	1542551	400	1.2	48.834	40	2803	59.514878719679885
1624344920.98	1200	59.804619	0.0	1603186	355	1.2	52.834	42	3043	59.5
1624344924.85	1200	59.82356	0.0	1611597	613	1.2	56.836	45	3283	59.22038980509752
1624344929.18	1200	59.521966	0.0	1888785	590	1.2	60.837	49	3523	58.98525368657828
1624344932.84	1200	59.823517	0.0	1552540	414	1.2	64.837	52	3763	59.25
1624344937.06	1200	59.839928	0.0	1957722	453	1.2	68.837	55	4003	59.25
1624344941.26	1200	59.583334	0.0	1766061	2424	1.2	72.848	55	4244	60.084766891049675
1624344945.07	1200	59.601625	0.0	1645454	563	1.2	76.848	59	4484	59
1624344948.92	1200	59.90398	0.0	1604737	1090	1.2	80.848	61	4723	59.25
1624344952.98	1200	59.923595	0.0	1487527	327	1.2	84.848	62	4964	60
1624344957.22	1200	59.657475	0.0	1643954	471	1.2	88.849	65	5204	59.23519120219938
1624344960.79	1200	59.963774	0.0	1555884	335	1.2	92.85	67	5444	59.485128717820686
1624344964.86	1200	59.979417	0.0	1535193	349	1.2	96.85	69	5684	59.5
1624344968.97	1200	59.707956	0.0	1551114	347	1.2	100.851	71	5924	59.48512871782047
1624344973.1	1200	59.75534	0.0	1575918	349	1.2	104.851	73	6164	59.5
1624344977.23	1200	59.486296	0.0	1672619	375	1.2	108.852	75	6404	59.48512871782047
1624344981.3	1200	59.506198	0.0	1631168	339	1.2	112.851	77	6644	59.51487871967999
1624344984.88	1200	59.812158	0.0	1687116	346	1.2	116.852	80	6884	59.23519120219938
1624344989.02	1200	59.829927	0.0	1644749	378	1.2	120.852	82	7124	59.5
