1624319564.98	750	4	0.19	446149	73	-0.8119999999999999	0	0	0	0
1624319565.31	750	8	0.0	657276	106	0.75	0	0	0	0
1624319565.5	750	12	0.0	531142	92	0.75	0	0	0	0
1624319565.72	750	16	0.0	641782	112	0.75	0	0	0	0
1624319565.95	750	19.838156	0.0	655328	94	0.75	0	0	0	0
1624319566.17	750	23.59658	0.0	643029	98	0.75	0	0	0	0
1624319566.39	750	27.392777	0.0	586466	89	0.75	0	0	0	0
1624319566.62	750	31.150639	0.0	640646	111	0.75	0	0	0	0
1624319566.84	750	34.95	0.0	603976	101	0.75	0	0	0	0
1624319567.04	750	38.747688	0.0	579575	92	0.75	0	0	0	0
1624319567.27	750	42.505475	0.0	622523	103	0.75	0	0	0	0
1624319567.49	750	46.30342	0.0	590406	90	0.75	0	0	0	0
1624319567.72	750	50.060725	0.0	636852	103	0.75	0	0	0	0
1624319567.96	750	53.817971	0.0	619167	98	0.75	0	0	0	0
1624319568.19	750	57.575834	0.0	636453	93	0.75	0	0	0	0
1624319570.44	750	59.510907	0.0	637789	107	0.75	4.797	0	151	0
1624319574.2	750	59.816905	0.0	574537	61	0.75	8.797	1	391	59.749999999999986
1624319577.95	750	59.886461	0.0	595492	108	0.75	12.797	1	631	60
1624319582.28	750	59.619832	0.0	662075	107	0.75	16.798	1	871	59.98500374906277
1624319586.07	750	59.927172	0.0	622438	112	0.75	20.798	1	1111	60
1624319589.86	750	59.955679	0.0	607166	103	0.75	24.799	1	1351	59.98500374906271
1624319594.16	750	59.700843	0.0	615645	104	0.75	28.798	1	1591	60.01500375093775
1624319598.43	750	59.447201	0.0	651954	117	0.75	32.799	1	1831	59.98500374906271
1624319602.17	750	59.762341	0.0	550774	90	0.75	36.799	1	2071	60
1624319606.43	750	59.505889	0.0	594579	93	0.75	40.8	1	2311	59.98500374906277
1624319610.2	750	59.576778	0.0	632394	71	0.75	44.8	1	2551	60
1624319614.03	750	59.883419	0.0	575968	98	0.75	48.799	1	2791	60.0150037509377
1624319618.3	750	59.618678	0.0	632851	106	0.75	52.8	1	3031	59.98500374906277
1624319622.05	750	59.915165	0.0	604086	90	0.75	56.799	1	3271	60.0150037509377
1624319626.3	750	59.663492	0.0	712976	99	0.75	60.8	1	3511	59.98500374906277
1624319630.06	750	59.978938	0.0	581323	107	0.75	64.801	1	3751	59.98500374906266
1624319634.34	750	59.433642	0.0	729373	123	0.75	68.801	1	3991	60
1624319638.1	750	59.743848	0.0	670981	116	0.75	72.801	1	4231	60
1624319642.37	750	59.486262	0.0	621207	106	0.75	76.809	1	4472	60.129740518962144
1624319646.13	750	59.794906	0.0	579598	109	0.75	80.808	1	4712	60.015003750937595
1624319650.39	750	59.526102	0.0	558064	102	0.75	84.809	1	4952	59.98500374906288
1624319654.16	750	59.830244	0.0	609656	111	0.75	88.809	1	5192	60
1624319657.91	750	59.857557	0.0	599153	98	0.75	92.809	1	5432	60
1624319662.16	750	59.63198	0.0	574452	91	0.75	96.81	1	5672	59.98500374906266
1624319665.91	750	59.931183	0.0	605550	105	0.75	100.811	1	5912	59.98500374906266
1624319670.17	750	59.672095	0.0	601791	110	0.75	104.81	1	6152	60.01500375093781
1624319673.93	750	59.973885	0.0	627361	95	0.75	108.811	1	6392	59.98500374906266
1624319678.18	750	59.724526	0.0	623214	100	0.75	112.811	1	6632	60
1624319682.45	750	59.509404	0.0	648266	111	0.75	116.811	1	6872	60
1624319686.18	750	59.821408	0.0	606947	84	0.75	120.813	1	7112	59.97001499250382
