1624336405.28	750	4	0.199	446149	42	-0.8506999999999999	0	0	0	0
1624336405.54	750	8	0.0	657276	70	0.75	0	0	0	0
1624336405.72	750	12	0.0	531142	94	0.75	0	0	0	0
1624336405.94	750	16	0.0	641782	64	0.75	0	0	0	0
1624336406.16	750	20	0.0	655328	114	0.75	0	0	0	0
1624336406.4	750	24	0.0	643029	151	0.75	0	0	0	0
1624336406.59	750	28	0.0	586466	106	0.75	0	0	0	0
1624336406.8	750	32	0.0	640646	109	0.75	0	0	0	0
1624336407.02	750	35.954802	0.0	603976	120	0.75	0	0	0	0
1624336407.28	750	39.711704	0.0	579575	116	0.75	0	0	0	0
1624336407.55	750	43.429665	0.0	622523	121	0.75	0	0	0	0
1624336407.81	750	47.187727	0.0	590406	125	0.75	0	0	0	0
1624336408.03	750	50.945609	0.0	636852	126	0.75	0	0	0	0
1624336408.49	750	54.580772	0.0	619167	266	0.75	0	0	0	0
1624336408.74	750	58.258219	0.0	636453	121	0.75	5.758	0	94	0
1624336411.52	750	59.464673	0.0	637789	138	0.75	5.758	0	94	0
1624336415.28	750	59.777273	0.0	574537	119	0.75	9.757	2	335	59.76494123530883
1624336419.53	750	59.522609	0.0	595492	118	0.75	13.756	2	575	60.01500375093772
1624336423.32	750	59.839195	0.0	662075	132	0.75	17.757	2	815	59.98500374906271
1624336427.59	750	59.571305	0.0	622438	127	0.75	21.76	2	1055	59.95503372470647
1624336431.42	750	59.635005	0.0	607166	146	0.75	25.76	2	1295	60
1624336435.19	750	59.947382	0.0	615645	128	0.75	29.76	2	1535	60
1624336439.49	750	59.692928	0.0	651954	157	0.75	33.76	2	1775	60.00000000000006
1624336443.26	750	59.992529	0.0	550774	113	0.75	37.759	2	2015	60.0150037509377
1624336447.51	750	59.735363	0.0	594579	119	0.75	41.76	2	2255	59.98500374906277
1624336451.33	750	59.760372	0.0	632394	157	0.75	45.761	2	2495	59.98500374906266
1624336455.61	750	59.502991	0.0	575968	119	0.75	49.76	2	2735	60.01500375093781
1624336459.62	750	59.531961	0.0	632851	317	0.75	53.761	2	2975	59.98500374906266
1624336463.38	750	59.840279	0.0	604086	105	0.75	57.761	2	3215	60
1624336467.26	750	59.875594	0.0	712976	252	0.75	61.761	2	3455	60
1624336471.57	750	59.62676	0.0	581323	167	0.75	65.762	2	3695	59.98500374906277
1624336475.52	750	59.646253	0.0	729373	276	0.75	69.762	2	3935	60
1624336479.04	750	59.952628	0.0	670981	349	0.75	73.762	2	4175	60
1624336483.31	750	59.701045	0.0	621207	123	0.75	77.762	2	4415	60
1624336487.57	750	59.442808	0.0	579598	130	0.75	81.763	2	4655	59.98500374906266
1624336491.38	750	59.746853	0.0	558064	164	0.75	85.763	2	4895	60
1624336495.54	750	59.497525	0.0	609656	474	0.75	89.763	2	5135	60
1624336499.51	750	59.524997	0.0	599153	304	0.75	93.764	2	5375	59.98500374906288
1624336503.26	750	59.836239	0.0	574452	131	0.75	97.764	2	5615	60
1624336507.51	750	59.576433	0.0	605550	121	0.75	101.768	2	5855	59.94005994005987
1624336511.31	750	59.894137	0.0	601791	117	0.75	105.768	2	6095	60
1624336515.08	750	59.922069	0.0	627361	119	0.75	109.768	2	6335	60
1624336519.35	750	59.661699	0.0	623214	138	0.75	113.768	2	6575	60
1624336523.14	750	59.971439	0.0	648266	128	0.75	117.769	2	6815	59.98500374906266
1624336527.38	750	59.713412	0.0	606947	137	0.75	121.769	2	7055	60
