1624271940.86	750	4	0.162	446149	71	-0.6916	0	0	0	0
1624271941.83	1850	7.583334	0.0	3302713	760	0.75	0	0	0	0
1624271942.58	1850	10.816667	0.0	2780269	487	1.85	0	0	0	0
1624271943.87	1850	13.566667	0.0	3138830	1024	1.85	0	0	0	0
1624271944.66	1850	16.783334	0.0	3252745	552	1.85	4.766	8	176	0
1624271945.8	1850	19.633334	0.0	3175667	777	1.85	4.766	8	176	0
1624271946.49	1850	22.933334	0.0	2962628	474	1.85	4.766	8	176	0
1624271947.39	1850	26.033334	0.0	3242545	657	1.85	4.766	8	176	0
1624271948.07	1850	29.383334	0.0	2999470	445	1.85	4.766	8	176	0
1624271949.01	1850	32.416667	0.0	2926075	713	1.85	8.767	43	416	51.237190702324426
1624271949.76	1850	35.633334	0.0	3029009	548	1.85	8.767	43	416	51.237190702324426
1624271950.94	1850	38.466667	0.0	3113599	884	1.85	8.767	43	416	51.237190702324426
1624271951.67	1850	41.766667	0.0	3116790	498	1.85	8.767	43	416	51.237190702324426
1624271952.78	1850	44.65	0.0	3132453	799	1.85	12.767	60	656	55.75
1624271953.55	1850	47.883334	0.0	2994095	555	1.85	12.767	60	656	55.75
1624271954.75	1850	50.666667	0.0	3154088	881	1.85	12.767	60	656	55.75
1624271955.66	1850	53.816667	0.0	2803553	633	1.85	12.767	60	656	55.75
1624271956.68	1850	56.716667	0.0	3039477	730	1.85	16.768	77	896	55.736065983504105
1624271957.96	1850	59.566667	0.0	3356332	691	1.85	16.768	77	896	55.736065983504105
1624271961.78	1850	59.850881	0.0	3105690	561	1.85	20.768	107	1136	52.5
1624271965.77	1850	59.600612	0.0	3008856	765	1.85	24.768	109	1376	59.5
1624271969.67	1850	59.919069	0.0	3066869	658	1.85	28.769	111	1616	59.48512871782058
1624271973.89	1850	59.626654	0.0	3178549	959	1.85	32.769	118	1856	58.25
1624271977.52	1850	59.936009	0.0	2577778	427	1.85	36.768	120	2096	59.514878719679885
1624271981.73	1850	59.679582	0.0	2819145	497	1.85	40.769	121	2336	59.73506623344167
1624271985.58	1850	59.989638	0.0	3037564	595	1.85	44.769	126	2576	58.75
1624271989.78	1850	59.724705	0.0	2852411	443	1.85	48.77	129	2816	59.23519120219938
1624271994.08	1850	59.458896	0.0	3004818	544	1.85	52.77	133	3056	59
1624271997.81	1850	59.775724	0.0	2930516	484	1.85	56.77	135	3296	59.5
1624272001.64	1850	59.799083	0.0	3381885	561	1.85	60.77	144	3536	57.75
1624272005.9	1850	59.540422	0.0	2812661	564	1.85	64.771	145	3776	59.73506623344167
1624272009.76	1850	59.855441	0.0	3529340	596	1.85	68.77	149	4016	59.014753688422175
1624272013.6	1850	59.929364	0.0	3274615	560	1.85	72.783	151	4257	59.55644156491395
1624272018.03	1850	59.433334	0.0	3020205	644	1.85	76.783	152	4497	59.75
1624272021.76	1850	59.750473	0.0	3084353	527	1.85	80.783	154	4737	59.5
1624272025.95	1850	59.489975	0.0	2743535	450	1.85	84.784	155	4977	59.73506623344157
1624272030.0	1850	59.524115	0.0	3049078	794	1.85	88.784	157	5217	59.5
1624272033.7	1850	59.838578	0.0	2866070	487	1.85	92.785	159	5457	59.485128717820686
1624272037.96	1850	59.588657	0.0	2786310	511	1.85	96.785	160	5697	59.75
1624272041.7	1850	59.895459	0.0	2886749	495	1.85	100.785	162	5937	59.5
1624272045.91	1850	59.64452	0.0	2928463	480	1.85	104.785	164	6177	59.5
1624272049.68	1850	59.958426	0.0	3115560	506	1.85	108.786	166	6417	59.48512871782047
1624272053.43	1850	59.989502	0.0	3008634	532	1.85	112.786	170	6657	59
1624272058.12	1850	59.454388	0.0	3111850	495	1.85	116.786	171	6897	59.75
1624272061.82	1850	59.767101	0.0	2982399	476	1.85	120.786	175	7137	59
