1624268566.15	750	4	0.154	446149	84	-0.6571999999999999	0	0	0	0
1624268566.92	1850	8	0.0	3302713	539	0.75	0	0	0	0
1624268567.63	1850	11.4	0.0	2780269	467	1.85	0	0	0	0
1624268568.46	1850	14.505207	0.0	3138830	595	1.85	0	0	0	0
1624268569.17	1850	17.833334	0.0	3252745	484	1.85	0	0	0	0
1624268569.84	1850	21.133334	0.0	3175667	476	1.85	4.643	12	163	0
1624268570.52	1850	24.466667	0.0	2962628	475	1.85	4.643	12	163	0
1624268571.19	1850	27.783334	0.0	3242545	469	1.85	4.643	12	163	0
1624268571.83	1850	31.133334	0.0	2999470	459	1.85	4.643	12	163	0
1624268572.47	1850	34.483334	0.0	2926075	472	1.85	4.643	12	163	0
1624268573.12	1850	37.85	0.0	3029009	455	1.85	4.643	12	163	0
1624268573.77	1850	41.2	0.0	3113599	468	1.85	8.643	27	403	56.249999999999986
1624268574.44	1850	44.516667	0.0	3116790	495	1.85	8.643	27	403	56.249999999999986
1624268575.16	1850	47.8	0.0	3132453	532	1.85	8.643	27	403	56.249999999999986
1624268575.83	1850	51.116667	0.0	2994095	499	1.85	8.643	27	403	56.249999999999986
1624268576.51	1850	54.483334	0.0	3154088	457	1.85	8.643	27	403	56.249999999999986
1624268577.1	1850	57.860423	0.0	2803553	414	1.85	8.643	27	403	56.249999999999986
1624268579.3	1850	59.834171	0.0	3039477	462	1.85	12.643	40	643	56.75
1624268583.53	1850	59.585527	0.0	3356332	497	1.85	16.643	50	883	57.5
1624268587.25	1850	59.864315	0.0	3105690	467	1.85	20.644	55	1123	58.7353161709573
1624268591.47	1850	59.607435	0.0	3008856	461	1.85	24.643	57	1363	59.514878719679885
1624268595.21	1850	59.923238	0.0	3066869	469	1.85	28.644	60	1603	59.23519120219949
1624268599.45	1850	59.672951	0.0	3178549	486	1.85	32.644	62	1843	59.5
1624268603.03	1850	59.983698	0.0	2577778	367	1.85	36.645	62	2083	59.98500374906266
1624268607.24	1850	59.727307	0.0	2819145	425	1.85	40.645	66	2323	59
1624268611.42	1850	59.786229	0.0	3037564	456	1.85	44.645	67	2563	59.75
1624268615.15	1850	59.823326	0.0	2852411	430	1.85	48.645	69	2803	59.5
1624268619.35	1850	59.857052	0.0	3004818	444	1.85	52.649	70	3044	59.940059940059975
1624268623.01	1850	59.923749	0.0	2930516	435	1.85	56.649	71	3284	59.75
1624268627.26	1850	59.713703	0.0	3381885	505	1.85	60.649	75	3524	59
1624268631.43	1850	59.742468	0.0	2812661	427	1.85	64.65	77	3764	59.48512871782047
1624268635.19	1850	59.807232	0.0	3529340	526	1.85	68.649	80	4004	59.26481620405109
1624268639.49	1850	59.547361	0.0	3274615	517	1.85	72.65	85	4244	58.73531617095719
1624268643.18	1850	59.863863	0.0	3020205	435	1.85	76.651	90	4484	58.7353161709574
1624268647.43	1850	59.611948	0.0	3084353	506	1.85	80.65	98	4724	58.01450362590634
1624268651.11	1850	59.926352	0.0	2743535	439	1.85	84.65	101	4964	59.25
1624268655.33	1850	59.677998	0.0	3049078	474	1.85	88.651	103	5204	59.485128717820686
1624268659.06	1850	59.98444	0.0	2866070	484	1.85	92.651	107	5444	59
1624268663.24	1850	59.735633	0.0	2786310	427	1.85	96.651	111	5684	59
1624268667.39	1850	59.76313	0.0	2886749	445	1.85	100.651	112	5924	59.75
1624268671.6	1850	59.553154	0.0	2928463	439	1.85	104.652	114	6164	59.48512871782047
1624268675.45	1850	59.578559	0.0	3115560	623	1.85	108.652	115	6404	59.75
1624268679.22	1850	59.883334	0.0	3008634	507	1.85	112.652	120	6644	58.75
1624268683.44	1850	59.627654	0.0	3111850	497	1.85	116.652	121	6884	59.75
1624268687.18	1850	59.93197	0.0	2982399	481	1.85	120.653	127	7124	58.4853786553361
