1624323328.13	750	4	0.166	446149	87	-0.7088	0	0	0	0
1624323328.33	300	8	0.0	458211	71	-0.15000000000000002	0	0	0	0
1624323328.47	300	12	0.0	390124	59	0.3	0	0	0	0
1624323328.65	300	16	0.0	474461	93	0.3	0	0	0	0
1624323328.81	300	19.915781	0.0	444309	46	0.3	0	0	0	0
1624323328.97	300	23.754455	0.0	443120	68	0.3	0	0	0	0
1624323329.11	300	27.633618	0.0	416509	59	0.3	0	0	0	0
1624323329.27	300	31.472753	0.0	451355	68	0.3	0	0	0	0
1624323329.45	300	35.311019	0.0	417757	67	0.3	0	0	0	0
1624323329.62	300	39.107195	0.0	415350	72	0.3	0	0	0	0
1624323329.8	300	42.945823	0.0	433531	69	0.3	0	0	0	0
1624323329.96	300	46.784414	0.0	422916	65	0.3	0	0	0	0
1624323330.13	300	50.622771	0.0	459414	77	0.3	0	0	0	0
1624323330.3	300	54.421119	0.0	450936	73	0.3	0	0	0	0
1624323330.46	300	58.259582	0.0	439746	69	0.3	0	0	0	0
1624323333.15	300	59.783863	0.0	432189	68	0.3	4.629	0	172	0
1624323337.36	300	59.52308	0.0	396094	39	0.3	8.629	0	412	60
1624323341.08	300	59.820198	0.0	420942	78	0.3	12.628	0	652	60.01500375093772
1624323345.31	300	59.562309	0.0	477686	84	0.3	16.629	0	892	59.98500374906271
1624323349.03	300	59.869467	0.0	429484	85	0.3	20.629	0	1132	60
1624323353.26	300	59.695597	0.0	428693	66	0.3	24.63	0	1372	59.98500374906277
1624323357.49	300	59.441315	0.0	445526	77	0.3	28.63	0	1612	60
1624323361.21	300	59.748607	0.0	459785	70	0.3	32.63	0	1852	59.99999999999995
1624323365.4	300	59.490114	0.0	395717	64	0.3	36.63	0	2092	60
1624323369.08	300	59.80018	0.0	421854	69	0.3	40.63	0	2332	60
1624323373.3	300	59.543524	0.0	464457	75	0.3	44.631	0	2572	59.98500374906277
1624323377.0	300	59.850144	0.0	430202	64	0.3	48.631	0	2812	60
1624323381.21	300	59.596204	0.0	445549	84	0.3	52.631	0	3052	60
1624323384.9	300	59.913541	0.0	449734	79	0.3	56.631	0	3292	60
1624323389.09	300	59.650788	0.0	478634	66	0.3	60.631	0	3532	60
1624323392.79	300	59.97247	0.0	421756	69	0.3	64.631	0	3772	60
1624323397.02	300	59.993709	0.0	500580	82	0.3	68.632	0	4012	59.98500374906266
1624323401.28	300	59.739146	0.0	471259	89	0.3	72.632	0	4252	60
1624323405.04	300	59.763447	0.0	447061	71	0.3	76.632	0	4492	60
1624323409.27	300	59.503242	0.0	414676	71	0.3	80.633	0	4732	59.98500374906288
1624323412.99	300	59.815459	0.0	407398	67	0.3	84.633	0	4972	60
1624323417.25	300	59.560178	0.0	438602	75	0.3	88.633	0	5212	60
1624323420.95	300	59.865036	0.0	421192	71	0.3	92.633	0	5452	60
1624323425.15	300	59.609698	0.0	414269	70	0.3	96.634	0	5692	59.98500374906266
1624323428.87	300	59.919438	0.0	427172	77	0.3	100.634	0	5932	60
1624323433.1	300	59.7	0.0	435036	78	0.3	104.634	0	6172	60
1624323437.33	300	59.43089	0.0	454750	75	0.3	108.634	0	6412	60
1624323441.05	300	59.731917	0.0	436843	70	0.3	112.635	0	6652	59.98500374906266
1624323445.22	300	59.75801	0.0	455439	73	0.3	116.634	0	6892	60.01500375093781
1624323449.4	300	59.491506	0.0	439643	74	0.3	120.636	0	7133	60.21989005497258
