1624321166.58	750	4	0.175	447032	76	-0.7474999999999999	0	0	0	0
1624321166.79	300	8	0.0	222343	36	-0.15000000000000002	0	0	0	0
1624321166.91	300	12	0.0	202601	33	0.3	0	0	0	0
1624321167.05	300	16	0.0	231442	13	0.3	0	0	0	0
1624321167.2	300	20	0.0	223916	39	0.3	0	0	0	0
1624321167.35	300	23.919085	0.0	227288	29	0.3	0	0	0	0
1624321167.49	300	27.798068	0.0	210296	37	0.3	0	0	0	0
1624321167.63	300	31.676165	0.0	232710	15	0.3	0	0	0	0
1624321167.77	300	35.515081	0.0	230934	42	0.3	0	0	0	0
1624321167.9	300	39.393995	0.0	230466	33	0.3	0	0	0	0
1624321168.02	300	43.272785	0.0	222766	36	0.3	0	0	0	0
1624321168.15	300	47.151683	0.0	215843	31	0.3	0	0	0	0
1624321168.28	300	50.990448	0.0	240996	41	0.3	0	0	0	0
1624321168.43	300	54.869615	0.0	241376	42	0.3	0	0	0	0
1624321168.57	300	58.706832	0.0	215448	37	0.3	0	0	0	0
1624321171.82	300	59.754611	0.0	224191	51	0.3	4.776	0	79	0
1624321175.5	300	59.822854	0.0	201147	49	0.3	8.776	0	199	30
1624321179.68	300	59.849561	0.0	208138	37	0.3	12.776	0	319	30
1624321183.85	300	59.588377	0.0	237703	40	0.3	16.777	0	439	29.992501874531357
1624321187.54	300	59.9037	0.0	221939	42	0.3	20.778	0	559	29.992501874531385
1624321191.72	300	59.676127	0.0	216091	2	0.3	24.781	0	679	29.977516862353234
1624321195.49	300	59.957484	0.0	221930	47	0.3	28.781	0	799	30
1624321199.65	300	59.690646	0.0	244209	42	0.3	32.782	0	919	29.992501874531385
1624321203.32	300	59.988555	0.0	201448	38	0.3	36.782	0	1039	30
1624321208.01	300	59.444369	0.0	216871	42	0.3	40.782	0	1159	30
1624321211.71	300	59.750647	0.0	226875	14	0.3	44.783	0	1279	29.99250187453133
1624321215.91	300	59.490684	0.0	215302	41	0.3	48.782	0	1399	30.007501875468904
1624321219.58	300	59.804924	0.0	231664	43	0.3	52.783	0	1519	29.99250187453133
1624321223.79	300	59.544843	0.0	233190	60	0.3	56.782	0	1639	30.007501875468904
1624321227.48	300	59.858516	0.0	245887	41	0.3	60.782	0	1759	30
1624321231.68	300	59.885283	0.0	205585	39	0.3	64.782	0	1879	30
1624321235.4	300	59.914632	0.0	248259	78	0.3	68.783	0	1999	29.99250187453133
1624321239.61	300	59.943444	0.0	221496	43	0.3	72.826	0	2120	29.928271085827415
1624321243.8	300	59.687024	0.0	238596	42	0.3	76.826	0	2240	30
1624321247.48	300	59.995169	0.0	239547	35	0.3	80.827	0	2360	29.99250187453133
1624321251.67	300	59.738193	0.0	210306	41	0.3	84.827	0	2480	30
1624321255.85	300	59.479768	0.0	223809	39	0.3	88.827	0	2600	30
1624321259.53	300	59.783515	0.0	233162	45	0.3	92.828	0	2720	29.99250187453133
1624321263.74	300	59.812184	0.0	211150	37	0.3	96.828	0	2840	30
1624321267.91	300	59.580226	0.0	227487	40	0.3	100.828	0	2960	30
1624321271.62	300	59.879831	0.0	218501	41	0.3	104.844	0	3081	30.129482071713213
1624321275.78	300	59.613957	0.0	223461	33	0.3	108.844	0	3201	30
1624321279.46	300	59.921528	0.0	223191	45	0.3	112.844	0	3321	30
1624321283.63	300	59.659365	0.0	228365	45	0.3	116.844	0	3441	30
1624321287.79	300	59.684506	0.0	223247	36	0.3	120.845	0	3561	29.99250187453133
