1624351086.39	750	4	0.193	447032	98	-0.8249	0	0	0	0
1624351086.59	750	8	0.0	437784	79	0.75	0	0	0	0
1624351086.77	750	12	0.0	358478	89	0.75	0	0	0	0
1624351086.95	750	16	0.0	433110	88	0.75	0	0	0	0
1624351087.12	750	20	0.0	425284	75	0.75	0	0	0	0
1624351087.29	750	24	0.0	428114	84	0.75	0	0	0	0
1624351087.47	750	28	0.0	387287	67	0.75	0	0	0	0
1624351087.65	750	32	0.0	435324	101	0.75	0	0	0	0
1624351087.84	750	36	0.0	447048	87	0.75	0	0	0	0
1624351088.04	750	39.831222	0.0	446405	77	0.75	0	0	0	0
1624351088.21	750	43.670484	0.0	423631	72	0.75	0	0	0	0
1624351088.37	750	47.509186	0.0	416730	75	0.75	0	0	0	0
1624351088.56	750	51.307891	0.0	471953	79	0.75	0	0	0	0
1624351088.75	750	55.14663	0.0	453536	88	0.75	0	0	0	0
1624351088.92	750	58.945303	0.0	420588	89	0.75	0	0	0	0
1624351092.14	750	59.750264	0.0	420917	79	0.75	5.585	0	47	0
1624351096.39	750	59.783599	0.0	392428	87	0.75	9.585	0	167	29.999999999999993
1624351100.1	750	59.815752	0.0	400748	85	0.75	13.585	0	287	30
1624351104.42	750	59.56053	0.0	471072	64	0.75	17.586	0	407	29.992501874531385
1624351108.18	750	59.910466	0.0	425923	83	0.75	21.588	0	527	29.985007496251857
1624351112.43	750	59.659198	0.0	419792	91	0.75	25.588	0	647	30
1624351116.24	750	59.691269	0.0	429429	90	0.75	29.588	0	767	30
1624351120.49	750	59.428979	0.0	461232	100	0.75	33.588	0	887	30
1624351124.21	750	59.746593	0.0	382848	84	0.75	37.588	0	1007	30
1624351128.43	750	59.504249	0.0	375227	81	0.75	41.588	0	1127	30
1624351132.22	750	59.80927	0.0	437258	104	0.75	45.588	0	1247	30
1624351136.46	750	59.549802	0.0	419071	107	0.75	49.589	0	1367	29.992501874531385
1624351140.16	750	59.85296	0.0	449162	88	0.75	53.589	0	1487	30
1624351144.38	750	59.600715	0.0	447732	93	0.75	57.593	0	1607	29.970029970029934
1624351148.11	750	59.926488	0.0	488806	124	0.75	61.593	0	1727	30
1624351152.34	750	59.667023	0.0	389747	84	0.75	65.593	0	1847	30
1624351156.09	750	59.97763	0.0	485582	99	0.75	69.593	0	1967	30
1624351160.33	750	59.729135	0.0	430276	45	0.75	73.594	0	2087	29.99250187453144
1624351164.59	750	59.50539	0.0	435590	83	0.75	77.594	0	2207	30
1624351168.31	750	59.816749	0.0	459331	82	0.75	81.594	0	2327	30
1624351172.05	750	59.886167	0.0	381587	80	0.75	85.595	0	2447	29.99250187453133
1624351176.29	750	59.636618	0.0	424399	104	0.75	89.594	0	2567	30.007501875468904
1624351180.05	750	59.952534	0.0	436743	107	0.75	93.595	0	2687	29.99250187453133
1624351184.26	750	59.7	0.0	385692	90	0.75	97.595	0	2807	30
1624351188.5	750	59.44283	0.0	424746	84	0.75	101.595	0	2927	30
1624351192.22	750	59.749697	0.0	407135	89	0.75	105.595	0	3047	30
1624351196.48	750	59.497376	0.0	427720	122	0.75	109.595	0	3167	30
1624351200.36	750	59.52207	0.0	427353	210	0.75	113.595	0	3287	30
1624351204.09	750	59.835749	0.0	418534	96	0.75	117.596	0	3407	29.99250187453133
1624351208.29	750	59.620725	0.0	421343	94	0.75	121.596	0	3527	30
