1624315301.04	750	4	0.159	446149	66	-0.6787	0	0	0	0
1624315301.48	1200	8	0.0	1737810	270	0.75	0	0	0	0
1624315301.84	1200	12	0.0	1497975	226	1.2	0	0	0	0
1624315302.29	1200	16	0.0	1711143	264	1.2	0	0	0	0
1624315302.7	1200	19.872272	0.0	1733770	272	1.2	0	0	0	0
1624315303.17	1200	23.45	0.0	1749315	270	1.2	0	0	0	0
1624315303.6	1200	26.985776	0.0	1603603	252	1.2	0	0	0	0
1624315304.01	1200	30.581485	0.0	1702216	264	1.2	0	0	0	0
1624315304.55	1200	34.054733	0.0	1641950	359	1.2	5.166	4	104	0
1624315304.93	1200	37.650742	0.0	1559808	235	1.2	5.166	4	104	0
1624315305.34	1200	41.245187	0.0	1622647	248	1.2	5.166	4	104	0
1624315305.76	1200	44.84159	0.0	1630019	259	1.2	5.166	4	104	0
1624315306.19	1200	48.4	0.0	1658562	249	1.2	5.166	4	104	0
1624315306.61	1200	52	0.0	1669221	250	1.2	5.166	4	104	0
1624315307.0	1200	55.589429	0.0	1636310	246	1.2	5.166	4	104	0
1624315307.41	1200	59.186512	0.0	1732283	266	1.2	5.166	4	104	0
1624315310.83	1200	59.859826	0.0	1511913	202	1.2	9.165	8	344	59.014753688422125
1624315314.76	1200	59.87445	0.0	1593050	248	1.2	13.165	8	584	60
1624315318.72	1200	59.903051	0.0	1818927	284	1.2	17.166	8	824	59.98500374906271
1624315322.71	1200	59.940995	0.0	1667234	246	1.2	21.166	8	1064	60
1624315326.67	1200	59.9712	0.0	1633180	258	1.2	25.166	8	1304	60
1624315331.14	1200	59.437862	0.0	1663787	262	1.2	29.176	10	1545	59.60099750623444
1624315335.13	1200	59.469457	0.0	1674035	271	1.2	33.177	10	1785	59.98500374906271
1624315339.04	1200	59.789996	0.0	1460813	237	1.2	37.177	10	2025	60
1624315342.95	1200	59.819744	0.0	1541638	243	1.2	41.177	10	2265	60
1624315346.9	1200	59.85	0.0	1680082	213	1.2	45.177	10	2505	60
1624315350.82	1200	59.870006	0.0	1542551	216	1.2	49.176	10	2745	60.0150037509377
1624315354.76	1200	59.903201	0.0	1603186	250	1.2	53.177	11	2985	59.73506623344167
1624315358.7	1200	59.933785	0.0	1611597	260	1.2	57.177	11	3225	60
1624315362.72	1200	59.973472	0.0	1888785	321	1.2	61.177	12	3465	59.75
1624315367.2	1200	59.43977	0.0	1552540	253	1.2	65.178	13	3705	59.73506623344167
1624315371.24	1200	59.463185	0.0	1957722	305	1.2	69.178	13	3945	60
1624315375.31	1200	59.497984	0.0	1766061	297	1.2	73.179	13	4185	59.98500374906266
1624315378.83	1200	59.815691	0.0	1645454	267	1.2	77.178	16	4425	59.26481620405109
1624315382.77	1200	59.843558	0.0	1604737	260	1.2	81.179	16	4665	59.98500374906266
1624315387.17	1200	59.584335	0.0	1487527	238	1.2	85.179	16	4905	60
1624315391.11	1200	59.622616	0.0	1643954	265	1.2	89.179	16	5145	60
1624315395.05	1200	59.656954	0.0	1555884	264	1.2	93.18	16	5385	59.98500374906266
1624315398.97	1200	59.696836	0.0	1535193	241	1.2	97.18	16	5625	60
1624315402.89	1200	59.730826	0.0	1551114	258	1.2	101.18	16	5865	60
1624315406.86	1200	59.760147	0.0	1575918	246	1.2	105.181	18	6105	59.485128717820686
1624315410.82	1200	59.783334	0.0	1672619	260	1.2	109.181	18	6345	60
1624315415.24	1200	59.533334	0.0	1631168	254	1.2	113.181	18	6585	60
1624315419.15	1200	59.576876	0.0	1687116	267	1.2	117.182	18	6825	59.98500374906266
1624315423.08	1200	59.619228	0.0	1644749	259	1.2	121.187	19	7066	59.92509363295887
