1624283772.15	750	4	0.159	447032	90	-0.6787	0	0	0	0
1624283772.74	1850	8	0.0	2254830	363	0.75	0	0	0	0
1624283773.24	1850	11.636959	0.0	1837501	368	1.85	0	0	0	0
1624283773.78	1850	15.1131	0.0	2108748	363	1.85	0	0	0	0
1624283774.34	1850	18.547085	0.0	2229492	391	1.85	0	0	0	0
1624283774.88	1850	22.02303	0.0	2078237	344	1.85	0	0	0	0
1624283775.34	1850	25.536381	0.0	2030644	326	1.85	0	0	0	0
1624283775.83	1850	29.052475	0.0	2298831	326	1.85	4.64	0	81	0
1624283776.36	1850	32.527362	0.0	2164964	332	1.85	4.64	0	81	0
1624283776.9	1850	36.003766	0.0	2175479	349	1.85	4.64	0	81	0
1624283777.39	1850	39.517723	0.0	2156805	302	1.85	4.64	0	81	0
1624283777.91	1850	42.991411	0.0	2101523	362	1.85	4.64	0	81	0
1624283778.54	1850	46.386616	0.0	2344608	401	1.85	4.64	0	81	0
1624283779.13	1850	49.780922	0.0	2334646	390	1.85	4.64	0	81	0
1624283779.67	1850	53.215885	0.0	2109579	355	1.85	8.639	0	201	30.00750187546887
1624283780.21	1850	56.690837	0.0	2097243	340	1.85	8.639	0	201	30.00750187546887
1624283781.22	1850	59.803813	0.0	2054074	309	1.85	8.639	0	201	30.00750187546887
1624283785.26	1850	59.829368	0.0	2079344	325	1.85	12.639	0	321	30
1624283789.36	1850	59.57194	0.0	2353718	340	1.85	16.643	0	441	29.97002997002996
1624283793.43	1850	59.603078	0.0	2119053	359	1.85	20.644	0	561	29.992501874531385
1624283796.97	1850	59.919406	0.0	2145449	328	1.85	24.643	0	681	30.00750187546885
1624283800.99	1850	59.950191	0.0	2087310	346	1.85	28.643	0	802	30.25
1624283805.06	1850	59.975915	0.0	2348666	387	1.85	32.644	0	921	29.74256435891029
1624283809.53	1850	59.435194	0.0	1801794	281	1.85	36.644	0	1041	30
1624283813.54	1850	59.459585	0.0	1864524	294	1.85	40.644	0	1162	30.25
1624283817.53	1850	59.482661	0.0	2051691	324	1.85	44.644	0	1282	30
1624283821.53	1850	59.509944	0.0	1898420	330	1.85	48.644	0	1401	29.75
1624283825.16	1850	59.822816	0.0	2276304	413	1.85	52.645	0	1521	29.99250187453133
1624283829.3	1850	59.60507	0.0	2239013	348	1.85	56.647	0	1642	30.234882558720674
1624283833.44	1850	59.630727	0.0	2417622	440	1.85	60.648	0	1762	29.99250187453133
1624283836.99	1850	59.947813	0.0	1950728	281	1.85	64.649	0	1882	29.992501874531385
1624283841.1	1850	59.978429	0.0	2268079	397	1.85	68.649	0	2002	30
1624283845.18	1850	59.75145	0.0	2105954	370	1.85	72.651	0	2122	29.98500749625191
1624283849.29	1850	59.770625	0.0	2049597	381	1.85	76.651	0	2242	30
1624283853.46	1850	59.513553	0.0	2267452	439	1.85	80.651	0	2362	30
1624283857.48	1850	59.534523	0.0	1977775	334	1.85	84.651	0	2482	30
1624283861.07	1850	59.847398	0.0	2145766	352	1.85	88.652	0	2602	29.99250187453133
1624283865.14	1850	59.870286	0.0	2064567	356	1.85	92.653	0	2722	29.99250187453133
1624283869.16	1850	59.966667	0.0	1899367	325	1.85	96.653	0	2842	30
1624283873.3	1850	59.708705	0.0	2118078	410	1.85	100.654	0	2962	29.99250187453144
1624283877.36	1850	59.738455	0.0	2045638	322	1.85	104.653	0	3082	30.007501875468797
1624283881.36	1850	59.761849	0.0	2132751	315	1.85	108.654	0	3202	29.99250187453144
1624283885.42	1850	59.497257	0.0	2105800	343	1.85	112.654	0	3322	30
1624283889.47	1850	59.521552	0.0	2117310	358	1.85	116.654	0	3442	30
1624283893.14	1850	59.83052	0.0	2106167	369	1.85	120.655	0	3562	29.99250187453133
