1624327537.79	750	4	0.155	446149	71	-0.6615	0	0	0	0
1624327537.97	300	8	0.0	458211	82	-0.15000000000000002	0	0	0	0
1624327538.14	300	12	0.0	390124	57	0.3	0	0	0	0
1624327538.32	300	16	0.0	474461	82	0.3	0	0	0	0
1624327538.49	300	19.878447	0.0	444309	69	0.3	0	0	0	0
1624327538.65	300	23.717238	0.0	443120	63	0.3	0	0	0	0
1624327538.84	300	27.514677	0.0	416509	67	0.3	0	0	0	0
1624327539.04	300	31.353411	0.0	451355	52	0.3	0	0	0	0
1624327539.24	300	35.151685	0.0	417757	69	0.3	0	0	0	0
1624327539.41	300	38.95004	0.0	415350	70	0.3	0	0	0	0
1624327539.58	300	42.788848	0.0	433531	55	0.3	0	0	0	0
1624327539.74	300	46.626557	0.0	422916	68	0.3	0	0	0	0
1624327539.93	300	50.424884	0.0	459414	71	0.3	0	0	0	0
1624327540.1	300	54.263435	0.0	450936	78	0.3	0	0	0	0
1624327540.29	300	58.10188	0.0	439746	65	0.3	0	0	0	0
1624327543.03	300	59.471425	0.0	432189	73	0.3	4.653	0	172	0
1624327546.74	300	59.788821	0.0	396094	60	0.3	8.652	0	412	60.01500375093774
1624327550.97	300	59.536901	0.0	420942	67	0.3	12.652	0	652	60
1624327554.7	300	59.84408	0.0	477686	85	0.3	16.652	0	892	59.99999999999997
1624327558.91	300	59.590334	0.0	429484	34	0.3	20.653	0	1132	59.98500374906277
1624327562.65	300	59.898704	0.0	428693	88	0.3	24.653	0	1372	60
1624327566.85	300	59.647465	0.0	445526	79	0.3	28.654	0	1612	59.98500374906271
1624327570.58	300	59.964724	0.0	459785	78	0.3	32.654	0	1852	59.99999999999995
1624327574.78	300	59.704428	0.0	395717	64	0.3	36.656	0	2093	60.21989005497258
1624327578.99	300	59.454004	0.0	421854	64	0.3	40.653	0	2333	60.0450337753315
1624327582.71	300	59.768503	0.0	464457	82	0.3	44.656	0	2573	59.95503372470647
1624327586.94	300	59.510457	0.0	430202	94	0.3	48.655	0	2813	60.0150037509377
1624327590.64	300	59.822855	0.0	445549	77	0.3	52.656	0	3053	59.98500374906277
1624327594.85	300	59.56531	0.0	449734	86	0.3	56.656	0	3293	60
1624327598.56	300	59.86966	0.0	478634	87	0.3	60.657	0	3533	59.98500374906277
1624327602.77	300	59.610335	0.0	421756	85	0.3	64.656	0	3773	60.015003750937595
1624327606.49	300	59.92339	0.0	500580	74	0.3	68.657	0	4013	59.98500374906288
1624327610.7	300	59.669162	0.0	471259	93	0.3	72.656	0	4253	60.015003750937595
1624327614.43	300	59.971468	0.0	447061	75	0.3	76.658	0	4493	59.97001499250382
1624327619.13	300	59.433334	0.0	414676	56	0.3	80.665	0	4733	59.895183428999175
1624327622.81	300	59.735356	0.0	407398	51	0.3	84.665	0	4973	60
1624327627.01	300	59.478248	0.0	438602	74	0.3	88.665	0	5213	60
1624327630.73	300	59.789861	0.0	421192	78	0.3	92.666	0	5453	59.98500374906288
1624327634.93	300	59.533401	0.0	414269	60	0.3	96.666	0	5693	60
1624327638.62	300	59.844173	0.0	427172	73	0.3	100.667	0	5933	59.98500374906266
1624327642.83	300	59.586731	0.0	435036	68	0.3	104.666	0	6173	60.01500375093781
1624327646.52	300	59.894405	0.0	454750	74	0.3	108.667	0	6413	59.98500374906266
1624327650.76	300	59.63878	0.0	436843	70	0.3	112.667	0	6653	60
1624327654.46	300	59.947608	0.0	455439	94	0.3	116.668	0	6893	59.98500374906266
1624327658.64	300	59.968839	0.0	439643	73	0.3	120.675	0	7134	60.14474669328688
