1624273298.07	750	4	0.177	446149	48	-0.7561	0	0	0	0
1624273299.47	2850	8	0.0	5338027	1056	0.75	0	0	0	0
1624273300.47	2850	11.083334	0.0	4485847	728	2.85	0	0	0	0
1624273301.66	2850	14.033334	0.0	5004689	819	2.85	5.311	4	106	0
1624273302.74	2850	16.85	0.0	5182650	798	2.85	5.311	4	106	0
1624273303.99	2850	19.583334	0.0	5173280	970	2.85	5.311	4	106	0
1624273305.15	2850	22.45	0.0	4880493	800	2.85	5.311	4	106	0
1624273306.39	2850	25.283334	0.0	5406574	824	2.85	9.338	45	348	49.913086665011186
1624273307.59	2850	28.033334	0.0	4844720	851	2.85	9.338	45	348	49.913086665011186
1624273308.67	2850	30.983334	0.0	4832207	711	2.85	9.338	45	348	49.913086665011186
1624273309.79	2850	33.833334	0.0	4887638	787	2.85	13.339	89	588	48.98775306173455
1624273310.91	2850	36.683334	0.0	4995664	833	2.85	13.339	89	588	48.98775306173455
1624273312.47	2850	39.183334	0.0	5320325	1183	2.85	13.339	89	588	48.98775306173455
1624273313.69	2850	41.916667	0.0	5320224	901	2.85	17.343	124	828	51.198801198801206
1624273314.86	2850	44.783334	0.0	4822090	826	2.85	17.343	124	828	51.198801198801206
1624273316.03	2850	47.55	0.0	5024811	840	2.85	17.343	124	828	51.198801198801206
