1624346505.37	750	4	0.199	447032	82	-0.8506999999999999	0	0	0	0
1624346505.75	1200	8	0.0	1081855	204	0.75	0	0	0	0
1624346506.09	1200	12	0.0	909590	240	1.2	0	0	0	0
1624346506.47	1200	16	0.0	1064785	267	1.2	0	0	0	0
1624346506.76	1200	20	0.0	1068330	188	1.2	0	0	0	0
1624346507.09	1200	24	0.0	1091906	211	1.2	0	0	0	0
1624346507.41	1200	27.751254	0.0	989621	172	1.2	0	0	0	0
1624346507.75	1200	31.428466	0.0	1120373	210	1.2	0	0	0	0
1624346508.08	1200	35.066667	0.0	1096122	210	1.2	0	0	0	0
1624346508.41	1200	38.743703	0.0	1088831	219	1.2	0	0	0	0
1624346508.78	1200	42.380967	0.0	1080940	246	1.2	5.309	0	44	0
1624346509.16	1200	46.017892	0.0	1075422	226	1.2	5.309	0	44	0
1624346509.53	1200	49.614574	0.0	1146374	257	1.2	5.309	0	44	0
1624346509.96	1200	53.209324	0.0	1146930	316	1.2	5.309	0	44	0
1624346510.34	1200	56.846673	0.0	1066542	229	1.2	5.309	0	44	0
1624346511.68	1200	59.474097	0.0	1056887	216	1.2	5.309	0	44	0
1624346515.51	1200	59.790372	0.0	990369	182	1.2	9.308	0	164	30.00750187546887
1624346519.83	1200	59.529238	0.0	1015471	170	1.2	13.308	0	284	30
1624346523.72	1200	59.557177	0.0	1173982	179	1.2	17.308	0	404	30
1624346527.71	1200	59.577732	0.0	1058624	257	1.2	21.309	0	524	29.992501874531357
1624346531.53	1200	59.895632	0.0	1046861	185	1.2	25.309	0	644	30
1624346535.37	1200	59.933334	0.0	1048437	191	1.2	29.309	0	764	30
1624346539.26	1200	59.969013	0.0	1152505	259	1.2	33.309	0	884	30.00000000000003
1624346543.61	1200	59.72193	0.0	877099	215	1.2	37.31	0	1004	29.99250187453133
1624346547.75	1200	59.47254	0.0	968042	490	1.2	41.31	0	1124	30
1624346551.61	1200	59.815943	0.0	1064114	194	1.2	45.31	0	1244	30
1624346555.5	1200	59.856878	0.0	1005764	244	1.2	49.31	0	1364	30
1624346559.45	1200	59.901006	0.0	1078959	262	1.2	53.31	0	1484	30
1624346563.34	1200	59.930492	0.0	1074526	223	1.2	57.311	0	1604	29.992501874531385
1624346567.29	1200	59.915899	0.0	1231303	276	1.2	61.31	0	1724	30.00750187546885
1624346571.24	1200	59.989498	0.0	960890	246	1.2	65.31	0	1844	30
1624346575.68	1200	59.736095	0.0	1183904	259	1.2	69.311	0	1964	29.99250187453133
1624346579.56	1200	59.772331	0.0	1065257	198	1.2	73.31	0	2084	30.007501875468904
1624346583.46	1200	59.802943	0.0	1108615	212	1.2	77.311	0	2204	29.99250187453133
1624346587.4	1200	59.833334	0.0	1113738	243	1.2	81.312	0	2324	29.99250187453144
1624346591.86	1200	59.57988	0.0	981548	182	1.2	85.312	0	2444	30
1624346595.76	1200	59.642631	0.0	1067644	1494	1.2	89.311	0	2564	30.007501875468797
1624346599.45	1200	59.962498	0.0	1068520	467	1.2	93.312	0	2684	29.99250187453144
1624346603.89	1200	59.436724	0.0	946116	269	1.2	97.312	0	2804	30
1624346607.55	1200	59.754935	0.0	1041444	391	1.2	101.313	0	2924	29.99250187453133
1624346611.77	1200	59.786907	0.0	1033147	370	1.2	105.313	0	3044	30
1624346615.72	1200	59.537071	0.0	1043384	232	1.2	109.312	0	3164	30.007501875468904
1624346619.89	1200	59.562342	0.0	1047354	357	1.2	113.313	0	3284	29.99250187453133
1624346623.71	1200	59.570566	0.0	1058093	1313	1.2	117.313	0	3404	30
1624346628.14	1200	59.611138	0.0	1038662	883	1.2	121.314	0	3524	29.99250187453144
