1624307032.43	750	4	0.187	446149	88	-0.7991	0	0	0	0
1624307032.91	1200	8	0.0	1737810	265	0.75	0	0	0	0
1624307033.29	1200	12	0.0	1497975	240	1.2	0	0	0	0
1624307033.69	1200	16	0.0	1711143	200	1.2	0	0	0	0
1624307034.11	1200	20	0.0	1733770	292	1.2	0	0	0	0
1624307034.55	1200	23.916707	0.0	1749315	297	1.2	0	0	0	0
1624307034.95	1200	27.511545	0.0	1603603	265	1.2	0	0	0	0
1624307035.38	1200	31.067533	0.0	1702216	289	1.2	0	0	0	0
1624307035.88	1200	34.583379	0.0	1641950	368	1.2	5.316	0	74	0
1624307036.28	1200	38.179853	0.0	1559808	250	1.2	5.316	0	74	0
1624307036.72	1200	41.766667	0.0	1622647	266	1.2	5.316	0	74	0
1624307037.24	1200	45.266667	0.0	1630019	318	1.2	5.316	0	74	0
1624307037.68	1200	48.8	0.0	1658562	246	1.2	5.316	0	74	0
1624307038.09	1200	52.366667	0.0	1669221	260	1.2	5.316	0	74	0
1624307038.52	1200	56	0.0	1636310	255	1.2	5.316	0	74	0
1624307038.95	1200	59.516667	0.0	1732283	266	1.2	5.316	0	74	0
1624307042.91	1200	59.790421	0.0	1511913	234	1.2	9.315	11	314	57.26431607901976
1624307046.83	1200	59.834294	0.0	1593050	249	1.2	13.315	11	554	60
1624307050.81	1200	59.874747	0.0	1818927	294	1.2	17.315	11	794	59.99999999999997
1624307054.76	1200	59.911414	0.0	1667234	280	1.2	21.316	11	1034	59.98500374906277
1624307058.69	1200	59.946569	0.0	1633180	261	1.2	25.316	11	1274	60
1624307062.71	1200	59.975662	0.0	1663787	298	1.2	29.316	11	1514	60
1624307067.15	1200	59.438182	0.0	1674035	262	1.2	33.316	11	1754	59.99999999999995
1624307071.09	1200	59.510505	0.0	1460813	234	1.2	37.317	12	1994	59.73506623344167
1624307075.03	1200	59.529283	0.0	1541638	229	1.2	41.317	14	2234	59.5
1624307078.96	1200	59.556844	0.0	1680082	260	1.2	45.317	14	2474	60
1624307082.95	1200	59.589714	0.0	1542551	275	1.2	49.317	14	2714	60
1624307086.91	1200	59.614338	0.0	1603186	294	1.2	53.318	14	2954	59.98500374906277
1624307090.81	1200	59.646926	0.0	1611597	242	1.2	57.319	14	3194	59.98500374906266
1624307094.78	1200	59.687425	0.0	1888785	234	1.2	61.32	15	3434	59.73506623344167
1624307098.9	1200	59.755657	0.0	1552540	256	1.2	65.32	15	3674	60.00000000000011
1624307102.96	1200	59.514194	0.0	1957722	294	1.2	69.32	15	3914	60
1624307106.91	1200	59.548127	0.0	1766061	270	1.2	73.32	15	4154	60
1624307110.83	1200	59.861875	0.0	1645454	248	1.2	77.32	16	4394	59.75
1624307114.78	1200	59.900832	0.0	1604737	261	1.2	81.321	17	4634	59.73506623344157
1624307118.72	1200	59.940714	0.0	1487527	252	1.2	85.321	17	4874	60
1624307122.77	1200	59.689954	0.0	1643954	284	1.2	89.322	19	5114	59.48512871782047
1624307126.74	1200	59.719918	0.0	1555884	251	1.2	93.322	19	5354	60
1624307131.18	1200	59.470428	0.0	1535193	241	1.2	97.323	19	5594	59.98500374906288
1624307135.1	1200	59.502294	0.0	1551114	243	1.2	101.323	19	5834	60
1624307139.11	1200	59.522742	0.0	1575918	305	1.2	105.324	19	6074	59.98500374906266
1624307143.1	1200	59.548107	0.0	1672619	270	1.2	109.324	19	6314	60
1624307147.03	1200	59.578792	0.0	1631168	264	1.2	113.323	19	6554	60.01500375093781
1624307151.02	1200	59.614709	0.0	1687116	276	1.2	117.324	19	6794	59.98500374906266
1624307155.05	1200	59.648112	0.0	1644749	258	1.2	121.324	19	7034	60
