1624346741.24	750	4	0.196	447032	93	-0.8378	0	0	0	0
1624346741.62	1200	8	0.0	1081855	232	0.75	0	0	0	0
1624346741.89	1200	12	0.0	909590	158	1.2	0	0	0	0
1624346742.17	1200	16	0.0	1064785	160	1.2	0	0	0	0
1624346742.49	1200	20	0.0	1068330	216	1.2	0	0	0	0
1624346742.82	1200	24	0.0	1091906	208	1.2	0	0	0	0
1624346743.13	1200	27.755255	0.0	989621	177	1.2	0	0	0	0
1624346743.5	1200	31.392376	0.0	1120373	206	1.2	0	0	0	0
1624346743.79	1200	35.068931	0.0	1096122	178	1.2	0	0	0	0
1624346744.1	1200	38.786801	0.0	1088831	188	1.2	0	0	0	0
1624346744.43	1200	42.423558	0.0	1080940	183	1.2	0	0	0	0
1624346744.94	1200	45.939732	0.0	1075422	375	1.2	5.168	0	49	0
1624346745.34	1200	49.576865	0.0	1146374	224	1.2	5.168	0	49	0
1624346745.7	1200	53.170135	0.0	1146930	181	1.2	5.168	0	49	0
1624346746.09	1200	56.806968	0.0	1066542	231	1.2	5.168	0	49	0
1624346747.46	1200	59.47145	0.0	1056887	206	1.2	5.168	0	49	0
1624346751.31	1200	59.78462	0.0	990369	193	1.2	9.17	1	169	29.73513243378311
1624346755.19	1200	59.80978	0.0	1015471	222	1.2	13.174	1	289	29.970029970029973
1624346759.33	1200	59.838977	0.0	1173982	322	1.2	17.174	1	409	30
1624346763.32	1200	59.588679	0.0	1058624	241	1.2	21.174	1	529	30
1624346767.25	1200	59.613001	0.0	1046861	270	1.2	25.174	1	649	30
1624346771.17	1200	59.921958	0.0	1048437	224	1.2	29.174	1	769	30
1624346775.12	1200	59.950201	0.0	1152505	278	1.2	33.174	1	889	30
1624346779.29	1200	59.687098	0.0	877099	490	1.2	37.174	1	1009	30
1624346783.15	1200	59.996098	0.0	968042	188	1.2	41.175	1	1129	29.992501874531385
1624346787.55	1200	59.493934	0.0	1064114	210	1.2	45.176	1	1249	29.99250187453133
1624346791.42	1200	59.517333	0.0	1005764	217	1.2	49.206	1	1370	30.02481389578163
1624346795.31	1200	59.858121	0.0	1078959	192	1.2	53.207	1	1490	29.992501874531385
1624346799.17	1200	59.881165	0.0	1074526	200	1.2	57.207	1	1610	30
1624346803.11	1200	59.921941	0.0	1231303	210	1.2	61.208	1	1730	29.992501874531385
1624346807.06	1200	59.996278	0.0	960890	244	1.2	65.208	1	1850	30
1624346811.55	1200	59.45461	0.0	1183904	249	1.2	69.208	1	1970	30
1624346815.44	1200	59.481565	0.0	1065257	208	1.2	73.238	1	2091	30.02481389578163
1624346819.41	1200	59.507111	0.0	1108615	287	1.2	77.238	1	2211	30
1624346823.33	1200	59.811961	0.0	1113738	178	1.2	81.238	1	2331	30
1624346827.2	1200	59.838571	0.0	981548	209	1.2	85.238	1	2451	30
1624346831.02	1200	59.866667	0.0	1067644	175	1.2	89.238	1	2571	30
1624346835.32	1200	59.613262	0.0	1068520	170	1.2	93.238	1	2691	30
1624346839.13	1200	59.916909	0.0	946116	153	1.2	97.239	1	2811	29.99250187453133
1624346842.98	1200	59.941389	0.0	1041444	203	1.2	101.239	1	2931	30
1624346847.33	1200	59.693779	0.0	1033147	192	1.2	105.239	1	3051	30
1624346851.17	1200	59.720196	0.0	1043384	181	1.2	109.239	1	3171	30
1624346855.59	1200	59.483606	0.0	1047354	173	1.2	113.24	1	3291	29.99250187453144
1624346859.43	1200	59.512433	0.0	1058093	187	1.2	117.239	1	3411	30.007501875468797
1624346863.31	1200	59.833368	0.0	1038662	208	1.2	121.24	1	3531	29.99250187453144
