1624337504.57	750	4	0.195	447032	95	-0.8335	0	0	0	0
1624337504.78	300	8	0.0	222343	40	-0.15000000000000002	0	0	0	0
1624337504.94	300	12	0.0	202601	87	0.3	0	0	0	0
1624337505.06	300	16	0.0	231442	49	0.3	0	0	0	0
1624337505.18	300	20	0.0	223916	43	0.3	0	0	0	0
1624337505.32	300	24	0.0	227288	53	0.3	0	0	0	0
1624337505.47	300	28	0.0	210296	68	0.3	0	0	0	0
1624337505.61	300	32	0.0	232710	47	0.3	0	0	0	0
1624337505.75	300	36	0.0	230934	50	0.3	0	0	0	0
1624337505.88	300	40	0.0	230466	44	0.3	0	0	0	0
1624337506.0	300	44	0.0	222766	37	0.3	0	0	0	0
1624337506.13	300	48	0.0	215843	36	0.3	0	0	0	0
1624337506.26	300	52	0.0	240996	40	0.3	0	0	0	0
1624337506.43	300	55.9135	0.0	241376	41	0.3	0	0	0	0
1624337506.54	300	59.792661	0.0	215448	32	0.3	0	0	0	0
1624337510.7	300	59.718995	0.0	224191	50	0.3	5.295	0	43	0
1624337514.91	300	59.466985	0.0	201147	39	0.3	9.295	0	163	30
1624337518.58	300	59.779608	0.0	208138	31	0.3	13.296	0	283	29.99250187453137
1624337522.79	300	59.80724	0.0	237703	56	0.3	17.295	0	403	30.00750187546885
1624337526.98	300	59.552124	0.0	221939	39	0.3	21.296	0	523	29.992501874531385
1624337530.67	300	59.860234	0.0	216091	43	0.3	25.296	0	643	30
1624337534.86	300	59.606337	0.0	221930	50	0.3	29.297	0	763	29.992501874531357
1624337538.52	300	59.924192	0.0	244209	60	0.3	33.297	0	883	30.00000000000003
1624337542.66	300	59.675692	0.0	201448	35	0.3	37.297	0	1003	30
1624337546.81	300	59.693721	0.0	216871	41	0.3	41.297	0	1123	30
1624337550.48	300	59.996487	0.0	226875	49	0.3	45.298	0	1243	29.99250187453133
1624337554.64	300	59.737018	0.0	215302	36	0.3	49.298	0	1363	30
1624337558.81	300	59.754422	0.0	231664	45	0.3	53.298	0	1483	30
1624337562.96	300	59.500064	0.0	233190	39	0.3	57.298	0	1603	30
1624337566.64	300	59.807617	0.0	245887	48	0.3	61.298	0	1723	30
1624337570.84	300	59.549916	0.0	205585	45	0.3	65.298	0	1843	30
1624337574.52	300	59.868796	0.0	248259	48	0.3	69.298	0	1963	30
1624337578.7	300	59.887731	0.0	221496	47	0.3	73.299	0	2083	29.99250187453133
1624337582.89	300	59.630192	0.0	238596	51	0.3	77.3	0	2203	29.99250187453144
1624337586.55	300	59.92982	0.0	239547	49	0.3	81.301	0	2323	29.99250187453133
1624337590.72	300	59.675792	0.0	210306	37	0.3	85.301	0	2443	30
1624337594.39	300	59.98742	0.0	223809	50	0.3	89.301	0	2563	30
1624337599.08	300	59.438925	0.0	233162	55	0.3	93.316	0	2684	30.13698630136986
1624337602.73	300	59.783515	0.0	211150	38	0.3	97.315	0	2804	30.007501875468904
1624337606.9	300	59.526848	0.0	227487	49	0.3	101.316	0	2924	29.99250187453133
1624337610.57	300	59.845532	0.0	218501	41	0.3	105.315	0	3044	30.007501875468904
1624337614.78	300	59.875641	0.0	223461	40	0.3	109.316	0	3164	29.99250187453133
1624337618.93	300	59.618483	0.0	223191	39	0.3	113.319	0	3284	29.977516862353234
1624337622.58	300	59.933334	0.0	228365	45	0.3	117.319	0	3404	30
1624337626.76	300	59.678003	0.0	223247	78	0.3	121.319	0	3524	30
