1624275903.65	750	4	0.182	447032	12	-0.7776000000000001	0	0	0	0
1624275904.51	2850	8	0.0	3731877	575	0.75	0	0	0	0
1624275905.25	2850	11.876897	0.0	2988743	555	2.85	0	0	0	0
1624275906.01	2850	15.110339	0.0	3344033	577	2.85	0	0	0	0
1624275906.8	2850	18.366667	0.0	3588671	546	2.85	0	0	0	0
1624275907.58	2850	21.533334	0.0	3516436	564	2.85	5.265	1	54	0
1624275908.58	2850	24.760945	0.0	3520561	578	2.85	5.265	1	54	0
1624275909.47	2850	27.9	0.0	3787958	652	2.85	5.265	1	54	0
1624275910.31	2850	30.9	0.0	3482140	573	2.85	5.265	1	54	0
1624275911.09	2850	34.053394	0.0	3620909	585	2.85	9.265	34	174	21.749999999999996
1624275911.91	2850	37.245342	0.0	3578596	610	2.85	9.265	34	174	21.749999999999996
1624275912.71	2850	40.4355	0.0	3430213	580	2.85	9.265	34	174	21.749999999999996
1624275913.69	2850	43.465213	0.0	3873343	750	2.85	9.265	34	174	21.749999999999996
1624275914.63	2850	46.53737	0.0	4055051	643	2.85	9.265	34	174	21.749999999999996
1624275915.38	2850	49.766667	0.0	3383484	522	2.85	13.266	34	294	29.99250187453137
1624275916.14	2850	52.996581	0.0	3439708	562	2.85	13.266	34	294	29.99250187453137
1624275916.85	2850	56.269731	0.0	3270011	505	2.85	13.266	34	294	29.99250187453137
1624275917.66	2850	59.5	0.0	3397053	474	2.85	13.266	34	294	29.99250187453137
