1624288858.16	750	4	0.185	446149	83	-0.7905	0	0	0	0
1624288859.44	2850	8	0.0	5338027	807	0.75	0	0	0	0
1624288860.43	2850	11.416667	0.0	4485847	756	2.85	0	0	0	0
1624288861.82	2850	14.133334	0.0	5004689	1029	2.85	5.409	4	97	0
1624288862.95	2850	16.933334	0.0	5182650	859	2.85	5.409	4	97	0
1624288864.11	2850	19.983334	0.0	5173280	873	2.85	5.409	4	97	0
1624288865.18	2850	22.716667	0.0	4880493	758	2.85	5.409	4	97	0
1624288866.43	2850	25.466667	0.0	5406574	950	2.85	9.408	79	337	41.26031507876969
1624288867.74	2850	28.233334	0.0	4844720	875	2.85	9.408	79	337	41.26031507876969
1624288868.77	2850	31.083334	0.0	4832207	755	2.85	9.408	79	337	41.26031507876969
1624288869.85	2850	34.033334	0.0	4887638	765	2.85	13.409	106	577	53.23669082729316
