1624306796.99	750	4	0.318	446149	58	-1.3624	0	0	0	0
1624306797.61	1200	8	0.0	1737810	291	0.75	0	0	0	0
1624306798.04	1200	12	0.0	1497975	225	1.2	0	0	0	0
1624306798.56	1200	16	0.0	1711143	308	1.2	0	0	0	0
1624306799.04	1200	20	0.0	1733770	233	1.2	0	0	0	0
1624306799.72	1200	23.633334	0.0	1749315	384	1.2	0	0	0	0
1624306800.23	1200	27.05	0.0	1603603	281	1.2	5.809	3	34	0
1624306800.72	1200	30.566667	0.0	1702216	264	1.2	5.809	3	34	0
1624306801.19	1200	34.083334	0.0	1641950	253	1.2	5.809	3	34	0
1624306801.7	1200	37.6	0.0	1559808	257	1.2	5.809	3	34	0
1624306802.18	1200	41.1	0.0	1622647	228	1.2	5.809	3	34	0
1624306802.7	1200	44.6	0.0	1630019	260	1.2	5.809	3	34	0
1624306803.17	1200	48.1	0.0	1658562	249	1.2	5.809	3	34	0
1624306803.7	1200	51.616667	0.0	1669221	255	1.2	5.809	3	34	0
1624306804.18	1200	55.1	0.0	1636310	261	1.2	9.814	28	274	53.682896379525594
1624306804.71	1200	58.566667	0.0	1732283	294	1.2	9.814	28	274	53.682896379525594
1624306807.72	1200	59.580797	0.0	1511913	255	1.2	9.814	28	274	53.682896379525594
1624306811.76	1200	59.64592	0.0	1593050	259	1.2	13.817	36	515	58.206345241069194
1624306815.31	1200	59.95618	0.0	1818927	268	1.2	17.855	39	757	59.1877166914314
1624306819.92	1200	59.436056	0.0	1667234	296	1.2	25.871	44	1238	60
1624306823.96	1200	59.446421	0.0	1633180	249	1.2	29.872	47	1478	59.23519120219943
1624306827.5	1200	59.75299	0.0	1663787	249	1.2	29.872	47	1478	59.23519120219943
1624306831.51	1200	59.773477	0.0	1674035	261	1.2	33.872	49	1718	59.5
1624306835.54	1200	59.853317	0.0	1460813	243	1.2	37.879	53	1958	58.896930371849294
1624306839.61	1200	59.903164	0.0	1541638	284	1.2	41.879	55	2198	59.5
1624306843.67	1200	59.641649	0.0	1680082	268	1.2	45.892	57	2439	59.55644156491395
1624306847.71	1200	59.660192	0.0	1542551	276	1.2	49.909	61	2680	58.99925317401051
1624306851.27	1200	59.987717	0.0	1603186	247	1.2	53.91	63	2920	59.48512871782058
1624306855.78	1200	59.722526	0.0	1611597	249	1.2	57.91	67	3160	59
1624306859.88	1200	59.45743	0.0	1888785	331	1.2	61.911	67	3400	59.98500374906266
1624306863.96	1200	59.477377	0.0	1552540	283	1.2	65.974	70	3644	59.315776519812914
1624306867.65	1200	59.823882	0.0	1957722	320	1.2	70.079	72	3890	59.43970767356897
1624306871.35	1200	59.92686	0.0	1766061	431	1.2	74.081	77	4130	58.72063968015978
1624306875.44	1200	59.943213	0.0	1645454	300	1.2	78.081	81	4370	59
1624306879.46	1200	59.996116	0.0	1604737	264	1.2	82.082	84	4611	59.485128717820686
1624306883.99	1200	59.440376	0.0	1487527	271	1.2	86.082	86	4850	59.25
1624306887.97	1200	59.451105	0.0	1643954	250	1.2	90.093	86	5091	60.08476689104946
1624306892.0	1200	59.456	0.0	1555884	216	1.2	94.11	88	5332	59.49713716704014
1624306895.96	1200	59.480793	0.0	1535193	228	1.2	98.122	92	5573	59.07278165503489
1624306899.5	1200	59.78818	0.0	1551114	264	1.2	102.122	94	5813	59.5
1624306903.58	1200	59.806426	0.0	1575918	303	1.2	106.123	98	6053	58.98525368657828
1624306907.66	1200	59.826371	0.0	1672619	316	1.2	110.123	98	6290	59.25
1624306911.86	1200	59.580786	0.0	1631168	460	1.2	114.124	101	6533	59.98500374906288
1624306915.46	1200	59.862065	0.0	1687116	302	1.2	118.124	104	6773	59.25
1624306919.47	1200	59.862198	0.0	1644749	275	1.2	122.124	111	7013	58.25
