1624284266.13	750	4	0.174	446149	57	-0.7432	0	0	0	0
1624284267.3	2850	8	0.0	5338027	854	0.75	0	0	0	0
1624284268.34	2850	11.4	0.0	4485847	634	2.85	0	0	0	0
1624284269.35	2850	14.266667	0.0	5004689	767	2.85	0	0	0	0
1624284271.03	2850	16.816667	0.0	5182650	1029	2.85	5.381	14	120	0
1624284272.22	2850	19.4	0.0	5173280	919	2.85	5.381	14	120	0
1624284273.32	2850	22.3	0.0	4880493	842	2.85	5.381	14	120	0
1624284274.46	2850	25.233334	0.0	5406574	760	2.85	9.381	60	360	48.5
1624284275.5	2850	28.166667	0.0	4844720	708	2.85	9.381	60	360	48.5
1624284276.54	2850	31.083334	0.0	4832207	794	2.85	9.381	60	360	48.5
1624284277.58	2850	34.033334	0.0	4887638	779	2.85	13.381	122	597	43.75
1624284278.6	2850	37.016667	0.0	4995664	752	2.85	13.381	122	597	43.75
1624284279.68	2850	39.933334	0.0	5320325	822	2.85	13.381	122	597	43.75
1624284280.98	2850	42.65	0.0	5320224	1035	2.85	13.381	122	597	43.75
