1624335002.98	750	4	0.185	447032	66	-0.7905	0	0	0	0
1624335003.34	1200	8	0.0	1081855	215	0.75	0	0	0	0
1624335003.67	1200	12	0.0	909590	208	1.2	0	0	0	0
1624335004.06	1200	16	0.0	1064785	260	1.2	0	0	0	0
1624335004.35	1200	20	0.0	1068330	190	1.2	0	0	0	0
1624335004.67	1200	23.833813	0.0	1091906	202	1.2	0	0	0	0
1624335005.0	1200	27.510811	0.0	989621	218	1.2	0	0	0	0
1624335005.37	1200	31.148438	0.0	1120373	210	1.2	0	0	0	0
1624335005.71	1200	34.78288	0.0	1096122	226	1.2	0	0	0	0
1624335006.04	1200	38.460214	0.0	1088831	218	1.2	0	0	0	0
1624335006.45	1200	42.137508	0.0	1080940	209	1.2	5.119	0	54	0
1624335006.79	1200	45.734997	0.0	1075422	215	1.2	5.119	0	54	0
1624335007.15	1200	49.372766	0.0	1146374	236	1.2	5.119	0	54	0
1624335007.55	1200	52.969547	0.0	1146930	242	1.2	5.119	0	54	0
1624335007.91	1200	56.603511	0.0	1066542	223	1.2	5.119	0	54	0
1624335008.74	1200	59.958421	0.0	1056887	206	1.2	5.119	0	54	0
1624335013.1	1200	59.466667	0.0	990369	189	1.2	9.12	0	174	29.99250187453137
1624335016.97	1200	59.77707	0.0	1015471	181	1.2	13.12	0	294	30
1624335021.08	1200	59.527698	0.0	1173982	392	1.2	17.12	0	414	29.999999999999986
1624335024.65	1200	59.874106	0.0	1058624	351	1.2	21.12	0	534	30
1624335029.01	1200	59.621479	0.0	1046861	184	1.2	25.121	0	654	29.992501874531385
1624335033.09	1200	59.644974	0.0	1048437	334	1.2	29.12	0	774	30.00750187546885
1624335036.58	1200	59.961029	0.0	1152505	307	1.2	33.12	0	894	30.00000000000003
1624335040.94	1200	59.698645	0.0	877099	166	1.2	37.121	0	1014	29.99250187453133
1624335044.91	1200	59.726366	0.0	968042	298	1.2	41.121	0	1134	30
1624335049.25	1200	59.469854	0.0	1064114	183	1.2	45.122	0	1254	29.992501874531385
1624335053.13	1200	59.497337	0.0	1005764	180	1.2	49.121	0	1374	30.00750187546885
1624335057.06	1200	59.533334	0.0	1078959	279	1.2	53.122	0	1494	29.992501874531385
1624335061.01	1200	59.567643	0.0	1074526	304	1.2	57.122	0	1614	30
1624335065.11	1200	59.586325	0.0	1231303	381	1.2	61.122	0	1734	30
1624335069.05	1200	59.65037	0.0	960890	254	1.2	65.122	0	1854	30
1624335072.59	1200	59.990427	0.0	1183904	350	1.2	69.122	0	1974	30
1624335077.05	1200	59.733409	0.0	1065257	284	1.2	73.123	0	2094	29.99250187453133
1624335081.0	1200	59.762325	0.0	1108615	301	1.2	77.122	0	2214	30.007501875468904
1624335085.02	1200	59.503873	0.0	1113738	333	1.2	81.124	0	2334	29.98500749625191
1624335088.96	1200	59.811841	0.0	981548	257	1.2	85.124	0	2454	30
1624335093.04	1200	59.55671	0.0	1067644	417	1.2	89.124	0	2574	30
1624335097.02	1200	59.581006	0.0	1068520	344	1.2	93.124	0	2694	30
1624335100.98	1200	59.59688	0.0	946116	313	1.2	97.125	0	2814	29.99250187453133
1624335105.02	1200	59.621566	0.0	1041444	393	1.2	101.125	0	2934	30
1624335108.87	1200	59.650183	0.0	1033147	208	1.2	105.125	0	3054	30
1624335112.71	1200	59.962915	0.0	1043384	182	1.2	109.124	0	3174	30.007501875468904
1624335116.55	1200	59.988118	0.0	1047354	171	1.2	113.125	0	3294	29.99250187453133
1624335120.91	1200	59.734502	0.0	1058093	194	1.2	117.125	0	3414	30
1624335125.22	1200	59.483871	0.0	1038662	179	1.2	121.126	0	3534	29.99250187453133
