1624289115.35	750	4	0.175	446149	74	-0.7474999999999999	0	0	0	0
1624289116.56	2850	7.483334	0.0	5338027	903	0.75	0	0	0	0
1624289117.64	2850	10.383334	0.0	4485847	855	2.85	0	0	0	0
1624289118.76	2850	13.35	0.0	5004689	787	2.85	0	0	0	0
1624289119.9	2850	16.216667	0.0	5182650	784	2.85	4.647	24	173	0
1624289120.97	2850	19.066667	0.0	5173280	804	2.85	4.647	24	173	0
1624289122.0	2850	22.033334	0.0	4880493	783	2.85	4.647	24	173	0
1624289123.12	2850	24.95	0.0	5406574	844	2.85	8.646	51	414	53.51337834458614
1624289124.15	2850	27.95	0.0	4844720	701	2.85	8.646	51	414	53.51337834458614
1624289125.59	2850	30.533334	0.0	4832207	1073	2.85	8.646	51	414	53.51337834458614
1624289127.07	2850	32.966667	0.0	4887638	1229	2.85	12.648	93	654	49.475262368815606
1624289128.78	2850	35.266667	0.0	4995664	1445	2.85	12.648	93	654	49.475262368815606
1624289130.58	2850	37.466667	0.0	5320325	1525	2.85	12.648	93	654	49.475262368815606
1624289132.25	2850	39.833334	0.0	5320224	1388	2.85	16.648	120	894	53.25
1624289133.58	2850	42.45	0.0	4822090	1072	2.85	16.648	120	894	53.25
1624289135.04	2850	45.083334	0.0	5024811	1122	2.85	20.649	139	1134	55.236190952261914
1624289136.57	2850	47.45	0.0	4620969	1227	2.85	20.649	139	1134	55.236190952261914
1624289137.71	2850	50.316667	0.0	4982065	897	2.85	20.649	139	1134	55.236190952261914
1624289139.13	2850	52.933334	0.0	5333279	1110	2.85	24.649	165	1374	53.5
1624289140.67	2850	55.433334	0.0	5166435	1189	2.85	24.649	165	1374	53.5
1624289141.88	2850	58.15	0.0	4952219	967	2.85	24.649	165	1374	53.5
1624289144.67	2850	59.436697	0.0	5148296	1457	2.85	28.65	203	1614	50.487378155461165
1624289148.71	2850	59.467872	0.0	5332212	1218	2.85	32.65	228	1854	53.75
1624289152.63	2850	59.5	0.0	4130375	1096	2.85	36.651	235	2094	58.235441139715
1624289156.42	2850	59.562607	0.0	4502091	972	2.85	40.652	241	2334	58.4853786553362
1624289160.13	2850	59.834441	0.0	4906417	1461	2.85	44.652	246	2574	58.75
1624289164.45	2850	59.583668	0.0	4606683	1084	2.85	48.651	253	2814	58.26456614153535
1624289168.16	2850	59.896886	0.0	4992827	1376	2.85	52.652	264	3054	57.235691077230726
1624289172.3	2850	59.926053	0.0	4833092	886	2.85	56.652	272	3294	58
1624289176.34	2850	59.829679	0.0	5560086	1198	2.85	60.653	288	3534	55.98600349912525
1624289180.66	2850	59.536427	0.0	4512973	894	2.85	64.654	297	3774	57.735566108472916
1624289184.43	2850	59.564556	0.0	5477056	959	2.85	68.654	307	4014	57.5
1624289188.16	2850	59.877453	0.0	5211665	946	2.85	72.654	317	4254	57.5
1624289192.21	2850	59.909946	0.0	5155066	1218	2.85	76.655	330	4494	56.735816045988436
1624289196.35	2850	59.657036	0.0	5042047	842	2.85	80.654	342	4734	57.014253563390916
1624289200.44	2850	59.689179	0.0	4373848	765	2.85	84.655	358	4974	55.986003499125154
1624289204.56	2850	59.472235	0.0	4955552	837	2.85	88.655	366	5214	58
1624289208.21	2850	59.779598	0.0	4533309	863	2.85	92.656	373	5454	58.235441139715
1624289212.17	2850	59.842489	0.0	4404309	1205	2.85	96.655	377	5694	59.014753688422175
1624289216.31	2850	59.782351	0.0	4543808	822	2.85	100.656	394	5934	55.736065983504055
1624289220.49	2850	59.531271	0.0	4672100	864	2.85	104.656	404	6174	57.5
1624289224.32	2850	59.84121	0.0	5112917	1044	2.85	108.656	414	6414	57.5
1624289228.46	2850	59.593263	0.0	4777608	854	2.85	112.656	424	6654	57.5
1624289232.2	2850	59.95051	0.0	5053470	864	2.85	116.657	445	6894	54.73631592101987
1624289236.35	2850	59.733334	0.0	4782473	822	2.85	120.658	457	7134	56.98575356160953
