1624270607.97	750	4	0.195	447032	97	-0.8335	0	0	0	0
1624270609.05	2850	8	0.0	3731877	713	0.75	0	0	0	0
1624270609.74	2850	12	0.0	2988743	481	2.85	0	0	0	0
1624270610.48	2850	15.466722	0.0	3344033	520	2.85	0	0	0	0
1624270611.46	2850	18.633334	0.0	3588671	576	2.85	5.242	0	40	0
1624270612.28	2850	21.652685	0.0	3516436	564	2.85	5.242	0	40	0
1624270613.02	2850	24.927742	0.0	3520561	536	2.85	5.242	0	40	0
1624270613.81	2850	28.121251	0.0	3787958	586	2.85	5.242	0	40	0
1624270614.56	2850	31.366667	0.0	3482140	470	2.85	5.242	0	40	0
1624270615.35	2850	34.588511	0.0	3620909	579	2.85	9.242	12	161	27.249999999999993
1624270616.17	2850	37.766667	0.0	3578596	538	2.85	9.242	12	161	27.249999999999993
1624270617.01	2850	41	0.0	3430213	524	2.85	9.242	12	161	27.249999999999993
1624270617.82	2850	44.123636	0.0	3873343	572	2.85	9.242	12	161	27.249999999999993
1624270618.7	2850	47.237185	0.0	4055051	627	2.85	9.242	12	161	27.249999999999993
1624270619.43	2850	50.510504	0.0	3383484	537	2.85	13.242	13	281	29.75
