1624313496.48	750	4	0.175	447032	88	-0.7474999999999999	0	0	0	0
1624313496.8	1200	8	0.0	1081855	167	0.75	0	0	0	0
1624313497.06	1200	11.953755	0.0	909590	155	1.2	0	0	0	0
1624313497.33	1200	15.670916	0.0	1064785	169	1.2	0	0	0	0
1624313497.62	1200	19.388618	0.0	1068330	172	1.2	0	0	0	0
1624313497.95	1200	23.066667	0.0	1091906	178	1.2	0	0	0	0
1624313498.24	1200	26.783017	0.0	989621	148	1.2	0	0	0	0
1624313498.53	1200	30.460709	0.0	1120373	177	1.2	0	0	0	0
1624313498.84	1200	34.177747	0.0	1096122	166	1.2	0	0	0	0
1624313499.17	1200	37.854125	0.0	1088831	165	1.2	0	0	0	0
1624313499.45	1200	41.571346	0.0	1080940	169	1.2	0	0	0	0
1624313499.75	1200	45.24883	0.0	1075422	166	1.2	0	0	0	0
1624313500.06	1200	48.965834	0.0	1146374	176	1.2	4.649	0	86	0
1624313500.46	1200	52.642624	0.0	1146930	173	1.2	4.649	0	86	0
1624313500.75	1200	56.276921	0.0	1066542	167	1.2	4.649	0	86	0
1624313501.56	1200	59.50433	0.0	1056887	163	1.2	4.649	0	86	0
1624313505.44	1200	59.811353	0.0	990369	147	1.2	8.65	0	206	29.992501874531364
1624313509.27	1200	59.839589	0.0	1015471	161	1.2	12.65	0	326	30
1624313513.14	1200	59.867862	0.0	1173982	153	1.2	16.65	0	446	30.000000000000014
1624313517.45	1200	59.612144	0.0	1058624	155	1.2	20.65	0	566	30
1624313521.26	1200	59.929815	0.0	1046861	155	1.2	24.65	0	686	30
1624313525.17	1200	59.959646	0.0	1048437	181	1.2	28.651	0	806	29.992501874531357
1624313529.53	1200	59.708528	0.0	1152505	189	1.2	32.651	0	926	29.999999999999975
1624313533.34	1200	59.743292	0.0	877099	135	1.2	36.652	0	1046	29.992501874531385
1624313537.7	1200	59.48649	0.0	968042	159	1.2	40.652	0	1167	30.25
1624313541.5	1200	59.511223	0.0	1064114	166	1.2	44.653	0	1286	29.74256435891029
1624313545.29	1200	59.818516	0.0	1005764	159	1.2	48.653	0	1407	30.25
1624313549.63	1200	59.557495	0.0	1078959	185	1.2	52.653	0	1527	30
1624313553.46	1200	59.619859	0.0	1074526	176	1.2	56.655	0	1647	29.985007496251857
1624313557.33	1200	59.936534	0.0	1231303	202	1.2	60.655	0	1767	30
1624313561.11	1200	59.967844	0.0	960890	153	1.2	64.659	0	1887	29.970029970029934
1624313565.46	1200	59.756789	0.0	1183904	194	1.2	68.67	0	2007	29.91772625280482
1624313569.27	1200	59.778314	0.0	1065257	165	1.2	72.67	0	2127	30
1624313573.67	1200	59.528281	0.0	1108615	163	1.2	76.67	0	2247	30
1624313577.52	1200	59.562731	0.0	1113738	166	1.2	80.67	0	2367	30
1624313581.36	1200	59.879938	0.0	981548	148	1.2	84.671	0	2487	29.99250187453133
1624313585.25	1200	59.907855	0.0	1067644	155	1.2	88.671	0	2607	30
1624313589.12	1200	59.939574	0.0	1068520	184	1.2	92.671	0	2727	30
1624313593.42	1200	59.719647	0.0	946116	155	1.2	96.672	0	2847	29.99250187453144
1624313597.21	1200	59.790055	0.0	1041444	149	1.2	100.672	0	2967	30
1624313601.53	1200	59.568789	0.0	1033147	154	1.2	104.672	0	3087	30
1624313605.34	1200	59.912135	0.0	1043384	159	1.2	108.673	0	3207	29.99250187453133
1624313609.13	1200	59.939326	0.0	1047354	162	1.2	112.672	0	3327	30.007501875468904
1624313613.47	1200	59.689308	0.0	1058093	168	1.2	116.673	0	3447	29.99250187453133
1624313617.33	1200	59.715865	0.0	1038662	166	1.2	120.673	0	3567	30
