1624275366.87	750	4	0.182	446149	95	-0.7776000000000001	0	0	0	0
1624275367.64	1850	8	0.0	3302713	549	0.75	0	0	0	0
1624275368.31	1850	12	0.0	2780269	473	1.85	0	0	0	0
1624275369.0	1850	15.4	0.0	3138830	444	1.85	0	0	0	0
1624275369.71	1850	18.683334	0.0	3252745	492	1.85	0	0	0	0
1624275370.53	1850	21.866667	0.0	3175667	621	1.85	5.127	4	109	0
1624275371.24	1850	25.15	0.0	2962628	484	1.85	5.127	4	109	0
1624275371.95	1850	28.466667	0.0	3242545	488	1.85	5.127	4	109	0
1624275372.63	1850	31.766667	0.0	2999470	398	1.85	5.127	4	109	0
1624275373.26	1850	35.133334	0.0	2926075	427	1.85	5.127	4	109	0
1624275374.01	1850	38.416667	0.0	3029009	524	1.85	5.127	4	109	0
1624275374.75	1850	41.683334	0.0	3113599	500	1.85	9.13	22	349	55.45840619535347
1624275375.51	1850	44.892569	0.0	3116790	567	1.85	9.13	22	349	55.45840619535347
1624275376.23	1850	48.2	0.0	3132453	481	1.85	9.13	22	349	55.45840619535347
1624275376.91	1850	51.516667	0.0	2994095	461	1.85	9.13	22	349	55.45840619535347
1624275377.69	1850	54.733334	0.0	3154088	555	1.85	9.13	22	349	55.45840619535347
1624275378.31	1850	58.066667	0.0	2803553	445	1.85	13.13	62	589	50
1624275380.61	1850	59.879715	0.0	3039477	583	1.85	13.13	62	589	50
1624275384.88	1850	59.645079	0.0	3356332	478	1.85	17.13	68	829	58.50000000000003
1624275388.68	1850	59.955991	0.0	3105690	516	1.85	21.13	70	1069	59.5
1624275392.42	1850	59.995437	0.0	3008856	535	1.85	25.131	72	1309	59.48512871782053
1624275397.13	1850	59.454416	0.0	3066869	490	1.85	29.131	73	1549	59.75
1624275400.87	1850	59.494192	0.0	3178549	488	1.85	33.131	77	1789	59
1624275404.56	1850	59.81744	0.0	2577778	465	1.85	37.132	79	2029	59.48512871782058
1624275408.96	1850	59.880407	0.0	2819145	483	1.85	41.132	80	2269	59.75
1624275412.7	1850	59.781953	0.0	3037564	472	1.85	45.137	85	2509	58.676654182272124
1624275417.29	1850	59.519583	0.0	2852411	526	1.85	49.132	89	2749	59.07384230287864
1624275420.75	1850	59.808904	0.0	3004818	425	1.85	53.14	100	2990	57.385229540918125
1624275424.84	1850	59.839073	0.0	2930516	440	1.85	57.134	114	3229	56.334501752628945
