1624321888.88	750	4	0.208	447032	106	-0.8894	0	0	0	0
1624321889.07	750	8	0.0	437784	67	0.75	0	0	0	0
1624321889.25	750	12	0.0	358478	83	0.75	0	0	0	0
1624321889.44	750	16	0.0	433110	84	0.75	0	0	0	0
1624321889.62	750	20	0.0	425284	84	0.75	0	0	0	0
1624321889.8	750	23.91732	0.0	428114	61	0.75	0	0	0	0
1624321889.97	750	27.756149	0.0	387287	71	0.75	0	0	0	0
1624321890.16	750	31.552795	0.0	435324	76	0.75	0	0	0	0
1624321890.36	750	35.350459	0.0	447048	88	0.75	0	0	0	0
1624321890.56	750	39.148331	0.0	446405	79	0.75	0	0	0	0
1624321890.74	750	42.987212	0.0	423631	70	0.75	0	0	0	0
1624321890.91	750	46.785788	0.0	416730	65	0.75	0	0	0	0
1624321891.09	750	50.624274	0.0	471953	84	0.75	0	0	0	0
1624321891.28	750	54.422779	0.0	453536	80	0.75	0	0	0	0
1624321891.48	750	58.220846	0.0	420588	82	0.75	0	0	0	0
1624321894.21	750	59.75619	0.0	420917	67	0.75	4.793	0	73	0
1624321897.94	750	59.825586	0.0	392428	74	0.75	8.793	0	193	30.000000000000007
1624321902.18	750	59.55966	0.0	400748	78	0.75	12.803	0	313	29.92518703241894
1624321905.95	750	59.870282	0.0	471072	94	0.75	16.804	0	433	29.992501874531385
1624321910.19	750	59.613576	0.0	425923	92	0.75	20.803	0	553	30.00750187546885
1624321913.92	750	59.920665	0.0	419792	83	0.75	24.803	0	673	30
1624321918.15	750	59.66726	0.0	429429	83	0.75	28.804	0	793	29.992501874531385
1624321921.88	750	59.983151	0.0	461232	92	0.75	32.805	0	913	29.992501874531357
1624321926.11	750	59.71767	0.0	382848	73	0.75	36.804	0	1033	30.00750187546885
1624321930.3	750	59.452495	0.0	375227	83	0.75	40.805	0	1153	29.992501874531385
1624321934.04	750	59.761396	0.0	437258	105	0.75	44.805	0	1273	30
1624321938.26	750	59.504694	0.0	419071	84	0.75	48.805	0	1393	30
1624321942.02	750	59.803244	0.0	449162	122	0.75	52.805	0	1513	30
1624321946.31	750	59.545318	0.0	447732	71	0.75	56.805	0	1633	30
1624321950.04	750	59.857453	0.0	488806	96	0.75	60.806	0	1753	29.992501874531385
1624321954.25	750	59.600236	0.0	389747	71	0.75	64.806	0	1873	30
1624321958.01	750	59.90592	0.0	485582	100	0.75	68.806	0	1993	30
1624321962.25	750	59.640501	0.0	430276	79	0.75	72.807	0	2113	29.99250187453133
1624321965.99	750	59.955722	0.0	435590	90	0.75	76.807	0	2233	30
1624321969.72	750	59.982544	0.0	459331	100	0.75	80.807	0	2353	30
1624321974.44	750	59.437334	0.0	381587	81	0.75	84.807	0	2473	30
1624321978.17	750	59.748683	0.0	424399	87	0.75	88.808	0	2593	29.99250187453133
1624321982.43	750	59.493468	0.0	436743	94	0.75	92.808	0	2713	30
1624321986.16	750	59.801913	0.0	385692	69	0.75	96.807	0	2833	30.007501875468904
1624321989.89	750	59.823683	0.0	424746	82	0.75	100.808	0	2953	29.99250187453133
1624321994.1	750	59.887387	0.0	407135	85	0.75	104.808	0	3074	30.25
1624321997.82	750	59.900882	0.0	427720	81	0.75	108.809	0	3193	29.742564358910343
1624322002.06	750	59.929131	0.0	427353	82	0.75	112.809	0	3314	30.25
1624322005.78	750	59.957525	0.0	418534	90	0.75	116.811	0	3433	29.735132433783036
1624322009.97	750	59.987672	0.0	421343	92	0.75	120.813	0	3554	30.234882558720674
