1624269944.97	750	4	0.159	446149	68	-0.6787	0	0	0	0
1624269945.81	1850	8	0.0	3302713	544	0.75	0	0	0	0
1624269946.46	1850	12	0.0	2780269	427	1.85	0	0	0	0
1624269947.37	1850	15.266667	0.0	3138830	669	1.85	0	0	0	0
1624269948.1	1850	18.533334	0.0	3252745	520	1.85	0	0	0	0
1624269948.76	1850	21.866667	0.0	3175667	472	1.85	5.234	5	103	0
1624269949.47	1850	25.15	0.0	2962628	520	1.85	5.234	5	103	0
1624269950.34	1850	28.3	0.0	3242545	667	1.85	5.234	5	103	0
1624269951.11	1850	31.533334	0.0	2999470	533	1.85	5.234	5	103	0
1624269951.95	1850	34.667123	0.0	2926075	621	1.85	5.234	5	103	0
1624269952.71	1850	37.916667	0.0	3029009	554	1.85	9.234	18	343	56.75
1624269953.5	1850	41.166667	0.0	3113599	546	1.85	9.234	18	343	56.75
1624269954.26	1850	44.366667	0.0	3116790	547	1.85	9.234	18	343	56.75
1624269955.4	1850	47.25	0.0	3132453	883	1.85	9.234	18	343	56.75
1624269956.07	1850	50.55	0.0	2994095	490	1.85	9.234	18	343	56.75
1624269956.91	1850	53.733334	0.0	3154088	622	1.85	13.233	33	583	56.26406601650412
1624269957.57	1850	57.05	0.0	2803553	481	1.85	13.233	33	583	56.26406601650412
1624269958.82	1850	59.839233	0.0	3039477	522	1.85	13.233	33	583	56.26406601650412
1624269963.05	1850	59.589416	0.0	3356332	491	1.85	17.234	42	823	57.73556610847287
1624269966.76	1850	59.900087	0.0	3105690	463	1.85	21.233	45	1063	59.26481620405103
1624269970.9	1850	59.938603	0.0	3008856	446	1.85	25.234	46	1303	59.73506623344162
1624269975.11	1850	59.686659	0.0	3066869	465	1.85	29.234	47	1543	59.75
1624269978.82	1850	59.998283	0.0	3178549	467	1.85	33.235	49	1783	59.48512871782058
1624269982.98	1850	59.750628	0.0	2577778	411	1.85	37.234	50	2023	59.76494123530879
1624269987.82	1850	59.545748	0.0	2819145	401	1.85	41.235	52	2263	59.48512871782058
1624269991.41	1850	59.467082	0.0	3037564	434	1.85	45.253	53	2504	59.73120955699352
1624269995.32	1850	59.510582	0.0	2852411	393	1.85	49.238	58	2743	58.7202007528231
1624269999.59	1850	59.547292	0.0	3004818	448	1.85	53.238	63	2983	58.75
