1624274213.42	750	4	0.199	447032	83	-0.8506999999999999	0	0	0	0
1624274214.37	2850	8	0.0	3731877	601	0.75	0	0	0	0
1624274215.09	2850	12	0.0	2988743	513	2.85	0	0	0	0
1624274215.86	2850	15.431784	0.0	3344033	553	2.85	0	0	0	0
1624274216.63	2850	18.666667	0.0	3588671	557	2.85	0	0	0	0
1624274217.64	2850	21.654814	0.0	3516436	554	2.85	5.482	0	49	0
1624274218.43	2850	24.887272	0.0	3520561	548	2.85	5.482	0	49	0
1624274219.27	2850	28.040233	0.0	3787958	592	2.85	5.482	0	49	0
1624274220.09	2850	31.233819	0.0	3482140	616	2.85	5.482	0	49	0
1624274221.03	2850	34.266667	0.0	3620909	694	2.85	9.48	14	169	26.513256628314156
1624274221.89	2850	37.417395	0.0	3578596	655	2.85	9.48	14	169	26.513256628314156
1624274222.62	2850	40.690579	0.0	3430213	520	2.85	9.48	14	169	26.513256628314156
1624274223.48	2850	43.844206	0.0	3873343	615	2.85	9.48	14	169	26.513256628314156
