1624288002.72	750	4	0.416	447032	210	-1.7837999999999998	0	0	0	0
1624288003.52	2850	7.8	0.0	3731877	567	0.75	0	0	0	0
1624288004.21	2850	11.133334	0.0	2988743	443	2.85	0	0	0	0
1624288004.92	2850	14.38393	0.0	3344033	545	2.85	0	0	0	0
1624288005.69	2850	17.618338	0.0	3588671	587	2.85	0	0	0	0
1624288006.53	2850	20.809155	0.0	3516436	629	2.85	4.657	0	76	0
1624288007.31	2850	24.04311	0.0	3520561	532	2.85	4.657	0	76	0
1624288008.15	2850	27.196431	0.0	3787958	599	2.85	4.657	0	76	0
1624288009.01	2850	30.333334	0.0	3482140	581	2.85	4.657	0	76	0
1624288009.81	2850	33.500144	0.0	3620909	606	2.85	4.657	0	76	0
1624288010.71	2850	36.733334	0.0	3578596	568	2.85	8.672	2	196	29.38978829389788
1624288011.48	2850	39.843466	0.0	3430213	571	2.85	8.672	2	196	29.38978829389788
1624288012.32	2850	43.033334	0.0	3873343	592	2.85	8.672	2	196	29.38978829389788
1624288013.22	2850	46.146916	0.0	4055051	640	2.85	8.672	2	196	29.38978829389788
1624288013.99	2850	49.330747	0.0	3383484	540	2.85	12.682	4	317	29.675810473815464
1624288014.82	2850	52.533334	0.0	3439708	570	2.85	12.682	4	317	29.675810473815464
1624288015.6	2850	55.718295	0.0	3270011	603	2.85	12.682	4	317	29.675810473815464
1624288016.43	2850	58.910678	0.0	3397053	581	2.85	12.682	4	317	29.675810473815464
1624288019.8	2850	59.58758	0.0	3855639	601	2.85	16.682	5	437	29.750000000000014
1624288023.62	2850	59.89781	0.0	3553518	546	2.85	20.681	5	557	30.00750187546885
1624288027.43	2850	59.926654	0.0	3560530	550	2.85	24.683	5	677	29.98500749625188
1624288031.7	2850	59.666667	0.0	3529545	551	2.85	28.683	5	797	30
1624288035.6	2850	59.978639	0.0	3944215	641	2.85	32.682	5	917	30.00750187546885
1624288039.83	2850	59.722151	0.0	2874206	471	2.85	36.683	5	1037	29.992501874531385
1624288043.59	2850	59.827534	0.0	3298545	501	2.85	40.683	5	1157	30
1624288047.95	2850	59.575912	0.0	3406141	580	2.85	44.684	5	1277	29.992501874531385
1624288051.64	2850	59.88644	0.0	3134119	476	2.85	48.683	5	1397	30.00750187546885
1624288055.51	2850	59.919139	0.0	3769859	595	2.85	52.684	5	1517	29.992501874531385
1624288059.85	2850	59.662307	0.0	3566857	588	2.85	56.684	5	1637	30
1624288063.79	2850	59.691308	0.0	3935536	637	2.85	60.685	6	1757	29.742564358910236
1624288067.6	2850	59.766667	0.0	3251953	579	2.85	64.689	6	1877	29.97002997003004
1624288071.57	2850	59.792299	0.0	3744840	663	2.85	68.689	6	1997	30
1624288075.91	2850	59.529901	0.0	3455854	611	2.85	72.689	6	2117	30
1624288079.72	2850	59.843894	0.0	3548731	536	2.85	76.692	6	2237	29.977516862353234
1624288083.6	2850	59.902434	0.0	3573884	578	2.85	80.692	7	2357	29.75
1624288087.81	2850	59.6544	0.0	3124748	470	2.85	84.693	7	2477	29.99250187453133
1624288091.74	2850	59.682555	0.0	3671669	632	2.85	88.694	9	2597	29.49262684328914
1624288095.55	2850	59.997825	0.0	3397624	583	2.85	92.712	9	2718	30.114484818317568
1624288099.87	2850	59.747231	0.0	3070410	543	2.85	96.711	9	2838	30.007501875468904
1624288103.65	2850	59.773014	0.0	3480718	528	2.85	100.711	9	2958	30
1624288107.93	2850	59.546596	0.0	3396325	527	2.85	104.711	9	3078	30
1624288111.77	2850	59.857608	0.0	3538812	561	2.85	108.712	9	3198	29.99250187453133
1624288115.57	2850	59.876692	0.0	3440498	534	2.85	112.712	9	3318	30
1624288119.87	2850	59.619313	0.0	3504086	567	2.85	116.712	9	3438	30
1624288123.6	2850	59.963584	0.0	3345088	525	2.85	120.712	9	3558	30
