1624331281.22	750	4	0.264	446149	94	-1.1301999999999999	0	0	0	0
1624331281.52	300	8	0.0	458211	76	-0.15000000000000002	0	0	0	0
1624331281.66	300	12	0.0	390124	67	0.3	0	0	0	0
1624331281.93	300	16	0.0	474461	70	0.3	0	0	0	0
1624331282.08	300	20	0.0	444309	71	0.3	0	0	0	0
1624331282.26	300	24	0.0	443120	78	0.3	0	0	0	0
1624331282.42	300	28	0.0	416509	73	0.3	0	0	0	0
1624331282.58	300	32	0.0	451355	71	0.3	0	0	0	0
1624331282.74	300	36	0.0	417757	65	0.3	0	0	0	0
1624331282.9	300	40	0.0	415350	73	0.3	0	0	0	0
1624331283.06	300	44	0.0	433531	68	0.3	0	0	0	0
1624331283.33	300	47.956247	0.0	422916	63	0.3	0	0	0	0
1624331283.51	300	51.633583	0.0	459414	83	0.3	0	0	0	0
1624331283.67	300	55.470086	0.0	450936	74	0.3	0	0	0	0
1624331283.84	300	59.308614	0.0	439746	67	0.3	5.889	0	39	0
1624331287.56	300	59.745417	0.0	432189	69	0.3	5.889	0	39	0
1624331291.79	300	59.494438	0.0	396094	93	0.3	9.889	0	279	60.000000000000014
1624331295.49	300	59.843918	0.0	420942	59	0.3	13.941	0	522	59.970384995064144
1624331299.76	300	59.586098	0.0	477686	81	0.3	17.941	0	762	60.00000000000003
1624331303.48	300	59.905621	0.0	429484	59	0.3	21.959	0	1003	59.980089596814324
1624331307.72	300	59.65	0.0	428693	89	0.3	25.958	0	1243	60.01500375093775
1624331311.45	300	59.965434	0.0	445526	90	0.3	29.959	0	1483	59.98500374906271
1624331315.76	300	59.740844	0.0	459785	79	0.3	33.959	0	1723	59.99999999999995
1624331319.46	300	59.768042	0.0	395717	53	0.3	37.961	0	1963	59.97001499250382
1624331323.67	300	59.512062	0.0	421854	73	0.3	41.961	0	2203	60
1624331327.49	300	59.82896	0.0	464457	174	0.3	45.962	0	2443	59.98500374906266
1624331331.72	300	59.572594	0.0	430202	83	0.3	49.962	0	2684	60.25
1624331335.51	300	59.887696	0.0	445549	172	0.3	53.961	0	2924	60.01500375093781
1624331339.28	300	59.923104	0.0	449734	116	0.3	57.961	0	3164	60
1624331343.59	300	59.662707	0.0	478634	159	0.3	61.962	0	3404	59.98500374906266
1624331347.31	300	59.981548	0.0	421756	71	0.3	65.962	0	3644	60
1624331351.55	300	59.721454	0.0	500580	94	0.3	69.962	0	3884	60
1624331355.78	300	59.466667	0.0	471259	93	0.3	73.962	0	4124	60
1624331359.47	300	59.780195	0.0	447061	72	0.3	77.964	0	4364	59.97001499250382
1624331363.73	300	59.527307	0.0	414676	62	0.3	81.963	0	4604	60.01500375093781
1624331367.54	300	59.847161	0.0	407398	81	0.3	85.964	0	4844	59.98500374906266
1624331371.74	300	59.588296	0.0	438602	66	0.3	89.965	0	5084	59.98500374906266
1624331375.44	300	59.894804	0.0	421192	74	0.3	93.966	0	5324	59.98500374906288
1624331379.62	300	59.68981	0.0	414269	63	0.3	97.966	0	5564	60
1624331383.82	300	59.438028	0.0	427172	73	0.3	101.966	0	5804	60
1624331387.54	300	59.757984	0.0	435036	73	0.3	105.975	0	6044	59.86530306809678
1624331391.75	300	59.50637	0.0	454750	74	0.3	109.976	0	6284	59.98500374906266
1624331395.47	300	59.824102	0.0	436843	79	0.3	113.977	0	6524	59.98500374906266
1624331399.71	300	59.573058	0.0	455439	118	0.3	117.992	0	6765	60.02490660024906
1624331403.39	300	59.883334	0.0	439643	78	0.3	121.992	0	7005	60
