1624324966.65	750	4	0.203	447032	79	-0.8679	0	0	0	0
1624324966.81	300	8	0.0	222343	38	-0.15000000000000002	0	0	0	0
1624324966.93	300	12	0.0	202601	46	0.3	0	0	0	0
1624324967.1	300	16	0.0	231442	36	0.3	0	0	0	0
1624324967.22	300	20	0.0	223916	38	0.3	0	0	0	0
1624324967.38	300	24	0.0	227288	6	0.3	0	0	0	0
1624324967.5	300	28	0.0	210296	36	0.3	0	0	0	0
1624324967.61	300	32	0.0	232710	37	0.3	0	0	0	0
1624324967.73	300	36	0.0	230934	37	0.3	0	0	0	0
1624324967.84	300	40	0.0	230466	37	0.3	0	0	0	0
1624324967.97	300	44	0.0	222766	38	0.3	0	0	0	0
1624324968.1	300	48	0.0	215843	30	0.3	0	0	0	0
1624324968.22	300	52	0.0	240996	43	0.3	0	0	0	0
1624324968.35	300	56	0.0	241376	45	0.3	0	0	0	0
1624324968.49	300	59.998385	0.0	215448	31	0.3	0	0	0	0
1624324973.14	300	59.472364	0.0	224191	40	0.3	5.35	0	41	0
1624324976.86	300	59.821001	0.0	201147	38	0.3	9.352	0	161	29.985007496251868
1624324981.03	300	59.56259	0.0	208138	39	0.3	13.352	0	281	30
1624324984.69	300	59.87016	0.0	237703	42	0.3	17.353	0	401	29.992501874531357
1624324988.9	300	59.647422	0.0	221939	18	0.3	21.353	0	521	30
1624324992.59	300	59.961751	0.0	216091	34	0.3	25.353	0	641	30
1624324996.78	300	59.711447	0.0	221930	29	0.3	29.355	0	761	29.98500749625188
1624325000.94	300	59.750076	0.0	244209	40	0.3	33.354	0	881	30.007501875468876
1624325005.09	300	59.534219	0.0	201448	41	0.3	37.354	0	1001	30
1624325008.74	300	59.875091	0.0	216871	36	0.3	41.355	0	1121	29.992501874531385
1624325012.9	300	59.616729	0.0	226875	42	0.3	45.356	0	1241	29.99250187453133
1624325017.06	300	59.635682	0.0	215302	38	0.3	49.356	0	1361	30
1624325020.75	300	59.95363	0.0	231664	34	0.3	53.356	0	1481	30
1624325024.97	300	59.738986	0.0	233190	35	0.3	57.356	0	1601	30
1624325029.13	300	59.512668	0.0	245887	35	0.3	61.356	0	1721	30
1624325032.83	300	59.833882	0.0	205585	37	0.3	65.357	0	1841	29.992501874531385
1624325037.03	300	59.608063	0.0	248259	10	0.3	69.357	0	1961	30
1624325040.7	300	59.922403	0.0	221496	39	0.3	73.357	0	2081	30
1624325044.85	300	59.674415	0.0	238596	30	0.3	77.357	0	2201	30
1624325048.56	300	59.991451	0.0	239547	53	0.3	81.357	0	2321	30
1624325053.25	300	59.443036	0.0	210306	36	0.3	85.357	0	2441	30
1624325056.92	300	59.753047	0.0	223809	22	0.3	89.358	0	2561	29.99250187453133
1624325061.1	300	59.490182	0.0	233162	49	0.3	93.358	0	2681	30
1624325064.81	300	59.794591	0.0	211150	38	0.3	97.358	0	2801	30
1624325069.02	300	59.580717	0.0	227487	44	0.3	101.358	0	2921	30
1624325072.71	300	59.893779	0.0	218501	34	0.3	105.358	0	3041	30
1624325076.87	300	59.665062	0.0	223461	34	0.3	109.358	0	3161	30
1624325080.54	300	59.979882	0.0	223191	37	0.3	113.358	0	3281	30
1624325085.21	300	59.433334	0.0	228365	53	0.3	117.358	0	3401	30
1624325088.92	300	59.737682	0.0	223247	39	0.3	121.359	0	3521	29.99250187453144
