1624266321.95	750	4	0.155	446149	69	-0.6615	0	0	0	0
1624266323.33	2850	8	0.0	5338027	1011	0.75	0	0	0	0
1624266324.64	2850	10.85	0.0	4485847	982	2.85	0	0	0	0
1624266326.09	2850	13.433334	0.0	5004689	1073	2.85	5.184	4	113	0
1624266327.17	2850	16.3	0.0	5182650	806	2.85	5.184	4	113	0
1624266329.68	2850	18.933334	0.0	5173280	1081	2.85	5.184	4	113	0
1624266330.72	2850	20.733334	0.0	4880493	782	2.85	9.675	55	382	48.541527499443326
1624266334.08	2850	22.783334	0.0	5406574	1701	2.85	9.675	55	382	48.541527499443326
1624266337.71	2850	21.8	0.0	4844720	1822	2.85	15.564	76	736	56.546102903718804
1624266343.34	2850	20.25	0.0	4832207	4200	2.85	19.565	91	976	56.235941014746295
1624266345.08	2850	22.383334	0.0	4887638	746	2.85	23.977	99	1241	58.250226654578434
1624266346.75	2850	24.8	0.0	4995664	1252	2.85	23.977	99	1241	58.250226654578434
