1624274998.03	750	4	0.16	446149	84	-0.6829999999999999	0	0	0	0
1624274999.14	2850	7.633334	0.0	5338027	834	0.75	0	0	0	0
1624275000.23	2850	10.533334	0.0	4485847	878	2.85	0	0	0	0
1624275001.4	2850	13.4	0.0	5004689	896	2.85	0	0	0	0
1624275002.54	2850	16.283334	0.0	5182650	853	2.85	4.659	18	167	0
1624275003.65	2850	19.133334	0.0	5173280	797	2.85	4.659	18	167	0
1624275004.92	2850	22.05	0.0	4880493	822	2.85	4.659	18	167	0
1624275006.35	2850	24.45	0.0	5406574	1014	2.85	8.66	48	407	52.48687828042989
1624275007.47	2850	27.316667	0.0	4844720	843	2.85	8.66	48	407	52.48687828042989
1624275008.44	2850	30.35	0.0	4832207	709	2.85	8.66	48	407	52.48687828042989
1624275009.98	2850	32.916667	0.0	4887638	1168	2.85	12.659	77	647	52.763190797699416
1624275011.23	2850	35.65	0.0	4995664	898	2.85	12.659	77	647	52.763190797699416
1624275012.59	2850	38.416667	0.0	5320325	879	2.85	12.659	77	647	52.763190797699416
1624275013.68	2850	41.1	0.0	5320224	821	2.85	16.66	108	887	52.23694076480881
1624275014.96	2850	43.816667	0.0	4822090	1053	2.85	16.66	108	887	52.23694076480881
1624275016.14	2850	46.633334	0.0	5024811	928	2.85	16.66	108	887	52.23694076480881
1624275017.63	2850	49.15	0.0	4620969	1238	2.85	20.664	132	1127	53.94605394605393
1624275018.84	2850	52.066667	0.0	4982065	835	2.85	20.664	132	1127	53.94605394605393
1624275020.18	2850	54.633334	0.0	5333279	1061	2.85	20.664	132	1127	53.94605394605393
1624275021.37	2850	57.5	0.0	5166435	858	2.85	20.664	132	1127	53.94605394605393
1624275023.1	2850	59.70301	0.0	4952219	946	2.85	24.664	170	1367	50.5
1624275027.26	2850	59.49318	0.0	5148296	880	2.85	28.664	188	1607	55.5
1624275031.03	2850	59.813682	0.0	5332212	929	2.85	32.665	197	1847	57.735566108472916
1624275034.93	2850	59.846686	0.0	4130375	652	2.85	36.666	202	2087	58.7353161709573
1624275038.94	2850	59.869236	0.0	4502091	715	2.85	40.666	213	2327	57.25
1624275043.11	2850	59.614285	0.0	4906417	907	2.85	44.667	220	2567	58.235441139715
1624275047.21	2850	59.645038	0.0	4606683	745	2.85	48.667	225	2807	58.75
1624275050.98	2850	59.95	0.0	4992827	1009	2.85	52.667	233	3047	58
1624275055.01	2850	59.7	0.0	4833092	701	2.85	56.667	246	3287	56.75
1624275059.18	2850	59.691	0.0	5560086	872	2.85	60.667	257	3527	57.25
1624275062.8	2850	59.998105	0.0	4512973	869	2.85	64.668	263	3767	58.4853786553361
1624275067.02	2850	59.737481	0.0	5477056	932	2.85	68.668	272	4007	57.75
1624275071.15	2850	59.709813	0.0	5211665	814	2.85	72.668	281	4247	57.75
1624275075.28	2850	59.454337	0.0	5155066	813	2.85	76.668	288	4487	58.25
1624275079.45	2850	59.471615	0.0	5042047	838	2.85	80.668	298	4727	57.5
1624275082.94	2850	59.778024	0.0	4373848	687	2.85	84.67	306	4968	58.220889555222456
1624275087.13	2850	59.841604	0.0	4955552	924	2.85	88.671	313	5208	58.235441139715
1624275091.2	2850	59.593565	0.0	4533309	720	2.85	92.67	326	5448	56.76419104776201
1624275095.2	2850	59.653791	0.0	4404309	704	2.85	96.671	330	5688	58.98525368657828
1624275099.15	2850	59.676628	0.0	4543808	667	2.85	100.672	335	5928	58.7353161709574
1624275103.2	2850	59.74394	0.0	4672100	738	2.85	104.671	343	6168	58.01450362590634
1624275107.34	2850	59.539364	0.0	5112917	867	2.85	108.672	352	6408	57.735566108473016
1624275110.91	2850	59.886537	0.0	4777608	824	2.85	112.672	357	6648	58.75
1624275115.07	2850	59.661683	0.0	5053470	893	2.85	116.672	364	6888	58.25
1624275119.06	2850	59.690645	0.0	4782473	745	2.85	120.673	370	7128	58.4853786553361
