1624335235.71	750	4	0.159	447032	82	-0.6787	0	0	0	0
1624335236.07	1200	8	0.0	1081855	190	0.75	0	0	0	0
1624335236.33	1200	12	0.0	909590	155	1.2	0	0	0	0
1624335236.61	1200	15.751668	0.0	1064785	169	1.2	0	0	0	0
1624335236.94	1200	19.429083	0.0	1068330	189	1.2	0	0	0	0
1624335237.38	1200	23.023707	0.0	1091906	236	1.2	0	0	0	0
1624335237.66	1200	26.701456	0.0	989621	144	1.2	0	0	0	0
1624335238.0	1200	30.378956	0.0	1120373	198	1.2	0	0	0	0
1624335238.31	1200	34.056868	0.0	1096122	184	1.2	0	0	0	0
1624335238.66	1200	37.694439	0.0	1088831	192	1.2	0	0	0	0
1624335238.98	1200	41.370989	0.0	1080940	178	1.2	0	0	0	0
1624335239.27	1200	45.089186	0.0	1075422	179	1.2	4.74	0	84	0
1624335239.69	1200	48.685795	0.0	1146374	281	1.2	4.74	0	84	0
1624335240.04	1200	52.322594	0.0	1146930	211	1.2	4.74	0	84	0
1624335240.33	1200	56.040075	0.0	1066542	173	1.2	4.74	0	84	0
1624335240.66	1200	59.717738	0.0	1056887	200	1.2	4.74	0	84	0
1624335244.97	1200	59.551272	0.0	990369	171	1.2	8.739	0	204	30.00750187546886
1624335248.54	1200	59.898453	0.0	1015471	395	1.2	12.739	0	324	30
1624335252.47	1200	59.928476	0.0	1173982	247	1.2	16.739	0	444	30
1624335256.85	1200	59.672734	0.0	1058624	195	1.2	20.739	0	564	30
1624335260.93	1200	59.458851	0.0	1046861	414	1.2	24.74	0	684	29.992501874531385
1624335264.78	1200	59.770009	0.0	1048437	172	1.2	28.742	0	804	29.985007496251857
1624335268.68	1200	59.831721	0.0	1152505	208	1.2	32.742	0	924	30.00000000000003
1624335272.98	1200	59.576265	0.0	877099	157	1.2	36.742	0	1044	30
1624335276.81	1200	59.604863	0.0	968042	176	1.2	40.742	0	1164	30
1624335280.67	1200	59.920026	0.0	1064114	208	1.2	44.743	0	1284	29.99250187453133
1624335284.5	1200	59.971019	0.0	1005764	164	1.2	48.743	0	1404	30
1624335289.07	1200	59.47385	0.0	1078959	387	1.2	52.743	0	1524	30
1624335292.96	1200	59.49481	0.0	1074526	239	1.2	56.743	0	1644	30
1624335296.82	1200	59.809133	0.0	1231303	207	1.2	60.744	0	1764	29.992501874531385
1624335300.61	1200	59.835484	0.0	960890	157	1.2	64.744	0	1884	30
1624335304.98	1200	59.580988	0.0	1183904	214	1.2	68.744	0	2004	30
1624335308.55	1200	59.88889	0.0	1065257	374	1.2	72.744	0	2124	30
1624335312.59	1200	59.906323	0.0	1108615	352	1.2	76.744	0	2244	30
1624335316.57	1200	59.928189	0.0	1113738	310	1.2	80.744	0	2364	30
1624335320.4	1200	59.954065	0.0	981548	175	1.2	84.745	0	2484	29.99250187453133
1624335324.94	1200	59.44369	0.0	1067644	371	1.2	88.744	0	2604	30.007501875468904
1624335329.06	1200	59.471199	0.0	1068520	405	1.2	92.745	0	2724	29.99250187453133
1624335332.97	1200	59.530746	0.0	946116	218	1.2	96.745	0	2844	30
1624335336.86	1200	59.560418	0.0	1041444	183	1.2	100.745	0	2964	30
1624335340.92	1200	59.58883	0.0	1033147	381	1.2	104.745	0	3084	30
1624335344.74	1200	59.612834	0.0	1043384	173	1.2	108.746	0	3204	29.99250187453144
1624335348.57	1200	59.919726	0.0	1047354	179	1.2	112.745	0	3324	30.007501875468797
1624335352.42	1200	59.943994	0.0	1058093	191	1.2	116.746	0	3444	29.99250187453144
1624335356.75	1200	59.711889	0.0	1038662	184	1.2	120.746	0	3564	30
