1624317190.91	750	4	0.17	447032	71	-0.726	0	0	0	0
1624317191.08	750	8	0.0	437784	69	0.75	0	0	0	0
1624317191.27	750	12	0.0	358478	59	0.75	0	0	0	0
1624317191.45	750	16	0.0	433110	71	0.75	0	0	0	0
1624317191.61	750	20	0.0	425284	66	0.75	0	0	0	0
1624317191.77	750	24	0.0	428114	65	0.75	0	0	0	0
1624317191.94	750	28	0.0	387287	67	0.75	0	0	0	0
1624317192.11	750	32	0.0	435324	66	0.75	0	0	0	0
1624317192.28	750	36	0.0	447048	70	0.75	0	0	0	0
1624317192.46	750	40	0.0	446405	75	0.75	0	0	0	0
1624317192.66	750	43.954222	0.0	423631	77	0.75	0	0	0	0
1624317192.82	750	47.793105	0.0	416730	60	0.75	0	0	0	0
1624317193.0	750	51.631842	0.0	471953	69	0.75	0	0	0	0
1624317193.19	750	55.429703	0.0	453536	68	0.75	0	0	0	0
1624317193.36	750	59.228137	0.0	420588	67	0.75	0	0	0	0
1624317197.07	750	59.749244	0.0	420917	61	0.75	5.421	0	45	0
1624317201.35	750	59.503679	0.0	392428	66	0.75	9.421	0	165	30.000000000000007
1624317205.07	750	59.574219	0.0	400748	75	0.75	13.421	0	285	30
1624317208.85	750	59.885913	0.0	471072	86	0.75	17.421	0	405	30
1624317213.14	750	59.629721	0.0	425923	75	0.75	21.422	0	525	29.992501874531357
1624317216.84	750	59.938371	0.0	419792	74	0.75	25.425	0	645	29.977516862353234
1624317221.09	750	59.728342	0.0	429429	78	0.75	29.425	0	765	30
1624317225.33	750	59.478993	0.0	461232	74	0.75	33.425	0	885	30.00000000000003
1624317229.07	750	59.788135	0.0	382848	57	0.75	37.425	0	1005	30
1624317233.3	750	59.529637	0.0	375227	58	0.75	41.426	0	1125	29.99250187453133
1624317237.03	750	59.833502	0.0	437258	78	0.75	45.426	0	1245	30
1624317240.74	750	59.889922	0.0	419071	69	0.75	49.426	0	1365	30
1624317244.95	750	59.704395	0.0	449162	75	0.75	53.426	0	1485	30
1624317249.17	750	59.456248	0.0	447732	90	0.75	57.426	0	1605	30
1624317252.88	750	59.768885	0.0	488806	80	0.75	61.426	0	1725	30
1624317257.1	750	59.789749	0.0	389747	66	0.75	65.427	0	1845	29.99250187453133
1624317260.85	750	59.817053	0.0	485582	84	0.75	69.427	0	1965	30
1624317265.1	750	59.560557	0.0	430276	76	0.75	73.427	0	2085	30
1624317268.82	750	59.9078	0.0	435590	75	0.75	77.428	0	2206	30.242439390152533
1624317273.05	750	59.657716	0.0	459331	63	0.75	81.428	0	2325	29.75
1624317276.77	750	59.972187	0.0	381587	68	0.75	85.428	0	2446	30.25
1624317280.99	750	59.7	0.0	424399	72	0.75	89.433	0	2566	29.96254681647933
1624317285.19	750	59.438107	0.0	436743	66	0.75	93.434	0	2686	29.99250187453144
1624317288.91	750	59.736845	0.0	385692	73	0.75	97.434	0	2806	30
1624317293.12	750	59.5161	0.0	424746	82	0.75	101.433	0	2926	30.007501875468797
1624317296.84	750	59.818204	0.0	407135	61	0.75	105.434	0	3046	29.99250187453144
1624317301.07	750	59.563049	0.0	427720	71	0.75	109.434	0	3166	30
1624317304.77	750	59.863951	0.0	427353	74	0.75	113.435	0	3286	29.99250187453133
1624317308.97	750	59.889448	0.0	418534	63	0.75	117.435	0	3406	30
1624317313.18	750	59.622345	0.0	421343	62	0.75	121.442	0	3526	29.947591714499694
