1624276914.5	750	4	0.246	446149	103	-1.0528	0	0	0	0
1624276915.33	1850	8	0.0	3302713	568	0.75	0	0	0	0
1624276916.03	1850	12	0.0	2780269	496	1.85	0	0	0	0
1624276916.82	1850	15.383334	0.0	3138830	563	1.85	0	0	0	0
1624276917.74	1850	18.633334	0.0	3252745	566	1.85	0	0	0	0
1624276918.45	1850	21.75	0.0	3175667	489	1.85	5.555	5	98	0
1624276919.17	1850	25.05	0.0	2962628	504	1.85	5.555	5	98	0
1624276920.06	1850	28.15	0.0	3242545	683	1.85	5.555	5	98	0
1624276920.86	1850	31.366667	0.0	2999470	584	1.85	5.555	5	98	0
1624276921.72	1850	34.483334	0.0	2926075	641	1.85	5.555	5	98	0
1624276922.5	1850	37.716667	0.0	3029009	578	1.85	9.56	19	338	56.4294631710362
1624276923.47	1850	40.766667	0.0	3113599	750	1.85	9.56	19	338	56.4294631710362
1624276924.28	1850	43.933334	0.0	3116790	609	1.85	9.56	19	338	56.4294631710362
1624276925.1	1850	47.15	0.0	3132453	592	1.85	9.56	19	338	56.4294631710362
1624276925.95	1850	50.266667	0.0	2994095	648	1.85	13.561	38	579	55.486128467883034
1624276926.81	1850	53.416667	0.0	3154088	647	1.85	13.561	38	579	55.486128467883034
1624276927.6	1850	56.604659	0.0	2803553	610	1.85	13.561	38	579	55.486128467883034
1624276928.38	1850	59.835026	0.0	3039477	573	1.85	13.561	38	579	55.486128467883034
1624276932.82	1850	59.579656	0.0	3356332	619	1.85	17.561	51	819	56.75
1624276936.57	1850	59.609368	0.0	3105690	554	1.85	21.563	52	1059	59.720139930034996
1624276940.39	1850	59.970055	0.0	3008856	523	1.85	25.563	54	1299	59.5
1624276945.41	1850	59.474794	0.0	3066869	663	1.85	29.563	62	1539	58
1624276948.64	1850	59.558482	0.0	3178549	940	1.85	33.565	62	1779	59.97001499250376
1624276952.37	1850	59.871622	0.0	2577778	500	1.85	37.564	68	2018	58.26456614153535
1624276956.67	1850	59.607764	0.0	2819145	532	1.85	41.564	69	2259	60
1624276960.5	1850	59.926411	0.0	3037564	574	1.85	45.57	75	2499	58.41238142785821
1624276964.87	1850	59.433726	0.0	2852411	610	1.85	49.565	78	2739	59.32415519399253
1624276968.69	1850	59.743589	0.0	3004818	562	1.85	53.565	79	2979	59.75
1624276972.5	1850	59.781686	0.0	2930516	617	1.85	57.565	81	3219	59.5
1624276976.47	1850	59.804549	0.0	3381885	699	1.85	61.565	85	3459	59
1624276980.78	1850	59.555053	0.0	2812661	573	1.85	65.566	87	3699	59.48512871782047
1624276984.74	1850	59.585687	0.0	3529340	661	1.85	69.566	93	3939	58.5
