1624271763.64	750	4	0.207	446149	85	-0.8850999999999999	0	0	0	0
1624271764.43	1850	8	0.0	3302713	523	0.75	0	0	0	0
1624271765.34	1850	11.65	0.0	2780269	664	1.85	0	0	0	0
1624271766.02	1850	14.983334	0.0	3138830	473	1.85	0	0	0	0
1624271766.71	1850	18.283334	0.0	3252745	480	1.85	0	0	0	0
1624271767.42	1850	21.566667	0.0	3175667	517	1.85	5.113	6	116	0
1624271768.12	1850	24.9	0.0	2962628	481	1.85	5.113	6	116	0
1624271769.21	1850	28.133334	0.0	3242545	533	1.85	5.113	6	116	0
1624271769.89	1850	31.083334	0.0	2999470	471	1.85	5.113	6	116	0
1624271770.59	1850	34.416667	0.0	2926075	465	1.85	5.113	6	116	0
1624271771.26	1850	37.733334	0.0	3029009	474	1.85	9.112	21	355	56.014003500875226
1624271771.95	1850	41.083334	0.0	3113599	454	1.85	9.112	21	355	56.014003500875226
1624271772.65	1850	44.35	0.0	3116790	496	1.85	9.112	21	355	56.014003500875226
1624271773.53	1850	47.6	0.0	3132453	547	1.85	9.112	21	355	56.014003500875226
1624271774.33	1850	50.651624	0.0	2994095	485	1.85	9.112	21	355	56.014003500875226
1624271775.05	1850	53.95	0.0	3154088	526	1.85	13.112	33	596	57.25
1624271775.64	1850	57.333334	0.0	2803553	418	1.85	13.112	33	596	57.25
1624271777.34	1850	59.664109	0.0	3039477	484	1.85	13.112	33	596	57.25
1624271781.2	1850	59.937159	0.0	3356332	522	1.85	17.114	55	836	54.472763618190896
1624271785.32	1850	59.685308	0.0	3105690	886	1.85	21.113	58	1076	59.26481620405103
1624271789.55	1850	59.433673	0.0	3008856	513	1.85	25.113	61	1316	59.25
1624271793.29	1850	59.75	0.0	3066869	544	1.85	29.113	63	1556	59.5
1624271797.55	1850	59.493318	0.0	3178549	512	1.85	33.115	65	1796	59.47026486756618
1624271801.23	1850	59.824625	0.0	2577778	460	1.85	37.117	70	2036	58.72063968015999
1624271805.72	1850	59.608667	0.0	2819145	514	1.85	41.117	71	2276	59.75
1624271809.22	1850	59.925928	0.0	3037564	1174	1.85	45.127	71	2516	59.85037406483783
1624271813.47	1850	59.674372	0.0	2852411	410	1.85	49.121	75	2756	59.08863294942414
1624271817.36	1850	59.990212	0.0	3004818	462	1.85	53.121	77	2996	59.5
1624271821.77	1850	59.702845	0.0	2930516	515	1.85	57.121	90	3236	56.75
