1624290158.32	750	4	0.183	447032	86	-0.7818999999999999	0	0	0	0
1624290159.14	2850	7.836345	0.0	3731877	605	0.75	0	0	0	0
1624290159.82	2850	11.188017	0.0	2988743	501	2.85	0	0	0	0
1624290160.74	2850	14.266667	0.0	3344033	699	2.85	0	0	0	0
1624290161.64	2850	17.369754	0.0	3588671	708	2.85	0	0	0	0
1624290162.79	2850	20.233334	0.0	3516436	898	2.85	4.707	0	81	0
1624290163.76	2850	23.225786	0.0	3520561	772	2.85	4.707	0	81	0
1624290164.7	2850	26.3	0.0	3787958	692	2.85	4.707	0	81	0
1624290165.86	2850	29.166667	0.0	3482140	901	2.85	8.707	3	201	29.249999999999993
1624290166.95	2850	32.072377	0.0	3620909	853	2.85	8.707	3	201	29.249999999999993
1624290168.07	2850	34.966667	0.0	3578596	848	2.85	8.707	3	201	29.249999999999993
1624290169.06	2850	38.066667	0.0	3430213	613	2.85	8.707	3	201	29.249999999999993
1624290169.97	2850	41.043784	0.0	3873343	679	2.85	12.706	5	321	29.507376844211063
1624290170.96	2850	44.034269	0.0	4055051	729	2.85	12.706	5	321	29.507376844211063
1624290171.78	2850	47.227075	0.0	3383484	612	2.85	12.706	5	321	29.507376844211063
1624290172.66	2850	50.339331	0.0	3439708	648	2.85	12.706	5	321	29.507376844211063
1624290173.75	2850	53.289242	0.0	3270011	852	2.85	16.707	5	441	29.992501874531357
1624290174.7	2850	56.320176	0.0	3397053	725	2.85	16.707	5	441	29.992501874531357
1624290175.71	2850	59.311242	0.0	3855639	778	2.85	16.707	5	441	29.992501874531357
1624290179.26	2850	59.99319	0.0	3553518	799	2.85	20.708	5	562	30.24243939015248
1624290183.59	2850	59.456528	0.0	3560530	593	2.85	24.708	5	682	30
1624290187.47	2850	59.762022	0.0	3529545	588	2.85	28.708	5	802	30
1624290191.36	2850	59.834539	0.0	3944215	632	2.85	32.707	5	922	30.00750187546885
1624290195.54	2850	59.638668	0.0	2874206	475	2.85	36.709	5	1042	29.985007496251857
1624290199.3	2850	59.974881	0.0	3298545	547	2.85	40.709	5	1162	30
1624290203.61	2850	59.43188	0.0	3406141	531	2.85	44.71	5	1282	29.992501874531385
1624290207.4	2850	59.741745	0.0	3134119	495	2.85	48.71	5	1402	30
1624290211.45	2850	59.81681	0.0	3769859	696	2.85	52.71	7	1522	29.5
1624290215.44	2850	59.846246	0.0	3566857	670	2.85	56.717	7	1642	29.94759171449964
1624290219.33	2850	59.910379	0.0	3935536	619	2.85	60.72	7	1762	29.977516862353234
1624290223.21	2850	59.973572	0.0	3251953	626	2.85	64.72	7	1882	30
1624290227.65	2850	59.431146	0.0	3744840	638	2.85	68.72	7	2002	30
1624290231.63	2850	59.465584	0.0	3455854	719	2.85	72.72	7	2122	30
1624290235.31	2850	59.823044	0.0	3548731	858	2.85	76.721	7	2242	29.99250187453133
1624290239.4	2850	59.852961	0.0	3573884	760	2.85	80.733	7	2362	29.910269192422728
1624290243.22	2850	59.961885	0.0	3124748	568	2.85	84.733	7	2482	30
1624290247.2	2850	59.941754	0.0	3671669	624	2.85	88.732	10	2602	29.25731432858218
1624290251.09	2850	59.968789	0.0	3397624	613	2.85	92.734	11	2722	29.735132433783143
1624290255.37	2850	59.712658	0.0	3070410	541	2.85	96.733	11	2842	30.007501875468797
1624290259.35	2850	59.747853	0.0	3480718	746	2.85	100.734	11	2962	29.99250187453144
1624290263.36	2850	59.77572	0.0	3396325	720	2.85	104.734	11	3082	30
1624290267.44	2850	59.847906	0.0	3538812	807	2.85	108.734	11	3202	30
1624290271.43	2850	59.876557	0.0	3440498	719	2.85	112.734	11	3322	30
1624290275.24	2850	59.937737	0.0	3504086	583	2.85	116.737	11	3442	29.977516862353234
1624290279.33	2850	59.719459	0.0	3345088	833	2.85	120.736	11	3562	30.007501875468797
