1624315767.74	750	4	0.209	447032	116	-0.8936999999999999	0	0	0	0
1624315767.89	300	8	0.0	222343	40	-0.15000000000000002	0	0	0	0
1624315768.0	300	12	0.0	202601	32	0.3	0	0	0	0
1624315768.18	300	16	0.0	231442	40	0.3	0	0	0	0
1624315768.3	300	20	0.0	223916	39	0.3	0	0	0	0
1624315768.41	300	24	0.0	227288	34	0.3	0	0	0	0
1624315768.52	300	28	0.0	210296	31	0.3	0	0	0	0
1624315768.65	300	32	0.0	232710	36	0.3	0	0	0	0
1624315768.77	300	36	0.0	230934	34	0.3	0	0	0	0
1624315768.88	300	40	0.0	230466	34	0.3	0	0	0	0
1624315769.0	300	44	0.0	222766	37	0.3	0	0	0	0
1624315769.12	300	47.916508	0.0	215843	21	0.3	0	0	0	0
1624315769.25	300	51.795842	0.0	240996	39	0.3	0	0	0	0
1624315769.38	300	55.63386	0.0	241376	36	0.3	0	0	0	0
1624315769.5	300	59.55326	0.0	215448	32	0.3	0	0	0	0
1624315773.65	300	59.470909	0.0	224191	35	0.3	5.392	0	56	0
1624315777.28	300	59.791797	0.0	201147	35	0.3	9.392	0	176	30.000000000000007
1624315781.42	300	59.83165	0.0	208138	34	0.3	13.393	0	296	29.992501874531357
1624315785.58	300	59.570908	0.0	237703	38	0.3	17.392	0	416	30.007501875468876
1624315789.25	300	59.869924	0.0	221939	35	0.3	21.392	0	536	30
1624315793.48	300	59.607227	0.0	216091	32	0.3	25.394	0	656	29.98500749625188
1624315797.15	300	59.922476	0.0	221930	43	0.3	29.394	0	776	30
1624315801.33	300	59.947476	0.0	244209	45	0.3	33.394	0	896	30
1624315805.48	300	59.688021	0.0	201448	34	0.3	37.394	0	1016	30
1624315809.64	300	59.423854	0.0	216871	42	0.3	41.394	0	1136	30
1624315813.79	300	59.442609	0.0	226875	40	0.3	45.4	0	1257	30.20469296055916
1624315817.44	300	59.745922	0.0	215302	32	0.3	49.395	0	1376	29.78723404255316
1624315821.62	300	59.484773	0.0	231664	52	0.3	53.395	0	1496	30
1624315825.28	300	59.791184	0.0	233190	49	0.3	57.395	0	1616	30
1624315829.46	300	59.824723	0.0	245887	50	0.3	61.395	0	1736	30
1624315833.65	300	59.572035	0.0	205585	34	0.3	65.398	0	1856	29.977516862353287
1624315837.32	300	59.880059	0.0	248259	25	0.3	69.398	0	1976	30
1624315841.5	300	59.620982	0.0	221496	32	0.3	73.398	0	2096	30
1624315845.19	300	59.928771	0.0	238596	37	0.3	77.399	0	2216	29.99250187453133
1624315849.35	300	59.675939	0.0	239547	43	0.3	81.399	0	2336	30
1624315853.49	300	59.7	0.0	210306	31	0.3	85.4	0	2457	30.242439390152427
1624315857.66	300	59.442802	0.0	223809	44	0.3	89.4	0	2577	30
1624315861.34	300	59.748002	0.0	233162	49	0.3	93.399	0	2697	30.007501875468904
1624315865.51	300	59.775352	0.0	211150	41	0.3	97.4	0	2816	29.742564358910236
1624315869.66	300	59.521052	0.0	227487	37	0.3	101.4	0	2937	30.25
1624315873.33	300	59.846855	0.0	218501	40	0.3	105.408	0	3057	29.940119760479075
1624315877.52	300	59.626074	0.0	223461	52	0.3	109.401	0	3177	30.05259203606315
1624315881.19	300	59.951315	0.0	223191	41	0.3	113.402	0	3297	29.99250187453133
1624315885.33	300	59.70219	0.0	228365	40	0.3	117.403	0	3417	29.99250187453133
1624315889.48	300	59.733334	0.0	223247	38	0.3	121.402	0	3537	30.007501875468904
