1624334300.64	750	4	0.163	447032	75	-0.6959	0	0	0	0
1624334300.82	750	8	0.0	437784	78	0.75	0	0	0	0
1624334301.0	750	12	0.0	358478	93	0.75	0	0	0	0
1624334301.17	750	16	0.0	433110	74	0.75	0	0	0	0
1624334301.38	750	20	0.0	425284	71	0.75	0	0	0	0
1624334301.55	750	24	0.0	428114	73	0.75	0	0	0	0
1624334301.71	750	28	0.0	387287	72	0.75	0	0	0	0
1624334301.89	750	32	0.0	435324	78	0.75	0	0	0	0
1624334302.06	750	36	0.0	447048	82	0.75	0	0	0	0
1624334302.24	750	39.955068	0.0	446405	80	0.75	0	0	0	0
1624334302.4	750	43.793683	0.0	423631	73	0.75	0	0	0	0
1624334302.57	750	47.631906	0.0	416730	76	0.75	0	0	0	0
1624334302.77	750	51.430214	0.0	471953	90	0.75	0	0	0	0
1624334302.95	750	55.269041	0.0	453536	87	0.75	0	0	0	0
1624334303.11	750	59.107623	0.0	420588	77	0.75	0	0	0	0
1624334306.8	750	59.460105	0.0	420917	84	0.75	5.227	0	51	0
1624334310.5	750	59.812977	0.0	392428	69	0.75	9.226	0	171	30.00750187546886
1624334314.72	750	59.56046	0.0	400748	74	0.75	13.227	0	291	29.99250187453137
1624334318.47	750	59.869679	0.0	471072	95	0.75	17.227	0	411	30
1624334322.67	750	59.607828	0.0	425923	87	0.75	21.227	0	531	30
1624334326.4	750	59.91915	0.0	419792	80	0.75	25.227	0	651	30
1624334330.67	750	59.666667	0.0	429429	71	0.75	29.227	0	771	30
1624334334.38	750	59.974897	0.0	461232	92	0.75	33.228	0	891	29.992501874531357
1624334338.61	750	59.723266	0.0	382848	66	0.75	37.231	0	1011	29.977516862353234
1624334342.86	750	59.470658	0.0	375227	82	0.75	41.231	0	1131	30
1624334346.58	750	59.78451	0.0	437258	80	0.75	45.231	0	1251	30
1624334350.81	750	59.535798	0.0	419071	69	0.75	49.231	0	1371	30
1624334354.53	750	59.84535	0.0	449162	66	0.75	53.232	0	1491	29.992501874531385
1624334358.71	750	59.59422	0.0	447732	80	0.75	57.232	0	1611	30
1624334362.43	750	59.911544	0.0	488806	99	0.75	61.233	0	1731	29.992501874531385
1624334366.61	750	59.650415	0.0	389747	65	0.75	65.232	0	1851	30.00750187546885
1624334370.34	750	59.970683	0.0	485582	87	0.75	69.233	0	1971	29.99250187453133
1624334374.54	750	59.706783	0.0	430276	86	0.75	73.232	0	2091	30.007501875468904
1624334378.76	750	59.473902	0.0	435590	88	0.75	77.233	0	2211	29.99250187453133
1624334382.5	750	59.78315	0.0	459331	96	0.75	81.234	0	2331	29.99250187453144
1624334386.7	750	59.551417	0.0	381587	78	0.75	85.233	0	2451	30.007501875468797
1624334390.43	750	59.87213	0.0	424399	80	0.75	89.234	0	2571	29.99250187453144
1624334394.63	750	59.617162	0.0	436743	63	0.75	93.233	0	2691	30.007501875468797
1624334398.34	750	59.924813	0.0	385692	73	0.75	97.234	0	2812	30.242439390152533
1624334402.53	750	59.669032	0.0	424746	69	0.75	101.234	0	2931	29.75
1624334406.73	750	59.695933	0.0	407135	73	0.75	105.235	0	3052	30.242439390152427
1624334410.93	750	59.441923	0.0	427720	84	0.75	109.239	0	3172	29.970029970029934
1624334414.65	750	59.753594	0.0	427353	80	0.75	113.239	0	3292	30
1624334418.83	750	59.506188	0.0	418534	79	0.75	117.239	0	3412	30
1624334422.5	750	59.824476	0.0	421343	71	0.75	121.243	0	3532	29.97002997003004
