1624312328.0	750	4	0.173	447032	58	-0.7389	0	0	0	0
1624312328.2	750	8	0.0	437784	61	0.75	0	0	0	0
1624312328.35	750	12	0.0	358478	56	0.75	0	0	0	0
1624312328.5	750	16	0.0	433110	67	0.75	0	0	0	0
1624312328.66	750	20	0.0	425284	35	0.75	0	0	0	0
1624312328.81	750	24	0.0	428114	64	0.75	0	0	0	0
1624312328.96	750	28	0.0	387287	62	0.75	0	0	0	0
1624312329.12	750	32	0.0	435324	67	0.75	0	0	0	0
1624312329.28	750	36	0.0	447048	73	0.75	0	0	0	0
1624312329.45	750	40	0.0	446405	67	0.75	0	0	0	0
1624312329.61	750	44	0.0	423631	63	0.75	0	0	0	0
1624312329.76	750	47.914609	0.0	416730	41	0.75	0	0	0	0
1624312329.92	750	51.753608	0.0	471953	69	0.75	0	0	0	0
1624312330.07	750	55.592123	0.0	453536	71	0.75	0	0	0	0
1624312330.24	750	59.431085	0.0	420588	61	0.75	0	0	0	0
1624312333.93	750	59.752973	0.0	420917	66	0.75	5.232	0	47	0
1624312338.13	750	59.779181	0.0	392428	64	0.75	9.232	0	167	30.000000000000007
1624312342.35	750	59.528259	0.0	400748	65	0.75	13.232	0	287	30
1624312346.14	750	59.840442	0.0	471072	70	0.75	17.233	0	407	29.992501874531357
1624312349.85	750	59.906608	0.0	425923	63	0.75	21.233	0	527	30
1624312354.06	750	59.656522	0.0	419792	77	0.75	25.234	0	647	29.992501874531357
1624312357.78	750	59.965231	0.0	429429	82	0.75	29.234	0	767	30
1624312361.96	750	59.705773	0.0	461232	80	0.75	33.234	0	887	30
1624312366.14	750	59.737927	0.0	382848	49	0.75	37.234	0	1007	30
1624312370.31	750	59.518208	0.0	375227	57	0.75	41.234	0	1127	30
1624312374.0	750	59.834052	0.0	437258	79	0.75	45.235	0	1247	29.992501874531385
1624312378.22	750	59.57616	0.0	419071	64	0.75	49.235	0	1367	30
1624312381.93	750	59.883917	0.0	449162	71	0.75	53.235	0	1487	30
1624312386.15	750	59.659027	0.0	447732	77	0.75	57.235	0	1607	30
1624312389.88	750	59.962695	0.0	488806	80	0.75	61.236	0	1727	29.992501874531385
1624312394.07	750	59.702551	0.0	389747	89	0.75	65.236	0	1847	29.999999999999947
1624312398.28	750	59.438824	0.0	485582	89	0.75	69.236	0	1967	30
1624312401.98	750	59.740529	0.0	430276	95	0.75	73.237	0	2087	29.99250187453144
1624312406.2	750	59.48417	0.0	435590	75	0.75	77.236	0	2207	30.007501875468797
1624312409.91	750	59.794181	0.0	459331	88	0.75	81.237	0	2327	29.99250187453144
1624312414.13	750	59.580952	0.0	381587	67	0.75	85.237	0	2447	30
1624312417.87	750	59.89326	0.0	424399	83	0.75	89.238	0	2567	29.99250187453133
1624312422.13	750	59.667676	0.0	436743	86	0.75	93.238	0	2687	30
1624312426.34	750	59.440965	0.0	385692	52	0.75	97.238	0	2807	30
1624312430.04	750	59.75031	0.0	424746	77	0.75	101.238	0	2927	30
1624312434.3	750	59.52693	0.0	407135	102	0.75	105.239	0	3047	29.99250187453133
1624312438.02	750	59.839547	0.0	427720	87	0.75	109.239	0	3167	30
1624312442.22	750	59.582994	0.0	427353	81	0.75	113.239	0	3287	30
1624312445.92	750	59.902516	0.0	418534	82	0.75	117.242	0	3407	29.977516862353234
1624312450.15	750	59.641428	0.0	421343	80	0.75	121.242	0	3527	30
