1624349821.86	750	4	0.619	447032	85	-2.6567	21.917	0	0	0
1624349822.01	300	8	0.0	222343	38	-0.15000000000000002	21.917	0	0	0
1624349822.35	300	12	0.0	202601	86	0.3	21.917	0	0	0
1624349822.5	300	16	0.0	231442	43	0.3	21.917	0	0	0
1624349822.64	300	19.914886	0.0	223916	41	0.3	21.917	0	0	0
1624349822.82	300	23.713166	0.0	227288	40	0.3	21.917	0	0	0
1624349822.95	300	27.591027	0.0	210296	30	0.3	21.917	0	0	0
1624349823.09	300	31.427872	0.0	232710	42	0.3	21.917	0	0	0
1624349823.23	300	35.307082	0.0	230934	47	0.3	21.917	0	0	0
1624349823.37	300	39.145652	0.0	230466	33	0.3	21.917	0	0	0
1624349823.48	300	43.023986	0.0	222766	33	0.3	21.917	0	0	0
1624349823.6	300	46.943348	0.0	215843	37	0.3	21.917	0	0	0
1624349823.74	300	50.782285	0.0	240996	34	0.3	21.917	0	0	0
1624349823.88	300	54.661012	0.0	241376	38	0.3	21.917	0	0	0
1624349824.04	300	58.5	0.0	215448	37	0.3	21.917	0	0	0
1624349827.3	300	59.46289	0.0	224191	37	0.3	25.917	0	95	23.75
1624349831.3	300	59.43718	0.0	201147	181	0.3	29.918	0	215	29.992501874531385
1624349835.23	300	59.750022	0.0	208138	27	0.3	33.918	0	335	30
1624349851.87	300	47.161066	0.0	237703	1553	0.3	50.774	0	840	30
1624349852.08	300	50.472936	0.0	221939	37	0.3	50.774	0	840	30
1624349852.24	300	54.310526	0.0	216091	37	0.3	50.774	0	840	30
1624349852.38	300	58.146417	0.0	221930	21	0.3	50.774	0	840	30
1624349855.62	300	59.629727	0.0	244209	36	0.3	54.774	0	960	30
1624349858.95	300	59.664544	0.0	201448	43	0.3	58.774	0	1080	30
1624349866.92	300	59.69628	0.0	216871	36	0.3	62.775	0	1200	29.992501874531385
1624349869.17	300	57.362592	0.0	226875	63	0.3	69.298	0	1396	30.047524145331888
1624349879.95	300	50.596383	0.0	215302	5495	0.3	77.299	0	1636	30
1624349880.1	300	54.435326	0.0	231664	49	0.3	77.299	0	1636	30
1624349880.24	300	58.273595	0.0	233190	46	0.3	77.299	0	1636	30
1624349882.93	300	59.80031	0.0	245887	41	0.3	81.3	0	1756	29.99250187453144
1624349886.88	300	59.833633	0.0	205585	164	0.3	85.3	0	1876	30
1624349891.43	300	59.862642	0.0	248259	56	0.3	89.3	0	1996	30
1624349894.93	300	59.88525	0.0	221496	119	0.3	93.304	0	2116	29.970029970029934
1624349899.07	300	59.626826	0.0	238596	55	0.3	97.305	0	2236	29.99250187453133
1624349902.85	300	59.929855	0.0	239547	86	0.3	101.305	0	2356	30
1624349907.01	300	59.745253	0.0	210306	47	0.3	105.305	0	2476	30
1624349911.18	300	59.529775	0.0	223809	46	0.3	109.307	0	2596	29.98500749625191
1624349914.98	300	59.550911	0.0	233162	144	0.3	113.307	0	2716	30
1624349918.66	300	59.9	0.0	211150	58	0.3	117.308	0	2836	29.99250187453133
1624349922.83	300	59.922224	0.0	227487	50	0.3	121.308	0	2956	30
1624349927.06	300	59.673611	0.0	218501	48	0.3	125.307	0	3076	30.007501875468904
1624349930.76	300	59.987876	0.0	223461	39	0.3	129.308	0	3196	29.99250187453144
1624349934.93	300	59.767339	0.0	223191	41	0.3	133.308	0	3316	30
1624349939.09	300	59.510253	0.0	228365	46	0.3	137.309	0	3436	29.99250187453133
1624349942.73	300	59.819505	0.0	223247	36	0.3	141.309	0	3556	30
