1624338906.59	750	4	0.207	447032	110	-0.8850999999999999	0	0	0	0
1624338907.0	1200	8	0.0	1081855	214	0.75	0	0	0	0
1624338907.28	1200	12	0.0	909590	177	1.2	0	0	0	0
1624338907.6	1200	16	0.0	1064785	201	1.2	0	0	0	0
1624338907.92	1200	20	0.0	1068330	211	1.2	0	0	0	0
1624338908.27	1200	24	0.0	1091906	216	1.2	0	0	0	0
1624338908.57	1200	27.715907	0.0	989621	193	1.2	0	0	0	0
1624338908.9	1200	31.393587	0.0	1120373	207	1.2	0	0	0	0
1624338909.22	1200	35.070441	0.0	1096122	207	1.2	0	0	0	0
1624338909.59	1200	38.70841	0.0	1088831	200	1.2	0	0	0	0
1624338910.1	1200	42.384509	0.0	1080940	205	1.2	5.206	0	47	0
1624338910.43	1200	45.86123	0.0	1075422	209	1.2	5.206	0	47	0
1624338910.79	1200	49.497964	0.0	1146374	240	1.2	5.206	0	47	0
1624338911.17	1200	53.134475	0.0	1146930	246	1.2	5.206	0	47	0
1624338911.5	1200	56.811325	0.0	1066542	213	1.2	5.206	0	47	0
1624338912.88	1200	59.474938	0.0	1056887	206	1.2	5.206	0	47	0
1624338916.78	1200	59.795526	0.0	990369	239	1.2	9.207	0	167	29.992501874531364
1624338920.63	1200	59.855547	0.0	1015471	193	1.2	13.207	0	287	30
1624338924.57	1200	59.883217	0.0	1173982	216	1.2	17.244	0	408	29.97275204359674
1624338928.45	1200	59.917538	0.0	1058624	214	1.2	21.244	0	528	30
1624338932.48	1200	59.941357	0.0	1046861	232	1.2	25.244	0	648	30
1624338936.36	1200	59.980005	0.0	1048437	250	1.2	29.244	0	768	30
1624338940.79	1200	59.770413	0.0	1152505	271	1.2	33.245	0	888	29.992501874531385
1624338944.66	1200	59.795742	0.0	877099	160	1.2	37.245	0	1008	30
1624338948.63	1200	59.867312	0.0	968042	202	1.2	41.244	0	1128	30.00750187546885
1624338952.51	1200	59.898256	0.0	1064114	182	1.2	45.245	0	1248	29.992501874531385
1624338956.63	1200	59.934814	0.0	1005764	328	1.2	49.245	0	1368	30
1624338960.62	1200	59.957412	0.0	1078959	303	1.2	53.245	0	1488	30
1624338964.56	1200	59.744253	0.0	1074526	275	1.2	57.246	0	1608	29.99250187453133
1624338968.57	1200	59.78041	0.0	1231303	350	1.2	61.245	0	1728	30.007501875468904
1624338972.51	1200	59.8504	0.0	960890	248	1.2	65.246	0	1848	29.992501874531385
1624338976.43	1200	59.887821	0.0	1183904	212	1.2	69.247	0	1968	29.99250187453133
1624338980.84	1200	59.631214	0.0	1065257	239	1.2	73.246	0	2088	30.007501875468904
1624338984.69	1200	59.697871	0.0	1108615	189	1.2	77.246	0	2208	30
1624338988.61	1200	59.714888	0.0	1113738	261	1.2	81.247	0	2328	29.99250187453133
1624338992.98	1200	59.491779	0.0	981548	173	1.2	85.247	0	2448	30
1624338996.89	1200	59.522539	0.0	1067644	233	1.2	89.248	0	2568	29.99250187453133
1624339000.81	1200	59.556896	0.0	1068520	245	1.2	93.249	0	2688	29.99250187453144
1624339004.65	1200	59.868173	0.0	946116	179	1.2	97.25	0	2808	29.99250187453133
1624339008.56	1200	59.900593	0.0	1041444	193	1.2	101.25	0	2928	30
1624339012.4	1200	59.99582	0.0	1033147	187	1.2	105.25	0	3048	30
1624339016.84	1200	59.735112	0.0	1043384	237	1.2	109.251	0	3168	29.99250187453133
1624339020.68	1200	59.762005	0.0	1047354	170	1.2	113.25	0	3288	30.007501875468904
1624339024.52	1200	59.796294	0.0	1058093	185	1.2	117.251	0	3408	29.99250187453133
1624339028.87	1200	59.53797	0.0	1038662	185	1.2	121.251	0	3528	30
