1624283539.37	750	4	0.209	447032	124	-0.8936999999999999	0	0	0	0
1624283539.97	1850	8	0.0	2254830	340	0.75	0	0	0	0
1624283540.47	1850	12	0.0	1837501	355	1.85	0	0	0	0
1624283541.0	1850	16	0.0	2108748	377	1.85	0	0	0	0
1624283541.55	1850	19.549716	0.0	2229492	341	1.85	0	0	0	0
1624283542.03	1850	23.065149	0.0	2078237	305	1.85	0	0	0	0
1624283542.54	1850	26.582136	0.0	2030644	341	1.85	0	0	0	0
1624283543.42	1850	29.69305	0.0	2298831	435	1.85	5.621	0	54	0
1624283543.95	1850	33.168038	0.0	2164964	373	1.85	5.621	0	54	0
1624283544.48	1850	36.643425	0.0	2175479	337	1.85	5.621	0	54	0
1624283545.04	1850	40.079215	0.0	2156805	380	1.85	5.621	0	54	0
1624283545.6	1850	43.514492	0.0	2101523	379	1.85	5.621	0	54	0
1624283546.23	1850	46.86885	0.0	2344608	448	1.85	5.621	0	54	0
1624283546.79	1850	50.301851	0.0	2334646	400	1.85	5.621	0	54	0
1624283547.34	1850	53.777299	0.0	2109579	374	1.85	9.621	0	174	30
1624283547.83	1850	57.288934	0.0	2097243	336	1.85	9.621	0	174	30
1624283549.33	1850	59.831949	0.0	2054074	333	1.85	9.621	0	174	30
1624283553.43	1850	59.851052	0.0	2079344	342	1.85	13.62	0	294	30.007501875468876
1624283557.48	1850	59.886147	0.0	2353718	360	1.85	17.62	0	414	29.999999999999986
1624283561.56	1850	59.645573	0.0	2119053	367	1.85	21.621	0	534	29.992501874531385
1624283565.56	1850	59.676579	0.0	2145449	340	1.85	25.622	0	654	29.992501874531357
1624283569.14	1850	59.987794	0.0	2087310	410	1.85	29.621	0	774	30.007501875468876
1624283573.7	1850	59.440731	0.0	2348666	363	1.85	33.622	0	894	29.992501874531357
1624283577.74	1850	59.468742	0.0	1801794	295	1.85	37.622	0	1014	30
1624283581.53	1850	59.779718	0.0	1864524	438	1.85	41.622	0	1134	30
1624283585.67	1850	59.533334	0.0	2051691	453	1.85	45.623	0	1254	29.992501874531385
1624283589.71	1850	59.561472	0.0	1898420	362	1.85	49.623	0	1374	30
1624283593.4	1850	59.888814	0.0	2276304	471	1.85	53.623	0	1494	30
1624283597.52	1850	59.648457	0.0	2239013	404	1.85	57.623	0	1614	30
1624283601.23	1850	59.964414	0.0	2417622	451	1.85	61.632	0	1734	29.93265153404839
1624283605.76	1850	59.522201	0.0	1950728	322	1.85	65.641	0	1854	29.932651534048336
1624283609.33	1850	59.882505	0.0	2268079	351	1.85	69.633	0	1974	30.060120240481037
1624283613.36	1850	59.908827	0.0	2105954	324	1.85	73.633	0	2094	30
1624283617.38	1850	59.98179	0.0	2049597	354	1.85	77.635	0	2214	29.985007496251804
1624283621.43	1850	59.724262	0.0	2267452	366	1.85	81.634	0	2334	30.007501875468904
1624283625.39	1850	59.757869	0.0	1977775	297	1.85	85.635	0	2454	29.99250187453133
1624283629.42	1850	59.8	0.0	2145766	356	1.85	89.635	0	2574	30
1624283633.45	1850	59.82831	0.0	2064567	338	1.85	93.636	0	2694	29.99250187453144
1624283637.42	1850	59.867766	0.0	1899367	274	1.85	97.636	0	2814	30
1624283641.47	1850	59.629043	0.0	2118078	285	1.85	101.637	0	2934	29.99250187453133
1624283645.48	1850	59.664279	0.0	2045638	325	1.85	105.637	0	3054	30
1624283649.54	1850	59.693302	0.0	2132751	358	1.85	109.644	0	3174	29.947591714499588
1624283653.54	1850	59.722711	0.0	2105800	351	1.85	113.638	0	3294	30.045067601402106
1624283657.62	1850	59.752319	0.0	2117310	390	1.85	117.638	0	3414	30
1624283661.68	1850	59.504108	0.0	2106167	340	1.85	121.638	0	3534	30
