1624315135.18	750	4	0.213	446149	62	-0.9108999999999999	0	0	0	0
1624315135.72	1200	8	0.0	1737810	313	0.75	0	0	0	0
1624315136.09	1200	12	0.0	1497975	233	1.2	0	0	0	0
1624315136.5	1200	16	0.0	1711143	258	1.2	0	0	0	0
1624315136.95	1200	20	0.0	1733770	295	1.2	0	0	0	0
1624315137.37	1200	23.591229	0.0	1749315	255	1.2	0	0	0	0
1624315137.8	1200	27.188065	0.0	1603603	255	1.2	0	0	0	0
1624315138.24	1200	30.744691	0.0	1702216	281	1.2	0	0	0	0
1624315138.72	1200	34.260761	0.0	1641950	336	1.2	5.167	1	87	0
1624315139.11	1200	37.85777	0.0	1559808	254	1.2	5.167	1	87	0
1624315139.55	1200	41.416667	0.0	1622647	254	1.2	5.167	1	87	0
1624315139.96	1200	45.007371	0.0	1630019	263	1.2	5.167	1	87	0
1624315140.38	1200	48.6	0.0	1658562	264	1.2	5.167	1	87	0
1624315140.79	1200	52.194726	0.0	1669221	271	1.2	5.167	1	87	0
1624315141.19	1200	55.791688	0.0	1636310	251	1.2	5.167	1	87	0
1624315141.62	1200	59.348649	0.0	1732283	284	1.2	5.167	1	87	0
1624315145.52	1200	59.546025	0.0	1511913	240	1.2	9.168	2	327	59.73506623344165
1624315149.42	1200	59.5763	0.0	1593050	232	1.2	13.169	2	567	59.98500374906271
1624315153.4	1200	59.610165	0.0	1818927	300	1.2	17.169	2	807	60
1624315157.43	1200	59.654146	0.0	1667234	346	1.2	21.169	2	1047	60
1624315161.33	1200	59.683334	0.0	1633180	251	1.2	25.169	2	1287	60
1624315165.52	1200	59.755758	0.0	1663787	248	1.2	29.169	2	1527	60
1624315169.48	1200	59.790148	0.0	1674035	235	1.2	33.175	9	1767	58.16275586620075
1624315173.51	1200	59.990174	0.0	1460813	221	1.2	37.196	9	2009	60.18403382243222
1624315177.24	1200	59.905526	0.0	1541638	229	1.2	41.196	30	2249	54.75
1624315181.55	1200	59.931769	0.0	1680082	261	1.2	45.2	31	2489	59.69030969030962
