1624290538.98	750	4	0.175	447032	93	-0.7474999999999999	0	0	0	0
1624290539.51	1850	8	0.0	2254830	354	0.75	0	0	0	0
1624290539.94	1850	12	0.0	1837501	281	1.85	0	0	0	0
1624290540.53	1850	16	0.0	2108748	433	1.85	0	0	0	0
1624290541.07	1850	19.513811	0.0	2229492	351	1.85	0	0	0	0
1624290541.64	1850	22.949315	0.0	2078237	366	1.85	0	0	0	0
1624290542.18	1850	26.383295	0.0	2030644	384	1.85	0	0	0	0
1624290542.71	1850	29.859415	0.0	2298831	370	1.85	5.188	0	50	0
1624290543.29	1850	33.293138	0.0	2164964	375	1.85	5.188	0	50	0
1624290543.79	1850	36.768811	0.0	2175479	315	1.85	5.188	0	50	0
1624290544.31	1850	40.242897	0.0	2156805	345	1.85	5.188	0	50	0
1624290544.92	1850	43.635661	0.0	2101523	445	1.85	5.188	0	50	0
1624290545.47	1850	47.111417	0.0	2344608	378	1.85	5.188	0	50	0
1624290546.06	1850	50.507425	0.0	2334646	372	1.85	5.188	0	50	0
1624290546.54	1850	54.023811	0.0	2109579	337	1.85	9.188	0	170	29.999999999999993
1624290547.01	1850	57.54044	0.0	2097243	323	1.85	9.188	0	170	29.999999999999993
1624290549.0	1850	59.805621	0.0	2054074	310	1.85	9.188	0	170	29.999999999999993
1624290553.03	1850	59.544015	0.0	2079344	327	1.85	13.188	0	290	30
1624290557.13	1850	59.583682	0.0	2353718	362	1.85	17.188	0	410	30.000000000000014
1624290561.11	1850	59.619771	0.0	2119053	329	1.85	21.188	0	530	30
1624290565.1	1850	59.651749	0.0	2145449	342	1.85	25.188	0	650	30
1624290568.62	1850	59.978558	0.0	2087310	304	1.85	29.188	0	770	30
1624290573.22	1850	59.439939	0.0	2348666	418	1.85	33.189	0	890	29.992501874531357
1624290577.14	1850	59.466667	0.0	1801794	767	1.85	37.191	0	1010	29.985007496251857
1624290581.13	1850	59.501326	0.0	1864524	293	1.85	41.191	0	1130	30
1624290585.17	1850	59.536928	0.0	2051691	360	1.85	45.191	0	1250	30
1624290588.72	1850	59.897704	0.0	1898420	309	1.85	49.192	0	1370	29.992501874531385
1624290592.87	1850	59.938514	0.0	2276304	478	1.85	53.192	0	1490	30
1624290596.96	1850	59.695465	0.0	2239013	347	1.85	57.192	0	1610	30
1624290601.23	1850	59.529988	0.0	2417622	429	1.85	61.192	0	1731	30.25
1624290604.84	1850	59.886607	0.0	1950728	306	1.85	65.196	0	1851	29.970029970029987
1624290608.99	1850	59.683478	0.0	2268079	458	1.85	69.193	0	1971	30.02251688766575
1624290613.0	1850	59.726962	0.0	2105954	335	1.85	73.192	0	2091	30.007501875468904
1624290617.01	1850	59.75672	0.0	2049597	318	1.85	77.195	0	2211	29.977516862353234
1624290621.06	1850	59.513957	0.0	2267452	337	1.85	81.195	0	2331	30
1624290625.07	1850	59.550612	0.0	1977775	316	1.85	85.195	0	2451	30
1624290629.1	1850	59.596654	0.0	2145766	324	1.85	89.196	0	2571	29.99250187453133
1624290632.67	1850	59.916392	0.0	2064567	392	1.85	93.196	0	2691	30
1624290636.7	1850	59.981303	0.0	1899367	302	1.85	97.197	0	2811	29.99250187453133
1624290641.31	1850	59.452891	0.0	2118078	351	1.85	101.197	0	2931	30
1624290644.81	1850	59.769187	0.0	2045638	314	1.85	105.197	0	3051	30
1624290648.85	1850	59.798868	0.0	2132751	353	1.85	109.199	0	3171	29.98500749625191
1624290652.85	1850	59.817593	0.0	2105800	324	1.85	113.197	0	3291	30.015007503751843
1624290656.84	1850	59.886423	0.0	2117310	344	1.85	117.2	0	3411	29.977516862353234
1624290660.92	1850	59.928468	0.0	2106167	334	1.85	121.201	0	3531	29.99250187453144
