1624309603.92	750	4	0.181	446149	90	-0.7733	0	0	0	0
1624309604.1	300	8	0.0	458211	87	-0.15000000000000002	0	0	0	0
1624309604.28	300	12	0.0	390124	74	0.3	0	0	0	0
1624309604.48	300	16	0.0	474461	93	0.3	0	0	0	0
1624309604.68	300	20	0.0	444309	117	0.3	0	0	0	0
1624309604.86	300	24	0.0	443120	81	0.3	0	0	0	0
1624309605.02	300	28	0.0	416509	71	0.3	0	0	0	0
1624309605.19	300	32	0.0	451355	76	0.3	0	0	0	0
1624309605.36	300	36	0.0	417757	86	0.3	0	0	0	0
1624309605.54	300	40	0.0	415350	70	0.3	0	0	0	0
1624309605.76	300	44	0.0	433531	55	0.3	0	0	0	0
1624309605.92	300	47.871021	0.0	422916	68	0.3	0	0	0	0
1624309606.09	300	51.668875	0.0	459414	79	0.3	0	0	0	0
1624309606.27	300	55.506932	0.0	450936	77	0.3	0	0	0	0
1624309606.48	300	59.304634	0.0	439746	79	0.3	0	0	0	0
1624309610.2	300	59.739373	0.0	432189	80	0.3	5.196	0	87	0
1624309614.45	300	59.51911	0.0	396094	77	0.3	9.196	0	327	60
1624309618.15	300	59.81755	0.0	420942	61	0.3	13.195	0	567	60.01500375093772
1624309622.4	300	59.562905	0.0	477686	81	0.3	17.196	0	807	59.98500374906271
1624309626.15	300	59.873444	0.0	429484	73	0.3	21.196	0	1047	60
1624309630.35	300	59.618789	0.0	428693	70	0.3	25.197	0	1287	59.98500374906277
1624309634.07	300	59.933334	0.0	445526	89	0.3	29.197	0	1527	60
1624309637.82	300	59.962256	0.0	459785	95	0.3	33.197	0	1767	59.99999999999995
1624309642.5	300	59.466667	0.0	395717	64	0.3	37.197	0	2007	60
1624309646.2	300	59.776612	0.0	421854	48	0.3	41.198	0	2247	59.98500374906277
1624309650.45	300	59.527005	0.0	464457	90	0.3	45.203	0	2487	59.92509363295876
1624309654.17	300	59.836571	0.0	430202	61	0.3	49.198	0	2727	60.0750938673342
1624309657.91	300	59.906905	0.0	445549	78	0.3	53.198	0	2967	60
1624309662.1	300	59.933334	0.0	449734	74	0.3	57.198	1	3207	59.75
1624309666.31	300	59.672956	0.0	478634	82	0.3	61.199	1	3447	59.98500374906277
1624309670.05	300	59.985104	0.0	421756	62	0.3	65.198	1	3687	60.01500375093781
1624309674.32	300	59.72712	0.0	500580	92	0.3	69.198	1	3927	60
1624309678.05	300	59.759329	0.0	471259	82	0.3	73.199	1	4167	59.98500374906266
1624309682.25	300	59.793306	0.0	447061	68	0.3	77.199	1	4407	60
1624309685.95	300	59.828859	0.0	414676	67	0.3	81.199	1	4647	60
1624309690.15	300	59.858139	0.0	407398	70	0.3	85.2	1	4887	59.98500374906266
1624309694.39	300	59.605601	0.0	438602	72	0.3	89.199	1	5127	60.01500375093781
1624309698.13	300	59.636492	0.0	421192	75	0.3	93.201	1	5367	59.97001499250382
1624309702.32	300	59.663963	0.0	414269	67	0.3	97.202	1	5607	59.98500374906266
1624309706.03	300	59.975636	0.0	427172	61	0.3	101.202	1	5847	60
1624309710.25	300	59.719223	0.0	435036	90	0.3	105.202	1	6087	60
1624309714.46	300	59.466691	0.0	454750	76	0.3	109.203	1	6327	59.98500374906266
1624309718.15	300	59.776911	0.0	436843	76	0.3	113.202	1	6567	60.01500375093781
1624309722.34	300	59.523944	0.0	455439	77	0.3	117.203	1	6807	59.98500374906266
1624309726.03	300	59.836511	0.0	439643	81	0.3	121.203	1	7047	60
