1624326369.65	750	4	0.194	447032	64	-0.8291999999999999	0	0	0	0
1624326370.0	1200	8	0.0	1081855	174	0.75	0	0	0	0
1624326370.26	1200	12	0.0	909590	161	1.2	0	0	0	0
1624326370.52	1200	16	0.0	1064785	155	1.2	0	0	0	0
1624326370.81	1200	20	0.0	1068330	173	1.2	0	0	0	0
1624326371.1	1200	24	0.0	1091906	171	1.2	0	0	0	0
1624326371.38	1200	28	0.0	989621	148	1.2	0	0	0	0
1624326371.69	1200	31.714309	0.0	1120373	176	1.2	0	0	0	0
1624326372.03	1200	35.389253	0.0	1096122	187	1.2	0	0	0	0
1624326372.33	1200	39.066667	0.0	1088831	167	1.2	0	0	0	0
1624326372.63	1200	42.783637	0.0	1080940	175	1.2	0	0	0	0
1624326373.0	1200	46.420845	0.0	1075422	259	1.2	5.36	0	43	0
1624326373.3	1200	50.098121	0.0	1146374	186	1.2	5.36	0	43	0
1624326373.64	1200	53.775549	0.0	1146930	170	1.2	5.36	0	43	0
1624326373.99	1200	57.412768	0.0	1066542	186	1.2	5.36	0	43	0
1624326375.79	1200	59.755055	0.0	1056887	177	1.2	5.36	0	43	0
1624326380.13	1200	59.507871	0.0	990369	157	1.2	9.359	0	163	30.00750187546887
1624326383.97	1200	59.533334	0.0	1015471	165	1.2	13.36	0	283	29.99250187453137
1624326387.83	1200	59.578432	0.0	1173982	195	1.2	17.36	0	403	30
1624326391.66	1200	59.896105	0.0	1058624	166	1.2	21.361	0	523	29.992501874531357
1624326395.5	1200	59.923025	0.0	1046861	162	1.2	25.361	0	643	30
1624326399.82	1200	59.675038	0.0	1048437	173	1.2	29.36	0	763	30.007501875468876
1624326403.69	1200	59.712178	0.0	1152505	189	1.2	33.361	0	883	29.992501874531385
1624326407.97	1200	59.473987	0.0	877099	143	1.2	37.361	0	1003	30
1624326411.8	1200	59.8	0.0	968042	161	1.2	41.362	0	1123	29.99250187453133
1624326415.61	1200	59.832312	0.0	1064114	148	1.2	45.362	0	1243	30
1624326419.93	1200	59.571741	0.0	1005764	166	1.2	49.362	0	1363	30
1624326423.77	1200	59.885222	0.0	1078959	167	1.2	53.362	0	1483	30
1624326427.59	1200	59.906105	0.0	1074526	178	1.2	57.362	0	1603	30
1624326431.95	1200	59.650471	0.0	1231303	184	1.2	61.362	0	1723	30
1624326435.77	1200	59.71037	0.0	960890	149	1.2	65.363	0	1843	29.992501874531385
1624326440.14	1200	59.456886	0.0	1183904	193	1.2	69.362	0	1963	30.007501875468904
1624326443.99	1200	59.556822	0.0	1065257	171	1.2	73.363	0	2083	29.99250187453133
1624326447.84	1200	59.583344	0.0	1108615	184	1.2	77.363	0	2203	30
1624326451.74	1200	59.900846	0.0	1113738	184	1.2	81.363	0	2323	30
1624326455.54	1200	59.963691	0.0	981548	157	1.2	85.364	0	2443	29.99250187453133
1624326459.9	1200	59.708457	0.0	1067644	177	1.2	89.364	0	2563	30
1624326463.72	1200	59.739736	0.0	1068520	172	1.2	93.364	0	2683	30
1624326468.01	1200	59.482742	0.0	946116	156	1.2	97.365	0	2803	29.99250187453144
1624326471.85	1200	59.795199	0.0	1041444	175	1.2	101.364	0	2923	30.007501875468797
1624326475.64	1200	59.866927	0.0	1033147	161	1.2	105.366	0	3043	29.98500749625191
1624326479.97	1200	59.603096	0.0	1043384	171	1.2	109.365	0	3163	30.007501875468904
1624326483.84	1200	59.647186	0.0	1047354	166	1.2	113.365	0	3283	30
1624326487.62	1200	59.974977	0.0	1058093	177	1.2	117.365	0	3403	30
1624326491.93	1200	59.724736	0.0	1038662	169	1.2	121.366	0	3523	29.99250187453133
