1624286459.16	750	4	0.443	447032	255	-1.8998999999999997	0	0	0	0
1624286460.09	1850	7.673102	0.0	2254830	674	0.75	0	0	0	0
1624286460.81	1850	10.946029	0.0	1837501	549	1.85	0	0	0	0
1624286461.66	1850	14.097403	0.0	2108748	671	1.85	0	0	0	0
1624286462.5	1850	17.266667	0.0	2229492	619	1.85	4.653	0	71	0
1624286463.26	1850	20.515528	0.0	2078237	485	1.85	4.653	0	71	0
1624286463.9	1850	23.870859	0.0	2030644	424	1.85	4.653	0	71	0
1624286464.54	1850	27.226158	0.0	2298831	482	1.85	4.653	0	71	0
1624286465.17	1850	30.581163	0.0	2164964	434	1.85	4.653	0	71	0
1624286465.88	1850	33.893918	0.0	2175479	497	1.85	4.653	0	71	0
1624286466.52	1850	37.247768	0.0	2156805	434	1.85	8.652	0	191	30.00750187546887
1624286467.13	1850	40.642158	0.0	2101523	411	1.85	8.652	0	191	30.00750187546887
1624286467.79	1850	43.995139	0.0	2344608	470	1.85	8.652	0	191	30.00750187546887
1624286468.54	1850	47.227723	0.0	2334646	564	1.85	8.652	0	191	30.00750187546887
1624286469.14	1850	50.622614	0.0	2109579	412	1.85	8.652	0	191	30.00750187546887
1624286469.71	1850	54.055662	0.0	2097243	415	1.85	8.652	0	191	30.00750187546887
1624286470.31	1850	57.449758	0.0	2054074	414	1.85	12.653	0	311	29.992501874531357
1624286471.92	1850	59.911564	0.0	2079344	359	1.85	12.653	0	311	29.992501874531357
1624286476.09	1850	59.654179	0.0	2353718	496	1.85	16.653	0	431	30.000000000000014
1624286480.12	1850	59.682362	0.0	2119053	352	1.85	20.661	0	551	29.94011976047902
1624286484.2	1850	59.707225	0.0	2145449	366	1.85	24.658	0	671	30.02251688766575
1624286487.97	1850	59.773298	0.0	2087310	548	1.85	28.658	0	791	30
1624286492.29	1850	59.514077	0.0	2348666	553	1.85	32.658	0	911	30
1624286495.97	1850	59.824986	0.0	1801794	508	1.85	36.658	0	1031	30
1624286500.29	1850	59.568649	0.0	1864524	567	1.85	40.659	0	1151	29.992501874531385
1624286504.06	1850	59.921242	0.0	2051691	561	1.85	44.659	0	1271	30
1624286508.29	1850	59.661637	0.0	1898420	515	1.85	48.66	0	1391	29.992501874531385
1624286511.97	1850	59.968661	0.0	2276304	491	1.85	52.66	0	1511	30
1624286516.23	1850	59.706132	0.0	2239013	475	1.85	56.661	0	1631	29.99250187453133
1624286520.04	1850	59.738027	0.0	2417622	558	1.85	60.661	0	1751	30
1624286524.22	1850	59.762103	0.0	1950728	462	1.85	64.661	0	1871	30
1624286527.97	1850	59.790106	0.0	2268079	472	1.85	68.661	0	1991	30
1624286532.31	1850	59.529944	0.0	2105954	638	1.85	72.661	0	2111	30
1624286536.15	1850	59.84085	0.0	2049597	590	1.85	76.662	0	2231	29.99250187453133
1624286540.3	1850	59.587957	0.0	2267452	446	1.85	80.662	0	2351	30
1624286544.12	1850	59.90341	0.0	1977775	584	1.85	84.662	0	2471	30
1624286547.9	1850	59.934432	0.0	2145766	573	1.85	88.662	0	2591	30
1624286552.12	1850	59.682439	0.0	2064567	504	1.85	92.663	0	2711	29.99250187453144
1624286556.1	1850	59.742883	0.0	1899367	310	1.85	96.664	0	2831	29.99250187453133
1624286560.17	1850	59.76716	0.0	2118078	361	1.85	100.663	0	2951	30.007501875468904
1624286564.18	1850	59.794205	0.0	2045638	340	1.85	104.664	0	3071	29.99250187453133
1624286568.25	1850	59.531585	0.0	2132751	362	1.85	108.664	0	3191	30
1624286572.29	1850	59.554555	0.0	2105800	340	1.85	112.665	0	3311	29.99250187453133
1624286576.32	1850	59.580873	0.0	2117310	373	1.85	116.665	0	3431	30
1624286579.87	1850	59.897007	0.0	2106167	383	1.85	120.666	0	3551	29.99250187453144
