1624307966.75	750	4	0.198	447032	87	-0.8463999999999999	0	0	0	0
1624307966.91	300	8	0.0	222343	36	-0.15000000000000002	0	0	0	0
1624307967.05	300	12	0.0	202601	35	0.3	0	0	0	0
1624307967.16	300	16	0.0	231442	38	0.3	0	0	0	0
1624307967.29	300	20	0.0	223916	34	0.3	0	0	0	0
1624307967.43	300	23.918285	0.0	227288	20	0.3	0	0	0	0
1624307967.54	300	27.797507	0.0	210296	33	0.3	0	0	0	0
1624307967.65	300	31.676692	0.0	232710	34	0.3	0	0	0	0
1624307967.77	300	35.596174	0.0	230934	38	0.3	0	0	0	0
1624307967.93	300	39.435015	0.0	230466	80	0.3	0	0	0	0
1624307968.05	300	43.313922	0.0	222766	31	0.3	0	0	0	0
1624307968.19	300	47.152634	0.0	215843	43	0.3	0	0	0	0
1624307968.34	300	51.031132	0.0	240996	39	0.3	0	0	0	0
1624307968.49	300	54.870166	0.0	241376	36	0.3	0	0	0	0
1624307968.63	300	58.708779	0.0	215448	33	0.3	0	0	0	0
1624307971.77	300	59.749843	0.0	224191	33	0.3	4.628	0	83	0
1624307975.94	300	59.49008	0.0	201147	39	0.3	8.628	0	204	30.25
1624307979.6	300	59.805068	0.0	208138	22	0.3	12.63	0	324	29.985007496251868
1624307983.81	300	59.542886	0.0	237703	36	0.3	16.631	0	444	29.99250187453137
1624307987.97	300	59.569082	0.0	221939	43	0.3	20.631	0	564	30
1624307991.62	300	59.886376	0.0	216091	47	0.3	24.631	0	684	30
1624307995.77	300	59.623781	0.0	221930	49	0.3	28.632	0	804	29.992501874531357
1624307999.43	300	59.937864	0.0	244209	50	0.3	32.632	0	924	30.00000000000003
1624308003.58	300	59.96512	0.0	201448	41	0.3	36.633	0	1044	29.99250187453133
1624308007.76	300	59.695133	0.0	216871	36	0.3	40.633	0	1164	30
1624308011.96	300	59.480848	0.0	226875	47	0.3	44.636	0	1284	29.977516862353234
1624308015.61	300	59.786456	0.0	215302	41	0.3	48.635	0	1404	30.007501875468904
1624308019.75	300	59.803014	0.0	231664	37	0.3	52.635	0	1524	30
1624308023.94	300	59.547962	0.0	233190	33	0.3	56.636	0	1644	29.99250187453133
1624308027.61	300	59.854034	0.0	245887	45	0.3	60.637	0	1764	29.992501874531385
1624308031.79	300	59.591993	0.0	205585	50	0.3	64.637	0	1884	30
1624308035.45	300	59.906055	0.0	248259	41	0.3	68.637	0	2004	30
1624308039.6	300	59.933334	0.0	221496	40	0.3	72.637	0	2124	30
1624308043.77	300	59.672137	0.0	238596	47	0.3	76.637	0	2244	30
1624308048.04	300	59.477216	0.0	239547	58	0.3	80.639	0	2364	29.98500749625191
1624308051.68	300	59.795122	0.0	210306	29	0.3	84.65	0	2484	29.917726252804712
1624308055.88	300	59.571989	0.0	223809	52	0.3	88.649	0	2604	30.007501875468904
1624308059.61	300	59.881173	0.0	233162	42	0.3	92.65	0	2724	29.99250187453133
1624308063.78	300	59.621145	0.0	211150	19	0.3	96.65	0	2844	30
1624308067.92	300	59.639447	0.0	227487	39	0.3	100.651	0	2964	29.99250187453144
1624308071.57	300	59.945465	0.0	218501	43	0.3	104.65	0	3084	30.007501875468797
1624308075.8	300	59.684635	0.0	223461	118	0.3	108.651	0	3204	29.99250187453144
1624308079.51	300	59.996341	0.0	223191	52	0.3	112.652	0	3324	29.99250187453133
1624308083.72	300	59.744885	0.0	228365	47	0.3	116.652	0	3444	30
1624308087.86	300	59.772401	0.0	223247	36	0.3	120.684	0	3565	30.00992063492066
