1624275541.56	750	4	0.168	446149	95	-0.7173999999999999	0	0	0	0
1624275542.35	1850	7.833728	0.0	3302713	524	0.75	0	0	0	0
1624275543.1	1850	11.083334	0.0	2780269	560	1.85	0	0	0	0
1624275544.14	1850	14.05541	0.0	3138830	799	1.85	0	0	0	0
1624275544.89	1850	17.3	0.0	3252745	552	1.85	0	0	0	0
1624275545.64	1850	20.55	0.0	3175667	549	1.85	4.638	6	171	0
1624275546.27	1850	23.966667	0.0	2962628	425	1.85	4.638	6	171	0
1624275547.0	1850	27.2	0.0	3242545	530	1.85	4.638	6	171	0
1624275547.95	1850	30.266667	0.0	2999470	690	1.85	4.638	6	171	0
1624275548.64	1850	33.55	0.0	2926075	500	1.85	4.638	6	171	0
1624275549.43	1850	36.783334	0.0	3029009	558	1.85	8.638	31	411	53.75
1624275550.17	1850	40	0.0	3113599	557	1.85	8.638	31	411	53.75
1624275551.1	1850	43.133334	0.0	3116790	696	1.85	8.638	31	411	53.75
1624275552.01	1850	46.216667	0.0	3132453	671	1.85	8.638	31	411	53.75
1624275552.76	1850	49.416667	0.0	2994095	562	1.85	8.638	31	411	53.75
1624275553.53	1850	52.683334	0.0	3154088	535	1.85	12.639	48	651	55.73606598350413
1624275554.17	1850	56.033334	0.0	2803553	432	1.85	12.639	48	651	55.73606598350413
1624275554.99	1850	59.283334	0.0	3039477	532	1.85	12.639	48	651	55.73606598350413
1624275558.44	1850	59.941977	0.0	3356332	663	1.85	16.639	72	891	54
1624275562.69	1850	59.679094	0.0	3105690	484	1.85	20.639	82	1131	57.5
1624275566.36	1850	59.986345	0.0	3008856	475	1.85	24.639	83	1371	59.75
1624275570.75	1850	59.448546	0.0	3066869	637	1.85	28.64	91	1611	57.98550362409396
1624275574.53	1850	59.754372	0.0	3178549	535	1.85	32.64	97	1851	58.5
1624275578.69	1850	59.49192	0.0	2577778	435	1.85	36.641	100	2091	59.23519120219949
1624275582.38	1850	59.802715	0.0	2819145	493	1.85	40.641	101	2331	59.75
1624275586.63	1850	59.827871	0.0	3037564	471	1.85	44.641	102	2571	59.75
1624275590.32	1850	59.853391	0.0	2852411	443	1.85	48.642	106	2811	58.98525368657828
1624275594.49	1850	59.88233	0.0	3004818	461	1.85	52.642	109	3051	59.25
1624275598.27	1850	59.915725	0.0	2930516	524	1.85	56.642	110	3291	59.75
1624275602.58	1850	59.660739	0.0	3381885	538	1.85	60.642	128	3531	55.5
1624275606.81	1850	59.439926	0.0	2812661	443	1.85	64.643	130	3771	59.48512871782058
1624275610.75	1850	59.75691	0.0	3529340	569	1.85	68.643	134	4011	59
1624275614.63	1850	59.53864	0.0	3274615	628	1.85	72.642	136	4251	59.51487871967999
1624275618.53	1850	59.850296	0.0	3020205	653	1.85	76.643	138	4491	59.48512871782047
1624275622.46	1850	59.872775	0.0	3084353	701	1.85	80.643	140	4731	59.5
1624275626.27	1850	59.9	0.0	2743535	567	1.85	84.644	141	4971	59.73506623344157
1624275630.57	1850	59.646356	0.0	3049078	528	1.85	88.644	144	5211	59.25
1624275634.93	1850	59.436854	0.0	2866070	635	1.85	92.652	145	5452	59.88023952095815
1624275638.7	1850	59.751455	0.0	2786310	487	1.85	96.65	154	5692	57.778889444722296
1624275642.86	1850	59.492814	0.0	2886749	446	1.85	100.652	156	5932	59.470264867566286
1624275646.73	1850	59.511978	0.0	2928463	629	1.85	104.651	158	6172	59.51487871967999
1624275650.47	1850	59.81916	0.0	3115560	472	1.85	108.652	162	6412	58.98525368657828
1624275654.67	1850	59.558185	0.0	3008634	453	1.85	112.651	165	6652	59.26481620405109
1624275658.37	1850	59.903341	0.0	3111850	489	1.85	116.651	167	6892	59.5
1624275662.51	1850	59.931263	0.0	2982399	455	1.85	120.651	168	7132	59.75
