1624323562.34	750	4	0.169	446149	68	-0.7216999999999999	0	0	0	0
1624323562.58	750	8	0.0	657276	108	0.75	0	0	0	0
1624323562.76	750	12	0.0	531142	79	0.75	0	0	0	0
1624323562.96	750	16	0.0	641782	97	0.75	0	0	0	0
1624323563.17	750	20	0.0	655328	105	0.75	0	0	0	0
1624323563.36	750	24	0.0	643029	98	0.75	0	0	0	0
1624323563.54	750	28	0.0	586466	88	0.75	0	0	0	0
1624323563.73	750	32	0.0	640646	101	0.75	0	0	0	0
1624323563.94	750	36	0.0	603976	92	0.75	0	0	0	0
1624323564.13	750	40	0.0	579575	83	0.75	0	0	0	0
1624323564.34	750	43.916808	0.0	622523	97	0.75	0	0	0	0
1624323564.54	750	47.715072	0.0	590406	93	0.75	0	0	0	0
1624323564.74	750	51.513643	0.0	636852	97	0.75	0	0	0	0
1624323564.93	750	55.312037	0.0	619167	94	0.75	0	0	0	0
1624323565.15	750	59.070496	0.0	636453	105	0.75	0	0	0	0
1624323568.89	750	59.430585	0.0	637789	101	0.75	5.276	0	82	0
1624323572.61	750	59.737814	0.0	574537	94	0.75	9.275	0	322	60.01500375093772
1624323576.85	750	59.477582	0.0	595492	104	0.75	13.277	0	562	59.97001499250376
1624323580.63	750	59.800739	0.0	662075	117	0.75	17.281	0	802	59.940059940059946
1624323584.88	750	59.550554	0.0	622438	97	0.75	21.281	0	1042	60
1624323588.61	750	59.868969	0.0	607166	89	0.75	25.281	0	1282	60
1624323592.34	750	59.936627	0.0	615645	112	0.75	29.283	0	1522	59.970014992503714
1624323596.59	750	59.683334	0.0	651954	110	0.75	33.282	0	1762	60.01500375093781
1624323600.33	750	59.997245	0.0	550774	90	0.75	37.282	0	2002	60
1624323604.62	750	59.7312	0.0	594579	110	0.75	41.282	0	2242	60
1624323608.87	750	59.481263	0.0	632394	105	0.75	45.286	0	2482	59.94005994005987
1624323612.69	750	59.793213	0.0	575968	95	0.75	49.282	0	2722	60.06006006006013
1624323616.45	750	59.823091	0.0	632851	101	0.75	53.283	0	2962	59.98500374906266
1624323620.7	750	59.607644	0.0	604086	96	0.75	57.284	0	3202	59.98500374906277
1624323624.44	750	59.922524	0.0	712976	112	0.75	61.284	0	3442	60
1624323628.66	750	59.702883	0.0	581323	99	0.75	65.283	0	3682	60.0150037509377
1624323632.93	750	59.486461	0.0	729373	117	0.75	69.284	0	3922	59.98500374906266
1624323636.67	750	59.792655	0.0	670981	105	0.75	73.286	0	4162	59.97001499250382
1624323640.9	750	59.539693	0.0	621207	97	0.75	77.287	0	4402	59.98500374906266
1624323644.67	750	59.606519	0.0	579598	97	0.75	81.287	0	4642	60
1624323648.4	750	59.926714	0.0	558064	85	0.75	85.287	0	4882	60
1624323652.64	750	59.673499	0.0	609656	94	0.75	89.287	0	5122	60
1624323656.39	750	59.985046	0.0	599153	105	0.75	93.287	0	5362	60
1624323660.61	750	59.73954	0.0	574452	102	0.75	97.288	0	5602	59.98500374906288
1624323664.85	750	59.483334	0.0	605550	101	0.75	101.289	0	5842	59.98500374906266
1624323668.59	750	59.797723	0.0	601791	93	0.75	105.302	0	6083	60.05482182905549
1624323672.83	750	59.543735	0.0	627361	107	0.75	109.303	0	6323	59.98500374906288
1624323676.55	750	59.864227	0.0	623214	101	0.75	113.303	0	6563	60
1624323680.77	750	59.612781	0.0	648266	104	0.75	117.303	0	6803	60
1624323684.48	750	59.924308	0.0	606947	103	0.75	121.303	0	7043	60
