1624274340.06	750	4	0.189	447032	90	-0.8077	0	0	0	0
1624274340.94	2850	8	0.0	3731877	625	0.75	0	0	0	0
1624274341.7	2850	12	0.0	2988743	556	2.85	0	0	0	0
1624274342.66	2850	15.067991	0.0	3344033	702	2.85	0	0	0	0
1624274343.61	2850	18.261487	0.0	3588671	599	2.85	5.242	0	49	0
1624274344.46	2850	21.3	0.0	3516436	603	2.85	5.242	0	49	0
1624274345.19	2850	24.524384	0.0	3520561	537	2.85	5.242	0	49	0
1624274346.02	2850	27.833334	0.0	3787958	571	2.85	5.242	0	49	0
1624274346.79	2850	30.94889	0.0	3482140	557	2.85	5.242	0	49	0
1624274347.61	2850	34.13927	0.0	3620909	617	2.85	9.242	13	169	26.749999999999993
1624274348.51	2850	37.209829	0.0	3578596	699	2.85	9.242	13	169	26.749999999999993
1624274349.39	2850	40.333334	0.0	3430213	647	2.85	9.242	13	169	26.749999999999993
1624274350.19	2850	43.514408	0.0	3873343	588	2.85	9.242	13	169	26.749999999999993
1624274351.09	2850	46.633334	0.0	4055051	677	2.85	9.242	13	169	26.749999999999993
1624274351.8	2850	49.93946	0.0	3383484	498	2.85	13.242	13	289	30
1624274352.52	2850	53.210507	0.0	3439708	527	2.85	13.242	13	289	30
1624274353.32	2850	56.404283	0.0	3270011	572	2.85	13.242	13	289	30
1624274354.04	2850	59.679208	0.0	3397053	510	2.85	13.242	13	289	30
1624274358.37	2850	59.436824	0.0	3855639	611	2.85	17.243	13	409	29.992501874531385
1624274362.13	2850	59.759476	0.0	3553518	560	2.85	21.243	13	529	30
1624274366.19	2850	59.8	0.0	3560530	695	2.85	25.243	13	649	30
1624274371.32	2850	59.670396	0.0	3529545	567	2.85	29.243	14	769	29.75
1624274373.99	2850	59.847197	0.0	3944215	557	2.85	33.365	14	893	30.08248423095582
1624274378.56	2850	59.563471	0.0	2874206	456	2.85	37.463	18	1016	29.03855539287458
1624274382.23	2850	59.653098	0.0	3298545	551	2.85	41.459	20	1136	29.529529529529512
