1624275775.88	750	4	0.176	447032	81	-0.7517999999999999	0	0	0	0
1624275776.79	2850	8	0.0	3731877	578	0.75	0	0	0	0
1624275777.63	2850	12	0.0	2988743	612	2.85	0	0	0	0
1624275778.38	2850	15.633525	0.0	3344033	552	2.85	0	0	0	0
1624275779.4	2850	18.666667	0.0	3588671	772	2.85	5.35	0	34	0
1624275780.17	2850	21.856252	0.0	3516436	568	2.85	5.35	0	34	0
1624275781.07	2850	24.968836	0.0	3520561	668	2.85	5.35	0	34	0
1624275781.94	2850	28.1	0.0	3787958	638	2.85	5.35	0	34	0
1624275782.78	2850	31.270197	0.0	3482140	607	2.85	5.35	0	34	0
1624275783.79	2850	34.266667	0.0	3620909	750	2.85	9.35	15	154	26.25
1624275784.7	2850	37.336031	0.0	3578596	689	2.85	9.35	15	154	26.25
1624275785.54	2850	40.489467	0.0	3430213	642	2.85	9.35	15	154	26.25
1624275786.45	2850	43.6	0.0	3873343	670	2.85	9.35	15	154	26.25
