1624325902.38	750	4	0.172	447032	87	-0.7346	0	0	0	0
1624325902.57	750	8	0.0	437784	74	0.75	0	0	0	0
1624325902.71	750	12	0.0	358478	60	0.75	0	0	0	0
1624325902.93	750	16	0.0	433110	100	0.75	0	0	0	0
1624325903.08	750	20	0.0	425284	66	0.75	0	0	0	0
1624325903.24	750	24	0.0	428114	69	0.75	0	0	0	0
1624325903.39	750	28	0.0	387287	60	0.75	0	0	0	0
1624325903.55	750	32	0.0	435324	82	0.75	0	0	0	0
1624325903.71	750	36	0.0	447048	62	0.75	0	0	0	0
1624325903.88	750	40	0.0	446405	68	0.75	0	0	0	0
1624325904.1	750	43.873693	0.0	423631	66	0.75	0	0	0	0
1624325904.27	750	47.672342	0.0	416730	73	0.75	0	0	0	0
1624325904.45	750	51.510186	0.0	471953	75	0.75	0	0	0	0
1624325904.61	750	55.349063	0.0	453536	67	0.75	0	0	0	0
1624325904.76	750	59.187651	0.0	420588	67	0.75	0	0	0	0
1624325908.49	750	59.741044	0.0	420917	66	0.75	5.096	0	53	0
1624325912.24	750	59.76207	0.0	392428	61	0.75	9.096	0	173	30
1624325916.44	750	59.547338	0.0	400748	70	0.75	13.096	0	293	30
1624325920.18	750	59.900305	0.0	471072	70	0.75	17.098	0	413	29.98500749625188
1624325924.38	750	59.643253	0.0	425923	76	0.75	21.098	0	533	30
1624325928.08	750	59.958653	0.0	419792	81	0.75	25.098	0	653	30
1624325932.27	750	59.704496	0.0	429429	69	0.75	29.098	0	773	30
1624325936.49	750	59.728066	0.0	461232	92	0.75	33.098	0	893	30
1624325940.19	750	59.789883	0.0	382848	59	0.75	37.098	0	1013	30
1624325944.4	750	59.820089	0.0	375227	60	0.75	41.099	0	1133	29.992501874531385
1624325948.14	750	59.846117	0.0	437258	77	0.75	45.1	0	1253	29.99250187453133
1624325952.34	750	59.864737	0.0	419071	70	0.75	49.1	0	1373	30
1624325956.05	750	59.93069	0.0	449162	73	0.75	53.1	0	1493	30
1624325960.29	750	59.960276	0.0	447732	83	0.75	57.1	0	1613	30
1624325963.98	750	59.996182	0.0	488806	83	0.75	61.1	0	1733	30
1624325968.69	750	59.454545	0.0	389747	63	0.75	65.1	0	1853	30.000000000000053
1624325972.43	750	59.760627	0.0	485582	81	0.75	69.104	0	1973	29.970029970029934
1624325976.15	750	59.833334	0.0	430276	68	0.75	73.103	0	2093	30.007501875468904
1624325980.36	750	59.860831	0.0	435590	69	0.75	77.104	0	2213	29.99250187453133
1624325984.07	750	59.893101	0.0	459331	85	0.75	81.103	0	2333	30.007501875468904
1624325988.28	750	59.950665	0.0	381587	67	0.75	85.104	0	2453	29.99250187453133
1624325992.01	750	59.97884	0.0	424399	67	0.75	89.104	0	2573	30
1624325996.21	750	59.996703	0.0	436743	72	0.75	93.104	0	2693	30
1624326000.4	750	59.738418	0.0	385692	67	0.75	97.105	0	2813	29.99250187453133
1624326004.59	750	59.479733	0.0	424746	66	0.75	101.104	0	2933	30.007501875468904
1624326008.3	750	59.790181	0.0	407135	73	0.75	105.104	0	3053	30
1624326012.49	750	59.53674	0.0	427720	67	0.75	109.105	0	3173	29.99250187453133
1624326016.17	750	59.847521	0.0	427353	69	0.75	113.105	0	3293	30
1624326020.39	750	59.58546	0.0	418534	77	0.75	117.105	0	3413	30
1624326024.07	750	59.923388	0.0	421343	80	0.75	121.106	0	3533	29.99250187453144
