1624323798.0	750	4	0.184	446149	84	-0.7861999999999999	0	0	0	0
1624323798.26	750	8	0.0	657276	111	0.75	0	0	0	0
1624323798.45	750	12	0.0	531142	83	0.75	0	0	0	0
1624323798.65	750	16	0.0	641782	38	0.75	0	0	0	0
1624323798.86	750	20	0.0	655328	99	0.75	0	0	0	0
1624323799.05	750	24	0.0	643029	99	0.75	0	0	0	0
1624323799.23	750	28	0.0	586466	88	0.75	0	0	0	0
1624323799.45	750	32	0.0	640646	100	0.75	0	0	0	0
1624323799.64	750	35.876189	0.0	603976	79	0.75	0	0	0	0
1624323799.84	750	39.674131	0.0	579575	87	0.75	0	0	0	0
1624323800.04	750	43.47282	0.0	622523	95	0.75	0	0	0	0
1624323800.23	750	47.270834	0.0	590406	91	0.75	0	0	0	0
1624323800.42	750	51.068919	0.0	636852	92	0.75	0	0	0	0
1624323800.61	750	54.90631	0.0	619167	93	0.75	0	0	0	0
1624323800.8	750	58.7	0.0	636453	97	0.75	0	0	0	0
1624323804.02	750	59.744834	0.0	637789	96	0.75	5.583	0	103	0
1624323807.79	750	59.77152	0.0	574537	96	0.75	9.583	1	343	59.75
1624323812.09	750	59.511817	0.0	595492	89	0.75	13.583	1	583	60
1624323815.85	750	59.825181	0.0	662075	114	0.75	17.583	1	823	60.00000000000003
1624323820.1	750	59.614798	0.0	622438	68	0.75	21.584	1	1063	59.98500374906271
1624323823.87	750	59.930789	0.0	607166	97	0.75	25.584	1	1303	60
1624323827.62	750	59.960005	0.0	615645	104	0.75	29.584	1	1543	60
1624323831.91	750	59.74419	0.0	651954	113	0.75	33.584	1	1783	59.99999999999995
1624323836.17	750	59.481787	0.0	550774	85	0.75	37.584	1	2023	60
1624323839.95	750	59.789537	0.0	594579	92	0.75	41.584	1	2263	60
1624323843.69	750	59.854798	0.0	632394	97	0.75	45.585	1	2503	59.98500374906277
1624323847.91	750	59.600682	0.0	575968	96	0.75	49.585	1	2743	60
1624323851.64	750	59.907276	0.0	632851	91	0.75	53.585	1	2983	60
1624323855.88	750	59.65238	0.0	604086	97	0.75	57.585	1	3223	60
1624323859.61	750	59.973265	0.0	712976	108	0.75	61.585	1	3463	60
1624323863.85	750	59.713791	0.0	581323	95	0.75	65.586	1	3703	59.98500374906277
1624323868.13	750	59.462147	0.0	729373	110	0.75	69.585	1	3943	60.01500375093781
1624323871.87	750	59.770875	0.0	670981	110	0.75	73.586	1	4183	59.98500374906266
1624323876.13	750	59.545494	0.0	621207	102	0.75	77.586	1	4423	60
1624323879.87	750	59.894233	0.0	579598	91	0.75	81.587	1	4663	59.98500374906266
1624323883.62	750	59.927007	0.0	558064	100	0.75	85.586	1	4903	60.01500375093781
1624323887.85	750	59.672406	0.0	609656	100	0.75	89.586	1	5143	60
1624323891.58	750	59.990341	0.0	599153	95	0.75	93.587	1	5383	59.98500374906266
1624323895.83	750	59.731895	0.0	574452	79	0.75	97.587	1	5623	60
1624323900.06	750	59.470007	0.0	605550	99	0.75	101.588	1	5863	59.98500374906288
1624323903.82	750	59.77376	0.0	601791	88	0.75	105.588	1	6103	60
1624323908.11	750	59.518098	0.0	627361	100	0.75	109.588	1	6343	60
1624323911.85	750	59.82901	0.0	623214	109	0.75	113.588	1	6583	60
1624323916.1	750	59.573136	0.0	648266	100	0.75	117.588	1	6823	60
1624323919.84	750	59.887525	0.0	606947	99	0.75	121.588	1	7063	60
