1624309369.66	750	4	0.17	447032	99	-0.726	0	0	0	0
1624309370.03	1200	8	0.0	1081855	196	0.75	0	0	0	0
1624309370.28	1200	12	0.0	909590	145	1.2	0	0	0	0
1624309370.59	1200	15.716811	0.0	1064785	181	1.2	0	0	0	0
1624309370.89	1200	19.39488	0.0	1068330	187	1.2	0	0	0	0
1624309371.22	1200	23.071979	0.0	1091906	191	1.2	0	0	0	0
1624309371.48	1200	26.8294	0.0	989621	153	1.2	0	0	0	0
1624309371.78	1200	30.547112	0.0	1120373	182	1.2	0	0	0	0
1624309372.07	1200	34.224095	0.0	1096122	181	1.2	0	0	0	0
1624309372.37	1200	37.941434	0.0	1088831	172	1.2	0	0	0	0
1624309372.66	1200	41.659086	0.0	1080940	164	1.2	0	0	0	0
1624309373.0	1200	45.295153	0.0	1075422	182	1.2	0	0	0	0
1624309373.35	1200	48.971737	0.0	1146374	187	1.2	4.664	0	85	0
1624309373.73	1200	52.568443	0.0	1146930	243	1.2	4.664	0	85	0
1624309374.01	1200	56.2865	0.0	1066542	172	1.2	4.664	0	85	0
1624309374.84	1200	59.559642	0.0	1056887	190	1.2	4.664	0	85	0
1624309378.68	1200	59.865064	0.0	990369	146	1.2	8.664	1	205	29.75
1624309382.51	1200	59.895763	0.0	1015471	168	1.2	12.664	1	325	30
1624309386.41	1200	59.928963	0.0	1173982	198	1.2	16.665	1	445	29.99250187453137
1624309390.78	1200	59.709875	0.0	1058624	166	1.2	20.666	1	565	29.992501874531357
1624309394.58	1200	59.727824	0.0	1046861	170	1.2	24.667	1	685	29.992501874531357
1624309398.92	1200	59.468298	0.0	1048437	175	1.2	28.667	1	805	30
1624309402.82	1200	59.501713	0.0	1152505	185	1.2	32.67	1	925	29.977516862353234
1624309406.62	1200	59.819526	0.0	877099	137	1.2	36.67	1	1045	30
1624309410.94	1200	59.560203	0.0	968042	155	1.2	40.67	1	1165	30
1624309414.78	1200	59.578089	0.0	1064114	174	1.2	44.671	1	1285	29.992501874531385
1624309418.62	1200	59.877033	0.0	1005764	160	1.2	48.671	1	1405	30
1624309422.44	1200	59.904724	0.0	1078959	170	1.2	52.671	1	1525	30
1624309426.77	1200	59.635394	0.0	1074526	175	1.2	56.671	1	1645	30
1624309430.62	1200	59.945842	0.0	1231303	201	1.2	60.671	1	1765	30
1624309434.94	1200	59.443223	0.0	960890	156	1.2	64.671	1	1885	29.999999999999947
1624309438.86	1200	59.75912	0.0	1183904	206	1.2	68.671	1	2005	30
1624309442.7	1200	59.745426	0.0	1065257	167	1.2	72.688	1	2125	29.873039581777476
1624309446.58	1200	59.811369	0.0	1108615	178	1.2	76.688	1	2245	30
1624309450.49	1200	59.868035	0.0	1113738	255	1.2	80.688	1	2365	30
1624309454.83	1200	59.62015	0.0	981548	165	1.2	84.689	1	2485	29.99250187453144
1624309458.64	1200	59.926203	0.0	1067644	169	1.2	88.689	1	2605	30
1624309462.59	1200	59.959625	0.0	1068520	257	1.2	92.688	1	2725	30.007501875468797
1624309466.91	1200	59.455341	0.0	946116	157	1.2	96.689	1	2845	29.99250187453144
1624309470.77	1200	59.766667	0.0	1041444	183	1.2	100.689	1	2965	30
1624309474.6	1200	59.861742	0.0	1033147	164	1.2	104.689	1	3085	30
1624309478.91	1200	59.595443	0.0	1043384	176	1.2	108.69	1	3205	29.99250187453133
1624309482.73	1200	59.612076	0.0	1047354	153	1.2	112.689	1	3325	30.007501875468904
1624309486.52	1200	59.925913	0.0	1058093	169	1.2	116.69	1	3446	30.242439390152427
1624309490.81	1200	59.666667	0.0	1038662	176	1.2	120.69	1	3566	30
