1624280231.88	750	4	0.179	447032	97	-0.7646999999999999	0	0	0	0
1624280232.55	1850	8	0.0	2254830	424	0.75	0	0	0	0
1624280232.98	1850	12	0.0	1837501	297	1.85	0	0	0	0
1624280233.55	1850	16	0.0	2108748	383	1.85	0	0	0	0
1624280234.15	1850	19.392693	0.0	2229492	431	1.85	0	0	0	0
1624280234.69	1850	22.868877	0.0	2078237	335	1.85	0	0	0	0
1624280235.24	1850	26.30049	0.0	2030644	324	1.85	5.227	0	50	0
1624280235.83	1850	29.735084	0.0	2298831	392	1.85	5.227	0	50	0
1624280236.34	1850	33.210471	0.0	2164964	336	1.85	5.227	0	50	0
1624280236.88	1850	36.687053	0.0	2175479	376	1.85	5.227	0	50	0
1624280237.39	1850	40.162672	0.0	2156805	345	1.85	5.227	0	50	0
1624280237.87	1850	43.679699	0.0	2101523	303	1.85	5.227	0	50	0
1624280238.37	1850	47.195473	0.0	2344608	350	1.85	5.227	0	50	0
1624280238.94	1850	50.629342	0.0	2334646	367	1.85	5.227	0	50	0
1624280239.51	1850	54.056516	0.0	2109579	337	1.85	9.228	2	170	29.49262684328918
1624280239.97	1850	57.573071	0.0	2097243	314	1.85	9.228	2	170	29.49262684328918
1624280241.93	1850	59.795457	0.0	2054074	303	1.85	9.228	2	170	29.49262684328918
1624280245.95	1850	59.825607	0.0	2079344	284	1.85	13.228	2	290	30
1624280249.99	1850	59.577522	0.0	2353718	344	1.85	17.228	2	410	29.999999999999986
1624280254.02	1850	59.61316	0.0	2119053	323	1.85	21.229	2	530	29.992501874531385
1624280258.05	1850	59.7	0.0	2145449	297	1.85	25.228	2	650	30.00750187546885
1624280262.15	1850	59.739627	0.0	2087310	298	1.85	29.229	2	770	29.992501874531385
1624280265.8	1850	59.769542	0.0	2348666	298	1.85	33.229	2	890	30
1624280270.51	1850	59.514539	0.0	1801794	261	1.85	37.23	2	1010	29.992501874531385
1624280274.22	1850	59.467165	0.0	1864524	251	1.85	41.241	2	1130	29.917726252804766
1624280277.85	1850	59.824233	0.0	2051691	284	1.85	45.233	2	1250	30.06012024048098
