1624271398.27	750	4	0.374	446149	221	-1.6032000000000002	0	0	0	0
1624271399.56	2850	7.466667	0.0	5338027	1014	0.75	0	0	0	0
1624271400.53	2850	10.466667	0.0	4485847	716	2.85	0	0	0	0
1624271401.8	2850	13.333334	0.0	5004689	891	2.85	4.725	11	148	0
1624271403.09	2850	16	0.0	5182650	832	2.85	4.725	11	148	0
1624271404.17	2850	18.833334	0.0	5173280	826	2.85	4.725	11	148	0
1624271405.22	2850	21.8	0.0	4880493	772	2.85	4.725	11	148	0
1624271406.63	2850	24.416667	0.0	5406574	1125	2.85	8.728	61	388	47.46440169872596
1624271407.78	2850	27.283334	0.0	4844720	841	2.85	8.728	61	388	47.46440169872596
1624271408.94	2850	30.2	0.0	4832207	768	2.85	8.728	61	388	47.46440169872596
1624271409.93	2850	33.066667	0.0	4887638	748	2.85	12.729	99	628	50.487378155461144
1624271410.96	2850	36.05	0.0	4995664	754	2.85	12.729	99	628	50.487378155461144
1624271412.29	2850	38.733334	0.0	5320325	1061	2.85	12.729	99	628	50.487378155461144
1624271413.47	2850	41.6	0.0	5320224	849	2.85	16.73	128	863	51.4871282179455
1624271414.61	2850	44.55	0.0	4822090	733	2.85	16.73	128	863	51.4871282179455
1624271415.76	2850	47.316667	0.0	5024811	816	2.85	16.73	128	863	51.4871282179455
1624271416.94	2850	50.133334	0.0	4620969	855	2.85	16.73	128	863	51.4871282179455
1624271418.24	2850	52.783334	0.0	4982065	775	2.85	20.729	178	1108	48.762190547636926
1624271419.35	2850	55.666667	0.0	5333279	842	2.85	20.729	178	1108	48.762190547636926
1624271420.44	2850	58.55	0.0	5166435	845	2.85	20.729	178	1108	48.762190547636926
1624271423.63	2850	59.471587	0.0	4952219	924	2.85	24.73	211	1348	51.737065733566595
1624271427.24	2850	59.783423	0.0	5148296	795	2.85	28.73	232	1588	54.75
1624271431.36	2850	59.846896	0.0	5332212	817	2.85	32.735	243	1828	57.1785268414482
1624271435.46	2850	59.588686	0.0	4130375	798	2.85	36.738	250	2068	58.206345241069194
1624271439.08	2850	59.900666	0.0	4502091	843	2.85	40.738	260	2308	57.5
1624271443.19	2850	59.893634	0.0	4906417	804	2.85	44.739	268	2548	57.98550362409401
1624271447.4	2850	59.645189	0.0	4606683	910	2.85	48.74	284	2789	56.235941014746246
1624271451.49	2850	59.433334	0.0	4992827	781	2.85	52.74	295	3029	57.25
1624271455.52	2850	59.467	0.0	4833092	771	2.85	56.739	301	3268	58.264566141535454
1624271459.52	2850	59.569866	0.0	5560086	1202	2.85	60.74	312	3509	57.48562859285172
1624271463.08	2850	59.88664	0.0	4512973	773	2.85	64.74	326	3748	56.2500000000001
1624271467.25	2850	59.830282	0.0	5477056	867	2.85	68.74	337	3989	57.5
1624271471.42	2850	59.580021	0.0	5211665	878	2.85	72.741	345	4229	57.98550362409391
1624271475.24	2850	59.903496	0.0	5155066	990	2.85	76.741	356	4469	57.25
1624271479.03	2850	59.939053	0.0	5042047	990	2.85	80.742	366	4709	57.48562859285172
1624271483.03	2850	59.968514	0.0	4373848	720	2.85	84.742	376	4949	57.5
1624271487.08	2850	59.999247	0.0	4955552	771	2.85	88.741	384	5189	58.01450362590655
1624271491.1	2850	59.980245	0.0	4533309	714	2.85	92.743	394	5429	57.47126436781616
1624271495.55	2850	59.437588	0.0	4404309	673	2.85	96.742	402	5669	58.01450362590634
1624271499.16	2850	59.947912	0.0	4543808	810	2.85	100.743	413	5909	57.235691077230825
1624271503.15	2850	59.94055	0.0	4672100	709	2.85	104.743	421	6149	58
1624271507.29	2850	59.721401	0.0	5112917	873	2.85	108.744	431	6389	57.48562859285172
1624271511.33	2850	59.700037	0.0	4777608	816	2.85	112.743	437	6629	58.51462865716436
1624271515.46	2850	59.730719	0.0	5053470	871	2.85	116.744	443	6869	58.4853786553361
1624271519.55	2850	59.47679	0.0	4782473	820	2.85	120.745	450	7109	58.235441139715
