1624307499.79	750	4	0.182	447032	63	-0.7776000000000001	0	0	0	0
1624307499.97	300	8	0.0	222343	33	-0.15000000000000002	0	0	0	0
1624307500.1	300	12	0.0	202601	34	0.3	0	0	0	0
1624307500.22	300	16	0.0	231442	39	0.3	0	0	0	0
1624307500.35	300	20	0.0	223916	38	0.3	0	0	0	0
1624307500.48	300	24	0.0	227288	42	0.3	0	0	0	0
1624307500.59	300	28	0.0	210296	35	0.3	0	0	0	0
1624307501.02	300	32	0.0	232710	38	0.3	0	0	0	0
1624307501.17	300	36	0.0	230934	44	0.3	0	0	0	0
1624307501.29	300	40	0.0	230466	42	0.3	0	0	0	0
1624307501.46	300	43.957092	0.0	222766	68	0.3	0	0	0	0
1624307501.6	300	47.835996	0.0	215843	39	0.3	0	0	0	0
1624307501.73	300	51.674553	0.0	240996	36	0.3	0	0	0	0
1624307501.86	300	55.553509	0.0	241376	43	0.3	0	0	0	0
1624307501.98	300	59.43137	0.0	215448	34	0.3	0	0	0	0
1624307506.11	300	59.467063	0.0	224191	38	0.3	5.263	0	49	0
1624307509.76	300	59.788728	0.0	201147	37	0.3	9.279	0	170	30.12948207171315
1624307513.91	300	59.53542	0.0	208138	31	0.3	13.278	0	290	30.00750187546886
1624307517.62	300	59.844942	0.0	237703	41	0.3	17.278	0	410	30.000000000000014
1624307521.81	300	59.876317	0.0	221939	40	0.3	21.279	0	530	29.992501874531357
1624307525.51	300	59.913315	0.0	216091	38	0.3	25.279	0	650	30
1624307529.66	300	59.933334	0.0	221930	37	0.3	29.279	0	770	30
1624307533.82	300	59.678035	0.0	244209	41	0.3	33.28	0	890	29.992501874531357
1624307537.52	300	59.988485	0.0	201448	39	0.3	37.28	0	1010	30
1624307541.69	300	59.736441	0.0	216871	48	0.3	41.28	0	1130	30
1624307545.84	300	59.756491	0.0	226875	43	0.3	45.28	0	1250	30
1624307550.03	300	59.493509	0.0	215302	52	0.3	49.282	0	1370	29.98500749625191
1624307553.72	300	59.812794	0.0	231664	36	0.3	53.282	0	1490	30
1624307557.88	300	59.556961	0.0	233190	44	0.3	57.283	0	1610	29.99250187453133
1624307561.59	300	59.863955	0.0	245887	37	0.3	61.283	0	1730	30
1624307565.79	300	59.883248	0.0	205585	40	0.3	65.283	0	1850	30
1624307569.95	300	59.656251	0.0	248259	50	0.3	69.283	0	1970	30
1624307573.7	300	59.960899	0.0	221496	27	0.3	73.283	0	2090	30
1624307577.86	300	59.705672	0.0	238596	44	0.3	77.283	0	2210	30
1624307582.03	300	59.445897	0.0	239547	45	0.3	81.284	0	2330	29.99250187453133
1624307585.72	300	59.755662	0.0	210306	43	0.3	85.284	0	2450	30
1624307589.88	300	59.776254	0.0	223809	34	0.3	89.284	0	2570	30
1624307594.07	300	59.520802	0.0	233162	40	0.3	93.285	0	2690	29.99250187453144
1624307597.75	300	59.868941	0.0	211150	30	0.3	97.285	0	2810	30
1624307601.94	300	59.64434	0.0	227487	18	0.3	101.284	0	2930	30.007501875468797
1624307606.13	300	59.435437	0.0	218501	8	0.3	105.285	0	3050	29.99250187453144
1624307609.8	300	59.756282	0.0	223461	44	0.3	109.285	0	3170	30
1624307613.97	300	59.503761	0.0	223191	39	0.3	113.286	0	3290	29.99250187453133
1624307617.62	300	59.829425	0.0	228365	41	0.3	117.286	0	3410	30
1624307621.8	300	59.855269	0.0	223247	43	0.3	121.286	0	3530	30
