1624314198.61	750	4	0.196	446149	105	-0.8378	0	0	0	0
1624314198.8	300	8	0.0	458211	55	-0.15000000000000002	0	0	0	0
1624314198.97	300	12	0.0	390124	83	0.3	0	0	0	0
1624314199.16	300	16	0.0	474461	76	0.3	0	0	0	0
1624314199.35	300	19.878827	0.0	444309	81	0.3	0	0	0	0
1624314199.53	300	23.717473	0.0	443120	75	0.3	0	0	0	0
1624314199.69	300	27.516667	0.0	416509	68	0.3	0	0	0	0
1624314199.88	300	31.354762	0.0	451355	75	0.3	0	0	0	0
1624314200.08	300	35.150956	0.0	417757	66	0.3	0	0	0	0
1624314200.29	300	38.945522	0.0	415350	77	0.3	0	0	0	0
1624314200.48	300	42.744019	0.0	433531	76	0.3	0	0	0	0
1624314200.64	300	46.583334	0.0	422916	68	0.3	0	0	0	0
1624314200.87	300	50.379743	0.0	459414	83	0.3	0	0	0	0
1624314201.06	300	54.177577	0.0	450936	91	0.3	0	0	0	0
1624314201.24	300	57.975652	0.0	439746	80	0.3	0	0	0	0
1624314203.96	300	59.467898	0.0	432189	68	0.3	4.694	0	169	0
1624314207.72	300	59.503688	0.0	396094	76	0.3	8.694	0	409	59.999999999999986
1624314211.44	300	59.814946	0.0	420942	69	0.3	12.694	0	649	60
1624314215.75	300	59.561677	0.0	477686	86	0.3	16.694	0	889	60.00000000000003
1624314219.48	300	59.869987	0.0	429484	84	0.3	20.694	0	1129	60
1624314223.67	300	59.607096	0.0	428693	73	0.3	24.694	0	1369	60
1624314227.43	300	59.923723	0.0	445526	76	0.3	28.695	0	1609	59.98500374906271
1624314231.65	300	59.673315	0.0	459785	75	0.3	32.695	0	1849	60
1624314235.56	300	59.698613	0.0	395717	74	0.3	36.695	0	2089	60
1624314239.77	300	59.73206	0.0	421854	73	0.3	40.695	0	2329	60
1624314243.47	300	59.766667	0.0	464457	78	0.3	44.696	0	2569	59.98500374906277
1624314247.73	300	59.804658	0.0	430202	67	0.3	48.696	0	2809	60
1624314251.43	300	59.832702	0.0	445549	83	0.3	52.696	0	3049	60
1624314255.63	300	59.86682	0.0	449734	64	0.3	56.697	0	3289	59.98500374906266
1624314259.34	300	59.901487	0.0	478634	73	0.3	60.698	0	3529	59.98500374906277
1624314263.57	300	59.924882	0.0	421756	90	0.3	64.698	0	3769	60.00000000000011
1624314267.3	300	59.964072	0.0	500580	71	0.3	68.699	0	4009	59.98500374906266
1624314271.55	300	59.710997	0.0	471259	110	0.3	72.698	0	4249	60.01500375093781
1624314275.78	300	59.457018	0.0	447061	80	0.3	76.699	0	4489	59.98500374906266
1624314279.51	300	59.772417	0.0	414676	74	0.3	80.699	0	4729	60
1624314283.72	300	59.519355	0.0	407398	110	0.3	84.699	0	4969	60
1624314287.45	300	59.834452	0.0	438602	80	0.3	88.699	0	5209	60
1624314291.68	300	59.584299	0.0	421192	94	0.3	92.7	0	5449	59.98500374906266
1624314295.39	300	59.900686	0.0	414269	86	0.3	96.7	0	5689	60
1624314299.62	300	59.680266	0.0	427172	78	0.3	100.7	0	5929	60
1624314303.85	300	59.431411	0.0	435036	79	0.3	104.701	0	6169	59.98500374906288
1624314307.55	300	59.745196	0.0	454750	77	0.3	108.702	0	6409	59.98500374906266
1624314311.75	300	59.497153	0.0	436843	82	0.3	112.709	0	6650	60.14474669328667
1624314315.45	300	59.816667	0.0	455439	78	0.3	116.709	0	6890	60
1624314319.63	300	59.852408	0.0	439643	71	0.3	120.709	0	7130	60
