1624285840.29	750	4	0.208	447032	94	-0.8894	0	0	0	0
1624285841.17	2850	7.826123	0.0	3731877	650	0.75	0	0	0	0
1624285841.85	2850	11.141433	0.0	2988743	520	2.85	0	0	0	0
1624285842.58	2850	14.412103	0.0	3344033	554	2.85	0	0	0	0
1624285843.41	2850	17.566667	0.0	3588671	593	2.85	0	0	0	0
1624285844.4	2850	20.733334	0.0	3516436	619	2.85	4.625	0	82	0
1624285845.18	2850	23.9	0.0	3520561	566	2.85	4.625	0	82	0
1624285845.99	2850	27.01823	0.0	3787958	592	2.85	4.625	0	82	0
1624285846.81	2850	30.2	0.0	3482140	581	2.85	4.625	0	82	0
1624285847.67	2850	33.333334	0.0	3620909	629	2.85	4.625	0	82	0
1624285848.47	2850	36.533334	0.0	3578596	576	2.85	8.637	8	202	27.916251246261215
1624285849.38	2850	39.624544	0.0	3430213	685	2.85	8.637	8	202	27.916251246261215
1624285850.68	2850	42.333457	0.0	3873343	1083	2.85	8.637	8	202	27.916251246261215
1624285852.0	2850	45	0.0	4055051	1078	2.85	12.638	9	322	29.742564358910276
1624285853.24	2850	47.8	0.0	3383484	963	2.85	12.638	9	322	29.742564358910276
1624285854.27	2850	50.733981	0.0	3439708	821	2.85	12.638	9	322	29.742564358910276
1624285855.22	2850	53.766667	0.0	3270011	723	2.85	12.638	9	322	29.742564358910276
1624285856.32	2850	56.67514	0.0	3397053	869	2.85	16.638	10	442	29.749999999999986
1624285857.43	2850	59.586697	0.0	3855639	891	2.85	16.638	10	442	29.749999999999986
1624285861.2	2850	59.906041	0.0	3553518	1047	2.85	20.639	10	562	29.992501874531385
1624285865.5	2850	59.645372	0.0	3560530	969	2.85	24.639	10	682	30
1624285869.44	2850	59.681178	0.0	3529545	1047	2.85	28.639	11	802	29.75
1624285873.33	2850	59.71226	0.0	3944215	1054	2.85	32.639	12	922	29.749999999999975
1624285877.57	2850	59.454493	0.0	2874206	1007	2.85	36.639	12	1042	30
1624285881.38	2850	59.81367	0.0	3298545	1028	2.85	40.639	13	1162	29.75
1624285885.65	2850	59.552908	0.0	3406141	995	2.85	44.658	13	1283	30.10699178900225
1624285889.46	2850	59.583363	0.0	3134119	1083	2.85	48.658	13	1403	30
1624285893.58	2850	59.618805	0.0	3769859	1308	2.85	52.661	13	1523	29.977516862353234
1624285897.3	2850	59.933334	0.0	3566857	969	2.85	56.66	13	1643	30.007501875468904
1624285901.25	2850	59.960248	0.0	3935536	687	2.85	60.661	13	1763	29.99250187453133
1624285905.05	2850	59.995881	0.0	3251953	1042	2.85	64.661	13	1883	30
1624285909.66	2850	59.454645	0.0	3744840	878	2.85	68.661	13	2003	30
1624285913.62	2850	59.486572	0.0	3455854	1222	2.85	72.662	13	2123	29.99250187453133
1624285917.52	2850	59.562854	0.0	3548731	627	2.85	76.675	13	2243	29.902815848492466
1624285921.5	2850	59.594813	0.0	3573884	714	2.85	80.676	14	2364	29.99250187453133
1624285925.38	2850	59.622697	0.0	3124748	654	2.85	84.675	14	2484	30.007501875468904
1624285929.23	2850	59.939544	0.0	3671669	633	2.85	88.676	14	2604	29.99250187453133
1624285933.07	2850	59.966733	0.0	3397624	1141	2.85	92.675	14	2724	30.007501875468904
1624285937.33	2850	59.707579	0.0	3070410	538	2.85	96.677	14	2844	29.985007496251804
1624285941.35	2850	59.741812	0.0	3480718	722	2.85	100.676	14	2964	30.007501875468904
1624285945.45	2850	59.779525	0.0	3396325	1324	2.85	104.677	14	3084	29.99250187453133
1624285949.31	2850	59.806544	0.0	3538812	606	2.85	108.679	14	3204	29.98500749625191
1624285953.3	2850	59.840709	0.0	3440498	1162	2.85	112.678	14	3324	30.007501875468904
1624285957.26	2850	59.875696	0.0	3504086	1185	2.85	116.68	14	3444	29.985007496251804
1624285961.17	2850	59.907159	0.0	3345088	672	2.85	120.679	14	3564	30.007501875468904
