1624279142.19	750	4	0.164	447032	77	-0.7001999999999999	0	0	0	0
1624279142.72	1850	8	0.0	2254830	360	0.75	0	0	0	0
1624279143.16	1850	11.596821	0.0	1837501	313	1.85	0	0	0	0
1624279143.68	1850	15.073248	0.0	2108748	352	1.85	0	0	0	0
1624279144.36	1850	18.386673	0.0	2229492	491	1.85	0	0	0	0
1624279144.89	1850	21.86209	0.0	2078237	336	1.85	0	0	0	0
1624279145.35	1850	25.41882	0.0	2030644	310	1.85	0	0	0	0
1624279145.89	1850	28.849695	0.0	2298831	390	1.85	4.634	0	88	0
1624279146.46	1850	32.325239	0.0	2164964	402	1.85	4.634	0	88	0
1624279146.97	1850	35.80107	0.0	2175479	334	1.85	4.634	0	88	0
1624279147.52	1850	39.236479	0.0	2156805	346	1.85	4.634	0	88	0
1624279148.01	1850	42.752255	0.0	2101523	313	1.85	4.634	0	88	0
1624279148.55	1850	46.226739	0.0	2344608	348	1.85	4.634	0	88	0
1624279149.1	1850	49.662002	0.0	2334646	339	1.85	4.634	0	88	0
1624279149.63	1850	53.137682	0.0	2109579	354	1.85	4.634	0	88	0
1624279150.18	1850	56.573251	0.0	2097243	363	1.85	8.667	0	209	30.00247954376395
1624279151.19	1850	59.564161	0.0	2054074	356	1.85	8.667	0	209	30.00247954376395
1624279155.23	1850	59.593983	0.0	2079344	350	1.85	12.667	0	329	30
1624279158.84	1850	59.907394	0.0	2353718	381	1.85	16.675	0	449	29.940119760479035
1624279163.03	1850	59.933334	0.0	2119053	457	1.85	20.678	0	569	29.977516862353234
1624279167.06	1850	59.960019	0.0	2145449	344	1.85	24.679	0	689	29.992501874531385
1624279171.14	1850	59.697771	0.0	2087310	424	1.85	28.678	0	809	30.00750187546885
1624279175.25	1850	59.725785	0.0	2348666	368	1.85	32.679	0	929	29.992501874531357
1624279179.18	1850	59.753704	0.0	1801794	264	1.85	36.679	0	1049	30
1624279183.12	1850	59.786829	0.0	1864524	270	1.85	40.679	0	1169	30
1624279187.11	1850	59.823033	0.0	2051691	300	1.85	44.68	0	1289	29.992501874531385
1624279191.09	1850	59.854951	0.0	1898420	264	1.85	48.68	0	1409	30
1624279195.12	1850	59.834677	0.0	2276304	287	1.85	52.679	0	1529	30.00750187546885
1624279199.13	1850	59.860358	0.0	2239013	341	1.85	56.679	0	1649	30
1624279203.19	1850	59.591788	0.0	2417622	353	1.85	60.68	0	1769	29.992501874531385
1624279207.19	1850	59.613506	0.0	1950728	289	1.85	64.68	0	1889	29.999999999999947
1624279211.26	1850	59.682007	0.0	2268079	323	1.85	68.68	0	2009	30
1624279214.79	1850	59.996896	0.0	2105954	319	1.85	72.68	0	2129	30
1624279219.32	1850	59.492852	0.0	2049597	303	1.85	76.682	0	2249	29.98500749625191
1624279223.37	1850	59.556149	0.0	2267452	371	1.85	80.682	0	2369	30
1624279227.35	1850	59.589225	0.0	1977775	295	1.85	84.683	0	2489	29.99250187453133
1624279230.89	1850	59.89589	0.0	2145766	326	1.85	88.683	0	2609	30
1624279234.9	1850	59.924421	0.0	2064567	308	1.85	92.683	0	2729	30
1624279238.84	1850	59.949542	0.0	1899367	284	1.85	96.683	0	2849	30
1624279242.81	1850	59.975906	0.0	2118078	306	1.85	100.683	0	2969	30
1624279247.28	1850	59.722206	0.0	2045638	306	1.85	104.683	0	3089	30
1624279251.34	1850	59.514892	0.0	2132751	317	1.85	108.684	0	3209	29.99250187453144
1624279255.35	1850	59.580289	0.0	2105800	316	1.85	112.683	0	3329	30.007501875468797
1624279259.35	1850	59.603253	0.0	2117310	325	1.85	116.686	0	3449	29.977516862353234
1624279263.33	1850	59.626225	0.0	2106167	304	1.85	120.684	0	3569	30.01500750375195
