1624313029.74	750	4	0.193	447032	52	-0.8249	0	0	0	0
1624313030.21	1200	8	0.0	1081855	179	0.75	0	0	0	0
1624313030.48	1200	12	0.0	909590	147	1.2	0	0	0	0
1624313030.76	1200	16	0.0	1064785	176	1.2	0	0	0	0
1624313031.05	1200	20	0.0	1068330	171	1.2	0	0	0	0
1624313031.35	1200	24	0.0	1091906	183	1.2	0	0	0	0
1624313031.67	1200	27.714419	0.0	989621	156	1.2	0	0	0	0
1624313031.99	1200	31.391295	0.0	1120373	189	1.2	0	0	0	0
1624313032.29	1200	35.109148	0.0	1096122	176	1.2	0	0	0	0
1624313032.58	1200	38.826248	0.0	1088831	174	1.2	0	0	0	0
1624313033.09	1200	42.5	0.0	1080940	169	1.2	5.154	0	45	0
1624313033.38	1200	46.016288	0.0	1075422	170	1.2	5.154	0	45	0
1624313033.67	1200	49.693989	0.0	1146374	175	1.2	5.154	0	45	0
1624313033.98	1200	53.412107	0.0	1146930	185	1.2	5.154	0	45	0
1624313034.3	1200	57.088124	0.0	1066542	169	1.2	5.154	0	45	0
1624313036.12	1200	59.466667	0.0	1056887	162	1.2	5.154	0	45	0
1624313040.0	1200	59.5	0.0	990369	134	1.2	9.153	0	165	30.00750187546886
1624313043.86	1200	59.812977	0.0	1015471	172	1.2	13.153	0	285	30
1624313047.7	1200	59.856455	0.0	1173982	197	1.2	17.153	0	405	30.000000000000014
1624313051.54	1200	59.931778	0.0	1058624	178	1.2	21.154	0	525	29.992501874531357
1624313055.87	1200	59.67419	0.0	1046861	193	1.2	25.154	0	645	30
1624313059.67	1200	59.710195	0.0	1048437	164	1.2	29.155	0	765	29.992501874531357
1624313064.03	1200	59.464561	0.0	1152505	195	1.2	33.154	0	885	30.00750187546885
1624313067.85	1200	59.789601	0.0	877099	142	1.2	37.154	0	1005	30
1624313071.65	1200	59.820936	0.0	968042	153	1.2	41.154	0	1125	30
1624313075.95	1200	59.572134	0.0	1064114	174	1.2	45.16	0	1245	29.9550673989017
1624313079.84	1200	59.611548	0.0	1005764	173	1.2	49.155	0	1365	30.03754693366705
1624313083.66	1200	59.917221	0.0	1078959	172	1.2	53.156	0	1485	29.992501874531385
1624313087.54	1200	59.949543	0.0	1074526	176	1.2	57.157	0	1605	29.992501874531385
1624313091.93	1200	59.729223	0.0	1231303	196	1.2	61.156	0	1725	30.00750187546885
1624313095.75	1200	59.804794	0.0	960890	153	1.2	65.156	0	1845	29.999999999999947
1624313099.63	1200	59.839877	0.0	1183904	186	1.2	69.159	0	1965	29.977516862353234
1624313104.0	1200	59.587675	0.0	1065257	175	1.2	73.158	0	2085	30.007501875468904
1624313107.89	1200	59.614435	0.0	1108615	172	1.2	77.159	0	2205	29.99250187453133
1624313111.79	1200	59.6403	0.0	1113738	171	1.2	81.159	0	2325	30
1624313115.68	1200	59.960184	0.0	981548	160	1.2	85.159	0	2445	30
1624313119.99	1200	59.49728	0.0	1067644	165	1.2	89.16	0	2565	29.99250187453144
1624313123.83	1200	59.813932	0.0	1068520	176	1.2	93.161	0	2685	29.99250187453133
1624313127.62	1200	59.842304	0.0	946116	146	1.2	97.16	0	2805	30.007501875468904
1624313131.96	1200	59.637382	0.0	1041444	164	1.2	101.16	0	2925	30
1624313135.78	1200	59.671144	0.0	1033147	165	1.2	105.164	0	3045	29.970029970029934
1624313139.6	1200	59.99874	0.0	1043384	160	1.2	109.164	0	3165	30
1624313143.95	1200	59.737428	0.0	1047354	130	1.2	113.164	0	3285	30
1624313147.79	1200	59.76987	0.0	1058093	170	1.2	117.163	0	3405	30.007501875468904
1624313151.6	1200	59.806489	0.0	1038662	162	1.2	121.165	0	3525	29.985007496251804
