1624280862.48	750	4	0.155	447032	61	-0.6615	0	0	0	0
1624280863.05	1850	8	0.0	2254830	381	0.75	0	0	0	0
1624280863.45	1850	12	0.0	1837501	275	1.85	0	0	0	0
1624280863.92	1850	16	0.0	2108748	315	1.85	0	0	0	0
1624280864.49	1850	20	0.0	2229492	376	1.85	0	0	0	0
1624280864.95	1850	23.593651	0.0	2078237	308	1.85	0	0	0	0
1624280865.42	1850	27.108431	0.0	2030644	296	1.85	0	0	0	0
1624280866.15	1850	30.382293	0.0	2298831	532	1.85	5.19	0	36	0
1624280866.64	1850	33.898336	0.0	2164964	329	1.85	5.19	0	36	0
1624280867.19	1850	37.374343	0.0	2175479	389	1.85	5.19	0	36	0
1624280867.7	1850	40.849748	0.0	2156805	339	1.85	5.19	0	36	0
1624280868.17	1850	44.366667	0.0	2101523	296	1.85	5.19	0	36	0
1624280868.72	1850	47.802451	0.0	2344608	358	1.85	5.19	0	36	0
1624280869.22	1850	51.317966	0.0	2334646	303	1.85	5.19	0	36	0
1624280869.69	1850	54.831743	0.0	2109579	324	1.85	5.19	0	36	0
1624280870.22	1850	58.307811	0.0	2097243	338	1.85	9.213	0	157	30.077056922694517
1624280873.27	1850	59.507211	0.0	2054074	313	1.85	9.213	0	157	30.077056922694517
1624280876.78	1850	59.8198	0.0	2079344	318	1.85	13.217	0	277	29.97002997002996
1624280880.9	1850	59.862222	0.0	2353718	352	1.85	17.217	0	397	30.000000000000014
1624280885.0	1850	59.618008	0.0	2119053	273	1.85	21.218	0	517	29.992501874531357
1624280889.16	1850	59.591457	0.0	2145449	326	1.85	25.218	0	637	30
1624280892.95	1850	59.908064	0.0	2087310	302	1.85	29.218	1	757	29.75
1624280897.58	1850	59.7316	0.0	2348666	339	1.85	33.218	1	877	29.999999999999975
