1624266462.32	750	4	0.174	446149	83	-0.7432	0	0	0	0
1624266463.6	2850	7.533334	0.0	5338027	961	0.75	0	0	0	0
1624266464.69	2850	10.466667	0.0	4485847	797	2.85	0	0	0	0
1624266465.81	2850	13.3	0.0	5004689	866	2.85	4.643	17	161	0
1624266466.85	2850	16.266667	0.0	5182650	785	2.85	4.643	17	161	0
1624266468.25	2850	18.883334	0.0	5173280	1133	2.85	4.643	17	161	0
1624266469.49	2850	21.616667	0.0	4880493	985	2.85	4.643	17	161	0
1624266470.64	2850	24.516667	0.0	5406574	852	2.85	8.643	51	402	51.749999999999986
1624266471.7	2850	27.433334	0.0	4844720	814	2.85	8.643	51	402	51.749999999999986
1624266472.68	2850	30.416667	0.0	4832207	713	2.85	8.643	51	402	51.749999999999986
1624266473.71	2850	33.4	0.0	4887638	791	2.85	8.643	51	402	51.749999999999986
1624266474.79	2850	36.35	0.0	4995664	810	2.85	12.688	93	645	49.69097651421508
1624266476.0	2850	39.2	0.0	5320325	819	2.85	12.688	93	645	49.69097651421508
1624266477.22	2850	41.95	0.0	5320224	912	2.85	12.688	93	645	49.69097651421508
1624266478.26	2850	44.85	0.0	4822090	789	2.85	16.689	131	885	50.487378155461144
1624266479.3	2850	47.816667	0.0	5024811	789	2.85	16.689	131	885	50.487378155461144
1624266480.28	2850	50.833334	0.0	4620969	741	2.85	16.689	131	885	50.487378155461144
1624266481.3	2850	53.8	0.0	4982065	791	2.85	16.689	131	885	50.487378155461144
1624266482.47	2850	56.65	0.0	5333279	905	2.85	20.693	161	1125	52.44755244755243
1624266483.52	2850	59.583334	0.0	5166435	799	2.85	20.693	161	1125	52.44755244755243
1624266487.71	2850	59.492795	0.0	4952219	892	2.85	24.693	191	1365	52.5
1624266491.28	2850	59.851092	0.0	5148296	764	2.85	28.693	199	1605	58
1624266495.51	2850	59.598385	0.0	5332212	912	2.85	32.694	210	1845	57.235691077230676
1624266499.59	2850	59.634278	0.0	4130375	779	2.85	36.694	217	2085	58.25
1624266503.26	2850	59.953039	0.0	4502091	768	2.85	40.693	225	2325	58.01450362590655
1624266507.48	2850	59.706734	0.0	4906417	882	2.85	44.695	238	2565	56.72163918040976
1624266511.72	2850	59.452601	0.0	4606683	985	2.85	48.694	244	2805	58.51462865716426
1624266515.58	2850	59.528876	0.0	4992827	1003	2.85	52.694	253	3045	57.75
1624266519.28	2850	59.877479	0.0	4833092	920	2.85	56.694	258	3285	58.75
1624266523.64	2850	59.629558	0.0	5560086	938	2.85	60.694	270	3525	57
1624266527.23	2850	59.943376	0.0	4512973	801	2.85	64.695	274	3765	58.985253686578496
1624266531.42	2850	59.698745	0.0	5477056	940	2.85	68.696	282	4005	57.98550362409391
1624266535.6	2850	59.725755	0.0	5211665	897	2.85	72.696	292	4245	57.5
1624266539.77	2850	59.439928	0.0	5155066	890	2.85	76.696	299	4485	58.25
1624266543.66	2850	59.514413	0.0	5042047	1033	2.85	80.696	309	4725	57.5
1624266547.67	2850	59.543037	0.0	4373848	697	2.85	84.696	315	4965	58.5
1624266551.27	2850	59.856073	0.0	4955552	767	2.85	88.696	320	5205	58.75
1624266555.29	2850	59.887795	0.0	4533309	735	2.85	92.696	330	5445	57.5
1624266559.56	2850	59.639117	0.0	4404309	934	2.85	96.699	336	5685	58.45615788158881
1624266563.09	2850	59.962274	0.0	4543808	734	2.85	100.699	346	5925	57.5
1624266567.21	2850	59.998365	0.0	4672100	856	2.85	104.699	351	6165	58.75
1624266571.74	2850	59.453613	0.0	5112917	1270	2.85	108.7	359	6405	57.98550362409391
1624266575.65	2850	59.525525	0.0	4777608	1095	2.85	112.7	370	6645	57.25
1624266579.58	2850	59.561175	0.0	5053470	991	2.85	116.701	385	6886	56.48587853036754
1624266583.35	2850	59.87334	0.0	4782473	938	2.85	120.702	393	7126	57.98550362409391
