1624282931.91	750	4	0.249	447032	109	-1.0657	0	0	0	0
1624282932.49	1850	8	0.0	2254830	358	0.75	0	0	0	0
1624282932.89	1850	12	0.0	1837501	275	1.85	0	0	0	0
1624282933.38	1850	16	0.0	2108748	345	1.85	0	0	0	0
1624282933.98	1850	19.59525	0.0	2229492	354	1.85	0	0	0	0
1624282934.49	1850	23.030698	0.0	2078237	331	1.85	0	0	0	0
1624282935.17	1850	26.419152	0.0	2030644	479	1.85	5.527	0	44	0
1624282935.74	1850	29.813424	0.0	2298831	370	1.85	5.527	0	44	0
1624282936.27	1850	33.248035	0.0	2164964	370	1.85	5.527	0	44	0
1624282936.9	1850	36.642761	0.0	2175479	403	1.85	5.527	0	44	0
1624282937.41	1850	40.117538	0.0	2156805	354	1.85	5.527	0	44	0
1624282937.9	1850	43.633897	0.0	2101523	316	1.85	5.527	0	44	0
1624282938.49	1850	47.028731	0.0	2344608	381	1.85	5.527	0	44	0
1624282939.04	1850	50.503309	0.0	2334646	364	1.85	9.527	0	165	30.250000000000007
1624282939.61	1850	53.939388	0.0	2109579	365	1.85	9.527	0	165	30.250000000000007
1624282940.1	1850	57.415731	0.0	2097243	299	1.85	9.527	0	165	30.250000000000007
1624282942.06	1850	59.517221	0.0	2054074	308	1.85	9.527	0	165	30.250000000000007
1624282946.19	1850	59.547743	0.0	2079344	375	1.85	13.528	0	285	29.992501874531357
1624282949.8	1850	59.86083	0.0	2353718	433	1.85	17.528	0	405	30.000000000000014
1624282953.85	1850	59.928457	0.0	2119053	346	1.85	21.529	0	525	29.992501874531357
1624282957.91	1850	59.681147	0.0	2145449	367	1.85	25.53	0	645	29.992501874531357
1624282962.02	1850	59.745628	0.0	2087310	330	1.85	29.53	0	765	30
1624282966.13	1850	59.494139	0.0	2348666	392	1.85	33.531	0	885	29.992501874531385
1624282970.13	1850	59.522799	0.0	1801794	315	1.85	37.531	0	1005	30
1624282974.1	1850	59.546061	0.0	1864524	290	1.85	41.532	0	1125	29.992501874531385
1624282978.09	1850	59.613174	0.0	2051691	328	1.85	45.538	0	1245	29.955067398901647
1624282981.62	1850	59.923964	0.0	1898420	268	1.85	49.532	0	1365	30.045067601402106
1624282985.8	1850	59.957345	0.0	2276304	475	1.85	53.533	0	1485	29.99250187453133
1624282989.95	1850	59.702009	0.0	2239013	457	1.85	57.533	0	1605	30
1624282994.13	1850	59.449385	0.0	2417622	484	1.85	61.533	0	1725	30
1624282998.21	1850	59.48676	0.0	1950728	303	1.85	65.533	0	1845	30
1624283001.72	1850	59.833463	0.0	2268079	327	1.85	69.534	0	1965	29.99250187453133
1624283005.77	1850	59.934493	0.0	2105954	305	1.85	73.539	0	2085	29.962546816479435
1624283009.79	1850	59.971876	0.0	2049597	317	1.85	77.54	0	2205	29.99250187453133
1624283013.98	1850	59.720911	0.0	2267452	405	1.85	81.539	0	2325	30.007501875468904
1624283018.03	1850	59.747448	0.0	1977775	293	1.85	85.54	0	2445	29.99250187453133
1624283022.08	1850	59.478452	0.0	2145766	317	1.85	89.545	0	2565	29.962546816479435
1624283026.11	1850	59.501348	0.0	2064567	320	1.85	93.544	0	2685	30.007501875468904
1624283030.09	1850	59.533445	0.0	1899367	289	1.85	97.548	0	2805	29.970029970029934
1624283034.07	1850	59.572253	0.0	2118078	312	1.85	101.552	0	2925	29.970029970029934
1624283038.43	1850	59.613822	0.0	2045638	302	1.85	105.551	0	3045	30.007501875468904
1624283042.01	1850	59.933334	0.0	2132751	317	1.85	109.551	0	3165	30
1624283046.17	1850	59.633643	0.0	2105800	317	1.85	113.551	7	3285	28.25
1624283049.71	1850	59.963081	0.0	2117310	533	1.85	117.557	7	3405	29.955067398901647
