1624269565.7	750	4	0.146	446149	61	-0.6227999999999999	0	0	0	0
1624269566.81	2850	7.466667	0.0	5338027	818	0.75	0	0	0	0
1624269567.72	2850	10.55	0.0	4485847	675	2.85	0	0	0	0
1624269568.78	2850	13.533334	0.0	5004689	770	2.85	0	0	0	0
1624269569.9	2850	16.383334	0.0	5182650	855	2.85	4.657	18	176	0
1624269571.05	2850	19.3	0.0	5173280	844	2.85	4.657	18	176	0
1624269572.08	2850	22.216667	0.0	4880493	786	2.85	4.657	18	176	0
1624269573.31	2850	25.083334	0.0	5406574	884	2.85	8.657	56	414	50
1624269574.27	2850	28	0.0	4844720	729	2.85	8.657	56	414	50
1624269575.26	2850	31.033334	0.0	4832207	725	2.85	8.657	56	414	50
1624269576.26	2850	34.05	0.0	4887638	736	2.85	8.657	56	414	50
1624269577.34	2850	37.033334	0.0	4995664	758	2.85	12.657	100	656	49.5
1624269578.51	2850	39.783334	0.0	5320325	893	2.85	12.657	100	656	49.5
1624269579.57	2850	42.716667	0.0	5320224	800	2.85	12.657	100	656	49.5
1624269580.68	2850	45.6	0.0	4822090	864	2.85	12.657	100	656	49.5
1624269581.73	2850	48.566667	0.0	5024811	797	2.85	16.657	142	896	49.5
1624269582.78	2850	51.55	0.0	4620969	732	2.85	16.657	142	896	49.5
1624269583.78	2850	54.5	0.0	4982065	759	2.85	16.657	142	896	49.5
1624269584.92	2850	57.433334	0.0	5333279	831	2.85	16.657	142	896	49.5
1624269586.54	2850	59.754311	0.0	5166435	806	2.85	20.657	190	1136	48
1624269590.68	2850	59.784766	0.0	4952219	846	2.85	24.657	214	1376	54
1624269594.75	2850	59.529842	0.0	5148296	785	2.85	28.658	221	1616	58.23544113971505
1624269598.52	2850	59.844487	0.0	5332212	929	2.85	32.658	235	1856	56.5
1624269602.41	2850	59.91569	0.0	4130375	670	2.85	36.658	239	2096	59
1624269606.42	2850	59.952776	0.0	4502091	719	2.85	40.658	251	2336	57
1624269610.58	2850	59.707057	0.0	4906417	830	2.85	44.658	268	2576	55.75
1624269614.65	2850	59.698472	0.0	4606683	786	2.85	48.658	272	2816	59
1624269618.72	2850	59.733485	0.0	4992827	789	2.85	52.659	278	3056	58.4853786553362
1624269622.82	2850	59.485171	0.0	4833092	758	2.85	56.658	292	3296	56.514128532133
1624269626.49	2850	59.798704	0.0	5560086	849	2.85	60.659	308	3536	55.98600349912525
1624269630.49	2850	59.833574	0.0	4512973	777	2.85	64.659	313	3776	58.74999999999989
1624269634.66	2850	59.584031	0.0	5477056	850	2.85	68.66	327	4016	56.48587853036754
1624269638.77	2850	59.611024	0.0	5211665	783	2.85	72.659	337	4256	57.51437859464853
1624269642.37	2850	59.930962	0.0	5155066	774	2.85	76.672	346	4497	57.812110640418766
1624269646.41	2850	59.970019	0.0	5042047	762	2.85	80.672	355	4737	57.75
1624269650.83	2850	59.433847	0.0	4373848	666	2.85	84.672	360	4977	58.75
1624269654.88	2850	59.468569	0.0	4955552	742	2.85	88.673	367	5217	58.235441139715
1624269658.93	2850	59.461166	0.0	4533309	689	2.85	92.673	376	5457	57.75
1624269662.85	2850	59.49185	0.0	4404309	662	2.85	96.673	381	5697	58.75
1624269666.42	2850	59.801606	0.0	4543808	786	2.85	100.674	386	5937	58.73531617095719
1624269670.46	2850	59.867227	0.0	4672100	784	2.85	104.673	393	6177	58.264566141535454
1624269674.5	2850	59.855112	0.0	5112917	764	2.85	108.673	406	6417	56.75
1624269678.49	2850	59.883334	0.0	4777608	726	2.85	112.674	412	6657	58.4853786553361
1624269682.5	2850	59.869412	0.0	5053470	751	2.85	116.674	421	6897	57.75
1624269686.65	2850	59.61821	0.0	4782473	853	2.85	120.675	431	7137	57.485628592851924
