1624287864.84	750	4	0.176	447032	84	-0.7517999999999999	0	0	0	0
1624287865.76	2850	8	0.0	3731877	653	0.75	0	0	0	0
1624287866.45	2850	11.75614	0.0	2988743	447	2.85	0	0	0	0
1624287867.18	2850	15.029594	0.0	3344033	529	2.85	0	0	0	0
1624287868.21	2850	18.1	0.0	3588671	662	2.85	5.134	0	56	0
1624287869.1	2850	21.092724	0.0	3516436	696	2.85	5.134	0	56	0
1624287870.01	2850	24.205816	0.0	3520561	668	2.85	5.134	0	56	0
1624287870.92	2850	27.3	0.0	3787958	653	2.85	5.134	0	56	0
1624287871.68	2850	30.510581	0.0	3482140	510	2.85	5.134	0	56	0
1624287872.69	2850	33.502785	0.0	3620909	749	2.85	9.133	6	176	28.507126781695433
1624287873.63	2850	36.6	0.0	3578596	691	2.85	9.133	6	176	28.507126781695433
1624287874.47	2850	39.72491	0.0	3430213	615	2.85	9.133	6	176	28.507126781695433
1624287875.41	2850	42.833334	0.0	3873343	644	2.85	9.133	6	176	28.507126781695433
1624287876.4	2850	45.8	0.0	4055051	704	2.85	13.136	8	296	29.477891581314015
1624287877.16	2850	49.019638	0.0	3383484	541	2.85	13.136	8	296	29.477891581314015
1624287877.95	2850	52.253907	0.0	3439708	570	2.85	13.136	8	296	29.477891581314015
1624287878.64	2850	55.56822	0.0	3270011	495	2.85	13.136	8	296	29.477891581314015
1624287879.38	2850	58.802838	0.0	3397053	555	2.85	13.136	8	296	29.477891581314015
1624287882.34	2850	59.920966	0.0	3855639	688	2.85	17.136	8	416	30
1624287886.68	2850	59.675779	0.0	3553518	592	2.85	21.136	9	536	29.75
