1624334065.39	750	4	0.179	447032	86	-0.7646999999999999	0	0	0	0
1624334065.61	750	8	0.0	437784	38	0.75	0	0	0	0
1624334065.79	750	12	0.0	358478	95	0.75	0	0	0	0
1624334065.96	750	16	0.0	433110	77	0.75	0	0	0	0
1624334066.11	750	20	0.0	425284	71	0.75	0	0	0	0
1624334066.28	750	24	0.0	428114	68	0.75	0	0	0	0
1624334066.44	750	28	0.0	387287	69	0.75	0	0	0	0
1624334066.61	750	32	0.0	435324	69	0.75	0	0	0	0
1624334066.77	750	36	0.0	447048	71	0.75	0	0	0	0
1624334066.95	750	40	0.0	446405	83	0.75	0	0	0	0
1624334067.15	750	43.946629	0.0	423631	77	0.75	0	0	0	0
1624334067.3	750	47.784784	0.0	416730	67	0.75	0	0	0	0
1624334067.48	750	51.623804	0.0	471953	84	0.75	0	0	0	0
1624334067.66	750	55.420818	0.0	453536	79	0.75	0	0	0	0
1624334067.82	750	59.259759	0.0	420588	72	0.75	0	0	0	0
1624334071.51	750	59.744986	0.0	420917	74	0.75	5.286	0	48	0
1624334075.73	750	59.493695	0.0	392428	77	0.75	9.286	0	168	30
1624334079.41	750	59.802875	0.0	400748	71	0.75	13.286	0	288	30
1624334083.62	750	59.548173	0.0	471072	84	0.75	17.286	0	408	29.999999999999986
1624334087.32	750	59.863027	0.0	425923	79	0.75	21.286	0	528	30
1624334091.51	750	59.610408	0.0	419792	70	0.75	25.286	0	648	30
1624334095.2	750	59.949735	0.0	429429	68	0.75	29.287	0	768	29.992501874531385
1624334099.41	750	59.712775	0.0	461232	80	0.75	33.286	0	888	30.00750187546885
1624334103.6	750	59.743435	0.0	382848	67	0.75	37.286	0	1008	30
1624334107.3	750	59.804833	0.0	375227	67	0.75	41.287	0	1128	29.992501874531385
1624334111.49	750	59.823632	0.0	437258	77	0.75	45.287	0	1248	30
1624334115.73	750	59.563116	0.0	419071	81	0.75	49.288	0	1368	29.992501874531385
1624334119.44	750	59.877081	0.0	449162	77	0.75	53.288	0	1488	30
1624334123.63	750	59.623134	0.0	447732	74	0.75	57.288	0	1608	30
1624334127.37	750	59.936815	0.0	488806	100	0.75	61.288	0	1728	30
1624334131.57	750	59.67929	0.0	389747	60	0.75	65.289	0	1848	29.99250187453133
1624334135.8	750	59.466667	0.0	485582	87	0.75	69.288	0	1968	30.007501875468904
1624334139.53	750	59.8122	0.0	430276	88	0.75	73.292	0	2088	29.970029970029934
1624334143.25	750	59.876038	0.0	435590	81	0.75	77.292	0	2208	30
1624334147.49	750	59.610398	0.0	459331	91	0.75	81.292	0	2328	30
1624334151.21	750	59.925266	0.0	381587	69	0.75	85.294	0	2448	29.98500749625191
1624334155.43	750	59.67057	0.0	424399	83	0.75	89.293	0	2568	30.007501875468797
1624334159.15	750	59.98082	0.0	436743	94	0.75	93.293	0	2688	30
1624334163.38	750	59.729356	0.0	385692	46	0.75	97.294	0	2808	29.99250187453144
1624334167.61	750	59.757234	0.0	424746	49	0.75	101.295	0	2929	30.242439390152427
1624334171.33	750	59.785477	0.0	407135	72	0.75	105.295	0	3049	30
1624334175.53	750	59.813036	0.0	427720	74	0.75	109.317	0	3169	29.83590253605178
1624334179.74	750	59.560293	0.0	427353	91	0.75	113.317	0	3289	30
1624334183.42	750	59.870397	0.0	418534	71	0.75	117.318	0	3409	29.99250187453133
1624334187.62	750	59.647006	0.0	421343	58	0.75	121.318	0	3529	30
