1624336169.93	750	4	0.209	446149	102	-0.8936999999999999	0	0	0	0
1624336170.2	750	8	0.0	657276	138	0.75	0	0	0	0
1624336170.47	750	12	0.0	531142	60	0.75	0	0	0	0
1624336170.74	750	16	0.0	641782	132	0.75	0	0	0	0
1624336170.97	750	20	0.0	655328	143	0.75	0	0	0	0
1624336171.2	750	24	0.0	643029	130	0.75	0	0	0	0
1624336171.45	750	28	0.0	586466	147	0.75	0	0	0	0
1624336171.68	750	32	0.0	640646	125	0.75	0	0	0	0
1624336171.98	750	35.715214	0.0	603976	164	0.75	0	0	0	0
1624336172.21	750	39.513716	0.0	579575	119	0.75	0	0	0	0
1624336172.46	750	43.231299	0.0	622523	93	0.75	0	0	0	0
1624336172.69	750	47.029523	0.0	590406	126	0.75	0	0	0	0
1624336172.92	750	50.787867	0.0	636852	132	0.75	0	0	0	0
1624336173.2	750	54.505974	0.0	619167	143	0.75	5.193	0	89	0
1624336173.62	750	58.100716	0.0	636453	140	0.75	5.193	0	89	0
1624336176.42	750	59.430679	0.0	637789	130	0.75	5.193	0	89	0
1624336180.23	750	59.743428	0.0	574537	152	0.75	9.192	1	329	59.76494123530882
1624336184.06	750	59.769529	0.0	595492	120	0.75	13.192	1	569	60
1624336188.43	750	59.526032	0.0	662075	139	0.75	17.192	1	809	60
1624336192.21	750	59.556114	0.0	622438	148	0.75	21.192	1	1049	60
1624336195.98	750	59.873827	0.0	607166	138	0.75	25.195	1	1289	59.95503372470647
1624336200.24	750	59.622501	0.0	615645	124	0.75	29.195	1	1529	60
1624336204.0	750	59.943419	0.0	651954	131	0.75	33.195	1	1769	60
1624336207.78	750	59.978595	0.0	550774	123	0.75	37.198	1	2009	59.95503372470647
1624336212.09	750	59.723302	0.0	594579	160	0.75	41.198	1	2249	60
1624336216.37	750	59.474931	0.0	632394	118	0.75	45.199	1	2489	59.98500374906277
1624336220.4	750	59.505298	0.0	575968	350	0.75	49.199	1	2729	60
1624336224.26	750	59.540857	0.0	632851	170	0.75	53.2	1	2969	59.98500374906266
1624336228.03	750	59.850873	0.0	604086	123	0.75	57.199	1	3209	60.01500375093781
1624336231.98	750	59.878388	0.0	712976	230	0.75	61.2	1	3449	59.98500374906266
1624336235.77	750	59.95	0.0	581323	127	0.75	65.201	1	3689	59.98500374906288
1624336240.14	750	59.692042	0.0	729373	160	0.75	69.2	1	3929	60.015003750937595
1624336244.44	750	59.433334	0.0	670981	140	0.75	73.2	1	4169	60
1624336248.3	750	59.507499	0.0	621207	168	0.75	77.201	1	4409	59.98500374906288
1624336252.07	750	59.818481	0.0	579598	129	0.75	81.2	1	4649	60.015003750937595
1624336255.88	750	59.85	0.0	558064	103	0.75	85.201	1	4889	59.98500374906288
1624336260.2	750	59.590145	0.0	609656	139	0.75	89.201	1	5129	60
1624336263.98	750	59.905977	0.0	599153	141	0.75	93.202	1	5369	59.98500374906266
1624336267.85	750	59.937252	0.0	574452	132	0.75	97.202	1	5609	60
1624336272.15	750	59.674987	0.0	605550	153	0.75	101.205	1	5849	59.95503372470647
1624336275.93	750	59.990283	0.0	601791	125	0.75	105.206	1	6089	59.98500374906266
1624336280.2	750	59.739632	0.0	627361	147	0.75	109.206	1	6329	60
1624336283.97	750	59.779641	0.0	623214	139	0.75	113.205	1	6569	60.01500375093781
1624336288.31	750	59.521942	0.0	648266	207	0.75	117.206	1	6809	59.98500374906266
1624336292.07	750	59.834417	0.0	606947	136	0.75	121.206	1	7049	60
