1624307265.56	750	4	0.161	446149	80	-0.6872999999999999	0	0	0	0
1624307266.0	1200	8	0.0	1737810	272	0.75	0	0	0	0
1624307266.38	1200	11.75099	0.0	1497975	252	1.2	0	0	0	0
1624307266.79	1200	15.347503	0.0	1711143	279	1.2	0	0	0	0
1624307267.23	1200	18.904389	0.0	1733770	296	1.2	0	0	0	0
1624307267.68	1200	22.460877	0.0	1749315	304	1.2	0	0	0	0
1624307268.07	1200	26.056989	0.0	1603603	257	1.2	0	0	0	0
1624307268.51	1200	29.633334	0.0	1702216	279	1.2	0	0	0	0
1624307268.98	1200	33.15	0.0	1641950	282	1.2	0	0	0	0
1624307269.39	1200	36.733334	0.0	1559808	256	1.2	4.614	2	177	0
1624307269.78	1200	40.361944	0.0	1622647	254	1.2	4.614	2	177	0
1624307270.21	1200	43.933334	0.0	1630019	266	1.2	4.614	2	177	0
1624307270.64	1200	47.483334	0.0	1658562	266	1.2	4.614	2	177	0
1624307271.05	1200	51.066667	0.0	1669221	265	1.2	4.614	2	177	0
1624307271.47	1200	54.662004	0.0	1636310	267	1.2	4.614	2	177	0
1624307271.89	1200	58.257445	0.0	1732283	266	1.2	4.614	2	177	0
1624307274.79	1200	59.503063	0.0	1511913	243	1.2	8.613	5	417	59.264816204051016
1624307278.72	1200	59.52287	0.0	1593050	271	1.2	12.614	5	657	59.98500374906271
1624307282.69	1200	59.548096	0.0	1818927	294	1.2	16.614	5	897	60
1624307286.65	1200	59.577838	0.0	1667234	295	1.2	20.616	5	1137	59.97001499250376
1624307290.62	1200	59.601973	0.0	1633180	277	1.2	24.615	5	1377	60.01500375093775
1624307294.56	1200	59.628269	0.0	1663787	284	1.2	28.621	5	1618	60.159760359460805
1624307298.53	1200	59.656297	0.0	1674035	280	1.2	32.621	5	1858	59.99999999999995
1624307302.58	1200	59.664183	0.0	1460813	336	1.2	36.622	5	2098	59.98500374906277
1624307306.55	1200	59.695533	0.0	1541638	263	1.2	40.624	6	2338	59.72013993003495
1624307310.49	1200	59.720897	0.0	1680082	241	1.2	44.624	6	2578	60
1624307314.48	1200	59.772309	0.0	1542551	231	1.2	48.624	7	2818	59.75
1624307318.41	1200	59.789753	0.0	1603186	242	1.2	52.625	7	3058	59.98500374906277
1624307322.35	1200	59.889484	0.0	1611597	272	1.2	56.625	7	3298	60
1624307326.35	1200	59.913486	0.0	1888785	316	1.2	60.625	7	3538	60
1624307330.3	1200	59.933334	0.0	1552540	247	1.2	64.625	7	3778	60
1624307334.3	1200	59.96014	0.0	1957722	316	1.2	68.626	7	4018	59.98500374906266
1624307338.77	1200	59.454781	0.0	1766061	267	1.2	72.626	8	4258	59.75
1624307342.72	1200	59.476116	0.0	1645454	274	1.2	76.626	8	4498	60
1624307346.64	1200	59.505675	0.0	1604737	258	1.2	80.626	8	4738	60
1624307350.52	1200	59.813071	0.0	1487527	238	1.2	84.626	8	4978	60
1624307354.49	1200	59.83809	0.0	1643954	261	1.2	88.627	8	5218	59.98500374906288
1624307358.49	1200	59.86011	0.0	1555884	240	1.2	92.628	10	5458	59.48512871782047
1624307362.43	1200	59.895354	0.0	1535193	255	1.2	96.634	10	5698	59.910134797803295
1624307366.38	1200	59.920933	0.0	1551114	249	1.2	100.635	10	5938	59.98500374906266
1624307370.41	1200	59.939999	0.0	1575918	290	1.2	104.635	11	6178	59.75
1624307374.39	1200	59.957834	0.0	1672619	282	1.2	108.635	11	6418	60
1624307378.34	1200	59.988219	0.0	1631168	288	1.2	112.636	11	6658	59.98500374906288
1624307382.79	1200	59.479656	0.0	1687116	262	1.2	116.636	13	6898	59.5
1624307386.76	1200	59.507362	0.0	1644749	261	1.2	120.636	13	7138	60
