1624272673.13	750	4	0.206	447032	93	-0.8807999999999999	0	0	0	0
1624272674.08	2850	8	0.0	3731877	560	0.75	0	0	0	0
1624272674.72	2850	12	0.0	2988743	470	2.85	0	0	0	0
1624272675.45	2850	15.353269	0.0	3344033	512	2.85	0	0	0	0
1624272676.31	2850	18.506438	0.0	3588671	626	2.85	0	0	0	0
1624272677.03	2850	21.77888	0.0	3516436	528	2.85	5.23	0	47	0
1624272677.79	2850	25.0543	0.0	3520561	540	2.85	5.23	0	47	0
1624272678.63	2850	28.205832	0.0	3787958	601	2.85	5.23	0	47	0
1624272679.38	2850	31.43497	0.0	3482140	544	2.85	5.23	0	47	0
1624272680.15	2850	34.668934	0.0	3620909	556	2.85	5.23	0	47	0
1624272680.93	2850	37.901634	0.0	3578596	526	2.85	9.229	6	167	28.507126781695433
1624272681.74	2850	41.133334	0.0	3430213	520	2.85	9.229	6	167	28.507126781695433
1624272682.56	2850	44.242967	0.0	3873343	598	2.85	9.229	6	167	28.507126781695433
1624272683.48	2850	47.355446	0.0	4055051	680	2.85	9.229	6	167	28.507126781695433
1624272684.27	2850	50.546331	0.0	3383484	606	2.85	9.229	6	167	28.507126781695433
1624272685.05	2850	53.76928	0.0	3439708	508	2.85	13.268	7	288	29.71032433770734
1624272685.75	2850	57.08362	0.0	3270011	498	2.85	13.268	7	288	29.71032433770734
