1624316952.91	750	4	0.173	447032	63	-0.7389	0	0	0	0
1624316953.12	750	8	0.0	437784	72	0.75	0	0	0	0
1624316953.27	750	12	0.0	358478	57	0.75	0	0	0	0
1624316953.45	750	16	0.0	433110	74	0.75	0	0	0	0
1624316953.68	750	20	0.0	425284	71	0.75	0	0	0	0
1624316953.85	750	24	0.0	428114	70	0.75	0	0	0	0
1624316954.02	750	28	0.0	387287	70	0.75	0	0	0	0
1624316954.21	750	32	0.0	435324	72	0.75	0	0	0	0
1624316954.38	750	36	0.0	447048	76	0.75	0	0	0	0
1624316954.57	750	40	0.0	446405	76	0.75	0	0	0	0
1624316954.74	750	43.916574	0.0	423631	58	0.75	0	0	0	0
1624316954.88	750	47.755542	0.0	416730	64	0.75	0	0	0	0
1624316955.06	750	51.594471	0.0	471953	76	0.75	0	0	0	0
1624316955.22	750	55.433334	0.0	453536	80	0.75	0	0	0	0
1624316955.38	750	59.271083	0.0	420588	70	0.75	0	0	0	0
1624316959.1	750	59.748804	0.0	420917	71	0.75	5.286	0	44	0
1624316963.32	750	59.470195	0.0	392428	66	0.75	9.285	0	164	30.00750187546886
1624316967.07	750	59.779569	0.0	400748	80	0.75	13.285	0	284	30
1624316971.29	750	59.534097	0.0	471072	84	0.75	17.286	0	404	29.992501874531357
1624316975.01	750	59.839373	0.0	425923	73	0.75	21.286	0	524	30
1624316979.2	750	59.592348	0.0	419792	66	0.75	25.286	0	644	30
1624316982.93	750	59.931637	0.0	429429	65	0.75	29.287	0	764	29.992501874531385
1624316987.2	750	59.666667	0.0	461232	73	0.75	33.286	0	884	30.00750187546885
1624316990.92	750	59.970405	0.0	382848	58	0.75	37.287	0	1004	29.992501874531385
1624316995.16	750	59.720481	0.0	375227	61	0.75	41.291	0	1124	29.970029970029987
1624316999.38	750	59.464098	0.0	437258	61	0.75	45.291	0	1244	30
1624317003.09	750	59.772626	0.0	419071	48	0.75	49.291	0	1364	30
1624317007.36	750	59.509751	0.0	449162	75	0.75	53.291	0	1484	30
1624317011.07	750	59.820477	0.0	447732	64	0.75	57.291	0	1604	30
1624317015.3	750	59.563604	0.0	488806	81	0.75	61.291	0	1724	30
1624317019.06	750	59.869556	0.0	389747	64	0.75	65.291	0	1844	30
1624317022.91	750	59.902351	0.0	485582	115	0.75	69.292	0	1964	29.99250187453133
1624317027.16	750	59.683471	0.0	430276	63	0.75	73.292	0	2084	30
1624317030.89	750	59.993419	0.0	435590	60	0.75	77.292	0	2204	30
1624317035.11	750	59.729822	0.0	459331	84	0.75	81.293	0	2324	29.99250187453133
1624317039.31	750	59.467458	0.0	381587	65	0.75	85.293	0	2444	30
1624317043.03	750	59.77722	0.0	424399	72	0.75	89.293	0	2564	30
1624317047.29	750	59.557276	0.0	436743	86	0.75	93.293	0	2684	30
1624317050.98	750	59.8635	0.0	385692	60	0.75	97.293	0	2804	30
1624317055.22	750	59.610034	0.0	424746	67	0.75	101.293	0	2924	30
1624317058.95	750	59.900585	0.0	407135	78	0.75	105.294	0	3044	29.99250187453144
1624317063.17	750	59.635735	0.0	427720	75	0.75	109.294	0	3164	30
1624317066.89	750	59.942661	0.0	427353	77	0.75	113.294	0	3284	30
1624317071.08	750	59.719767	0.0	418534	48	0.75	117.294	0	3404	30
1624317075.3	750	59.463471	0.0	421343	64	0.75	121.295	0	3524	29.99250187453133
