1624274735.85	750	4	0.169	446149	66	-0.7216999999999999	0	0	0	0
1624274737.02	2850	8	0.0	5338027	790	0.75	0	0	0	0
1624274738.01	2850	12	0.0	4485847	718	2.85	0	0	0	0
1624274739.23	2850	14.883334	0.0	5004689	909	2.85	5.269	1	65	0
1624274740.45	2850	17.683334	0.0	5182650	770	2.85	5.269	1	65	0
1624274741.66	2850	20.566667	0.0	5173280	842	2.85	5.269	1	65	0
1624274742.69	2850	23.433334	0.0	4880493	752	2.85	5.269	1	65	0
1624274744.05	2850	26.083334	0.0	5406574	1038	2.85	9.27	44	307	49.737565608597855
1624274745.47	2850	28.683334	0.0	4844720	1123	2.85	9.27	44	307	49.737565608597855
1624274746.54	2850	31.583334	0.0	4832207	807	2.85	9.27	44	307	49.737565608597855
1624274747.7	2850	34.433334	0.0	4887638	879	2.85	13.27	75	547	52.25
