1624270893.19	750	4	0.181	447032	84	-0.7733	0	0	0	0
1624270894.17	2850	7.717507	0.0	3731877	727	0.75	0	0	0	0
1624270894.97	2850	10.908877	0.0	2988743	630	2.85	0	0	0	0
1624270895.84	2850	14.06181	0.0	3344033	661	2.85	0	0	0	0
1624270896.79	2850	17.166667	0.0	3588671	672	2.85	4.722	0	80	0
1624270897.69	2850	20.203967	0.0	3516436	489	2.85	4.722	0	80	0
1624270898.5	2850	23.394468	0.0	3520561	616	2.85	4.722	0	80	0
1624270899.3	2850	26.6	0.0	3787958	558	2.85	4.722	0	80	0
1624270900.06	2850	29.833334	0.0	3482140	517	2.85	4.722	0	80	0
1624270901.01	2850	33.066667	0.0	3620909	547	2.85	8.722	5	200	28.750000000000007
1624270901.93	2850	36.1	0.0	3578596	530	2.85	8.722	5	200	28.750000000000007
1624270902.65	2850	39.2323	0.0	3430213	518	2.85	8.722	5	200	28.750000000000007
1624270903.44	2850	42.466667	0.0	3873343	576	2.85	8.722	5	200	28.750000000000007
1624270904.25	2850	45.659786	0.0	4055051	598	2.85	8.722	5	200	28.750000000000007
1624270904.93	2850	48.974072	0.0	3383484	504	2.85	12.722	9	320	29
1624270905.62	2850	52.287638	0.0	3439708	506	2.85	12.722	9	320	29
1624270906.35	2850	55.560112	0.0	3270011	531	2.85	12.722	9	320	29
1624270907.06	2850	58.833811	0.0	3397053	510	2.85	12.722	9	320	29
1624270910.39	2850	59.638616	0.0	3855639	575	2.85	16.722	9	440	29.999999999999986
1624270914.37	2850	59.658802	0.0	3553518	718	2.85	20.722	9	560	30
1624270918.28	2850	59.966765	0.0	3560530	533	2.85	24.722	9	680	30
1624270922.28	2850	59.75269	0.0	3529545	726	2.85	28.722	9	800	30
1624270926.27	2850	59.737917	0.0	3944215	731	2.85	32.723	10	920	29.74256435891029
1624270930.41	2850	59.764243	0.0	2874206	842	2.85	36.723	10	1040	30
1624270934.51	2850	59.510831	0.0	3298545	814	2.85	40.723	10	1160	30
1624270939.8	2850	59.868869	0.0	3406141	1287	2.85	44.724	10	1280	29.992501874531385
1624270945.78	2850	56.114437	0.0	3134119	709	2.85	52.809	10	1522	29.931972789115644
1624270947.09	2850	58.818317	0.0	3769859	1038	2.85	52.809	10	1522	29.931972789115644
1624270950.08	2850	59.988081	0.0	3566857	701	2.85	56.808	10	1642	30.00750187546885
1624270954.89	2850	59.44262	0.0	3935536	769	2.85	60.818	10	1763	30.17456359102246
1624270958.28	2850	59.755974	0.0	3251953	1123	2.85	64.815	10	1883	30.02251688766575
1624270962.52	2850	59.500146	0.0	3744840	870	2.85	68.816	14	2003	28.992751812046954
1624270966.25	2850	59.80716	0.0	3455854	926	2.85	72.821	15	2123	29.712858926342108
1624270970.36	2850	59.839053	0.0	3548731	569	2.85	76.822	16	2243	29.742564358910236
1624270974.61	2850	59.586746	0.0	3573884	679	2.85	80.824	16	2363	29.98500749625191
1624270978.54	2850	59.606971	0.0	3124748	967	2.85	84.825	16	2483	29.99250187453133
1624270982.05	2850	59.923954	0.0	3671669	1094	2.85	88.824	16	2603	30.007501875468904
1624270986.2	2850	59.949792	0.0	3397624	866	2.85	92.825	16	2723	29.99250187453133
1624270989.97	2850	59.985662	0.0	3070410	506	2.85	96.825	16	2843	30
1624270994.44	2850	59.482548	0.0	3480718	724	2.85	100.826	16	2963	29.99250187453144
1624270998.31	2850	59.82401	0.0	3396325	621	2.85	104.827	16	3083	29.99250187453133
1624271002.17	2850	59.859499	0.0	3538812	622	2.85	108.827	16	3203	30
1624271006.16	2850	59.896011	0.0	3440498	655	2.85	112.827	16	3323	30
1624271010.13	2850	59.924072	0.0	3504086	688	2.85	116.827	16	3443	30
1624271014.3	2850	59.669086	0.0	3345088	855	2.85	120.827	16	3563	30
