1624347930.04	750	4	0.188	446149	82	-0.8034	0	0	0	0
1624347930.32	750	8	0.0	657276	135	0.75	0	0	0	0
1624347930.52	750	12	0.0	531142	93	0.75	0	0	0	0
1624347930.74	750	16	0.0	641782	89	0.75	0	0	0	0
1624347930.97	750	20	0.0	655328	123	0.75	0	0	0	0
1624347931.22	750	24	0.0	643029	141	0.75	0	0	0	0
1624347931.41	750	28	0.0	586466	107	0.75	0	0	0	0
1624347931.62	750	32	0.0	640646	103	0.75	0	0	0	0
1624347931.87	750	36	0.0	603976	123	0.75	0	0	0	0
1624347932.11	750	39.873517	0.0	579575	127	0.75	0	0	0	0
1624347932.33	750	43.67198	0.0	622523	117	0.75	0	0	0	0
1624347932.55	750	47.429462	0.0	590406	109	0.75	0	0	0	0
1624347932.78	750	51.228233	0.0	636852	124	0.75	0	0	0	0
1624347933.02	750	54.983334	0.0	619167	136	0.75	0	0	0	0
1624347933.29	750	58.700419	0.0	636453	138	0.75	5.213	0	78	0
1624347936.61	750	59.425117	0.0	637789	7	0.75	5.213	0	78	0
1624347940.42	750	59.744938	0.0	574537	109	0.75	9.215	2	318	59.47026486756622
1624347944.2	750	59.821168	0.0	595492	101	0.75	13.214	2	558	60.01500375093772
1624347948.53	750	59.575119	0.0	662075	143	0.75	17.214	2	798	60.00000000000003
1624347952.33	750	59.889294	0.0	622438	131	0.75	21.214	2	1038	60
1624347956.17	750	59.915448	0.0	607166	166	0.75	25.215	2	1278	59.98500374906271
1624347960.46	750	59.66016	0.0	615645	125	0.75	29.215	2	1518	60
1624347964.31	750	59.7	0.0	651954	184	0.75	33.216	2	1758	59.98500374906271
1624347968.58	750	59.45	0.0	550774	124	0.75	37.217	2	1998	59.98500374906277
1624347972.51	750	59.767602	0.0	594579	216	0.75	41.218	2	2238	59.98500374906266
1624347976.41	750	59.792553	0.0	632394	233	0.75	45.218	2	2478	60
1624347980.19	750	59.819875	0.0	575968	113	0.75	49.218	2	2718	60
1624347984.56	750	59.569644	0.0	632851	237	0.75	53.217	2	2958	60.01500375093781
1624347988.31	750	59.893961	0.0	604086	129	0.75	57.218	2	3198	59.98500374906266
1624347992.15	750	59.923866	0.0	712976	179	0.75	61.218	2	3438	60
1624347996.42	750	59.671539	0.0	581323	107	0.75	65.218	2	3678	60
1624348000.29	750	59.978225	0.0	729373	141	0.75	69.219	2	3918	59.98500374906288
1624348004.61	750	59.433334	0.0	670981	141	0.75	73.218	2	4158	60.015003750937595
1624348008.44	750	59.745191	0.0	621207	170	0.75	77.22	2	4398	59.97001499250382
1624348012.25	750	59.778373	0.0	579598	117	0.75	81.22	2	4638	60
1624348016.6	750	59.519321	0.0	558064	110	0.75	85.22	2	4878	60
1624348020.36	750	59.819346	0.0	609656	104	0.75	89.22	2	5119	60.25
1624348024.19	750	59.84279	0.0	599153	133	0.75	93.221	2	5359	59.98500374906266
1624348028.46	750	59.585827	0.0	574452	109	0.75	97.224	2	5599	59.95503372470647
1624348032.2	750	59.895001	0.0	605550	111	0.75	101.224	2	5839	60
1624348042.27	750	59.64365	0.0	601791	125	0.75	105.224	2	6079	60
1624348066.11	750	33.943694	0.0	627361	2453	0.75	136.021	2	7926	60
1624348066.39	750	37.620968	0.0	623214	151	0.75	136.021	2	7926	60
1624348066.73	750	41.297844	0.0	648266	181	0.75	136.021	2	7926	60
1624348066.98	750	45.015013	0.0	606947	134	0.75	136.021	2	7926	60
