1624279377.23	750	4	0.182	447032	79	-0.7776000000000001	0	0	0	0
1624279377.79	1850	8	0.0	2254830	317	0.75	0	0	0	0
1624279378.24	1850	12	0.0	1837501	285	1.85	0	0	0	0
1624279378.71	1850	16	0.0	2108748	335	1.85	0	0	0	0
1624279379.36	1850	19.854111	0.0	2229492	456	1.85	0	0	0	0
1624279379.84	1850	23.370291	0.0	2078237	317	1.85	0	0	0	0
1624279380.5	1850	26.926464	0.0	2030644	286	1.85	0	0	0	0
1624279381.06	1850	30.160719	0.0	2298831	336	1.85	5.362	0	42	0
1624279381.59	1850	33.634347	0.0	2164964	375	1.85	5.362	0	42	0
1624279382.09	1850	37.110327	0.0	2175479	334	1.85	5.362	0	42	0
1624279382.61	1850	40.625596	0.0	2156805	327	1.85	5.362	0	42	0
1624279383.16	1850	44.058794	0.0	2101523	348	1.85	5.362	0	42	0
1624279383.77	1850	47.454226	0.0	2344608	408	1.85	5.362	0	42	0
1624279384.33	1850	50.88929	0.0	2334646	372	1.85	5.362	0	42	0
1624279384.84	1850	54.363814	0.0	2109579	343	1.85	9.362	0	162	30
1624279385.36	1850	57.838285	0.0	2097243	365	1.85	9.362	0	162	30
1624279387.92	1850	59.488199	0.0	2054074	378	1.85	9.362	0	162	30
1624279391.44	1850	59.806461	0.0	2079344	246	1.85	13.362	0	282	30
1624279395.5	1850	59.84501	0.0	2353718	323	1.85	17.362	0	402	30.000000000000014
1624279399.74	1850	59.671722	0.0	2119053	313	1.85	21.362	2	522	29.5
1624279403.45	1850	59.946278	0.0	2145449	316	1.85	25.363	2	642	29.992501874531357
1624279407.86	1850	59.701365	0.0	2087310	293	1.85	29.364	2	763	30.24243939015245
