1624310305.46	750	4	0.187	446149	69	-0.7991	0	0	0	0
1624310305.71	750	8	0.0	657276	101	0.75	0	0	0	0
1624310305.93	750	12	0.0	531142	80	0.75	0	0	0	0
1624310306.15	750	16	0.0	641782	114	0.75	0	0	0	0
1624310306.36	750	20	0.0	655328	66	0.75	0	0	0	0
1624310306.54	750	24	0.0	643029	99	0.75	0	0	0	0
1624310306.72	750	28	0.0	586466	88	0.75	0	0	0	0
1624310306.95	750	32	0.0	640646	100	0.75	0	0	0	0
1624310307.18	750	36	0.0	603976	97	0.75	0	0	0	0
1624310307.4	750	39.956531	0.0	579575	119	0.75	0	0	0	0
1624310307.6	750	43.754244	0.0	622523	88	0.75	0	0	0	0
1624310307.79	750	47.552692	0.0	590406	96	0.75	0	0	0	0
1624310308.07	750	51.309224	0.0	636852	149	0.75	0	0	0	0
1624310308.27	750	55.067142	0.0	619167	91	0.75	0	0	0	0
1624310308.51	750	58.866667	0.0	636453	90	0.75	0	0	0	0
1624310311.78	750	59.747955	0.0	637789	95	0.75	5.135	0	83	0
1624310316.03	750	59.530013	0.0	574537	76	0.75	9.134	1	323	59.76494123530882
1624310319.82	750	59.837917	0.0	595492	92	0.75	13.135	1	563	59.98500374906274
1624310323.66	750	59.865272	0.0	662075	108	0.75	17.135	1	803	59.99999999999997
1624310328.01	750	59.612886	0.0	622438	97	0.75	21.135	1	1043	60
1624310331.77	750	59.63732	0.0	607166	100	0.75	25.135	1	1283	60
1624310335.5	750	59.950711	0.0	615645	103	0.75	29.136	1	1523	59.98500374906277
1624310339.75	750	59.706435	0.0	651954	123	0.75	33.136	1	1763	59.99999999999995
1624310343.99	750	59.460159	0.0	550774	93	0.75	37.137	1	2003	59.98500374906277
1624310347.73	750	59.763547	0.0	594579	100	0.75	41.137	1	2243	60
1624310351.97	750	59.504751	0.0	632394	101	0.75	45.146	1	2483	59.86530306809678
1624310355.74	750	59.815215	0.0	575968	94	0.75	49.142	1	2723	60.060060060060025
1624310360.03	750	59.559394	0.0	632851	97	0.75	53.142	1	2963	60
1624310363.79	750	59.579587	0.0	604086	98	0.75	57.142	1	3203	60
1624310367.55	750	59.884267	0.0	712976	123	0.75	61.143	1	3443	59.98500374906277
1624310371.81	750	59.707547	0.0	581323	89	0.75	65.142	1	3683	60.01500375093781
1624310376.08	750	59.439586	0.0	729373	97	0.75	69.143	1	3923	59.98500374906266
1624310379.83	750	59.752499	0.0	670981	112	0.75	73.144	1	4163	59.98500374906266
1624310383.59	750	59.781087	0.0	621207	108	0.75	77.146	1	4403	59.97001499250382
1624310387.82	750	59.807457	0.0	579598	90	0.75	81.146	1	4643	60
1624310391.57	750	59.828162	0.0	558064	101	0.75	85.147	1	4883	59.98500374906266
1624310395.81	750	59.58125	0.0	609656	106	0.75	89.146	1	5123	60.01500375093781
1624310399.55	750	59.894354	0.0	599153	97	0.75	93.147	1	5363	59.98500374906266
1624310403.81	750	59.638599	0.0	574452	88	0.75	97.147	1	5603	60
1624310407.57	750	59.946003	0.0	605550	99	0.75	101.147	1	5843	60
1624310411.82	750	59.726587	0.0	601791	98	0.75	105.147	1	6083	60
1624310416.06	750	59.474995	0.0	627361	102	0.75	109.147	1	6323	60
1624310419.78	750	59.823895	0.0	623214	92	0.75	113.147	1	6563	60
1624310423.53	750	59.85	0.0	648266	100	0.75	117.147	1	6803	60
1624310427.74	750	59.883334	0.0	606947	95	0.75	121.148	1	7043	59.98500374906288
