1624268380.58	750	4	0.188	446149	85	-0.8034	0	0	0	0
1624268381.32	1850	8	0.0	3302713	444	0.75	0	0	0	0
1624268382.14	1850	12	0.0	2780269	569	1.85	0	0	0	0
1624268383.12	1850	15.25	0.0	3138830	743	1.85	0	0	0	0
1624268383.95	1850	18.416667	0.0	3252745	563	1.85	5.003	4	90	0
1624268385.92	1850	20.483334	0.0	3175667	1585	1.85	5.003	4	90	0
1624268387.71	1850	22.666667	0.0	2962628	1469	1.85	5.003	4	90	0
1624268389.8	1850	24.783334	0.0	3242545	1656	1.85	9.003	17	330	56.75
1624268390.53	1850	27.833334	0.0	2999470	526	1.85	9.003	17	330	56.75
1624268391.96	1850	30.4	0.0	2926075	1224	1.85	13.003	29	570	57
1624268392.74	1850	33.616667	0.0	3029009	590	1.85	13.003	29	570	57
1624268393.53	1850	36.833334	0.0	3113599	586	1.85	13.003	29	570	57
1624268394.37	1850	39.983334	0.0	3116790	647	1.85	13.003	29	570	57
1624268395.32	1850	43.05	0.0	3132453	730	1.85	13.003	29	570	57
1624268396.13	1850	46.266667	0.0	2994095	590	1.85	17.01	37	810	57.898677314699256
1624268396.89	1850	49.466667	0.0	3154088	568	1.85	17.01	37	810	57.898677314699256
1624268397.65	1850	52.716667	0.0	2803553	557	1.85	17.01	37	810	57.898677314699256
1624268398.43	1850	55.966667	0.0	3039477	560	1.85	17.01	37	810	57.898677314699256
1624268399.33	1850	59.066667	0.0	3356332	664	1.85	17.01	37	810	57.898677314699256
1624268402.61	1850	59.724793	0.0	3105690	519	1.85	21.01	57	1050	55
1624268406.86	1850	59.518767	0.0	3008856	518	1.85	25.01	64	1290	58.25
1624268410.55	1850	59.826034	0.0	3066869	460	1.85	29.013	67	1530	59.20559580314764
1624268414.98	1850	59.56971	0.0	3178549	1616	1.85	33.011	67	1770	60.030015007503735
1624268418.76	1850	59.838992	0.0	2577778	570	1.85	37.011	78	2008	56.75
1624268422.49	1850	59.872189	0.0	2819145	495	1.85	41.011	83	2250	59.25
1624268426.79	1850	59.622191	0.0	3037564	547	1.85	45.019	85	2491	59.63073852295416
1624268430.53	1850	59.931077	0.0	2852411	551	1.85	49.023	86	2731	59.69030969030962
1624268434.38	1850	59.963524	0.0	3004818	603	1.85	53.022	88	2971	59.51487871967999
1624268438.79	1850	59.703619	0.0	2930516	719	1.85	57.024	89	3211	59.72013993003495
1624268442.85	1850	59.489173	0.0	3381885	787	1.85	61.023	92	3451	59.26481620405098
1624268446.57	1850	59.836656	0.0	2812661	470	1.85	65.024	93	3691	59.73506623344167
