1624316002.1	750	4	0.189	447032	74	-0.8077	0	0	0	0
1624316002.27	300	8	0.0	222343	63	-0.15000000000000002	0	0	0	0
1624316002.39	300	12	0.0	202601	38	0.3	0	0	0	0
1624316002.5	300	16	0.0	231442	37	0.3	0	0	0	0
1624316002.7	300	20	0.0	223916	100	0.3	0	0	0	0
1624316002.81	300	24	0.0	227288	34	0.3	0	0	0	0
1624316002.92	300	28	0.0	210296	32	0.3	0	0	0	0
1624316003.04	300	32	0.0	232710	34	0.3	0	0	0	0
1624316003.25	300	36	0.0	230934	39	0.3	0	0	0	0
1624316003.39	300	40	0.0	230466	35	0.3	0	0	0	0
1624316003.51	300	44	0.0	222766	38	0.3	0	0	0	0
1624316003.62	300	47.9159	0.0	215843	33	0.3	0	0	0	0
1624316003.74	300	51.795043	0.0	240996	33	0.3	0	0	0	0
1624316003.86	300	55.674326	0.0	241376	38	0.3	0	0	0	0
1624316003.98	300	59.553489	0.0	215448	33	0.3	0	0	0	0
1624316008.16	300	59.463179	0.0	224191	39	0.3	5.169	0	54	0
1624316011.89	300	59.815599	0.0	201147	38	0.3	9.169	0	174	29.999999999999993
1624316016.08	300	59.596055	0.0	208138	52	0.3	13.169	0	294	30
1624316019.77	300	59.905584	0.0	237703	49	0.3	17.17	0	414	29.992501874531357
1624316023.96	300	59.661926	0.0	221939	35	0.3	21.19	0	534	29.85074626865672
1624316027.64	300	59.976107	0.0	216091	31	0.3	25.19	0	654	30
1624316031.82	300	59.757711	0.0	221930	43	0.3	29.19	0	774	30
1624316036.0	300	59.789697	0.0	244209	40	0.3	33.19	0	894	30.00000000000003
1624316039.69	300	59.900249	0.0	201448	35	0.3	37.191	0	1014	29.99250187453133
1624316043.88	300	59.962973	0.0	216871	36	0.3	41.192	0	1134	29.992501874531385
1624316047.54	300	59.994583	0.0	226875	42	0.3	45.192	0	1254	30
1624316052.22	300	59.449313	0.0	215302	33	0.3	49.192	0	1374	30
1624316055.89	300	59.761676	0.0	231664	33	0.3	53.192	0	1494	30
1624316060.05	300	59.522219	0.0	233190	42	0.3	57.192	0	1614	30
1624316063.73	300	59.843021	0.0	245887	47	0.3	61.192	0	1734	30
1624316067.96	300	59.875474	0.0	205585	31	0.3	65.193	0	1854	29.992501874531385
1624316072.13	300	59.62079	0.0	248259	42	0.3	69.192	0	1974	30.007501875468904
1624316075.82	300	59.93418	0.0	221496	36	0.3	73.193	0	2094	29.99250187453133
1624316080.03	300	59.680701	0.0	238596	46	0.3	77.193	0	2214	30
1624316083.75	300	59.992952	0.0	239547	59	0.3	81.193	0	2335	30.25
1624316087.93	300	59.734138	0.0	210306	34	0.3	85.196	0	2455	29.977516862353234
1624316092.1	300	59.519145	0.0	223809	48	0.3	89.197	0	2575	29.99250187453133
1624316095.79	300	59.868118	0.0	233162	42	0.3	93.196	0	2695	30.007501875468904
1624316099.94	300	59.611675	0.0	211150	35	0.3	97.203	0	2815	29.947591714499588
1624316104.14	300	59.645462	0.0	227487	40	0.3	101.202	0	2935	30.007501875468904
1624316107.82	300	59.961374	0.0	218501	33	0.3	105.202	0	3055	30
1624316112.0	300	59.706874	0.0	223461	34	0.3	109.204	0	3175	29.98500749625191
1624316116.14	300	59.477503	0.0	223191	47	0.3	113.203	0	3295	30.007501875468797
1624316119.92	300	59.784921	0.0	228365	56	0.3	117.203	0	3415	30
1624316124.06	300	59.526494	0.0	223247	39	0.3	121.203	0	3535	30
