1624273430.94	750	4	0.17	446149	71	-0.726	0	0	0	0
1624273432.39	2850	7.516667	0.0	5338027	1012	0.75	0	0	0	0
1624273433.64	2850	10.133334	0.0	4485847	1008	2.85	0	0	0	0
1624273434.93	2850	13.016667	0.0	5004689	840	2.85	4.679	14	160	0
1624273436.32	2850	15.533334	0.0	5182650	1064	2.85	4.679	14	160	0
1624273437.53	2850	18.266667	0.0	5173280	953	2.85	4.679	14	160	0
1624273438.63	2850	21.15	0.0	4880493	853	2.85	8.679	49	400	51.25
1624273439.79	2850	24	0.0	5406574	906	2.85	8.679	49	400	51.25
1624273440.85	2850	26.916667	0.0	4844720	828	2.85	8.679	49	400	51.25
1624273441.89	2850	29.9	0.0	4832207	800	2.85	8.679	49	400	51.25
1624273442.94	2850	32.85	0.0	4887638	786	2.85	12.679	81	640	52
1624273443.95	2850	35.833334	0.0	4995664	770	2.85	12.679	81	640	52
1624273445.12	2850	38.716667	0.0	5320325	860	2.85	12.679	81	640	52
1624273446.25	2850	41.6	0.0	5320224	830	2.85	12.679	81	640	52
1624273447.22	2850	44.55	0.0	4822090	739	2.85	16.683	124	880	49.2007992007992
1624273448.31	2850	47.5	0.0	5024811	823	2.85	16.683	124	880	49.2007992007992
1624273449.29	2850	50.483334	0.0	4620969	748	2.85	16.683	124	880	49.2007992007992
1624273450.48	2850	53.433334	0.0	4982065	821	2.85	20.682	149	1113	52.013003250812716
1624273451.65	2850	56.15	0.0	5333279	891	2.85	20.682	149	1113	52.013003250812716
1624273452.74	2850	59.05	0.0	5166435	837	2.85	20.682	149	1113	52.013003250812716
1624273456.29	2850	59.511036	0.0	4952219	764	2.85	24.683	185	1360	52.73681579605097
1624273460.32	2850	59.540969	0.0	5148296	1254	2.85	28.683	195	1600	57.5
1624273464.17	2850	59.778796	0.0	5332212	1008	2.85	32.683	210	1840	56.25
1624273468.11	2850	59.773715	0.0	4130375	660	2.85	36.683	219	2080	57.75
1624273472.35	2850	59.519175	0.0	4502091	952	2.85	40.683	224	2320	58.75
1624273476.43	2850	59.505257	0.0	4906417	1248	2.85	44.683	236	2560	57
1624273480.15	2850	59.822308	0.0	4606683	899	2.85	48.683	241	2800	58.75
1624273483.98	2850	59.842662	0.0	4992827	1021	2.85	52.683	251	3040	57.5
1624273488.06	2850	59.87052	0.0	4833092	1290	2.85	56.684	262	3280	57.235691077230726
1624273491.94	2850	59.940927	0.0	5560086	1036	2.85	60.684	278	3521	56.25
1624273495.99	2850	59.722466	0.0	4512973	807	2.85	64.684	282	3760	58.75
1624273500.24	2850	59.75	0.0	5477056	953	2.85	68.685	295	4001	56.98575356160953
1624273504.16	2850	59.77967	0.0	5211665	1004	2.85	72.684	302	4241	58.264566141535454
1624273508.22	2850	59.526205	0.0	5155066	1253	2.85	76.685	314	4481	56.98575356160953
1624273512.15	2850	59.836042	0.0	5042047	1042	2.85	80.685	323	4721	57.75
1624273516.25	2850	59.863223	0.0	4373848	1037	2.85	84.686	330	4961	58.235441139715
1624273520.35	2850	59.519426	0.0	4955552	769	2.85	88.687	347	5201	55.736065983504254
1624273524.27	2850	59.595127	0.0	4533309	1084	2.85	92.687	359	5441	57
1624273527.81	2850	59.939999	0.0	4404309	1317	2.85	96.688	367	5681	57.98550362409391
1624273532.24	2850	59.977156	0.0	4543808	811	2.85	100.688	373	5921	58.5
1624273535.98	2850	59.918838	0.0	4672100	941	2.85	104.688	384	6161	57.25
1624273540.16	2850	59.689891	0.0	5112917	881	2.85	108.689	397	6401	56.735816045988635
1624273544.05	2850	59.720826	0.0	4777608	1104	2.85	112.69	403	6641	58.4853786553361
1624273548.18	2850	59.663998	0.0	5053470	846	2.85	116.69	415	6881	57
1624273552.35	2850	59.446262	0.0	4782473	871	2.85	120.69	430	7121	56.25
