1624277101.58	750	4	0.165	446149	95	-0.7045	0	0	0	0
1624277102.51	1850	7.7	0.0	3302713	665	0.75	0	0	0	0
1624277103.3	1850	10.866667	0.0	2780269	614	1.85	0	0	0	0
1624277104.16	1850	14.033334	0.0	3138830	629	1.85	0	0	0	0
1624277104.9	1850	17.283334	0.0	3252745	541	1.85	0	0	0	0
1624277105.85	1850	20.433334	0.0	3175667	644	1.85	4.637	10	169	0
1624277106.57	1850	23.6	0.0	2962628	502	1.85	4.637	10	169	0
1624277107.35	1850	26.833334	0.0	3242545	576	1.85	4.637	10	169	0
1624277108.07	1850	30.116667	0.0	2999470	512	1.85	4.637	10	169	0
1624277108.77	1850	33.416667	0.0	2926075	491	1.85	4.637	10	169	0
1624277109.73	1850	36.566667	0.0	3029009	623	1.85	8.637	23	409	56.749999999999986
1624277110.54	1850	39.633334	0.0	3113599	584	1.85	8.637	23	409	56.749999999999986
1624277111.44	1850	42.75	0.0	3116790	696	1.85	8.637	23	409	56.749999999999986
1624277112.33	1850	45.883334	0.0	3132453	668	1.85	8.637	23	409	56.749999999999986
1624277113.23	1850	49.116667	0.0	2994095	531	1.85	12.637	51	649	53
1624277114.1	1850	52.116667	0.0	3154088	596	1.85	12.637	51	649	53
1624277114.87	1850	55.304645	0.0	2803553	585	1.85	12.637	51	649	53
1624277115.69	1850	58.5	0.0	3039477	614	1.85	12.637	51	649	53
1624277118.63	1850	59.788698	0.0	3356332	660	1.85	16.637	69	889	55.5
1624277122.44	1850	59.810496	0.0	3105690	547	1.85	20.637	79	1129	57.5
1624277126.67	1850	59.547431	0.0	3008856	489	1.85	24.638	81	1369	59.48512871782053
1624277130.46	1850	59.862343	0.0	3066869	523	1.85	28.638	86	1609	58.75
1624277134.72	1850	59.61217	0.0	3178549	500	1.85	32.638	93	1849	58.25000000000005
1624277138.39	1850	59.929202	0.0	2577778	447	1.85	36.638	95	2090	59.75
1624277142.58	1850	59.718267	0.0	2819145	473	1.85	40.638	96	2330	59.75
1624277146.78	1850	59.498744	0.0	3037564	461	1.85	44.639	99	2570	59.23519120219938
1624277150.66	1850	59.524698	0.0	2852411	675	1.85	48.639	101	2810	59.5
1624277154.55	1850	59.835225	0.0	3004818	657	1.85	52.64	105	3050	58.98525368657839
1624277158.39	1850	59.8586	0.0	2930516	567	1.85	56.64	117	3290	57
1624277162.75	1850	59.603957	0.0	3381885	589	1.85	60.64	133	3530	56
1624277166.52	1850	59.919262	0.0	2812661	534	1.85	64.641	134	3770	59.73506623344157
1624277170.44	1850	59.948065	0.0	3529340	655	1.85	68.641	136	4010	59.5
1624277174.23	1850	59.979835	0.0	3274615	557	1.85	72.641	138	4250	59.5
1624277178.47	1850	59.726917	0.0	3020205	528	1.85	76.642	140	4490	59.485128717820686
1624277182.87	1850	59.46941	0.0	3084353	630	1.85	80.644	142	4730	59.47026486756607
1624277186.56	1850	59.787489	0.0	2743535	482	1.85	84.643	143	4970	59.764941235308896
1624277190.81	1850	59.518981	0.0	3049078	517	1.85	88.644	144	5210	59.73506623344157
1624277194.47	1850	59.836963	0.0	2866070	461	1.85	92.644	145	5450	59.75
1624277198.73	1850	59.588351	0.0	2786310	507	1.85	96.644	146	5690	59.75
1624277202.41	1850	59.9001	0.0	2886749	473	1.85	100.644	147	5930	59.75
1624277206.69	1850	59.645909	0.0	2928463	484	1.85	104.646	154	6170	58.220889555222456
1624277210.46	1850	59.959174	0.0	3115560	515	1.85	108.645	158	6410	59.014753688422175
1624277214.27	1850	59.988765	0.0	3008634	579	1.85	112.645	167	6650	57.75
1624277218.61	1850	59.780163	0.0	3111850	605	1.85	116.645	172	6890	58.75
1624277222.38	1850	59.811866	0.0	2982399	509	1.85	120.646	187	7130	56.235941014746246
