1624283167.03	750	4	0.186	447032	112	-0.7948	0	0	0	0
1624283167.58	1850	8	0.0	2254830	369	0.75	0	0	0	0
1624283168.01	1850	11.596891	0.0	1837501	307	1.85	0	0	0	0
1624283168.53	1850	15.072558	0.0	2108748	375	1.85	0	0	0	0
1624283169.18	1850	18.426828	0.0	2229492	443	1.85	0	0	0	0
1624283169.68	1850	21.902154	0.0	2078237	349	1.85	0	0	0	0
1624283170.17	1850	25.415803	0.0	2030644	325	1.85	0	0	0	0
1624283170.71	1850	28.891952	0.0	2298831	365	1.85	4.633	0	86	0
1624283171.19	1850	32.406975	0.0	2164964	316	1.85	4.633	0	86	0
1624283171.71	1850	35.880313	0.0	2175479	353	1.85	4.633	0	86	0
1624283172.25	1850	39.354668	0.0	2156805	343	1.85	4.633	0	86	0
1624283172.75	1850	42.868684	0.0	2101523	329	1.85	4.633	0	86	0
1624283173.33	1850	46.303716	0.0	2344608	358	1.85	4.633	0	86	0
1624283174.05	1850	49.57667	0.0	2334646	481	1.85	4.633	0	86	0
1624283174.63	1850	52.970009	0.0	2109579	387	1.85	8.633	0	206	30.000000000000007
1624283175.19	1850	56.405222	0.0	2097243	370	1.85	8.633	0	206	30.000000000000007
1624283175.7	1850	59.921153	0.0	2054074	326	1.85	8.633	0	206	30.000000000000007
1624283179.82	1850	59.830493	0.0	2079344	378	1.85	12.634	0	326	29.992501874531357
1624283183.88	1850	59.862658	0.0	2353718	360	1.85	16.633	0	446	30.007501875468876
1624283187.94	1850	59.887718	0.0	2119053	379	1.85	20.634	0	566	29.992501874531357
1624283192.09	1850	59.680319	0.0	2145449	476	1.85	24.634	0	686	30
1624283195.65	1850	59.995068	0.0	2087310	358	1.85	28.634	0	806	30
1624283200.25	1850	59.456462	0.0	2348666	400	1.85	32.635	0	926	29.992501874531385
1624283204.2	1850	59.519096	0.0	1801794	304	1.85	36.635	0	1046	30
1624283208.21	1850	59.549977	0.0	1864524	312	1.85	40.635	0	1166	30
1624283212.21	1850	59.583329	0.0	2051691	319	1.85	44.635	0	1287	30.25
1624283215.7	1850	59.896477	0.0	1898420	299	1.85	48.636	0	1406	29.742564358910236
1624283219.83	1850	59.921009	0.0	2276304	365	1.85	52.637	1	1526	29.74256435891029
1624283223.88	1850	59.957255	0.0	2239013	364	1.85	56.637	1	1647	30.25
1624283228.0	1850	59.699014	0.0	2417622	413	1.85	60.639	1	1767	29.985007496251857
1624283232.03	1850	59.766667	0.0	1950728	332	1.85	64.639	1	1887	30.000000000000053
1624283236.13	1850	59.511895	0.0	2268079	318	1.85	68.639	1	2007	30
1624283240.19	1850	59.571434	0.0	2105954	339	1.85	72.64	1	2127	29.99250187453133
1624283243.74	1850	59.886497	0.0	2049597	363	1.85	76.64	1	2247	30
1624283247.84	1850	59.918628	0.0	2267452	349	1.85	80.64	1	2367	30
1624283251.85	1850	59.947192	0.0	1977775	317	1.85	84.64	1	2487	30
1624283255.91	1850	59.971097	0.0	2145766	318	1.85	88.64	1	2607	30
1624283259.95	1850	59.719479	0.0	2064567	360	1.85	92.641	1	2727	29.99250187453133
1624283263.94	1850	59.751293	0.0	1899367	266	1.85	96.641	1	2847	30
1624283268.0	1850	59.783177	0.0	2118078	361	1.85	100.641	1	2967	30
1624283272.0	1850	59.814154	0.0	2045638	331	1.85	104.641	1	3087	30
1624283276.08	1850	59.54991	0.0	2132751	349	1.85	108.641	1	3207	30
1624283280.12	1850	59.575663	0.0	2105800	365	1.85	112.641	1	3327	30
1624283284.14	1850	59.606749	0.0	2117310	343	1.85	116.642	1	3447	29.99250187453144
1624283288.14	1850	59.641282	0.0	2106167	323	1.85	120.642	1	3567	30
