1624348866.08	750	4	0.165	446149	71	-0.7045	0	0	0	0
1624348866.68	1200	8	0.0	1737810	334	0.75	0	0	0	0
1624348867.08	1200	12	0.0	1497975	275	1.2	0	0	0	0
1624348867.51	1200	16	0.0	1711143	268	1.2	0	0	0	0
1624348867.96	1200	19.635327	0.0	1733770	257	1.2	0	0	0	0
1624348868.39	1200	23.231328	0.0	1749315	289	1.2	0	0	0	0
1624348868.83	1200	26.786215	0.0	1603603	281	1.2	0	0	0	0
1624348869.28	1200	30.35	0.0	1702216	280	1.2	0	0	0	0
1624348869.79	1200	33.833334	0.0	1641950	331	1.2	5.168	2	110	0
1624348870.58	1200	37.048515	0.0	1559808	613	1.2	5.168	2	110	0
1624348871.0	1200	40.604067	0.0	1622647	271	1.2	5.168	2	110	0
1624348871.5	1200	44.120275	0.0	1630019	355	1.2	5.168	2	110	0
1624348872.03	1200	47.6	0.0	1658562	344	1.2	5.168	2	110	0
1624348872.54	1200	51.069801	0.0	1669221	363	1.2	5.168	2	110	0
1624348872.96	1200	54.665121	0.0	1636310	270	1.2	5.168	2	110	0
1624348873.39	1200	58.220778	0.0	1732283	291	1.2	5.168	2	110	0
1624348876.37	1200	59.464837	0.0	1511913	261	1.2	9.199	6	352	59.04242123542546
1624348879.86	1200	59.774221	0.0	1593050	284	1.2	13.2	8	592	59.48512871782055
1624348883.85	1200	59.816667	0.0	1818927	310	1.2	17.2	8	832	60
1624348887.79	1200	59.851037	0.0	1667234	277	1.2	21.201	8	1072	59.98500374906271
1624348891.76	1200	59.917637	0.0	1633180	303	1.2	25.201	8	1312	60
1624348895.9	1200	59.948207	0.0	1663787	392	1.2	29.201	8	1552	60
1624348899.9	1200	59.983775	0.0	1674035	308	1.2	33.201	8	1792	60
1624348904.34	1200	59.448026	0.0	1460813	257	1.2	37.202	8	2032	59.98500374906277
1624348907.94	1200	59.757666	0.0	1541638	376	1.2	41.202	10	2272	59.5
1624348911.95	1200	59.788149	0.0	1680082	343	1.2	45.203	10	2512	59.98500374906266
1624348915.9	1200	59.862374	0.0	1542551	241	1.2	49.207	10	2752	59.940059940059975
1624348919.86	1200	59.92997	0.0	1603186	266	1.2	53.208	10	2992	59.98500374906277
1624348923.84	1200	59.97213	0.0	1611597	297	1.2	57.208	10	3232	60
1624348927.93	1200	59.724885	0.0	1888785	384	1.2	61.208	11	3472	59.75
1624348932.03	1200	59.756609	0.0	1552540	394	1.2	65.208	11	3712	60
1624348936.11	1200	59.516667	0.0	1957722	372	1.2	69.21	12	3952	59.72013993003505
1624348940.08	1200	59.553733	0.0	1766061	303	1.2	73.209	12	4192	60.015003750937595
1624348944.06	1200	59.614341	0.0	1645454	279	1.2	77.21	12	4432	59.98500374906288
1624348948.02	1200	59.650894	0.0	1604737	292	1.2	81.21	12	4672	60
1624348952.12	1200	59.69633	0.0	1487527	270	1.2	85.21	12	4912	60
1624348956.66	1200	59.440414	0.0	1643954	337	1.2	89.245	14	5154	59.47955390334557
1624348959.77	1200	59.957414	0.0	1555884	299	1.2	93.245	15	5395	60
1624348964.11	1200	59.697591	0.0	1535193	672	1.2	97.246	15	5634	59.73506623344178
1624348968.07	1200	59.724558	0.0	1551114	300	1.2	101.246	15	5874	60
1624348972.14	1200	59.509346	0.0	1575918	357	1.2	105.246	15	6115	60.25
1624348976.17	1200	59.54676	0.0	1672619	281	1.2	109.249	15	6354	59.70522108418686
1624348979.8	1200	59.86018	0.0	1631168	1842	1.2	113.248	15	6595	60.2650662665665
1624348983.96	1200	59.892206	0.0	1687116	460	1.2	117.248	16	6835	59.75
1624348988.05	1200	59.680875	0.0	1644749	421	1.2	121.248	16	7075	60
