1624332895.33	750	4	0.369	446149	256	-1.5817	0	0	0	0
1624332896.79	1200	7.716667	0.0	1737810	1012	0.75	0	0	0	0
1624332897.16	1200	11.313141	0.0	1497975	251	1.2	0	0	0	0
1624332897.57	1200	14.908583	0.0	1711143	269	1.2	0	0	0	0
1624332897.99	1200	18.503561	0.0	1733770	283	1.2	0	0	0	0
1624332898.49	1200	22.018669	0.0	1749315	340	1.2	5.332	0	105	0
1624332898.9	1200	25.57494	0.0	1603603	261	1.2	5.332	0	105	0
1624332899.31	1200	29.171137	0.0	1702216	263	1.2	5.332	0	105	0
1624332899.73	1200	32.767336	0.0	1641950	277	1.2	5.332	0	105	0
1624332900.15	1200	36.35	0.0	1559808	243	1.2	5.332	0	105	0
1624332900.61	1200	39.878054	0.0	1622647	305	1.2	5.332	0	105	0
1624332901.02	1200	43.473229	0.0	1630019	265	1.2	5.332	0	105	0
1624332901.44	1200	47.029374	0.0	1658562	255	1.2	5.332	0	105	0
1624332901.84	1200	50.626027	0.0	1669221	251	1.2	5.332	0	105	0
1624332902.27	1200	54.222587	0.0	1636310	261	1.2	9.332	3	345	59.249999999999986
1624332902.68	1200	57.819017	0.0	1732283	257	1.2	9.332	3	345	59.249999999999986
1624332905.08	1200	59.552705	0.0	1511913	249	1.2	9.332	3	345	59.249999999999986
1624332909.03	1200	59.616667	0.0	1593050	245	1.2	13.332	3	585	60
1624332913.02	1200	59.64636	0.0	1818927	293	1.2	17.332	4	825	59.75
1624332916.99	1200	59.656632	0.0	1667234	276	1.2	21.334	4	1065	59.97001499250376
1624332920.92	1200	59.696518	0.0	1633180	250	1.2	25.334	4	1305	60
1624332924.87	1200	59.733334	0.0	1663787	268	1.2	29.334	4	1545	60
1624332928.89	1200	59.803165	0.0	1674035	279	1.2	33.333	4	1785	60.01500375093775
1624332932.86	1200	59.83139	0.0	1460813	246	1.2	37.334	4	2025	59.98500374906266
1624332936.78	1200	59.868926	0.0	1541638	235	1.2	41.334	4	2265	60
1624332940.76	1200	59.9	0.0	1680082	268	1.2	45.334	6	2505	59.5
1624332944.68	1200	59.931605	0.0	1542551	229	1.2	49.334	6	2745	60
1624332948.61	1200	59.97187	0.0	1603186	264	1.2	53.336	6	2985	59.97001499250382
1624332953.01	1200	59.720183	0.0	1611597	251	1.2	57.336	6	3225	60
1624332956.99	1200	59.747248	0.0	1888785	299	1.2	61.336	6	3465	60
1624332960.91	1200	59.738303	0.0	1552540	250	1.2	65.337	6	3705	59.98500374906266
1624332964.91	1200	59.767433	0.0	1957722	314	1.2	69.337	6	3945	60
1624332968.86	1200	59.802023	0.0	1766061	257	1.2	73.338	6	4185	59.98500374906288
1624332972.84	1200	59.838622	0.0	1645454	263	1.2	77.338	6	4425	60
1624332976.81	1200	59.873812	0.0	1604737	254	1.2	81.338	6	4665	60
1624332980.7	1200	59.904205	0.0	1487527	229	1.2	85.337	6	4905	60.015003750937595
1624332984.68	1200	59.978287	0.0	1643954	264	1.2	89.343	6	5145	59.910134797803295
1624332989.12	1200	59.439511	0.0	1555884	218	1.2	93.343	6	5385	60
1624332993.06	1200	59.461132	0.0	1535193	258	1.2	97.343	6	5625	60
1624332997.01	1200	59.489299	0.0	1551114	233	1.2	101.343	6	5866	60.25
1624333001.0	1200	59.516772	0.0	1575918	245	1.2	105.344	8	6106	59.485128717820686
1624333004.94	1200	59.559277	0.0	1672619	277	1.2	109.344	8	6345	59.75
1624333008.89	1200	59.873167	0.0	1631168	273	1.2	113.344	8	6586	60.25
1624333012.81	1200	59.895252	0.0	1687116	260	1.2	117.344	8	6826	60
1624333016.73	1200	59.966667	0.0	1644749	262	1.2	121.365	8	7067	59.93533946779407
