1624282090.89	750	4	0.174	447032	78	-0.7432	0	0	0	0
1624282091.46	1850	8	0.0	2254830	331	0.75	0	0	0	0
1624282091.86	1850	12	0.0	1837501	266	1.85	0	0	0	0
1624282092.37	1850	16	0.0	2108748	351	1.85	0	0	0	0
1624282092.87	1850	19.508824	0.0	2229492	325	1.85	0	0	0	0
1624282093.32	1850	23.063512	0.0	2078237	313	1.85	0	0	0	0
1624282093.77	1850	26.620334	0.0	2030644	297	1.85	0	0	0	0
1624282094.42	1850	30.015928	0.0	2298831	395	1.85	5.272	0	55	0
1624282094.9	1850	33.4915	0.0	2164964	282	1.85	5.272	0	55	0
1624282095.4	1850	37.007724	0.0	2175479	320	1.85	5.272	0	55	0
1624282095.95	1850	40.443688	0.0	2156805	365	1.85	5.272	0	55	0
1624282096.41	1850	44	0.0	2101523	301	1.85	5.272	0	55	0
1624282096.91	1850	47.473063	0.0	2344608	348	1.85	5.272	0	55	0
1624282097.43	1850	50.988875	0.0	2334646	346	1.85	5.272	0	55	0
1624282097.93	1850	54.463755	0.0	2109579	312	1.85	5.272	0	55	0
1624282098.44	1850	57.980001	0.0	2097243	319	1.85	9.272	1	175	29.75
1624282101.02	1850	59.474317	0.0	2054074	370	1.85	9.272	1	175	29.75
1624282105.04	1850	59.516256	0.0	2079344	311	1.85	13.272	1	295	30
1624282108.66	1850	59.82756	0.0	2353718	423	1.85	17.272	1	415	30.000000000000014
1624282112.68	1850	59.895009	0.0	2119053	299	1.85	21.272	1	535	30
1624282116.68	1850	59.950713	0.0	2145449	304	1.85	25.273	1	655	29.992501874531357
1624282120.65	1850	59.972987	0.0	2087310	306	1.85	29.272	1	775	30.007501875468876
1624282124.73	1850	59.727447	0.0	2348666	342	1.85	33.273	1	895	29.99250187453133
1624282128.66	1850	59.757968	0.0	1801794	288	1.85	37.273	1	1015	30
1624282132.67	1850	59.8	0.0	1864524	365	1.85	41.273	1	1135	30
1624282136.67	1850	59.823468	0.0	2051691	303	1.85	45.273	1	1255	30
1624282140.67	1850	59.852833	0.0	1898420	304	1.85	49.273	1	1375	30
1624282144.72	1850	59.917749	0.0	2276304	335	1.85	53.284	1	1495	29.91772625280482
1624282148.74	1850	59.66221	0.0	2239013	334	1.85	57.284	1	1615	30
1624282152.79	1850	59.691497	0.0	2417622	359	1.85	61.284	1	1735	30
1624282156.83	1850	59.72296	0.0	1950728	317	1.85	65.284	1	1855	29.999999999999947
1624282160.91	1850	59.549089	0.0	2268079	309	1.85	69.284	1	1975	30
1624282164.9	1850	59.591768	0.0	2105954	309	1.85	73.285	1	2095	29.99250187453144
1624282168.93	1850	59.615754	0.0	2049597	329	1.85	77.294	1	2216	30.182090296832126
1624282172.46	1850	59.934959	0.0	2267452	277	1.85	81.294	1	2336	30
1624282176.46	1850	59.970563	0.0	1977775	302	1.85	85.295	1	2456	29.99250187453133
1624282180.97	1850	59.474828	0.0	2145766	319	1.85	89.295	1	2576	30
1624282185.0	1850	59.505621	0.0	2064567	317	1.85	93.295	1	2696	30
1624282188.93	1850	59.545972	0.0	1899367	272	1.85	97.295	1	2816	30
1624282192.96	1850	59.573862	0.0	2118078	327	1.85	101.296	1	2936	29.99250187453133
1624282196.96	1850	59.643611	0.0	2045638	309	1.85	105.296	1	3056	30
1624282200.44	1850	59.954684	0.0	2132751	294	1.85	109.296	1	3176	30
1624282204.46	1850	59.98675	0.0	2105800	315	1.85	113.297	1	3296	29.99250187453144
1624282208.99	1850	59.449104	0.0	2117310	338	1.85	117.297	1	3416	30
1624282213.43	1850	59.489446	0.0	2106167	301	1.85	121.297	1	3536	30
