1624266696.7	750	4	0.179	446149	81	-0.7646999999999999	0	0	0	0
1624266697.77	1850	8	0.0	3302713	764	0.75	0	0	0	0
1624266698.58	1850	12	0.0	2780269	587	1.85	0	0	0	0
1624266699.7	1850	15.2	0.0	3138830	647	1.85	0	0	0	0
1624266700.78	1850	17.833334	0.0	3252745	886	1.85	5.221	3	86	0
1624266701.74	1850	20.883334	0.0	3175667	762	1.85	5.221	3	86	0
1624266702.61	1850	24	0.0	2962628	652	1.85	5.221	3	86	0
1624266703.68	1850	26.933334	0.0	3242545	811	1.85	5.221	3	86	0
1624266704.56	1850	30.116667	0.0	2999470	629	1.85	9.221	12	326	57.75
1624266705.35	1850	33.266667	0.0	2926075	578	1.85	9.221	12	326	57.75
1624266706.57	1850	36.074639	0.0	3029009	859	1.85	9.221	12	326	57.75
1624266708.0	1850	38.9	0.0	3113599	963	1.85	9.221	12	326	57.75
1624266709.23	1850	41.383334	0.0	3116790	1004	1.85	13.286	25	570	56.82656826568267
1624266710.59	1850	44.033334	0.0	3132453	1162	1.85	13.286	25	570	56.82656826568267
1624266711.82	1850	46.85	0.0	2994095	936	1.85	13.286	25	570	56.82656826568267
1624266712.66	1850	49.95	0.0	3154088	627	1.85	17.286	40	810	56.24999999999997
1624266713.81	1850	52.836366	0.0	2803553	890	1.85	17.286	40	810	56.24999999999997
1624266714.84	1850	55.783334	0.0	3039477	768	1.85	17.286	40	810	56.24999999999997
